application_number,parent_application_number,parent_filing_date,continuation_type
14724407,14011202,2013-08-27,DIV
14724411,62004583,2014-05-29,PRO
14724412,61691805,2012-08-22,PRO
14724412,61703749,2012-09-20,PRO
14724412,13972673,2013-08-21,CON
14724413,62005513,2014-05-30,PRO
14724414,13442325,2012-04-09,CON
14724416,60824822,2006-09-07,PRO
14724416,11848988,2007-08-31,DIV
14724416,12837893,2010-07-16,CON
14724416,13428356,2012-03-23,DIV
14724416,14027616,2013-09-16,CON
14724418,62003839,2014-05-28,PRO
14724422,PCT/JP2013/080973,2013-11-18,CON
14724423,60870838,2006-12-19,PRO
14724423,11957084,2007-12-14,CON
14724426,12833661,2010-07-09,CIP
14724426,13165590,2011-06-21,DIV
14724426,13245527,2011-09-26,CON
14724426,14028344,2013-09-16,DIV
14724431,13045909,2011-03-11,CON
14724433,62003560,2014-05-28,PRO
14724436,14181094,2014-02-14,CON
14724437,13405092,2012-02-24,DIV
14724439,60824822,2006-09-07,PRO
14724439,11848988,2007-08-31,DIV
14724439,12837893,2010-07-16,CON
14724439,13428356,2012-03-23,DIV
14724439,14027616,2013-09-16,CON
14724440,62003740,2014-05-28,PRO
14724442,62005538,2014-05-30,PRO
14724444,62003609,2014-05-28,PRO
14724446,62006668,2014-06-02,PRO
14724447,61798673,2013-03-15,PRO
14724447,14216968,2014-03-17,CIP
14724447,62003015,2014-05-26,PRO
14724447,14593369,2015-01-09,CIP
14724448,62004022,2014-05-28,PRO
14724450,62004897,2014-05-30,PRO
14724452,62004071,2014-05-28,PRO
14724452,62161250,2015-05-13,PRO
14724454,62012530,2014-06-16,PRO
14724455,14234537,2014-01-23,CON
14724455,PCT/CN2012/078473,2012-07-11,NST
14724456,61030914,2008-02-22,PRO
14724456,12390313,2009-02-20,DIV
14724456,13447074,2012-04-13,CON
14724456,14267660,2014-05-01,CON
14724459,62003751,2014-05-28,PRO
14724460,60824822,2006-09-07,PRO
14724460,11848988,2007-08-31,DIV
14724460,12837893,2010-07-16,CON
14724460,13428356,2012-03-23,DIV
14724460,14027616,2013-09-16,CON
14724462,PCT/JP2013/081447,2013-11-21,CON
14724465,13422775,2012-03-16,CON
14724465,14288128,2014-05-27,CON
14724467,62004511,2014-05-29,PRO
14724468,60824822,2006-09-07,PRO
14724468,11848988,2007-08-31,DIV
14724468,12837893,2010-07-16,CON
14724468,13428356,2012-03-23,DIV
14724468,14027616,2013-09-16,CON
14724471,61228500,2009-07-24,PRO
14724471,12842650,2010-07-23,CON
14724471,13567589,2012-08-06,CON
14724471,14169783,2014-01-31,CON
14724472,62005605,2014-05-30,PRO
14724473,62006668,2014-06-02,PRO
14724476,60824822,2006-09-07,PRO
14724476,11848988,2007-08-31,DIV
14724476,12837893,2010-07-16,CON
14724476,13428356,2012-03-23,DIV
14724476,14027616,2013-09-16,CON
14724478,62004167,2014-05-28,PRO
14724480,62004003,2014-05-28,PRO
14724489,62006668,2014-06-02,PRO
14724490,60824822,2006-09-07,PRO
14724490,11848988,2007-08-31,DIV
14724490,12837893,2010-07-16,CON
14724490,13428356,2012-03-23,DIV
14724490,14027616,2013-09-16,CON
14724491,11818989,2007-06-15,DIV
14724491,12941878,2010-11-08,CON
14724494,13821732,2013-07-22,CON
14724494,PCT/IB2011/002172,2011-09-16,NST
14724499,62005318,2014-05-30,PRO
14724499,62061337,2014-10-08,PRO
14724501,11896941,2007-09-06,CON
14724505,13722741,2012-12-20,CON
14724506,13739920,2013-01-11,CON
14724508,13773882,2013-02-22,CON
14724510,62006668,2014-06-02,PRO
14724514,12373268,2009-01-09,DIV
14724514,PCT/EP2007/006123,2007-07-11,NST
14724518,12833661,2010-07-09,CIP
14724518,13165590,2011-06-21,DIV
14724518,13245527,2011-09-26,CON
14724518,14028344,2013-09-16,DIV
14724520,62003926,2014-05-28,PRO
14724521,PCT/CN2013/083183,2013-09-10,CIP
14724524,61584082,2012-01-06,PRO
14724524,13417578,2012-03-12,CON
14724525,13865869,2013-04-18,CON
14724525,14573848,2014-12-17,CON
14724527,62005311,2014-05-30,PRO
14724527,62109924,2015-01-30,PRO
14724528,62003862,2014-05-28,PRO
14724529,12209060,2008-09-11,CON
14724529,13332553,2011-12-21,CON
14724530,13752210,2013-01-28,DIV
14724531,PCT/JP2013/074709,2013-09-12,CON
14724532,61012670,2007-12-10,PRO
14724532,61014879,2007-12-19,PRO
14724532,12331708,2008-12-10,CON
14724532,12970673,2010-12-16,CON
14724532,13619657,2012-09-14,CON
14724532,14156193,2014-01-15,CON
14724536,62003752,2014-05-28,PRO
14724542,62005424,2014-05-30,PRO
14724542,62076786,2014-11-07,PRO
14724544,62004807,2014-05-29,PRO
14724547,62003998,2014-05-28,PRO
14724548,62026621,2014-07-19,PRO
14724551,62011575,2014-06-13,PRO
14724553,62005515,2014-05-30,PRO
14724554,60727207,2005-10-15,PRO
14724554,11549646,2006-10-14,CON
14724554,12755165,2010-04-06,CON
14724554,13621023,2012-09-15,CON
14724554,14083062,2013-11-18,CON
14724557,13062640,2011-05-05,DIV
14724557,PCT/JP2009/066200,2009-09-16,NST
14724558,62006668,2014-06-02,PRO
14724560,61762758,2013-02-08,PRO
14724560,14174769,2014-02-06,CIP
14724560,62005829,2014-05-30,PRO
14724560,62023662,2014-07-11,PRO
14724564,61367116,2010-07-23,PRO
14724564,13189197,2011-07-22,DIV
14724566,PCT/KR2013/010884,2013-11-28,CIP
14724570,62005788,2014-05-30,PRO
14724575,62005756,2014-05-30,PRO
14724575,62066212,2014-10-20,PRO
14724577,10073863,2002-02-14,DIV
14724577,11485352,2006-07-13,CIP
14724577,12478029,2009-06-04,CIP
14724577,13149209,2011-05-31,CIP
14724577,13189606,2011-07-25,CIP
14724577,13307916,2011-11-30,CIP
14724577,13361786,2012-01-30,CIP
14724577,13455237,2012-04-25,CIP
14724577,13527005,2012-06-19,CIP
14724577,13610503,2012-09-11,CIP
14724577,13665458,2012-10-31,CIP
14724577,13915282,2013-06-11,CIP
14724577,14311464,2014-06-23,CIP
14724577,14554840,2014-11-26,CIP
14724577,14624334,2015-02-17,CIP
14724577,14679083,2015-04-06,CIP
14724581,14065103,2013-10-28,DIV
14724582,62004415,2014-05-29,PRO
14724583,62005324,2014-05-30,PRO
14724583,62109938,2015-01-30,PRO
14724585,62018077,2014-06-27,PRO
14724587,12864490,2010-07-23,CON
14724587,14098356,2013-12-05,CON
14724587,PCT/US2008/084133,2008-11-20,NST
14724588,62004530,2014-05-29,PRO
14724590,61943005,2014-02-21,PRO
14724590,62061020,2014-10-07,PRO
14724590,62113285,2015-02-06,PRO
14724590,14627955,2015-02-20,DIV
14724591,62004806,2014-05-29,PRO
14724593,60394241,2002-07-09,PRO
14724593,10615026,2003-07-09,CON
14724593,11279912,2006-04-17,CON
14724593,12688666,2010-01-15,CON
14724593,13175768,2011-07-01,CON
14724593,13350665,2012-01-13,CON
14724593,14022135,2013-09-09,CON
14724593,14321781,2014-07-01,CON
14724593,14639034,2015-03-04,CON
14724599,61704437,2012-09-21,PRO
14724599,13835523,2013-03-15,CON
14724601,61894167,2013-10-22,PRO
14724601,14517747,2014-10-17,CON
14724606,13277051,2011-10-19,CON
14724607,62005424,2014-05-30,PRO
14724607,62076786,2014-11-07,PRO
14724610,62004824,2014-05-29,PRO
14724611,62007416,2014-06-04,PRO
14724613,62010402,2014-06-10,PRO
14724615,61762758,2013-02-08,PRO
14724615,14174769,2014-02-06,CIP
14724615,62005829,2014-05-30,PRO
14724615,62023662,2014-07-11,PRO
14724616,61415771,2010-11-19,PRO
14724616,61429093,2010-12-31,PRO
14724616,12987257,2011-01-10,CON
14724621,61481607,2011-05-02,PRO
14724621,13217123,2011-08-24,CON
14724621,13438534,2012-04-03,CON
14724621,14074619,2013-11-07,CON
14724621,14473905,2014-08-29,CON
14724622,62005396,2014-05-30,PRO
14724623,62005556,2014-05-30,PRO
14724623,62129851,2015-03-08,PRO
14724625,13793134,2013-03-11,CON
14724626,13652512,2012-10-16,CON
14724629,PCT/CN2015/071249,2015-01-21,CON
14724636,PCT/JP2013/081346,2013-11-21,CON
14724637,62057991,2014-09-30,PRO
14724637,14510030,2014-10-08,CON
14724638,62005340,2014-05-30,PRO
14724638,62109951,2015-01-30,PRO
14724640,13078774,2011-04-01,DIV
14724640,14598587,2015-01-16,CON
14724641,62005942,2014-05-30,PRO
14724642,61998101,2014-06-19,PRO
14724643,62003998,2014-05-28,PRO
14724644,62004088,2014-05-28,PRO
14724644,62039295,2014-08-19,PRO
14724646,62004993,2014-05-30,PRO
14724652,13819304,2013-06-11,CON
14724652,PCT/GB2011/001277,2011-08-26,NST
14724653,62004008,2014-05-28,PRO
14724655,62004069,2014-05-28,PRO
14724656,62016000,2014-06-23,PRO
14724656,62016003,2014-06-23,PRO
14724656,62049285,2014-09-11,PRO
14724656,62051804,2014-09-17,PRO
14724659,14292637,2014-05-30,CIP
14724661,PCT/JP2013/006818,2013-11-20,CON
14724664,62005058,2014-05-30,PRO
14724665,13519217,2012-06-26,DIV
14724665,PCT/JP2010/073849,2010-12-22,NST
14724668,29492099,2014-05-28,CIP
14724668,62077676,2014-11-10,PRO
14724670,PCT/JP2013/084038,2013-12-19,CON
14724672,13078774,2011-04-01,CIP
14724672,61492324,2011-06-01,PRO
14724672,13485823,2012-05-31,DIV
14724672,14598979,2015-01-16,CON
14724677,PCT/JP2013/078839,2013-10-24,CON
14724678,13405187,2012-02-24,CON
14724680,13819269,2013-06-12,CON
14724680,PCT/GB2011/001278,2011-08-26,NST
14724683,PCT/CN2013/083880,2013-09-22,CON
14724687,62020558,2014-07-03,PRO
14724687,62032087,2014-08-01,PRO
14724688,PCT/JP2013/084039,2013-12-19,CON
14724690,62006737,2014-06-02,PRO
14724691,62003746,2014-05-28,PRO
14724692,62005354,2014-05-30,PRO
14724692,62110005,2015-01-30,PRO
14724694,61786031,2013-03-14,PRO
14724694,13938939,2013-07-10,CON
14724694,14315042,2014-06-25,CON
14724695,62005180,2014-05-30,PRO
14724695,62005187,2014-05-30,PRO
14724696,62006740,2014-06-02,PRO
14724697,14468101,2014-08-25,CIP
14724698,62004064,2014-05-28,PRO
14724698,62004089,2014-05-28,PRO
14724698,62156814,2015-05-04,PRO
14724700,11654949,2007-01-18,CON
14724700,12958186,2010-12-01,CON
14724700,13478107,2012-05-23,CON
14724700,14107211,2013-12-16,CON
14724702,62016050,2014-06-23,PRO
14724702,62016053,2014-06-23,PRO
14724702,62016057,2014-06-23,PRO
14724702,14612376,2015-02-03,CIP
14724702,62135133,2015-03-18,PRO
14724702,14684302,2015-04-10,CIP
14724702,14695436,2015-04-24,CIP
14724702,62158750,2015-05-08,PRO
14724702,62161616,2015-05-14,PRO
14724703,13923354,2013-06-20,CIP
14724705,13645468,2012-10-04,CIP
14724707,61779663,2013-03-13,PRO
14724707,13900754,2013-05-23,DIV
14724708,61105932,2008-10-16,PRO
14724708,12580044,2009-10-15,CON
14724712,62007784,2014-06-04,PRO
14724713,PCT/US12/31304,2012-03-29,NST
14724713,13640046,2012-10-09,CON
14724714,62005171,2014-05-30,PRO
14724714,62005723,2014-05-30,PRO
14724718,61778309,2013-03-12,PRO
14724718,14011079,2013-08-27,CON
14724723,62016050,2014-06-23,PRO
14724723,62016053,2014-06-23,PRO
14724723,62016057,2014-06-23,PRO
14724723,14612376,2015-02-03,CIP
14724723,62135133,2015-03-18,PRO
14724723,14684302,2015-04-10,CIP
14724723,14695436,2015-04-24,CIP
14724723,62158750,2015-05-08,PRO
14724723,62161616,2015-05-14,PRO
14724723,14724702,2015-05-28,CON
14724724,09491703,2000-01-26,CON
14724724,14218425,2014-03-18,CON
14724726,62005868,2014-05-30,PRO
14724728,13714083,2012-12-13,CON
14724732,62004471,2014-05-29,PRO
14724734,62012227,2014-06-13,PRO
14724735,09070677,1998-04-30,CON
14724735,09667199,2000-09-21,CON
14724735,10420057,2003-04-18,CIP
14724735,11265787,2005-11-01,CON
14724735,13283562,2011-10-27,CON
14724736,62030577,2014-07-29,PRO
14724737,13523446,2012-06-14,CIP
14724737,13572248,2012-08-10,CON
14724737,PCT/JP2011/056820,2011-03-22,CIP
14724743,60803306,2006-05-26,PRO
14724743,60820870,2006-07-31,PRO
14724743,11753476,2007-05-24,CON
14724743,12972876,2010-12-20,DIV
14724743,13942542,2013-07-15,CON
14724751,62005839,2014-05-30,PRO
14724751,14718049,2015-05-20,CIP
14724753,60658777,2005-03-04,PRO
14724753,60663345,2005-03-16,PRO
14724753,11367749,2006-03-03,CIP
14724753,11426078,2006-06-23,CON
14724753,12486710,2009-06-17,CON
14724754,14453164,2014-08-06,CON
14724755,62005424,2014-05-30,PRO
14724755,62076786,2014-11-07,PRO
14724756,13460558,2012-04-30,CON
14724757,62004046,2014-05-28,PRO
14724760,PCT/KR2014/005189,2014-06-13,CON
14724761,11137248,2005-05-24,CON
14724761,60888762,2007-02-07,PRO
14724761,60888763,2007-02-07,PRO
14724761,11687480,2007-03-16,CIP
14724761,11745440,2007-05-07,CIP
14724761,12564878,2009-09-22,CIP
14724761,13299356,2011-11-17,CON
14724762,62004801,2014-05-29,PRO
14724764,62004057,2014-05-28,PRO
14724768,13893705,2013-05-14,CON
14724769,62005424,2014-05-30,PRO
14724769,62076786,2014-11-07,PRO
14724770,61390100,2010-10-05,PRO
14724770,13253029,2011-10-04,CON
14724770,14500904,2014-09-29,CON
14724772,12445868,2009-04-16,DIV
14724772,PCT/US2007/081836,2007-10-18,NST
14724773,13076340,2011-03-30,CIP
14724773,61602552,2012-02-23,PRO
14724773,13775070,2013-02-22,CON
14724774,12445868,2009-04-16,DIV
14724774,PCT/US2007/081836,2007-10-18,NST
14724777,PCT/CN2014/091751,2014-11-20,CON
14724779,60972855,2007-09-17,PRO
14724779,12212293,2008-09-17,DIV
14724779,13243537,2011-09-23,DIV
14724779,13672297,2012-11-08,CON
14724779,14180561,2014-02-14,CON
14724783,62003770,2014-05-28,PRO
14724785,62004873,2014-05-29,PRO
14724787,62003869,2014-05-28,PRO
14724787,62003887,2014-05-28,PRO
14724789,62005185,2014-05-30,PRO
14724792,60135525,1999-05-21,PRO
14724792,60183152,2000-02-17,PRO
14724792,09573778,2000-05-18,DIV
14724792,12222751,2008-08-15,CIP
14724793,62007863,2014-06-04,PRO
14724794,60135525,1999-05-21,PRO
14724794,60183152,2000-02-17,PRO
14724794,09573778,2000-05-18,DIV
14724794,12222751,2008-08-15,CIP
14724795,62003967,2014-05-28,PRO
14724797,62003727,2014-05-28,PRO
14724798,62005125,2014-05-30,PRO
14724798,62157535,2015-05-06,PRO
14724801,60135525,1999-05-21,PRO
14724801,60183152,2000-02-17,PRO
14724801,09573419,2000-05-18,DIV
14724801,11819125,2007-06-25,CIP
14724803,62003874,2014-05-28,PRO
14724808,PCT/CN2013/087929,2013-11-27,CON
14724812,12957700,2010-12-01,CON
14724814,13756552,2013-02-01,DIV
14724815,PCT/JP2012/081146,2012-11-30,CON
14724816,12957700,2010-12-01,CON
14724822,13806847,2012-12-25,CIP
14724822,PCT/SG2012/000205,2012-06-06,NST
14724824,13552619,2012-07-18,CON
14724829,13414699,2012-03-07,DIV
14724830,13617373,2012-09-14,CON
14724830,14294135,2014-06-02,CON
14724835,PCT/JP2013/081867,2013-11-27,CON
14724836,62014694,2014-06-20,PRO
14724842,62005060,2014-05-30,PRO
14724844,62006501,2014-06-02,PRO
14724846,12376036,2009-07-01,CON
14724846,13483701,2012-05-30,CON
14724846,PCT/DE2007/000957,2007-05-26,NST
14724848,13697064,2012-11-09,DIV
14724848,PCT/JP2010/065228,2010-09-06,NST
14724849,12578635,2009-10-14,CON
14724849,14515600,2014-10-16,CON
14724852,62004668,2014-05-29,PRO
14724853,11654551,2007-01-18,DIV
14724853,13064559,2011-03-31,CON
14724853,13198359,2011-08-04,CON
14724858,62009446,2014-06-09,PRO
14724860,62004656,2014-05-29,PRO
14724862,12903320,2010-10-13,CON
14724862,14332431,2014-07-16,CON
14724864,62004923,2014-05-30,PRO
14724865,12092654,2008-05-05,CON
14724865,PCT/CA2007/000862,2007-05-14,NST
14724875,13048939,2011-03-16,CON
14724876,13744483,2013-01-18,DIV
14724879,60947112,2007-06-29,PRO
14724879,12054940,2008-03-25,CON
14724880,61567801,2011-12-07,PRO
14724880,13692054,2012-12-03,DIV
14724881,12807042,2010-08-25,CIP
14724883,13125970,2011-04-25,CON
14724883,PCT/IL2009/001006,2009-10-29,NST
14724886,PCT/JP2013/082547,2013-12-04,CON
14724887,62005417,2014-05-30,PRO
14724892,13663242,2012-10-29,DIV
14724893,62004559,2014-05-29,PRO
14724894,13195440,2011-08-01,DIV
14724895,62005457,2014-05-30,PRO
14724897,62026206,2014-07-18,PRO
14724903,62005479,2014-05-30,PRO
14724904,13428393,2012-03-23,DIV
14724907,62005113,2014-05-30,PRO
14724908,09766922,2001-01-22,DIV
14724908,11895803,2007-08-27,DIV
14724908,12371277,2009-02-13,DIV
14724908,12906728,2010-10-18,DIV
14724908,13399577,2012-02-17,CON
14724908,14053175,2013-10-14,CON
14724911,13818775,2013-05-06,DIV
14724911,PCT/US2011/049118,2011-08-25,NST
14724912,62012749,2014-06-16,PRO
14724913,13665724,2012-10-31,CON
14724913,PCT/JP2011/060386,2011-04-28,CON
14724914,12403703,2009-03-13,CIP
14724914,13330056,2011-12-19,DIV
14724915,PCT/US09/03750,2009-06-24,NST
14724915,13380269,2012-02-27,CON
14724916,13290879,2011-11-07,CIP
14724917,62004397,2014-05-29,PRO
14724921,62005385,2014-05-30,PRO
14724927,13836159,2013-03-15,CON
14724929,10591712,2006-09-06,CON
14724929,12965641,2010-12-10,CON
14724929,13158014,2011-06-10,CON
14724929,14283525,2014-05-21,CON
14724929,PCT/JP2005/003329,2005-02-28,NST
14724930,62004627,2014-05-29,PRO
14724931,62013063,2014-06-17,PRO
14724934,61810092,2013-05-23,PRO
14724934,13912600,2013-06-07,CIP
14724934,14297766,2014-06-06,CON
14724935,14005453,2013-09-16,CON
14724935,PCT/JP2012/056049,2012-03-02,NST
14724936,62005123,2014-05-30,PRO
14724937,61719704,2012-10-29,PRO
14724937,13713052,2012-12-13,CON
14724937,14178703,2014-02-12,DIV
14724939,11633709,2006-12-05,DIV
14724939,13839663,2013-03-15,CON
14724940,13806383,2013-04-23,CON
14724940,PCT/EP2011/058943,2011-05-31,NST
14724941,62004679,2014-05-29,PRO
14724942,62005729,2014-05-30,PRO
14724943,13688546,2012-11-29,DIV
14724948,PCT/JP2013/081952,2013-11-27,CON
14724953,PCT/CN2012/085580,2012-11-29,CON
14724954,13485527,2012-05-31,DIV
14724954,14189584,2014-02-25,CON
14724955,61484816,2011-05-11,PRO
14724955,13468589,2012-05-10,CON
14724956,62006430,2014-06-02,PRO
14724963,62008600,2014-06-06,PRO
14724966,61518912,2011-05-13,PRO
14724966,13385091,2012-02-01,CIP
14724966,13385797,2012-03-07,CIP
14724968,62006715,2014-06-02,PRO
14724970,62004373,2014-05-29,PRO
14724971,62030700,2014-07-30,PRO
14724971,62085568,2014-11-30,PRO
14724971,62096908,2014-12-26,PRO
14724971,62119412,2015-02-23,PRO
14724971,62126920,2015-03-02,PRO
14724974,62005619,2014-05-30,PRO
14724976,62016715,2014-06-25,PRO
14724976,62030171,2014-07-29,PRO
14724976,62041965,2014-08-26,PRO
14724976,62074142,2014-11-03,PRO
14724980,13390946,2012-02-17,CON
14724980,PCT/KR2011/000374,2011-01-19,NST
14724982,12233817,2008-09-19,CON
14724982,13966686,2013-08-14,CON
14724987,61405766,2010-10-22,PRO
14724987,13277590,2011-10-20,CON
14724987,14445248,2014-07-29,CON
14724995,14193491,2014-02-28,CON
14725001,62007681,2014-06-04,PRO
14725005,62005210,2014-05-30,PRO
14725010,13731284,2012-12-31,CON
14725012,13915134,2013-06-11,CON
14725018,62010019,2014-06-10,PRO
14725022,PCT/JP2014/050391,2014-01-14,CON
14725023,61382147,2010-09-13,PRO
14725023,13206592,2011-08-10,DIV
14725027,14346398,2014-03-21,CON
14725027,PCT/IB2012/055025,2012-09-21,NST
14725029,60950675,2007-07-19,PRO
14725029,PCT/US08/66875,2008-06-13,NST
14725029,12600284,2010-03-17,CON
14725031,62005524,2014-05-30,PRO
14725033,13530279,2012-06-22,CON
14725035,61657131,2012-06-08,PRO
14725035,13909235,2013-06-04,CON
14725037,61533429,2011-09-12,PRO
14725037,13611420,2012-09-12,CON
14725038,62004272,2014-05-29,PRO
14725039,13032775,2011-02-23,CON
14725039,13740794,2013-01-14,CON
14725040,61049637,2008-05-01,PRO
14725040,12194118,2008-08-19,CON
14725040,13277445,2011-10-20,CON
14725040,13910364,2013-06-05,CON
14725040,14176608,2014-02-10,CON
14725041,PCT/CN2013/087780,2013-11-25,CON
14725044,13676226,2012-11-14,CON
14725044,14601857,2015-01-21,CON
14725046,62004631,2014-05-29,PRO
14725052,62007647,2014-06-04,PRO
14725054,13847529,2013-03-20,CON
14725055,62004434,2014-05-29,PRO
14725056,13752478,2013-01-29,CON
14725058,14108309,2013-12-16,DIV
14725063,PCT/EP2012/074146,2012-11-30,CON
14725064,13404895,2012-02-24,DIV
14725065,11105666,2005-04-13,CON
14725066,PCT/CN2013/074709,2013-04-25,CON
14725070,09941185,2001-08-28,CIP
14725070,09976396,2001-10-11,CIP
14725070,10191751,2002-07-08,CON
14725070,10681526,2003-10-08,CON
14725070,10888783,2004-07-09,CON
14725070,11684103,2007-03-09,CON
14725070,12795935,2010-06-08,CON
14725070,13221033,2011-08-30,CON
14725070,13407448,2012-02-28,CON
14725070,13407968,2012-02-29,CON
14725070,13859509,2013-04-09,CON
14725070,14451562,2014-08-05,CON
14725073,12160481,2008-07-10,DIV
14725073,PCT/JP2007/050232,2007-01-11,NST
14725075,62008167,2014-06-05,PRO
14725076,12811336,2010-06-30,DIV
14725076,PCT/EP2009/050684,2009-01-22,NST
14725077,62004688,2014-05-29,PRO
14725079,61526217,2011-08-22,PRO
14725079,61558207,2011-11-10,PRO
14725079,13592015,2012-08-22,CON
14725080,10457091,2003-06-09,DIV
14725088,12347123,2008-12-31,DIV
14725088,13562805,2012-07-31,CON
14725091,PCT/CN2012/085584,2012-11-29,CON
14725092,10847904,2004-05-18,CON
14725092,12728982,2010-03-22,CON
14725096,12421871,2009-04-10,CIP
14725096,13043215,2011-03-08,CON
14725096,14314802,2014-06-25,CON
14725096,PCT/US2007/021744,2007-10-10,CON
14725097,14542837,2014-11-17,CON
14725098,13131370,2011-05-26,CON
14725098,PCT/US2009/067618,2011-05-26,NST
14725099,61326375,2010-04-21,PRO
14725099,61332919,2010-05-10,PRO
14725099,12982966,2010-12-31,CIP
14725099,13832311,2013-03-15,CIP
14725099,13843537,2013-03-15,CIP
14725099,61833134,2013-06-10,PRO
14725099,62009701,2014-06-09,PRO
14725099,14300229,2014-06-09,CIP
14725101,62004969,2014-05-30,PRO
14725103,62004792,2014-05-29,PRO
14725110,60557492,2004-03-30,PRO
14725110,60601534,2004-08-13,PRO
14725110,60620072,2004-10-18,PRO
14725110,60648625,2005-01-31,PRO
14725110,60651778,2005-02-10,PRO
14725110,11093626,2005-03-30,CON
14725110,11391897,2006-03-29,CON
14725110,11653529,2007-01-16,CON
14725110,12380800,2009-03-04,CON
14725110,12893681,2010-09-29,CON
14725110,13366755,2012-02-06,CON
14725111,62006583,2014-06-02,PRO
14725113,PCT/IB2014/062867,2014-07-04,CON
14725117,62013280,2014-06-17,PRO
14725119,14032821,2013-09-20,CIP
14725119,14032856,2013-09-20,CIP
14725120,61682057,2012-08-10,PRO
14725120,13961296,2013-08-07,CON
14725126,14040160,2013-09-27,CON
14725129,13512653,2012-05-30,DIV
14725129,PCT/JP2010/065498,2010-09-09,NST
14725131,12524371,2009-07-24,CON
14725131,14206554,2014-03-12,CON
14725131,PCT/EP2007/064322,2007-12-20,NST
14725132,13104057,2011-05-10,DIV
14725133,13531220,2012-06-22,DIV
14725135,60799135,2006-05-09,PRO
14725135,11801152,2007-05-09,CON
14725139,62005032,2014-05-30,PRO
14725144,13848358,2013-03-21,CON
14725145,13113113,2011-05-23,CON
14725146,62004951,2014-05-30,PRO
14725148,62015734,2014-06-23,PRO
14725151,13961429,2013-08-07,DIV
14725153,60557492,2004-03-30,PRO
14725153,60601534,2004-08-13,PRO
14725153,60620072,2004-10-18,PRO
14725153,60648625,2005-01-31,PRO
14725153,60651778,2005-02-10,PRO
14725153,11093626,2005-03-30,CON
14725153,11391897,2006-03-29,CON
14725153,11653529,2007-01-16,CON
14725153,12380800,2009-03-04,CON
14725153,12893681,2010-09-29,CON
14725153,13366755,2012-02-06,CON
14725155,61612604,2012-03-19,PRO
14725155,13832800,2013-03-15,CON
14725161,61535759,2011-09-16,PRO
14725161,13371924,2012-02-13,DIV
14725163,61777870,2013-03-12,PRO
14725163,13839860,2013-03-15,CIP
14725163,14090831,2013-11-26,CON
14725164,13225083,2011-09-02,DIV
14725167,62004360,2014-05-29,PRO
14725168,12552175,2009-09-01,DIV
14725169,61786892,2013-03-15,PRO
14725169,14206689,2014-03-12,CON
14725170,61810092,2013-05-23,PRO
14725170,13912600,2013-06-07,DIV
14725171,60572365,2004-05-19,PRO
14725171,11132771,2005-05-19,DIV
14725171,12959655,2010-12-03,DIV
14725171,13109202,2011-05-17,DIV
14725171,13422518,2012-03-16,DIV
14725171,13477214,2012-05-22,DIV
14725172,PCT/JP2013/081979,2013-11-27,CON
14725177,13899910,2013-05-22,CON
14725180,61503074,2011-06-30,PRO
14725180,13536309,2012-06-28,DIV
14725181,13118241,2011-05-27,CON
14725191,PCT/JP2012/082215,2012-12-12,CON
14725192,60725186,2005-10-11,PRO
14725192,11352077,2006-02-10,CON
14725192,12029379,2008-02-11,CON
14725192,13288819,2011-11-03,CON
14725192,13661501,2012-10-26,CON
14725192,14077137,2013-11-11,CON
14725196,14068226,2013-10-31,DIV
14725199,62023328,2014-07-11,PRO
14725200,14251098,2014-04-11,CON
14725200,14597689,2015-01-15,CON
14725202,62005020,2014-05-30,PRO
14725202,62117233,2015-02-17,PRO
14725204,10360755,2001-11-30,DIV
14725204,12833396,2010-07-09,CON
14725209,62005351,2014-05-30,PRO
14725210,60557492,2004-03-30,PRO
14725210,60601534,2004-08-13,PRO
14725210,60620072,2004-10-18,PRO
14725210,60648625,2005-01-31,PRO
14725210,60651778,2005-02-10,PRO
14725210,11093626,2005-03-30,CON
14725210,11391897,2006-03-29,CON
14725210,11653529,2007-01-16,CON
14725210,12380800,2009-03-04,CON
14725210,12893681,2010-09-29,CON
14725210,13366755,2012-02-06,CON
14725213,61778346,2013-03-12,PRO
14725213,13892092,2013-05-10,DIV
14725214,11679024,2007-02-26,CON
14725216,62008337,2014-06-05,PRO
14725220,61306269,2010-02-19,PRO
14725220,13032324,2011-02-22,CIP
14725220,29492375,2014-05-30,CON
14725220,62005406,2014-05-30,PRO
14725220,PCT/US15/33149,2015-05-29,CON
14725223,PCT/US2013/072112,2013-11-26,CON
14725225,13871099,2013-04-26,CON
14725226,62004376,2014-05-29,PRO
14725226,PCT/US2015/013655,2015-01-30,CIP
14725229,14196531,2014-03-04,CON
14725229,14538992,2014-11-12,CON
14725230,62005445,2014-05-30,PRO
14725232,13584424,2012-08-13,DIV
14725233,PCT/CN2012/085963,2012-12-05,CON
14725234,61737157,2012-12-14,PRO
14725234,14103960,2013-12-12,CON
14725234,14576796,2014-12-19,CON
14725240,12858193,2010-08-17,DIV
14725240,13705009,2012-12-04,CIP
14725240,13929998,2013-06-28,DIV
14725241,62006284,2014-06-02,PRO
14725241,14292998,2014-06-02,CIP
14725241,PCT/US15/30692,2015-05-14,CIP
14725242,62004751,2014-05-29,PRO
14725249,62008526,2014-06-06,PRO
14725254,60736500,2005-11-14,PRO
14725254,PCT/US06/60888,2006-11-14,NST
14725254,11908262,2008-10-30,CON
14725254,13276240,2011-10-18,CON
14725254,13396487,2012-02-14,CON
14725254,13668102,2012-11-02,CON
14725255,62005286,2014-05-30,PRO
14725260,60730659,2005-10-26,PRO
14725260,11588779,2006-10-26,CIP
14725260,12259181,2008-10-27,CIP
14725260,61120340,2008-12-05,PRO
14725260,12426186,2009-04-17,CON
14725260,13539292,2012-06-29,CON
14725261,10971671,2004-10-22,CIP
14725261,11323221,2005-12-30,CIP
14725261,11323220,2005-12-30,CON
14725261,11322740,2005-12-30,CON
14725261,12489710,2009-06-23,CON
14725261,12497034,2009-07-02,CON
14725262,62005913,2014-05-30,PRO
14725262,29518045,2015-02-19,CIP
14725264,60704469,2005-08-01,PRO
14725264,PCT/US06/29813,2006-08-01,NST
14725264,11997225,2010-05-25,CON
14725266,13542507,2012-07-05,CON
14725267,62005391,2014-05-30,PRO
14725270,13909598,2013-06-04,CON
14725271,10460926,2003-06-13,CON
14725271,11588482,2006-10-27,CON
14725271,14177812,2014-02-11,CON
14725272,62005176,2014-05-30,PRO
14725273,13443883,2012-04-10,CON
14725273,14514178,2014-10-14,CON
14725274,61612604,2012-03-19,PRO
14725274,13832800,2013-03-15,CON
14725275,60971280,2007-09-11,PRO
14725275,12207880,2008-09-10,DIV
14725276,61778475,2013-03-13,PRO
14725276,14192412,2014-02-27,CON
14725277,62006421,2014-06-02,PRO
14725280,62006552,2014-06-02,PRO
14725281,60978249,2007-10-08,PRO
14725281,12210435,2008-09-15,DIV
14725281,13862752,2013-04-15,CON
14725284,14579208,2014-12-22,CON
14725286,11620980,2007-01-08,CON
14725286,13304666,2011-11-27,CON
14725286,14147299,2014-01-03,CON
14725286,PCT/US2005/024340,2005-07-08,CON
14725287,62005445,2014-05-30,PRO
14725288,62005701,2014-05-30,PRO
14725289,10460926,2003-06-13,CON
14725289,11588482,2006-10-27,CON
14725289,14177812,2014-02-11,CON
14725291,62004624,2014-05-29,PRO
14725298,60266183,2001-02-02,PRO
14725298,60314406,2001-08-23,PRO
14725298,10038306,2002-01-02,CIP
14725298,10214982,2002-08-07,CIP
14725298,10630278,2003-07-30,CON
14725298,10969675,2004-10-20,CON
14725298,12015776,2008-01-17,CON
14725298,12354308,2009-01-15,CON
14725298,12622859,2009-11-20,CON
14725298,13007194,2011-01-14,CON
14725298,13161205,2011-06-15,CON
14725298,13324371,2011-12-13,CON
14725298,13473683,2012-05-17,CON
14725298,13624222,2012-09-21,CON
14725298,13858624,2013-04-08,CON
14725298,14156718,2014-01-16,CON
14725298,14493515,2014-09-23,CON
14725299,13779015,2013-02-27,DIV
14725300,62020250,2014-07-02,PRO
14725302,61955078,2014-03-18,PRO
14725302,62077142,2014-11-07,PRO
14725302,62088278,2014-12-05,PRO
14725302,PCT/US15/21327,2015-03-18,CIP
14725304,62004891,2014-05-30,PRO
14725305,60450965,2003-02-28,PRO
14725305,60494376,2003-08-11,PRO
14725305,60512600,2003-10-16,PRO
14725305,60537938,2004-01-21,PRO
14725305,10788736,2004-02-26,CON
14725305,11030627,2005-01-05,CON
14725305,12028664,2008-02-08,CON
14725305,13275163,2011-10-17,CON
14725305,13587649,2012-08-16,CON
14725305,13923611,2013-06-21,CON
14725305,14153473,2014-01-13,CON
14725307,10460926,2003-06-13,CON
14725307,11588482,2006-10-27,CON
14725307,14177812,2014-02-11,CON
14725308,14170825,2014-02-03,CON
14725312,13102886,2011-05-06,CON
14725312,13529691,2012-06-21,CON
14725312,14600966,2015-01-20,CON
14725313,PCT/JP2013/075169,2013-09-18,CON
14725315,62004376,2014-05-29,PRO
14725315,PCT/US15/13655,2015-01-30,CIP
14725316,13581449,2012-11-01,DIV
14725316,PCT/KR2010/005706,2010-08-25,NST
14725318,60266183,2001-02-02,PRO
14725318,60314406,2001-08-23,PRO
14725318,10038306,2002-01-02,CIP
14725318,10214982,2002-08-07,CIP
14725318,10630278,2003-07-30,CON
14725318,10969675,2004-10-20,CON
14725318,12015776,2008-01-17,CON
14725318,12354308,2009-01-15,CON
14725318,12622859,2009-11-20,CON
14725318,13007194,2011-01-14,CON
14725318,13161205,2011-06-15,CON
14725318,13324371,2011-12-13,CON
14725318,13473683,2012-05-17,CON
14725318,13624222,2012-09-21,CON
14725318,13858624,2013-04-08,CON
14725318,14156718,2014-01-16,CON
14725318,14493515,2014-09-23,CON
14725319,61498415,2011-06-17,PRO
14725319,61498435,2011-06-17,PRO
14725319,61498455,2011-06-17,PRO
14725319,61529632,2011-08-31,PRO
14725319,61600388,2012-02-17,PRO
14725319,61618587,2012-03-30,PRO
14725319,61618604,2012-03-30,PRO
14725319,61618614,2012-03-30,PRO
14725319,61618620,2012-03-30,PRO
14725319,61618632,2012-03-30,PRO
14725319,61618637,2012-03-30,PRO
14725319,13491007,2012-06-07,CIP
14725319,13491327,2012-06-07,CIP
14725319,13526454,2012-06-18,CON
14725319,14718836,2015-05-21,CON
14725320,62009474,2014-06-09,PRO
14725325,14122408,2014-02-01,CON
14725325,PCT/IB2012/052633,2012-05-25,NST
14725326,62008038,2014-06-05,PRO
14725328,12599385,2009-11-09,CON
14725328,13633515,2012-10-02,CON
14725328,PCT/US2008/063212,2008-05-09,NST
14725329,13770233,2013-02-19,CON
14725337,13145970,2011-10-06,DIV
14725337,14084164,2013-11-19,CON
14725337,PCT/IE10/00005,2010-01-25,NST
14725338,13347265,2012-01-10,CON
14725338,13958973,2013-08-05,CON
14725340,13145332,2011-11-17,CON
14725340,13942394,2013-07-15,CON
14725340,PCT/IL2010/000049,2010-01-19,NST
14725341,62005720,2014-05-30,PRO
14725341,62006681,2014-06-02,PRO
14725341,62092543,2014-12-16,PRO
14725345,13102886,2011-05-06,CON
14725345,13529691,2012-06-21,CON
14725345,14600966,2015-01-20,CON
14725348,60576477,2004-06-02,PRO
14725348,60610924,2004-09-17,PRO
14725348,60634174,2004-12-07,PRO
14725348,11143007,2005-06-01,DIV
14725348,12549105,2009-08-27,CON
14725348,14019162,2013-09-05,CON
14725349,13685820,2012-11-27,DIV
14725350,61831990,2013-06-06,PRO
14725350,13942585,2013-07-15,CON
14725351,61831990,2013-06-06,PRO
14725351,13942585,2013-07-15,CON
14725352,11669987,2007-02-01,CON
14725354,61831990,2013-06-06,PRO
14725354,13942585,2013-07-15,CON
14725356,60125219,1999-03-18,PRO
14725356,60127409,1999-04-01,PRO
14725356,60134770,1999-05-18,PRO
14725356,60153584,1999-09-13,PRO
14725356,60154603,1999-09-17,PRO
14725356,60172493,1999-12-16,PRO
14725356,09531120,2000-03-17,CIP
14725356,10170912,2002-06-12,CIP
14725356,11031554,2005-01-07,CIP
14725356,11981296,2007-10-31,CON
14725356,12508355,2009-07-23,CON
14725358,62005445,2014-05-30,PRO
14725362,62004469,2014-05-29,PRO
14725368,10748666,2003-12-31,CON
14725368,12200601,2008-08-28,CON
14725368,13616864,2012-09-14,CON
14725369,60290439,2001-05-11,PRO
14725369,10143111,2002-05-10,DIV
14725369,11901232,2007-09-14,CON
14725369,13494431,2012-06-12,CON
14725369,13777537,2013-02-26,CON
14725369,14067821,2013-10-30,CON
14725372,PCT/EP2013/074865,2013-11-27,CON
14725376,10971671,2004-10-22,CIP
14725376,11323221,2005-12-30,CIP
14725376,11323220,2005-12-30,CON
14725376,11322740,2005-12-30,CON
14725376,12489710,2009-06-23,CON
14725376,12497034,2009-07-02,CON
14725377,13754513,2013-01-30,CON
14725378,62033370,2014-08-05,PRO
14725378,14549939,2014-11-21,CON
14725379,60290439,2001-05-11,PRO
14725379,10143111,2002-05-10,DIV
14725379,11901232,2007-09-14,CON
14725379,13494431,2012-06-12,CON
14725379,13777537,2013-02-26,CON
14725379,14205204,2014-03-11,CON
14725383,13855022,2013-04-02,DIV
14725383,PCT/KR2012/001932,2012-03-16,CON
14725384,61673534,2012-07-19,PRO
14725384,13944923,2013-07-18,CON
14725391,61576363,2011-12-16,PRO
14725391,13441788,2012-04-06,CON
14725392,14172058,2014-02-04,DIV
14725394,PCT/CN2013/086727,2013-11-08,CON
14725401,61534592,2011-09-14,PRO
14725401,13270659,2011-10-11,CIP
14725401,14212170,2014-03-14,CON
14725401,PCT/EP2012/068166,2012-09-14,CIP
14725403,61673534,2012-07-19,PRO
14725403,13944923,2013-07-18,CIP
14725406,13669527,2012-11-06,CON
14725412,61732048,2012-11-30,PRO
14725412,61823744,2013-05-15,PRO
14725412,PCT/US13/72364,2013-11-27,CON
14725414,62007645,2014-06-04,PRO
14725417,62005088,2014-05-30,PRO
14725422,12937689,2011-01-25,DIV
14725422,PCT/IL09/00401,2009-04-07,NST
14725425,13935621,2013-07-05,DIV
14725426,PCT/JP2013/082372,2013-12-02,CON
14725427,13767198,2013-02-14,DIV
14725428,62030253,2014-07-29,PRO
14725430,14064840,2013-10-28,DIV
14725432,14283683,2014-05-21,CIP
14725433,13275701,2011-10-18,CON
14725434,13997556,2013-09-06,CON
14725434,PCT/GB2011/052577,2011-12-22,NST
14725435,61117811,2008-11-25,PRO
14725435,61117839,2008-11-25,PRO
14725435,61117861,2008-11-25,PRO
14725435,12502581,2009-07-14,DIV
14725435,13682214,2012-11-20,DIV
14725436,62004427,2014-05-29,PRO
14725438,11697932,2007-04-09,CON
14725446,62005310,2014-05-30,PRO
14725448,PCT/CN2015/072040,2015-01-30,CON
14725451,11718213,2007-07-23,CON
14725451,12917720,2010-11-02,CON
14725451,13663191,2012-10-29,CON
14725451,14064616,2013-10-28,CON
14725451,14256301,2014-04-18,CON
14725451,PCT/GB05/04238,2005-11-03,NST
14725452,13734365,2013-01-04,CON
14725452,13927854,2013-06-26,CON
14725453,62005108,2014-05-30,PRO
14725454,PCT/JP2013/082155,2013-11-29,CON
14725456,13416339,2012-03-09,DIV
14725459,12978836,2010-12-27,CON
14725459,14261613,2014-04-25,CON
14725465,PCT/JP2013/006965,2013-11-27,CON
14725466,62004990,2014-05-30,PRO
14725467,12947244,2010-11-16,DIV
14725468,62005913,2014-05-30,PRO
14725470,13997715,2013-06-25,CON
14725470,PCT/US2012/022704,2012-01-26,NST
14725471,62005856,2014-05-30,PRO
14725473,62005584,2014-05-30,PRO
14725477,13825717,2013-03-22,DIV
14725477,PCT/US2011/053064,2011-09-23,NST
14725479,13558178,2012-07-25,CON
14725480,61653748,2012-05-31,PRO
14725480,13615071,2012-09-13,DIV
14725480,14271752,2014-05-07,CON
14725482,13935621,2013-07-05,DIV
14725484,62008623,2014-06-06,PRO
14725484,62107597,2015-01-26,PRO
14725485,62005015,2014-05-30,PRO
14725492,13469413,2012-05-11,DIV
14725493,13051366,2011-03-18,CON
14725499,10813359,2004-03-31,CON
14725499,13183192,2011-07-14,CON
14725499,13975694,2013-08-26,CON
14725500,62023994,2014-07-14,PRO
14725503,62017283,2014-06-26,PRO
14725504,PCT/JP2013/082271,2013-11-29,CON
14725505,13947670,2013-07-22,DIV
14725508,61725859,2012-11-13,PRO
14725508,14077414,2013-11-12,CON
14725508,14275174,2014-05-12,DIV
14725518,62004577,2014-05-29,PRO
14725521,13734365,2013-01-04,CON
14725521,13927854,2013-06-26,CON
14725524,13685820,2012-11-27,DIV
14725526,12390267,2009-02-20,CON
14725526,14021622,2013-09-09,CON
14725527,62030295,2014-07-29,PRO
14725529,13695198,2012-10-29,CON
14725529,14570678,2014-12-15,CON
14725529,PCT/JP2011/002205,2011-04-14,NST
14725531,14063394,2013-10-25,DIV
14725535,62005487,2014-05-30,PRO
14725538,12553565,2009-09-03,CON
14725543,61256723,2009-10-30,PRO
14725543,12794996,2010-06-07,CIP
14725543,61489569,2011-05-24,PRO
14725543,13475713,2012-05-18,CON
14725545,62017081,2014-06-25,PRO
14725546,13738007,2013-01-10,DIV
14725547,62005387,2014-05-30,PRO
14725548,62004963,2014-05-30,PRO
14725550,61621939,2012-04-09,PRO
14725550,13628129,2012-09-27,CON
14725556,62004315,2014-05-29,PRO
14725561,13517901,2012-06-20,CON
14725561,PCT/US2010/060653,2010-12-16,NST
14725562,13883786,2013-05-07,CON
14725562,PCT/JP2011/006883,2011-12-09,NST
14725563,62010820,2014-06-11,PRO
14725565,PCT/EP2013/003122,2013-10-17,CON
14725570,60821750,2006-08-08,PRO
14725570,60914348,2007-04-27,PRO
14725570,11836004,2007-08-08,CON
14725574,12710126,2010-02-22,CON
14725575,13435287,2012-03-30,DIV
14725581,13677997,2012-11-15,CON
14725581,13751799,2013-01-28,DIV
14725585,62027917,2014-07-23,PRO
14725589,12050451,2008-03-18,CON
14725590,62004291,2014-05-29,PRO
14725592,61311513,2010-03-08,PRO
14725592,PCT/US11/27593,2011-03-08,NST
14725592,13877092,2013-08-16,DIV
14725593,62005739,2014-05-30,PRO
14725594,62005492,2014-05-30,PRO
14725601,62004311,2014-05-29,PRO
14725603,61824155,2013-05-16,PRO
14725603,14261513,2014-04-25,DIV
14725605,60219023,2000-07-18,PRO
14725605,09907450,2001-07-18,CON
14725605,13461308,2012-05-01,CON
14725605,14033796,2013-09-23,CON
14725605,14327816,2014-07-10,CON
14725609,13462371,2012-05-02,CON
14725611,PCT/JP2014/066365,2014-06-19,CON
14725614,62005559,2014-05-30,PRO
14725614,62018074,2014-06-27,PRO
14725614,62021936,2014-07-08,PRO
14725614,62040745,2014-08-22,PRO
14725614,62080480,2014-11-17,PRO
14725617,62004732,2014-05-29,PRO
14725619,13471551,2012-05-15,CON
14725622,62004423,2014-05-29,PRO
14725624,61695827,2012-08-31,PRO
14725624,14016056,2013-08-31,DIV
14725631,61345918,2010-05-18,PRO
14725631,13110688,2011-05-18,CIP
14725631,13796469,2013-03-12,CON
14725632,62005293,2014-05-30,PRO
14725635,13978677,2013-07-08,DIV
14725635,PCT/JP2012/050363,2012-01-11,NST
14725639,62005136,2014-05-30,PRO
14725642,62005078,2014-05-30,PRO
14725643,10901505,2004-07-28,CON
14725643,13401735,2012-02-21,CON
14725643,14607999,2015-01-28,CON
14725644,13711514,2012-12-11,CON
14725646,62004270,2014-05-29,PRO
14725646,62039951,2014-08-21,PRO
14725647,13187837,2011-07-21,CIP
14725647,13187846,2011-07-21,CIP
14725647,13285525,2011-10-31,CON
14725651,62004444,2014-05-29,CIP
14725654,62005299,2014-05-30,PRO
14725654,62138796,2015-03-26,PRO
14725655,62005314,2014-05-30,PRO
14725657,12951473,2010-11-22,CON
14725658,62004712,2014-05-29,PRO
14725660,62006942,2014-06-03,PRO
14725662,10278469,2002-10-22,CIP
14725662,10625481,2003-07-21,CON
14725662,11014307,2004-12-16,CIP
14725662,11537975,2006-10-02,CON
14725662,11551134,2006-10-19,CON
14725663,14079159,2013-11-13,DIV
14725667,PCT/JP2013/081496,2013-11-22,CON
14725669,12913090,2010-10-27,CON
14725672,12127484,2008-05-27,CON
14725672,14045570,2013-10-03,CON
14725677,13677466,2012-11-15,CON
14725683,14364451,2014-06-11,DIV
14725683,PCT/IB2012/003012,2012-12-12,NST
14725685,62005307,2014-05-30,PRO
14725687,61923999,2014-01-06,PRO
14725687,61932058,2014-01-27,PRO
14725687,14588762,2015-01-02,CON
14725689,62004260,2014-05-29,PRO
14725690,PCT/CA2013/050935,2013-12-06,CON
14725691,61207126,2009-02-06,PRO
14725691,61244390,2009-09-21,PRO
14725691,12701474,2010-02-05,CON
14725691,13617630,2012-09-14,CON
14725692,PCT/US2013/071971,2013-11-26,CON
14725693,60638185,2004-12-21,PRO
14725693,11316255,2005-12-21,DIV
14725693,13101609,2011-05-05,CON
14725693,14317048,2014-06-27,CON
14725694,61096568,2008-09-12,PRO
14725694,12405616,2009-03-17,CON
14725694,13205097,2011-08-08,CON
14725694,14297110,2014-06-05,CON
14725697,13718801,2012-12-18,CON
14725701,13773360,2013-02-21,CIP
14725702,13827154,2013-03-14,CON
14725703,62005301,2014-05-30,PRO
14725704,62005554,2014-05-30,PRO
14725705,12985826,2011-01-06,CON
14725708,61561184,2011-11-17,PRO
14725708,13455910,2012-04-25,CON
14725709,62011102,2014-06-12,PRO
14725710,62005444,2014-05-30,PRO
14725713,10381673,2003-04-24,CON
14725713,12654593,2009-12-23,CON
14725713,PCT/SE01/01986,2001-09-18,NST
14725714,61037544,2008-03-18,PRO
14725714,61150337,2009-02-06,PRO
14725714,12403190,2009-03-12,CIP
14725714,12701342,2010-02-05,CON
14725714,14574733,2014-12-18,CIP
14725715,62005736,2014-05-30,PRO
14725719,61752741,2013-01-15,PRO
14725719,14156176,2014-01-15,DIV
14725720,62006608,2014-06-02,PRO
14725721,62005666,2014-05-30,PRO
14725724,13425576,2012-03-21,CON
14725730,62007361,2014-06-03,PRO
14725730,62076427,2014-11-06,PRO
14725732,61817586,2013-04-30,PRO
14725732,61828801,2013-05-30,PRO
14725732,14264144,2014-04-29,CON
14725734,61096568,2008-09-12,PRO
14725734,12405616,2009-03-17,CON
14725734,13205097,2011-08-08,CIP
14725734,13374221,2011-12-15,CON
14725735,13966790,2013-08-14,DIV
14725736,62005413,2014-05-30,PRO
14725744,11966697,2007-12-28,CON
14725747,62004505,2014-05-29,PRO
14725748,62004665,2014-05-29,PRO
14725749,12274727,2008-11-20,CON
14725749,13334339,2011-12-22,CON
14725750,62005783,2014-05-30,PRO
14725752,11756616,2007-05-31,CIP
14725752,11756619,2007-05-31,CIP
14725752,11756619,2007-05-31,CON
14725752,PCT/US08/65230,2008-05-30,NST
14725752,PCT/US08/65237,2008-05-30,NST
14725752,12601268,2010-05-22,CIP
14725752,12601271,2010-05-22,CIP
14725752,61379225,2010-09-01,PRO
14725752,61379284,2010-09-01,PRO
14725752,61379820,2010-09-03,PRO
14725752,61379830,2010-09-03,PRO
14725752,13149681,2011-05-31,CIP
14725752,13223279,2011-08-31,DIV
14725752,13223289,2011-08-31,CON
14725752,14322237,2014-07-02,CON
14725752,14630266,2015-02-24,CON
14725753,62006591,2014-06-02,PRO
14725754,62005820,2014-05-30,PRO
14725755,61651125,2012-05-24,PRO
14725755,13839100,2013-03-15,DIV
14725756,62005668,2014-05-30,PRO
14725760,13959025,2013-08-05,DIV
14725761,62028297,2014-07-23,PRO
14725761,62097395,2014-12-29,PRO
14725765,14397616,2014-10-28,CIP
14725765,PCT/US2013/040698,2013-05-13,NST
14725766,62005684,2014-05-30,PRO
14725769,60690057,2005-06-09,PRO
14725769,11423225,2006-06-09,DIV
14725769,12987251,2011-01-10,DIV
14725775,62005494,2014-05-30,PRO
14725776,11151219,2005-06-13,DIV
14725776,12724833,2010-03-16,CON
14725776,13908473,2013-06-03,DIV
14725781,62005315,2014-05-30,PRO
14725784,62004329,2014-05-29,PRO
14725786,62005031,2014-05-30,PRO
14725788,PCT/JP2013/083776,2013-12-17,CIP
14725789,PCT/US2013/072195,2013-11-27,CON
14725792,10512087,2005-04-07,CON
14725792,12015263,2008-01-16,CON
14725792,12915480,2010-10-29,CON
14725792,13351963,2012-01-17,CON
14725792,14308082,2014-06-18,CON
14725792,PCT/JP03/05696,2003-05-07,NST
14725794,13716967,2012-12-17,DIV
14725795,61651125,2012-05-24,PRO
14725795,13839100,2013-03-15,DIV
14725796,61864294,2013-08-09,PRO
14725796,14455443,2014-08-08,DIV
14725800,11844965,2007-08-24,CON
14725802,13057579,2011-02-08,CIP
14725802,PCT/CH2009/000241,2009-07-07,NST
14725803,13780916,2013-02-28,CIP
14725804,62004706,2014-05-29,PRO
14725806,61910912,2013-12-02,PRO
14725806,61911420,2013-12-03,PRO
14725806,14558016,2014-12-02,CON
14725808,13192094,2011-07-27,CON
14725808,14274985,2014-05-12,CON
14725809,13635960,2012-12-03,CON
14725809,PCT/US2010/028227,2010-03-23,NST
14725811,62004691,2014-05-29,PRO
14725815,11948788,2007-11-30,CON
14725815,14073564,2013-11-06,CON
14725816,12949122,2010-11-18,CON
14725821,62012816,2014-06-16,PRO
14725823,PCT/JP2013/081980,2013-11-27,CON
14725825,14290517,2014-05-29,CIP
14725828,12528625,2009-08-25,CON
14725828,PCT/JP2008/053399,2008-02-27,NST
14725829,13653374,2012-11-14,CON
14725830,29500119,2014-08-21,CON
14725832,62004819,2014-05-29,PRO
14725832,62057173,2014-09-29,PRO
14725833,62005285,2014-05-30,PRO
14725834,60952514,2007-07-27,PRO
14725834,60952528,2007-07-27,PRO
14725834,12180419,2008-07-25,CON
14725834,13572497,2012-08-10,CON
14725834,14251139,2014-04-11,CON
14725835,62007121,2014-06-03,PRO
14725836,13575452,2012-10-15,DIV
14725836,PCT/US2011/022961,2011-01-28,NST
14725838,60342405,2001-12-21,PRO
14725838,10161046,2002-05-31,CON
14725838,11150034,2005-06-10,REI
14725845,61699899,2012-09-12,PRO
14725845,13796404,2013-03-12,DIV
14725848,61997378,2014-05-29,PRO
14725849,13718557,2012-12-18,DIV
14725850,62004223,2014-05-29,PRO
14725853,PCT/JP2013/082476,2013-12-03,CIP
14725854,12422522,2009-04-13,CIP
14725857,13096093,2011-04-28,CIP
14725859,62012611,2014-06-16,PRO
14725860,12750038,2010-03-30,DIV
14725862,62006242,2014-06-01,PRO
14725863,61548017,2011-10-17,PRO
14725863,13654067,2012-10-17,CIP
14725865,14026238,2013-09-13,CON
14725869,62005574,2014-05-30,PRO
14725872,09070604,1998-04-30,CON
14725872,10947545,2004-09-20,DIV
14725872,11901004,2007-09-14,CON
14725872,12891385,2010-09-27,CON
14725872,13790597,2013-03-08,CON
14725874,13582912,2012-09-05,CON
14725875,60456080,2003-03-18,PRO
14725875,10804486,2004-03-18,CON
14725875,12616309,2009-11-11,CON
14725883,61492448,2011-06-02,PRO
14725883,61624589,2012-04-16,PRO
14725883,PCT/US12/40744,2012-06-04,NST
14725883,14405597,2014-12-04,CIP
14725883,14592641,2015-01-08,CIP
14725883,PCT/IL2013/050481,2013-06-04,CIP
14725885,62005390,2014-05-30,PRO
14725887,12824921,2010-06-28,CON
14725888,62005395,2014-05-30,PRO
14725888,62029072,2014-07-25,PRO
14725891,62005764,2014-05-30,PRO
14725891,62094391,2014-12-19,PRO
14725893,PCT/JP2013/082220,2013-11-29,CON
14725896,62005378,2014-05-30,PRO
14725897,13481591,2012-05-25,DIV
14725899,62005530,2014-05-30,PRO
14725900,61576226,2011-12-15,PRO
14725900,13716491,2012-12-17,CON
14725901,62005204,2014-05-30,PRO
14725903,13997138,2013-06-21,CON
14725903,PCT/US2013/029439,2013-03-06,NST
14725908,62004936,2014-05-30,PRO
14725908,14468958,2014-08-26,CIP
14725910,62004585,2014-05-29,PRO
14725912,62005764,2014-05-30,PRO
14725912,62094391,2014-12-19,PRO
14725913,62005341,2014-05-30,PRO
14725918,62005332,2014-05-30,PRO
14725921,13861297,2013-04-11,CON
14725925,62004275,2014-05-29,PRO
14725928,62005369,2014-05-30,PRO
14725930,61368221,2010-07-27,PRO
14725930,13107873,2011-05-13,CON
14725930,PCT/US2009/006105,2009-11-13,CIP
14725931,14130680,2014-01-03,CIP
14725931,PCT/IB2013/060295,2013-11-21,NST
14725932,61368570,2010-07-28,PRO
14725932,13192344,2011-07-27,CON
14725932,13685433,2012-11-26,CON
14725939,12829922,2010-07-02,CON
14725939,13677611,2012-11-15,CON
14725939,14157386,2014-01-16,CON
14725940,62004493,2014-05-29,PRO
14725941,14026727,2013-09-13,CON
14725941,PCT/JP2012/066410,2012-06-27,CON
14725943,62005395,2014-05-30,PRO
14725943,62029072,2014-07-25,PRO
14725948,62004515,2014-05-29,PRO
14725951,62005748,2014-05-30,PRO
14725951,14506578,2014-10-03,CON
14725952,61746400,2012-12-27,PRO
14725952,13796865,2013-03-12,CON
14725953,62004572,2014-05-29,PRO
14725953,62069420,2014-10-28,PRO
14725954,14159261,2014-01-20,CON
14725956,62008023,2014-06-05,PRO
14725957,62005103,2014-05-30,PRO
14725959,13403460,2012-02-23,DIV
14725960,62007185,2014-06-03,PRO
14725961,62004318,2014-05-29,PRO
14725961,62007555,2014-06-04,PRO
14725961,62011523,2014-06-12,PRO
14725962,13142358,2011-07-12,DIV
14725962,14016480,2013-09-03,CON
14725962,PCT/IB2009/007896,2009-12-28,NST
14725968,61151551,2009-02-11,PRO
14725968,12704277,2010-02-11,CON
14725969,61699516,2012-09-11,PRO
14725969,13934845,2013-07-03,CIP
14725970,62006599,2014-06-02,PRO
14725970,62031928,2014-08-01,PRO
14725971,62005707,2014-05-30,PRO
14725972,61643968,2012-05-08,PRO
14725972,13836026,2013-03-15,CON
14725973,62027885,2014-07-23,PRO
14725973,62118384,2015-02-19,PRO
14725974,60453131,2003-03-05,PRO
14725974,10794514,2004-03-05,DIV
14725974,12573685,2009-10-05,DIV
14725975,60850850,2006-10-10,PRO
14725975,11704713,2007-02-09,CIP
14725975,11787209,2007-04-13,CIP
14725975,60936617,2007-06-20,PRO
14725975,12143743,2008-06-20,DIV
14725975,12941392,2010-11-08,DIV
14725975,13316890,2011-12-12,CON
14725975,13914896,2013-06-11,CON
14725976,60558476,2004-04-01,PRO
14725976,11098030,2005-04-01,DIV
14725976,12914201,2010-10-28,CON
14725979,62007841,2014-06-04,PRO
14725980,60645701,2005-01-21,PRO
14725980,11335051,2006-01-19,DIV
14725984,PCT/CN2013/088172,2013-11-29,CON
14725986,13804215,2013-03-14,CON
14725986,PCT/NL2011/050716,2011-10-18,CON
14725991,12905966,2010-10-15,CIP
14725991,13447003,2012-04-13,CON
14725994,13630741,2012-09-28,CIP
14725996,PCT/JP2013/082897,2013-12-02,CON
14725999,61156340,2009-02-27,PRO
14725999,12713024,2010-02-25,CON
14726000,61746427,2012-12-27,PRO
14726000,13797292,2013-03-12,CON
14726001,62018994,2014-06-30,PRO
14726003,62015813,2014-06-23,PRO
14726007,61421444,2010-12-09,PRO
14726007,61523433,2011-08-15,PRO
14726007,13316160,2011-12-09,CIP
14726007,13586443,2012-08-15,CON
14726010,62006169,2014-06-01,PRO
14726011,62005686,2014-05-30,PRO
14726013,62005521,2014-05-30,PRO
14726014,61029895,2008-02-19,PRO
14726014,12388243,2009-02-18,CON
14726014,13012702,2011-01-24,CON
14726014,14184345,2014-02-19,CON
14726018,61580948,2011-12-28,PRO
14726018,14366529,2014-06-18,DIV
14726018,PCT/IB2012/057506,2012-12-20,NST
14726021,62005642,2014-05-30,PRO
14726023,61033355,2008-03-03,PRO
14726023,12397061,2009-03-03,CON
14726023,13334781,2011-12-22,CON
14726023,14082893,2013-11-18,CON
14726023,14521676,2014-10-23,CON
14726029,62004744,2014-05-29,PRO
14726031,14105919,2013-12-13,DIV
14726032,11718006,2008-03-03,CON
14726032,PCT/IB2005/003883,2005-12-23,NST
14726041,62005483,2014-05-30,PRO
14726042,13646013,2012-10-05,CIP
14726045,13348400,2012-01-11,CON
14726052,13221061,2011-08-30,CON
14726058,13969361,2013-08-16,CON
14726061,61675938,2012-07-26,PRO
14726061,61703158,2012-09-19,PRO
14726061,61703175,2012-09-19,PRO
14726061,61703187,2012-09-19,PRO
14726061,61703229,2012-09-19,PRO
14726061,61703231,2012-09-19,PRO
14726061,61703232,2012-09-19,PRO
14726061,61703234,2012-09-19,PRO
14726061,61703238,2012-09-19,PRO
14726061,61715060,2012-10-17,PRO
14726061,61720670,2012-10-31,PRO
14726061,13724339,2012-12-21,CON
14726061,13934500,2013-07-03,CON
14726061,62004544,2014-05-29,PRO
14726061,62014465,2014-06-19,PRO
14726061,62108407,2015-01-27,PRO
14726061,PCT/US2014/046555,2014-07-14,CIP
14726065,13190932,2011-07-26,CON
14726067,61346907,2010-05-21,PRO
14726067,13110184,2011-05-18,DIV
14726068,62005426,2014-05-30,PRO
14726069,61105696,2008-10-15,PRO
14726069,12579264,2009-10-14,CON
14726069,14498593,2014-09-26,CON
14726070,PCT/US2013/072575,2013-12-02,CIP
14726073,61684527,2012-08-17,PRO
14726073,13968871,2013-08-16,CON
14726074,14300732,2014-06-10,DIV
14726075,62005869,2014-05-30,PRO
14726076,13510608,2012-05-17,CON
14726076,14526523,2014-10-29,CON
14726076,PCT/JP2010/066790,2010-09-28,NST
14726077,62005939,2014-05-30,PRO
14726079,12760932,2010-04-15,CON
14726083,61150910,2009-02-09,PRO
14726083,61170187,2009-04-17,PRO
14726083,12702405,2010-02-09,CIP
14726083,61648985,2012-05-18,PRO
14726083,13750934,2013-01-25,CIP
14726083,13830796,2013-03-14,CON
14726083,14281342,2014-05-19,CON
14726085,62007186,2014-06-03,PRO
14726088,13354698,2012-01-20,DIV
14726092,14062272,2013-10-24,CON
14726094,62004392,2014-05-29,PRO
14726095,14045591,2013-10-03,CON
14726096,62035724,2014-08-11,PRO
14726100,62004462,2014-05-29,PRO
14726101,14138892,2013-12-23,CIP
14726104,13848396,2013-03-21,CON
14726104,13967174,2013-08-14,CON
14726105,60865305,2006-11-10,PRO
14726105,11730493,2007-04-02,DIV
14726105,13159927,2011-06-14,CON
14726106,61776418,2013-03-11,PRO
14726106,14204634,2014-03-11,CON
14726116,62005704,2014-05-30,PRO
14726118,62004645,2014-05-29,PRO
14726118,62008215,2014-06-05,PRO
14726118,62029254,2014-07-25,PRO
14726118,14444938,2014-07-28,CIP
14726119,13689194,2012-11-29,CIP
14726119,61763247,2013-02-11,PRO
14726119,14177694,2014-02-11,CIP
14726119,62082362,2014-11-20,PRO
14726121,62005960,2014-05-30,PRO
14726122,13759590,2013-02-05,CON
14726123,13413011,2012-03-06,CON
14726125,61776418,2013-03-11,PRO
14726125,14204634,2014-03-11,CON
14726126,14287983,2014-05-27,CON
14726128,PCT/CN2012/085670,2012-11-30,CON
14726129,62005714,2014-05-30,PRO
14726136,61515713,2011-08-05,PRO
14726136,61526516,2011-08-23,PRO
14726136,61661221,2012-06-18,PRO
14726136,13568022,2012-08-06,CON
14726138,62005727,2014-05-30,PRO
14726139,62016502,2014-06-24,PRO
14726139,62096433,2014-12-23,PRO
14726139,62151926,2015-04-23,PRO
14726140,60428356,2002-11-22,PRO
14726140,60428358,2002-11-22,PRO
14726140,60428450,2002-11-22,PRO
14726140,60428452,2002-11-22,PRO
14726140,60440693,2003-01-17,PRO
14726140,60440692,2003-01-17,PRO
14726140,60523712,2003-11-19,PRO
14726140,60523716,2003-11-19,PRO
14726140,10719680,2003-11-20,CIP
14726140,10720027,2003-11-20,CIP
14726140,10721800,2003-11-24,CIP
14726140,60574278,2004-05-24,PRO
14726140,60574616,2004-05-25,PRO
14726140,60582138,2004-06-22,PRO
14726140,60582728,2004-06-24,PRO
14726140,60582730,2004-06-24,PRO
14726140,60612352,2004-09-22,PRO
14726140,60626013,2004-11-05,PRO
14726140,60626230,2004-11-09,PRO
14726140,60643396,2005-01-12,PRO
14726140,11138070,2005-05-24,CIP
14726140,11139020,2005-05-24,CIP
14726140,11165615,2005-06-22,CON
14726140,12766965,2010-04-26,CON
14726140,13443694,2012-04-10,CON
14726140,13943237,2013-07-16,CON
14726141,62004973,2014-05-30,PRO
14726142,61543713,2011-10-05,PRO
14726142,61543748,2011-10-05,PRO
14726142,13646613,2012-10-05,CON
14726143,62004429,2014-05-29,PRO
14726145,PCT/JP2013/082292,2013-11-29,CIP
14726146,62012205,2014-06-13,PRO
14726146,62012219,2014-06-13,PRO
14726150,62006668,2014-06-02,PRO
14726152,61758660,2013-01-30,PRO
14726152,13839949,2013-03-15,CIP
14726152,13840563,2013-03-15,CIP
14726154,61789750,2013-03-15,PRO
14726154,13944080,2013-07-17,CON
14726155,62011411,2014-06-12,PRO
14726157,PCT/JP2013/006387,2013-10-29,CON
14726158,PCT/JP2013/082278,2013-11-29,CON
14726161,62005344,2014-05-30,PRO
14726163,14293253,2014-06-02,CIP
14726164,61032018,2008-02-27,PRO
14726164,12395047,2009-02-27,CON
14726164,13569997,2012-08-08,CON
14726168,13766056,2013-02-13,CON
14726169,62027228,2014-07-21,PRO
14726174,13176071,2011-07-05,DIV
14726177,14092894,2013-11-27,CIP
14726178,62005213,2014-05-30,PRO
14726181,62005987,2014-05-30,PRO
14726181,62078827,2014-11-12,PRO
14726183,62005877,2014-05-30,PRO
14726184,62005575,2014-05-30,PRO
14726191,61513613,2011-07-31,PRO
14726191,13195721,2011-08-01,CON
14726192,60632343,2004-11-30,PRO
14726192,11006842,2004-12-07,CON
14726192,12613450,2009-11-05,CON
14726192,14149749,2014-01-07,CON
14726197,13093979,2011-04-26,CON
14726202,14450676,2014-08-04,CON
14726204,13657684,2012-10-22,CON
14726205,62005339,2014-05-30,PRO
14726207,13743563,2013-01-17,DIV
14726209,62008902,2014-06-06,PRO
14726211,13826228,2013-03-14,CON
14726212,61371842,2010-08-09,PRO
14726212,13205895,2011-08-09,CON
14726212,14253525,2014-04-15,CON
14726220,13308079,2011-11-30,CIP
14726220,62004796,2014-05-29,PRO
14726220,14290743,2014-05-29,CIP
14726221,60456882,2003-03-21,PRO
14726221,PCT/US04/08739,2004-03-22,NST
14726221,10550502,2006-06-16,CON
14726221,12498269,2009-07-06,CON
14726221,12760395,2010-04-14,CON
14726221,13442858,2012-04-10,CON
14726223,61334522,2010-05-13,PRO
14726223,13107799,2011-05-13,CIP
14726223,13426449,2012-03-21,CON
14726225,12789861,2010-05-28,CON
14726225,12983813,2011-01-03,CIP
14726225,13431130,2012-03-27,CIP
14726225,62004352,2014-05-29,PRO
14726226,61362958,2010-07-09,PRO
14726226,13179807,2011-07-11,CON
14726226,13915374,2013-06-11,CON
14726229,62005526,2014-05-30,PRO
14726229,14610135,2015-01-30,CIP
14726230,62004479,2014-05-29,PRO
14726232,62027674,2014-07-22,PRO
14726233,62006824,2014-06-02,PRO
14726233,62111596,2015-02-03,PRO
14726234,61515732,2011-08-05,PRO
14726234,13567754,2012-08-06,CON
14726238,62031718,2014-07-31,PRO
14726239,61390160,2010-10-05,PRO
14726239,13244245,2011-09-23,CON
14726240,11921560,2008-03-26,REI
14726240,PCT/JP2006/311184,2006-06-05,NST
14726242,13666659,2012-11-01,CON
14726247,62004554,2014-05-29,PRO
14726248,13144912,2011-10-18,CON
14726248,PCT/EP2010/000062,2010-01-08,NST
14726252,12422926,2009-04-13,CON
14726252,13949975,2013-07-24,CON
14726252,PCT/US2007/017614,2007-08-08,CIP
14726253,61382835,2010-09-14,PRO
14726253,13230573,2011-09-12,DIV
14726254,62007316,2014-06-03,PRO
14726261,60889753,2007-02-14,PRO
14726261,60909298,2007-03-30,PRO
14726261,60931474,2007-05-22,PRO
14726261,12031380,2008-02-14,DIV
14726261,13449787,2012-04-18,CON
14726263,PCT/US2013/072061,2013-11-26,CON
14726265,62008454,2014-06-05,PRO
14726266,60456882,2003-03-21,PRO
14726266,PCT/US04/08739,2004-03-22,NST
14726266,10550502,2006-06-16,CON
14726266,12498269,2009-07-06,CON
14726266,12760395,2010-04-14,CON
14726266,13442858,2012-04-10,CON
14726268,13115554,2011-05-25,CON
14726271,62005425,2014-05-30,PRO
14726272,12298799,2008-11-05,DIV
14726272,12892436,2010-09-28,CON
14726272,PCT/SE2007/000405,2007-04-26,NST
14726275,61589188,2012-01-20,PRO
14726275,13426314,2012-03-21,CIP
14726275,13560805,2012-07-27,CIP
14726275,14086802,2013-11-21,CON
14726277,14467645,2014-08-25,CIP
14726279,62004861,2014-05-29,PRO
14726282,PCT/US11/68269,2011-12-31,NST
14726282,13997161,2013-06-21,DIV
14726284,12852340,2010-08-06,CIP
14726285,61511878,2011-07-26,PRO
14726285,PCT/US12/48355,2012-07-26,NST
14726285,14235435,2014-04-04,CON
14726287,13979602,2014-02-26,CON
14726287,PCT/US2012/021016,2012-01-12,NST
14726295,13572480,2012-08-10,CON
14726296,61200953,2008-12-05,PRO
14726296,61186740,2009-06-12,PRO
14726296,12630703,2009-12-03,CIP
14726296,12980800,2010-12-29,CON
14726296,13531933,2012-06-25,CON
14726296,14054997,2013-10-16,CON
14726296,14297268,2014-06-05,CON
14726297,62019335,2014-06-30,PRO
14726300,62010049,2014-06-10,PRO
14726301,13743563,2013-01-17,DIV
14726303,14153050,2014-01-12,CON
14726303,14495788,2014-09-24,CIP
14726304,61804919,2013-03-25,PRO
14726304,14225379,2014-03-25,CON
14726306,61082599,2008-07-22,PRO
14726306,12503000,2009-07-14,CON
14726307,62005431,2014-05-30,PRO
14726308,61207647,2009-02-13,PRO
14726308,61276184,2009-09-08,PRO
14726308,12658766,2010-02-12,CON
14726308,13453974,2012-04-23,CON
14726309,13025022,2011-02-10,CIP
14726309,13080345,2011-04-05,CON
14726311,61200953,2008-12-05,PRO
14726311,61186740,2009-06-12,PRO
14726311,12630703,2009-12-03,CIP
14726311,12980800,2010-12-29,CON
14726311,13531933,2012-06-25,CON
14726311,14054997,2013-10-16,CON
14726311,14297268,2014-06-05,CON
14726312,61935772,2014-02-04,PRO
14726312,14489338,2014-09-17,CIP
14726316,12819069,2010-06-18,CON
14726324,61167105,2009-04-06,PRO
14726324,12563108,2009-09-18,CON
14726324,14018190,2013-09-04,CON
14726325,61296371,2010-01-19,PRO
14726325,13008317,2011-01-18,DIV
14726327,62005859,2014-05-30,PRO
14726329,62023741,2014-07-11,PRO
14726330,61200953,2008-12-05,PRO
14726330,61186740,2009-06-12,PRO
14726330,12630703,2009-12-03,CIP
14726330,12980800,2010-12-29,CON
14726330,13531933,2012-06-25,CON
14726330,14054997,2013-10-16,CON
14726330,14297268,2014-06-05,CON
14726331,62006003,2014-05-30,PRO
14726335,62005950,2014-05-30,PRO
14726337,61120275,2008-12-05,PRO
14726337,61181180,2009-05-26,PRO
14726337,12631404,2009-12-04,CON
14726337,14058164,2013-10-18,CON
14726340,62006048,2014-05-31,PRO
14726343,60634339,2004-12-08,PRO
14726343,PCT/US05/44335,2005-12-08,NST
14726343,60889806,2007-02-14,PRO
14726343,60890429,2007-02-16,PRO
14726343,60893308,2007-03-06,PRO
14726343,60917254,2007-05-10,PRO
14726343,11720785,2007-09-17,CIP
14726343,PCT/US08/54033,2008-02-14,NST
14726343,12032442,2008-02-15,CON
14726343,PCT/US08/56103,2008-03-06,NST
14726343,PCT/US08/63202,2008-05-09,NST
14726343,12196505,2008-08-22,CIP
14726343,61107590,2008-10-22,PRO
14726343,12527376,2009-09-01,CIP
14726343,12529106,2009-08-28,CIP
14726343,PCT/US09/61698,2009-10-22,NST
14726343,12599549,2009-12-18,DIV
14726343,13124311,2011-04-14,CIP
14726343,13410881,2012-03-02,CIP
14726344,61200953,2008-12-05,PRO
14726344,61186740,2009-06-12,PRO
14726344,12630703,2009-12-03,CIP
14726344,12980800,2010-12-29,CON
14726344,13531933,2012-06-25,CON
14726344,14054997,2013-10-16,CON
14726344,14297268,2014-06-05,CON
14726345,PCT/EP2013/003597,2013-11-28,CON
14726348,62005867,2014-05-30,PRO
14726350,13782720,2013-03-01,DIV
14726355,62005898,2014-05-30,PRO
14726356,62005989,2014-05-30,PRO
14726357,14138892,2013-12-23,CIP
14726358,PCT/CN2013/088859,2013-12-09,CON
14726359,61108836,2008-10-27,PRO
14726359,12607009,2009-10-27,DIV
14726360,62005772,2014-05-30,PRO
14726361,62004478,2014-05-29,PRO
14726365,62004451,2014-05-29,PRO
14726367,PCT/CN2013/088416,2013-12-03,CON
14726368,11946801,2007-11-28,CIP
14726368,61474209,2011-04-11,PRO
14726368,13443794,2012-04-10,CON
14726371,PCT/GB2013/053161,2013-11-29,CON
14726373,12737761,2012-02-01,DIV
14726373,PCT/US2006/032907,2006-08-23,NST
14726373,PCT/US2009/004664,2009-08-14,NST
14726375,PCT/AU2013/001379,2013-11-27,CON
14726377,62006156,2014-05-31,PRO
14726378,61863808,2013-08-08,PRO
14726378,14269645,2014-05-05,CON
14726379,61084879,2008-07-30,PRO
14726379,PCT/US09/52293,2009-07-30,NST
14726379,13056482,2011-04-20,DIV
14726382,62005911,2014-05-30,PRO
14726386,62005888,2014-05-30,PRO
14726388,PCT/GB2013/053160,2013-11-29,CON
14726389,13138287,2011-07-27,CON
14726389,PCT/US2009/005730,2009-10-21,NST
14726391,10622313,2003-07-17,CON
14726391,11968607,2008-01-02,DIV
14726391,12417989,2009-04-03,CON
14726391,12975314,2010-12-21,CON
14726391,13298222,2011-11-16,CON
14726391,13766630,2013-02-13,CON
14726391,14218935,2014-03-18,DIV
14726391,PCT/AU02/00061,2002-01-17,CIP
14726391,PCT/AU02/01204,2002-09-03,CIP
14726394,13345603,2012-01-06,CON
14726396,62005865,2014-05-30,PRO
14726398,61547636,2011-10-14,PRO
14726398,61558342,2011-11-10,PRO
14726398,13650082,2012-10-11,CON
14726402,61747533,2012-12-31,PRO
14726402,13740028,2013-01-11,CON
14726405,61439302,2011-02-03,PRO
14726405,13363741,2012-02-01,CIP
14726405,13549028,2012-07-13,CIP
14726405,13952136,2013-07-26,CIP
14726406,61905637,2013-11-18,PRO
14726406,14502864,2014-09-30,CON
14726410,13860468,2013-04-10,CIP
14726411,PCT/CN2013/084918,2013-10-09,CON
14726415,62025803,2014-07-17,PRO
14726417,13292335,2011-11-09,CON
14726418,62004788,2014-05-29,PRO
14726422,62005905,2014-05-30,PRO
14726424,62005807,2014-05-30,PRO
14726425,60496386,2003-08-20,PRO
14726425,10697804,2003-10-31,DIV
14726425,13615375,2012-09-13,CON
14726429,62005834,2014-05-30,PRO
14726430,62004703,2014-05-29,PRO
14726431,62004547,2014-05-29,PRO
14726431,62167891,2015-05-28,PRO
14726437,62004695,2014-05-29,PRO
14726440,62004547,2014-05-29,PRO
14726440,62167891,2015-05-28,PRO
14726443,62005101,2014-05-30,PRO
14726445,PCT/JP2014/001277,2014-03-07,CON
14726447,62004870,2014-05-29,PRO
14726448,61817695,2013-04-30,PRO
14726448,14266811,2014-04-30,CON
14726451,62004690,2014-05-29,PRO
14726452,14291960,2014-05-30,CIP
14726456,13403046,2012-02-23,CON
14726457,62006034,2014-05-30,PRO
14726462,62006026,2014-05-30,PRO
14726474,13431839,2012-03-27,CON
14726478,62006838,2014-06-02,PRO
14726479,62005072,2014-05-30,PRO
14726481,61766579,2013-02-19,PRO
14726481,14183098,2014-02-18,CON
14726483,62009576,2014-06-09,PRO
14726484,61998414,2014-06-27,PRO
14726484,62051308,2014-09-17,PRO
14726486,14301647,2014-06-11,CON
14726489,60131790,1999-04-30,PRO
14726489,09520743,2000-03-08,CIP
14726489,09561424,2000-04-28,CIP
14726489,60319007,2001-11-20,PRO
14726489,60319010,2001-11-21,PRO
14726489,60319034,2001-12-18,PRO
14726489,60319037,2001-12-20,PRO
14726489,60319040,2001-12-21,PRO
14726489,10065795,2002-11-20,CON
14726489,11307886,2006-02-27,CON
14726489,12780998,2010-05-17,CON
14726490,62005290,2014-05-30,PRO
14726492,62005804,2014-05-30,PRO
14726493,13530737,2012-06-22,CON
14726495,62005914,2014-05-30,PRO
14726497,62021715,2014-07-08,PRO
14726499,62005448,2014-05-30,CON
14726503,62005934,2014-05-30,PRO
14726503,62044836,2014-09-02,PRO
14726506,13720997,2012-12-19,CIP
14726507,61931639,2014-01-26,PRO
14726507,14206155,2014-03-12,CON
14726508,62005641,2014-05-30,PRO
14726509,61385386,2010-09-22,PRO
14726509,13238894,2011-09-21,CIP
14726509,13590053,2012-08-20,CIP
14726509,13591152,2012-08-21,CIP
14726509,14216985,2014-03-17,DIV
14726509,PCT/US2012/056708,2012-09-21,CON
14726515,62006261,2014-06-01,PRO
14726515,62040368,2014-08-21,PRO
14726517,14589830,2015-01-05,CIP
14726517,14612376,2015-02-03,CIP
14726517,62158750,2015-05-08,PRO
14726519,12693359,2010-01-25,CON
14726519,14497201,2014-09-25,CON
14726521,11971076,2008-01-08,CON
14726521,14165432,2014-01-27,CON
14726522,14010387,2013-08-26,CON
14726523,13063924,2011-03-14,CON
14726523,14288377,2014-05-27,CON
14726523,PCT/US2009/061732,2009-10-22,NST
14726524,13710349,2012-12-10,CON
14726528,62006076,2014-05-31,PRO
14726530,62005676,2014-05-30,PRO
14726533,12371609,2009-02-15,CIP
14726533,61169779,2009-04-16,PRO
14726533,12760568,2010-04-15,CIP
14726533,12760567,2010-04-15,CIP
14726533,61379012,2010-09-01,PRO
14726533,61380600,2010-09-07,PRO
14726533,61410930,2010-11-07,PRO
14726533,13052511,2011-03-21,CIP
14726533,61830671,2013-06-04,PRO
14726533,61833161,2013-06-10,PRO
14726533,61911915,2013-12-04,PRO
14726533,61919759,2013-12-22,PRO
14726533,61923775,2014-01-06,PRO
14726533,61950868,2014-03-11,PRO
14726533,PCT/US14/40579,2014-06-03,CON
14726533,14311366,2014-06-23,CON
14726535,62014638,2014-06-19,PRO
14726535,14425046,2015-03-01,CIP
14726536,62013589,2014-06-18,PRO
14726537,61807818,2013-04-03,PRO
14726537,14243921,2014-04-03,CON
14726543,61917347,2013-12-17,PRO
14726543,14574273,2014-12-17,CON
14726544,62009434,2014-06-09,PRO
14726548,61917347,2013-12-17,PRO
14726548,14574273,2014-12-17,CON
14726552,61598987,2012-02-15,PRO
14726552,13768760,2013-02-15,CIP
14726552,13837405,2013-03-15,CON
14726557,11109276,2005-04-18,CON
14726557,12360050,2009-01-26,CON
14726557,13603043,2012-09-04,CON
14726558,13538078,2012-06-29,CON
14726558,PCT/IB2009/008048,2009-12-31,CON
14726559,60377963,2002-05-03,PRO
14726559,10302550,2002-11-22,CIP
14726559,10430161,2003-05-05,CON
14726559,11671374,2007-02-05,CON
14726567,13897434,2013-05-19,DIV
14726568,13077273,2011-03-31,CON
14726568,13936586,2013-07-08,CON
14726570,62007810,2014-06-04,PRO
14726579,61912460,2013-12-05,PRO
14726579,PCT/US14/68675,2014-12-05,CIP
14726580,13508760,2012-05-09,DIV
14726580,PCT/JP2010/070641,2010-11-12,NST
14726582,62006423,2014-06-02,PRO
14726583,60250637,2000-11-30,PRO
14726583,10433173,2005-10-17,CON
14726583,13104561,2011-05-10,CON
14726583,14286212,2014-05-23,CON
14726583,PCT/US2001/046426,2001-11-30,CON
14726585,13801667,2013-03-13,CON
14726589,11309830,2006-10-05,CON
14726592,13488420,2012-06-04,DIV
14726594,60661757,2005-03-14,PRO
14726594,11227013,2005-09-14,CON
14726594,12970452,2010-12-16,CON
14726595,13737949,2013-01-10,DIV
14726596,13466074,2012-05-07,CIP
14726596,61660772,2012-06-17,PRO
14726596,13920056,2013-06-17,CON
14726602,62006056,2014-05-31,PRO
14726606,11077098,2005-03-10,DIV
14726606,11452067,2006-06-13,DIV
14726606,12551416,2009-08-31,CIP
14726606,12764939,2010-04-21,CON
14726606,13083532,2011-04-09,CIP
14726606,13190479,2011-07-26,CIP
14726608,PCT/JP2013/074617,2013-09-12,CON
14726611,13717739,2012-12-18,CON
14726612,PCT/JP2015/061931,2015-04-20,CON
14726613,13674903,2012-11-12,CON
14726619,13124459,2011-04-15,CON
14726619,PCT/IB2009/054769,2009-10-28,NST
14726621,62014703,2014-06-20,PRO
14726627,61505529,2011-07-07,PRO
14726627,13543899,2012-07-09,DIV
14726628,61505529,2011-07-07,PRO
14726628,13543899,2012-07-09,DIV
14726629,12451477,2010-03-01,DIV
14726629,13342222,2012-01-03,DIV
14726629,PCT/IL2008/000673,2008-05-15,NST
14726630,11915575,2008-07-07,DIV
14726630,13400593,2012-02-21,CON
14726630,PCT/AU2006/000697,2006-05-26,NST
14726632,PCT/JP2013/006999,2013-11-28,CON
14726633,PCT/JP2014/003791,2014-07-17,CON
14726638,62010015,2014-06-10,PRO
14726642,61345207,2010-05-17,PRO
14726642,13087709,2011-04-15,CON
14726644,11156959,2005-06-20,DIV
14726644,12614785,2009-11-09,CON
14726644,14040769,2013-09-30,CON
14726645,62006508,2014-06-02,PRO
14726648,13193702,2011-07-29,DIV
14726651,12550409,2009-08-31,CIP
14726651,14529132,2014-10-30,CIP
14726653,12512437,2009-07-30,CON
14726658,14122405,2013-11-26,DIV
14726658,PCT/JP2012/060541,2012-04-19,NST
14726661,62006586,2014-06-02,PRO
14726662,13231681,2011-09-13,CON
14726662,14484294,2014-09-12,CON
14726665,14127515,2014-02-10,DIV
14726665,PCT/EP2012/061669,2012-06-19,NST
14726667,61908802,2013-11-26,PRO
14726667,14458366,2014-08-13,CON
14726670,14122405,2013-11-26,DIV
14726670,PCT/JP2012/060541,2012-04-19,NST
14726672,14317562,2014-06-27,DIV
14726673,62009416,2014-06-09,PRO
14726674,13824139,2013-03-15,DIV
14726674,PCT/JP2011/071930,2011-09-27,NST
14726680,60731167,2005-10-28,PRO
14726680,11553890,2006-10-27,CON
14726682,62004960,2014-05-30,PRO
14726683,14122405,2013-11-26,DIV
14726683,PCT/JP2012/060541,2012-04-19,NST
14726685,61314677,2010-03-17,PRO
14726685,PCT/US11/28763,2011-03-17,NST
14726685,13635642,2013-02-12,DIV
14726688,11131583,2005-05-18,CON
14726688,13662882,2012-10-29,CON
14726688,14164447,2014-01-27,DIV
14726688,14510626,2014-10-09,CON
14726688,14639426,2015-03-05,CON
14726689,60924463,2007-05-16,PRO
14726689,PCT/IL08/00675,2008-05-18,NST
14726689,12600293,2009-11-16,CIP
14726689,13201512,2011-08-15,CIP
14726689,13490467,2012-06-07,DIV
14726689,PCT/US2010/044343,2010-08-04,NST
14726690,60309054,2001-07-31,PRO
14726690,60392430,2002-06-28,PRO
14726690,10208631,2002-07-29,CON
14726690,PCT/US03/20022,2003-06-25,NST
14726690,10519637,2004-12-28,CON
14726690,11879316,2007-07-17,CON
14726690,13892634,2013-05-13,CON
14726691,13943786,2013-07-16,DIV
14726692,13690107,2012-11-30,CON
14726692,14090490,2013-11-26,DIV
14726693,12617878,2009-11-13,CON
14726693,14459476,2014-08-14,CON
14726693,14576533,2014-12-19,CON
14726694,11760691,2007-06-08,CON
14726695,61628889,2011-11-08,PRO
14726695,13670666,2012-11-07,CON
14726697,13690107,2012-11-30,DIV
14726698,13129681,2011-09-19,CON
14726698,PCT/CA2009/001669,2009-11-18,NST
14726699,61327921,2010-04-26,PRO
14726699,13021510,2011-02-04,DIV
14726701,62013615,2014-06-18,PRO
14726702,62013014,2014-06-17,PRO
14726707,61675492,2012-07-25,PRO
14726707,13951244,2013-07-25,CON
14726710,13126797,2011-05-06,CON
14726710,PCT/EP09/64477,2009-11-02,NST
14726713,62013267,2014-06-17,PRO
14726714,13287238,2011-11-02,CON
14726715,62006206,2014-06-01,PRO
14726716,12746975,2010-06-09,DIV
14726716,13939510,2013-07-11,DIV
14726716,PCT/JP2008/072712,2008-12-12,NST
14726717,11524335,2006-09-20,CON
14726717,12565039,2009-09-23,CON
14726719,62006482,2014-06-02,PRO
14726721,61350616,2010-06-02,PRO
14726721,61394531,2010-10-19,PRO
14726721,13151438,2011-06-02,CON
14726723,PCT/JP2013/080493,2013-11-12,CON
14726724,PCT/JP2013/082147,2013-11-29,CON
14726725,62012524,2014-06-16,PRO
14726727,61695036,2012-08-30,PRO
14726727,14015481,2013-08-30,CON
14726729,12428256,2009-04-22,CON
14726731,62005430,2014-05-30,PRO
14726734,62021427,2014-07-07,PRO
14726742,13628063,2012-09-27,DIV
14726743,62017994,2014-06-27,PRO
14726744,12022829,2008-01-30,CON
14726744,14530916,2014-11-03,CON
14726746,PCT/EP2013/074819,2013-11-27,CON
14726751,13548853,2012-07-13,CON
14726752,11772924,2007-07-03,CON
14726752,12982200,2010-12-30,CON
14726752,13848878,2013-03-22,CON
14726752,14275962,2014-05-13,CON
14726752,14661078,2015-03-18,CON
14726753,62006642,2014-06-02,PRO
14726754,13481148,2012-05-25,CON
14726754,14188734,2014-02-25,CON
14726756,13197845,2011-08-04,DIV
14726757,PCT/EP2013/003443,2013-11-15,CON
14726758,13119905,2011-07-01,CON
14726758,14208968,2014-03-13,CON
14726758,14546173,2014-11-18,CON
14726758,PCT/US2009/057476,2009-09-18,NST
14726761,13475247,2012-05-18,CON
14726765,13946862,2013-07-19,CIP
14726765,14062743,2013-10-24,CIP
14726765,14105390,2013-12-13,CON
14726767,61732068,2012-11-30,PRO
14726767,14094321,2013-12-02,CIP
14726767,62005275,2014-05-30,PRO
14726770,62005809,2014-05-30,PRO
14726771,62012246,2014-06-13,PRO
14726772,11437220,2006-05-19,CON
14726772,13347223,2012-01-10,CON
14726772,13953206,2013-07-29,CON
14726776,61329655,2010-04-30,PRO
14726776,13097812,2011-04-29,DIV
14726779,13347840,2012-01-11,CON
14726780,13626415,2012-09-25,DIV
14726782,14463721,2014-08-20,CIP
14726783,62004932,2014-05-30,PRO
14726785,14151099,2014-01-09,CON
14726785,PCT/JP2012/063841,2012-05-30,CON
14726786,62008745,2014-06-06,PRO
14726787,13978220,2013-07-03,CON
14726787,PCT/JP2012/051581,2012-01-19,NST
14726790,14161846,2014-01-23,CIP
14726792,11831657,2007-07-31,CON
14726802,11760672,2007-06-08,DIV
14726802,13589404,2012-08-20,CON
14726802,14226089,2014-03-26,CON
14726803,62005447,2014-05-30,PRO
14726806,13615882,2012-09-14,DIV
14726811,13526133,2012-06-18,CON
14726813,62026730,2014-07-21,PRO
14726814,62007965,2014-06-05,PRO
14726815,61525770,2011-08-21,PRO
14726815,13333433,2011-12-21,CIP
14726820,12952413,2010-11-23,CON
14726820,14143494,2013-12-30,CON
14726820,14523153,2014-10-24,CON
14726824,14361416,2014-05-29,CON
14726824,PCT/JP2012/079530,2012-11-14,NST
14726825,13844832,2013-03-16,CIP
14726825,14044620,2013-10-02,CIP
14726825,14056017,2013-10-17,CIP
14726825,14075308,2013-11-08,CIP
14726825,14214778,2014-03-15,CIP
14726825,14242654,2014-04-01,DIV
14726827,PCT/JP2013/080407,2013-11-11,CON
14726828,13947281,2013-07-22,DIV
14726836,11634780,2006-12-05,CIP
14726836,11634780,2006-12-05,CON
14726836,11711374,2007-02-27,CIP
14726836,11711546,2007-02-27,CIP
14726836,11732995,2007-04-05,CIP
14726836,12746408,2011-11-15,CON
14726836,PCT/AU07/01880,2007-12-05,NST
14726837,62005205,2014-05-30,PRO
14726838,10250456,2003-07-02,DIV
14726838,11586590,2006-10-26,DIV
14726838,13486358,2012-06-01,DIV
14726838,14587225,2014-12-31,CON
14726838,PCT/JP02/11553,2002-11-06,NST
14726839,62013094,2014-06-17,PRO
14726840,PCT/JP2014/055237,2014-03-03,CON
14726842,62007914,2014-06-04,PRO
14726842,62109942,2015-01-30,PRO
14726843,61376033,2010-08-23,PRO
14726843,13216108,2011-08-23,CON
14726843,14198934,2014-03-06,CON
14726844,62034792,2014-08-08,PRO
14726846,13378603,2012-02-20,CON
14726846,PCT/DK2010/050166,2010-06-25,NST
14726848,62005910,2014-05-30,PRO
14726854,13886543,2013-05-03,CON
14726856,10882556,2004-07-01,CIP
14726856,12291495,2008-11-10,CON
14726857,60800106,2006-05-12,PRO
14726857,60869172,2006-12-08,PRO
14726857,60891596,2007-02-26,PRO
14726857,11748235,2007-05-14,CON
14726858,12398120,2009-03-04,CIP
14726858,12881690,2010-09-14,CON
14726859,12734469,2010-05-04,CON
14726859,PCT/AU2008/001638,2008-11-05,NST
14726862,13962390,2013-08-08,CIP
14726864,62004965,2014-05-30,PRO
14726865,62006310,2014-06-02,PRO
14726867,10250456,2003-07-02,DIV
14726867,11586590,2006-10-26,DIV
14726867,13486358,2012-06-01,DIV
14726867,14587225,2014-12-31,CON
14726867,PCT/JP02/11553,2002-11-06,NST
14726871,14317813,2014-06-27,CON
14726871,PCT/JP2012/008257,2012-12-25,CON
14726873,61647697,2012-05-16,PRO
14726873,13888442,2013-05-07,CIP
14726874,12677790,2010-11-29,DIV
14726874,PCT/US2008/076084,2008-09-11,NST
14726877,13877936,2014-05-09,CON
14726877,PCT/US2012/052335,2012-08-24,NST
14726878,14240175,2014-02-21,CON
14726878,PCT/EP2012/065433,2012-08-07,NST
14726880,13329735,2011-12-19,DIV
14726883,13493688,2012-06-11,CON
14726883,14264905,2014-04-29,CON
14726885,61415329,2010-11-18,PRO
14726885,13299677,2011-11-18,CON
14726885,14508740,2014-10-07,CON
14726886,13377087,2012-01-13,CIP
14726886,62006292,2014-06-02,PRO
14726888,62006693,2014-06-02,PRO
14726896,62007836,2014-06-04,PRO
14726897,62007159,2014-06-03,PRO
14726898,13498953,2012-03-29,DIV
14726898,PCT/JP2010/066918,2010-09-29,NST
14726901,13706590,2012-12-06,DIV
14726904,13431859,2012-03-27,CON
14726906,62006391,2014-06-02,PRO
14726906,62027462,2014-07-22,PRO
14726906,62067113,2014-10-22,PRO
14726906,62075349,2014-11-05,PRO
14726906,62088128,2014-12-05,PRO
14726907,60717093,2005-09-14,PRO
14726907,11520193,2006-09-13,CON
14726907,12550054,2009-08-28,CON
14726907,13335135,2011-12-22,CON
14726907,13646960,2012-10-08,CON
14726907,14486133,2014-09-15,CON
14726908,14098634,2013-12-06,CIP
14726911,62006540,2014-06-02,PRO
14726911,62078717,2014-11-12,PRO
14726913,14034917,2013-09-24,CON
14726915,14183915,2014-02-19,CON
14726917,61715785,2012-10-18,PRO
14726917,61725964,2012-11-13,PRO
14726917,61733958,2012-12-06,PRO
14726917,61734700,2012-12-07,PRO
14726917,13716683,2012-12-17,CON
14726918,62007620,2014-06-04,PRO
14726918,62024107,2014-07-14,PRO
14726919,62030700,2014-07-30,PRO
14726919,62085568,2014-11-30,PRO
14726919,62096908,2014-12-26,PRO
14726919,62119412,2015-02-23,PRO
14726919,62126920,2015-03-02,PRO
14726921,13340126,2011-12-29,CON
14726923,12301292,2009-02-13,CON
14726923,14146624,2014-01-02,CON
14726923,PCT/EP2007/054489,2007-05-09,NST
14726924,62007608,2014-06-04,PRO
14726927,12963867,2010-12-09,CON
14726927,13841503,2013-03-15,CON
14726928,62005576,2014-05-30,PRO
14726930,62005766,2014-05-30,PRO
14726931,13635284,2012-09-14,CON
14726931,PCT/IB2012/050367,2012-01-26,NST
14726932,09036826,1998-03-09,CIP
14726932,09399683,1999-09-21,CON
14726932,09624166,2000-07-24,CON
14726932,10095387,2002-03-12,CON
14726932,10689557,2003-10-20,CON
14726932,11931029,2007-10-31,CON
14726932,12721074,2010-03-10,DIV
14726932,13974679,2013-08-23,CON
14726935,13803821,2013-03-14,CON
14726937,PCT/JP2013/082740,2013-12-05,CON
14726938,12960430,2010-12-03,DIV
14726938,14264914,2014-04-29,CON
14726940,09370430,1999-08-09,CON
14726940,10668708,2003-09-23,CON
14726940,12239001,2008-09-26,CON
14726940,13370918,2012-02-10,CON
14726940,13615726,2012-09-14,CON
14726940,PCT/US1999/007846,1999-04-08,CIP
14726941,62032085,2014-08-01,PRO
14726943,13892590,2013-05-13,CON
14726946,14277515,2014-05-14,CON
14726951,62014563,2014-06-19,PRO
14726953,61735219,2012-12-10,PRO
14726953,14099223,2013-12-06,CIP
14726953,62006516,2014-06-02,PRO
14726957,12001076,2007-12-06,CON
14726957,13198620,2011-08-04,CON
14726957,13859551,2013-04-09,CON
14726957,14053423,2013-10-14,CON
14726959,13991308,2013-09-17,CON
14726959,PCT/US2011/063284,2011-12-05,NST
14726962,61448629,2011-03-02,PRO
14726962,13106782,2011-05-12,CON
14726962,13975235,2013-08-23,CON
14726963,14186246,2014-02-21,CIP
14726963,62006709,2014-06-02,PRO
14726965,PCT/JP2013/082276,2013-11-29,CON
14726968,12789648,2010-05-28,CON
14726969,62008106,2014-06-05,PRO
14726976,PCT/US2013/072763,2013-12-03,CON
14726977,62008756,2014-06-06,PRO
14726978,61411787,2010-11-09,PRO
14726978,13292141,2011-11-09,CON
14726981,14105551,2013-12-13,CON
14726987,13686252,2012-11-27,CON
14726989,12309507,2009-01-21,DIV
14726989,14244980,2014-04-04,DIV
14726989,14689359,2015-04-17,DIV
14726989,PCT/US2006/028920,2006-07-25,NST
14726990,11528825,2006-09-28,CON
14726990,13109553,2011-05-17,CON
14726990,13629086,2012-09-27,CON
14726990,14261494,2014-04-25,CON
14726991,12926153,2010-10-28,DIV
14726995,62006451,2014-06-02,PRO
14726996,14186246,2014-02-21,CIP
14726996,62006709,2014-06-02,PRO
14726998,13405649,2012-02-27,CON
14727001,61606301,2012-03-02,PRO
14727001,61606313,2012-03-02,PRO
14727001,61606321,2012-03-02,PRO
14727001,13470633,2012-05-14,CON
14727001,13563435,2012-07-31,CON
14727001,14200595,2014-03-07,CON
14727002,62006789,2014-06-02,PRO
14727004,60330643,2001-10-26,PRO
14727004,10282312,2002-10-28,CON
14727004,11943179,2007-11-20,CON
14727004,13365482,2012-02-03,CON
14727004,13563926,2012-08-01,CON
14727008,61561475,2011-11-18,PRO
14727008,61699373,2012-09-11,PRO
14727008,13679041,2012-11-16,CON
14727009,60106855,1998-11-03,PRO
14727009,09410332,1999-10-01,CON
14727009,11254554,2005-10-19,CON
14727009,12551363,2009-08-31,CON
14727009,12826910,2010-06-30,CON
14727009,13083774,2011-04-11,CON
14727009,13761477,2013-02-07,CON
14727009,14022635,2013-09-10,CON
14727009,14527418,2014-10-29,CON
14727011,62009367,2014-06-09,PRO
14727012,62006232,2014-06-01,PRO
14727013,PCT/JP2012/083729,2012-12-26,CON
14727015,13755937,2013-01-31,DIV
14727023,61595467,2012-02-06,PRO
14727023,13761136,2013-02-06,CIP
14727023,14011493,2013-08-27,CIP
14727024,61683518,2012-08-15,PRO
14727024,61718072,2012-10-24,PRO
14727024,13967389,2013-08-15,DIV
14727027,12920641,2011-02-04,CON
14727027,14052078,2013-10-11,CON
14727027,PCT/US2009/035847,2009-03-03,NST
14727030,13573708,2012-10-03,CON
14727032,13581340,2013-02-28,DIV
14727032,PCT/US2011/026689,2011-03-01,NST
14727033,61329985,2010-04-30,PRO
14727033,13098321,2011-04-29,CIP
14727033,13732310,2012-12-31,DIV
14727035,61535726,2011-09-16,PRO
14727035,13267119,2011-10-06,CIP
14727035,13559917,2012-07-27,CIP
14727035,13785434,2013-03-05,CIP
14727035,13785856,2013-03-05,CIP
14727035,14085318,2013-11-20,CIP
14727035,14190948,2014-02-26,CIP
14727035,14320200,2014-06-30,CIP
14727035,14341035,2014-07-25,CIP
14727037,61702335,2012-09-18,PRO
14727037,14022722,2013-09-10,CON
14727038,PCT/US2015/024999,2015-04-08,CON
14727039,14031116,2013-09-19,DIV
14727040,PCT/US10/33313,2010-04-30,NST
14727040,13640290,2012-10-09,CON
14727041,62006450,2014-06-02,PRO
14727042,62005322,2014-05-30,PRO
14727044,62006171,2014-06-01,PRO
14727046,13968289,2013-08-15,CON
14727046,14494010,2014-09-23,CON
14727050,61495773,2011-06-10,PRO
14727050,PCT/US12/41803,2012-06-10,NST
14727050,14112428,2014-02-11,CON
14727052,PCT/JP2013/080781,2013-11-14,CON
14727054,PCT/JP2014/052573,2014-02-04,CON
14727057,62006361,2014-06-02,PRO
14727058,08963774,1997-11-04,CIP
14727058,08963775,1997-11-04,CIP
14727058,08989142,1997-12-11,CIP
14727058,08989148,1997-12-11,CIP
14727058,09229595,1999-01-13,CIP
14727058,09685312,2000-10-10,CON
14727058,10608716,2003-06-27,CON
14727058,11257768,2005-10-24,CON
14727058,13918526,2013-06-14,CON
14727058,14290785,2014-05-29,CON
14727061,PCT/KR2013/010998,2013-11-29,CON
14727062,61253902,2009-10-22,PRO
14727062,12909330,2010-10-21,CON
14727062,14192933,2014-02-28,CON
14727063,62006429,2014-06-02,PRO
14727067,61313609,2010-03-12,PRO
14727067,12878884,2010-09-09,CON
14727067,14477705,2014-09-04,CON
14727067,14520217,2014-10-21,CON
14727068,11577271,2007-04-13,CON
14727068,PCT/IB05/03066,2005-10-13,NST
14727070,61492159,2011-06-01,PRO
14727070,13487095,2012-06-01,CIP
14727071,13037798,2011-03-01,DIV
14727072,60859990,2006-11-20,PRO
14727072,11939991,2007-11-14,CON
14727072,13188157,2011-07-21,CON
14727072,13482096,2012-05-29,CON
14727073,13159660,2011-06-14,DIV
14727077,62005722,2014-05-30,PRO
14727084,62008427,2014-06-05,PRO
14727085,61473594,2011-04-08,PRO
14727085,13441172,2012-04-06,CON
14727095,12966836,2010-12-13,CON
14727096,11327425,2006-01-09,DIV
14727096,11783787,2007-04-12,DIV
14727096,12364296,2009-02-02,CON
14727096,12883563,2010-09-16,CON
14727096,13468691,2012-05-10,CON
14727098,13266937,2011-10-28,DIV
14727098,14030060,2013-09-18,CON
14727098,PCT/SE11/50509,2011-04-27,NST
14727102,12636527,2009-12-11,CIP
14727102,13217720,2011-08-25,CON
14727104,13508260,2012-08-10,CON
14727104,PCT/US2010/055712,2010-11-05,NST
14727106,13215706,2011-08-23,DIV
14727108,11418094,2006-05-05,CON
14727108,12759198,2010-04-13,CON
14727108,13094214,2011-04-26,CON
14727108,13740689,2013-01-14,CON
14727109,61867900,2013-08-20,PRO
14727109,14464260,2014-08-20,CIP
14727112,12075655,2008-03-13,CON
14727112,61057106,2008-05-29,PRO
14727112,12475122,2009-05-29,CIP
14727112,12967253,2010-12-14,CON
14727112,13175234,2011-07-01,CIP
14727112,14193068,2014-02-28,CON
14727112,14194969,2014-03-03,CON
14727112,14267187,2014-05-01,CIP
14727112,14278596,2014-05-15,CON
14727113,12769266,2010-04-28,CON
14727113,13864752,2013-04-17,CON
14727115,13603020,2012-09-04,CON
14727116,60985947,2007-11-06,PRO
14727116,61034142,2008-03-05,PRO
14727116,12266543,2008-11-06,CON
14727116,13633662,2012-10-02,CIP
14727116,14281829,2014-05-19,CON
14727117,61607544,2012-03-06,PRO
14727117,13787491,2013-03-06,DIV
14727118,14343928,2014-07-09,DIV
14727118,PCT/FI2012/050877,2012-09-10,NST
14727119,61460034,2010-12-22,PRO
14727119,13324271,2011-12-13,CIP
14727122,08963774,1997-11-04,CIP
14727122,08963775,1997-11-04,CIP
14727122,08989142,1997-12-11,CIP
14727122,08989148,1997-12-11,CIP
14727122,09229595,1999-01-13,CIP
14727122,09685312,2000-10-10,CON
14727122,10608716,2003-06-27,CON
14727122,11257768,2005-10-24,CON
14727122,13918526,2013-06-14,CON
14727122,14290785,2014-05-29,CON
14727124,13344197,2012-01-05,CON
14727125,13906740,2013-05-31,CON
14727126,60486171,2003-07-11,PRO
14727126,10888274,2004-07-09,CIP
14727126,11031315,2005-01-07,DIV
14727126,12693161,2010-01-25,DIV
14727126,13372178,2012-02-13,DIV
14727126,13925219,2013-06-24,DIV
14727126,14270121,2014-05-05,DIV
14727133,13026235,2011-02-12,CON
14727134,13423546,2012-03-19,CON
14727134,14307154,2014-06-17,CON
14727135,13581340,2013-02-28,DIV
14727135,PCT/US2011/026689,2011-03-01,NST
14727136,62028964,2014-07-25,PRO
14727136,62036698,2014-08-13,PRO
14727140,12631835,2010-01-08,CIP
14727140,13022178,2011-02-07,CIP
14727140,13329596,2011-12-19,CIP
14727141,13509410,2012-05-11,DIV
14727141,PCT/CA2010/001762,2010-11-12,NST
14727142,60812703,2006-06-09,PRO
14727142,11760551,2007-06-08,CON
14727146,PCT/KR2014/005105,2014-06-11,CON
14727147,13394581,2012-05-23,DIV
14727147,PCT/GB2010/001693,2010-09-07,NST
14727148,13701702,2012-12-03,DIV
14727148,PCT/JP2011/003158,2011-06-03,NST
14727152,14225882,2014-03-26,DIV
14727152,PCT/EP2012/068914,2012-09-26,CON
14727155,61997685,2014-06-09,PRO
14727156,61365429,2010-07-19,PRO
14727156,13186401,2011-07-19,CIP
14727156,14452032,2014-08-05,DIV
14727157,60932213,2007-05-30,PRO
14727157,61029934,2008-02-20,PRO
14727157,PCT/US08/65198,2008-05-30,NST
14727157,12673089,2010-02-11,CON
14727158,13810264,2013-04-05,CON
14727158,PCT/US2011/044163,2011-07-15,NST
14727161,13755475,2013-01-31,CIP
14727161,PCT/IL2012/000364,2012-06-27,CON
14727162,13214996,2011-08-22,DIV
14727164,11634780,2006-12-05,CIP
14727164,11634780,2006-12-05,CON
14727164,11711374,2007-02-27,CIP
14727164,11711546,2007-02-27,CIP
14727164,11732995,2007-04-05,CIP
14727164,12746408,2011-11-15,CIP
14727164,PCT/AU07/01880,2007-12-05,NST
14727165,13009379,2011-01-19,CON
14727166,13361020,2012-01-30,CON
14727167,13322712,2011-11-28,CON
14727167,PCT/JP2010/059069,2010-05-28,NST
14727168,13593134,2012-08-23,DIV
14727169,62007724,2014-06-04,PRO
14727173,13787509,2013-03-06,CON
14727174,14648076,2015-05-28,CON
14727174,PCT/US2013/072260,2013-11-27,NST
14727175,PCT/JP2012/082430,2012-12-13,CON
14727176,12145316,2008-06-24,CIP
14727180,62006582,2014-06-02,PRO
14727181,62007684,2014-06-04,PRO
14727183,13555724,2012-07-23,CON
14727188,62006553,2014-06-02,PRO
14727189,10076571,2002-02-19,CIP
14727189,PCT/US03/04817,2003-02-19,NST
14727189,10532110,2005-04-21,CON
14727189,12179353,2008-07-24,CON
14727189,13492711,2012-06-08,CON
14727189,14158441,2014-01-17,CON
14727190,12221136,2008-07-31,CON
14727190,12800512,2010-05-17,CON
14727190,12932637,2011-03-01,CON
14727190,13401665,2012-02-21,CON
14727190,14068754,2013-10-31,CON
14727193,61617245,2012-03-29,PRO
14727193,13852711,2013-03-28,DIV
14727203,12528581,2009-08-25,CON
14727203,12548177,2009-08-26,CON
14727203,13536772,2012-06-28,CON
14727203,PCT/KR2008/002016,2008-04-10,NST
14727205,13908016,2013-06-03,DIV
14727206,62005100,2014-05-30,PRO
14727207,61781147,2013-03-14,PRO
14727207,14211572,2014-03-14,CIP
14727207,14211793,2014-03-14,CIP
14727208,12594555,2010-02-11,DIV
14727208,PCT/IB2008/000743,2008-03-28,NST
14727212,13053492,2011-03-22,CON
14727213,PCT/JP2013/072789,2013-08-27,CON
14727215,14330626,2014-07-14,DIV
14727220,13503336,2012-04-20,CON
14727220,PCT/US2010/053655,2010-10-22,NST
14727228,61305669,2010-02-18,PRO
14727228,12723095,2010-03-12,CIP
14727228,12843571,2010-07-26,CIP
14727228,13088641,2011-04-18,CON
14727228,13460145,2012-04-30,CON
14727230,13767217,2013-02-14,CON
14727230,14513810,2014-10-14,CON
14727239,13961670,2013-08-07,CON
14727241,13403670,2012-02-23,DIV
14727243,60962465,2007-07-30,PRO
14727243,12182472,2008-07-30,CIP
14727243,61171713,2009-04-22,PRO
14727243,12765593,2010-04-22,CON
14727244,62008338,2014-06-05,PRO
14727245,14548624,2014-11-20,CON
14727247,14648076,2015-05-28,CON
14727247,PCT/US2013/077260,2013-11-27,NST
14727248,10526113,2006-02-28,CON
14727248,PCT/IB2003/004293,2003-09-01,NST
14727249,62006571,2014-06-02,PRO
14727251,13872498,2013-04-29,CON
14727251,14518094,2014-10-20,CON
14727254,62005947,2014-05-30,PRO
14727255,62006561,2014-06-02,PRO
14727256,13922446,2013-06-20,CON
14727257,13696887,2012-11-08,CON
14727257,PCT/CA2011/000512,2011-05-04,NST
14727262,13795957,2013-03-12,CON
14727265,12068889,2008-02-13,CON
14727265,13212909,2011-08-18,CON
14727265,14033338,2013-09-20,CON
14727268,61059575,2008-06-06,PRO
14727268,12479644,2009-06-05,CON
14727268,13571069,2012-08-09,CON
14727268,13941729,2013-07-15,CON
14727268,14244338,2014-04-03,CON
14727270,61474685,2011-04-12,PRO
14727270,13445261,2012-04-12,CON
14727271,12266446,2008-11-06,CON
14727271,14472998,2014-08-29,CON
14727274,PCT/CN2015/074943,2015-03-24,CON
14727276,13546506,2012-07-11,DIV
14727276,14182001,2014-02-17,CON
14727276,14527488,2014-10-29,CON
14727277,62004915,2014-05-30,PRO
14727278,60864241,2006-11-03,PRO
14727278,11671046,2007-02-05,CON
14727278,13595734,2012-08-27,CON
14727280,13536735,2012-06-28,CIP
14727284,13107793,2011-05-13,CON
14727286,12414932,2009-03-31,DIV
14727288,29498657,2014-08-06,CIP
14727289,PCT/JP2013/080190,2013-11-08,CON
14727290,12892390,2010-09-28,CON
14727290,14319413,2014-06-30,CON
14727291,62005386,2014-05-30,PRO
14727294,12483133,2009-06-11,DIV
14727294,13647091,2012-10-08,CON
14727294,14329587,2014-07-11,CON
14727295,61662069,2012-06-20,PRO
14727295,13775542,2013-02-25,DIV
14727298,13454336,2012-04-24,CON
14727299,13566363,2012-08-03,CON
14727300,61908657,2013-11-25,PRO
14727300,14511802,2014-10-10,CON
14727301,11737864,2007-04-20,CON
14727301,13012193,2011-01-24,CON
14727304,13363973,2012-02-01,CON
14727304,14158209,2014-01-17,CON
14727305,14648076,2015-05-28,CON
14727305,PCT/US2013/077260,2013-11-27,NST
14727306,PCT/US2013/072829,2013-12-03,CON
14727309,09210491,1998-12-11,CON
14727309,09705446,2000-11-03,CIP
14727309,10016355,2001-10-29,CON
14727309,10668768,2003-09-22,CON
14727309,11651365,2007-01-08,CON
14727309,11651366,2007-01-08,CON
14727309,12703042,2010-02-09,CON
14727309,13154211,2011-06-06,CON
14727309,14035561,2013-09-24,CON
14727309,14251453,2014-04-11,CON
14727309,14495574,2014-09-24,CON
14727310,12965578,2010-12-10,CON
14727310,13892355,2013-05-13,CON
14727311,10263122,2002-10-02,CON
14727311,11303297,2005-12-16,DIV
14727311,11714878,2007-03-05,CON
14727311,13785421,2013-03-05,CON
14727313,61949932,2014-03-07,PRO
14727313,14641026,2015-03-06,DIV
14727315,61007184,2007-12-10,PRO
14727315,12316105,2008-12-09,DIV
14727315,13872531,2013-04-29,CON
14727317,12649462,2009-12-30,CON
14727319,61619338,2012-04-02,PRO
14727319,13782451,2013-03-01,CON
14727320,13562647,2012-07-31,DIV
14727321,62005815,2014-05-30,PRO
14727323,13995879,2013-09-04,CON
14727323,PCT/JP2011/078999,2011-12-15,NST
14727336,61198200,2008-11-03,PRO
14727336,61201923,2008-12-16,PRO
14727336,61214261,2009-04-20,PRO
14727336,61230655,2009-07-31,PRO
14727336,12586309,2009-09-17,DIV
14727336,13893187,2013-05-13,CON
14727339,60887657,2007-02-01,PRO
14727339,61007117,2007-12-11,PRO
14727339,12024950,2008-02-01,CON
14727340,61647373,2012-05-15,PRO
14727340,61770983,2013-02-28,PRO
14727340,61773067,2013-03-05,PRO
14727340,13799244,2013-03-13,DIV
14727342,12515343,2010-02-18,CON
14727342,13970103,2013-08-19,CON
14727343,13712683,2012-12-12,CON
14727343,14259892,2014-04-23,CON
14727348,62008467,2014-06-05,PRO
14727349,13710796,2012-12-11,DIV
14727350,62006673,2014-06-02,PRO
14727352,11915191,2008-05-12,CON
14727352,12836176,2010-07-14,CON
14727352,PCT/EP2006/004929,2006-05-24,NST
14727353,61451200,2011-03-10,PRO
14727353,13416048,2012-03-09,CON
14727354,61585849,2012-01-12,PRO
14727354,13476235,2012-05-21,CON
14727354,61692465,2012-08-23,PRO
14727354,13974648,2013-08-23,CON
14727357,61386245,2010-09-24,PRO
14727357,13242451,2011-09-23,CON
14727358,13750747,2013-01-25,CON
14727359,12539085,2009-08-11,CON
14727359,13458772,2012-04-27,CON
14727359,13795433,2013-03-12,CON
14727360,13963181,2013-08-09,DIV
14727361,13431280,2012-03-27,CON
14727361,13674507,2012-11-12,CON
14727365,13510285,2012-05-16,CON
14727365,PCT/US2010/056240,2010-11-10,NST
14727366,12913041,2010-10-27,CON
14727366,14040224,2013-09-27,CON
14727367,11634780,2006-12-05,CIP
14727367,11634780,2006-12-05,CON
14727367,11711374,2007-02-27,CIP
14727367,11711546,2007-02-27,CIP
14727367,11732995,2007-04-05,CIP
14727367,12746408,2011-11-15,CIP
14727367,PCT/AU07/01880,2007-12-05,NST
14727369,62005844,2014-05-30,PRO
14727369,14491961,2014-09-19,CON
14727371,61580067,2011-12-23,PRO
14727371,13724557,2012-12-21,CIP
14727373,62005588,2014-05-30,PRO
14727373,62019004,2014-06-30,PRO
14727374,11155175,2005-06-17,CON
14727374,12545686,2009-08-21,CIP
14727374,13431280,2012-03-27,CON
14727374,13674507,2012-11-12,CON
14727375,61594596,2012-02-03,PRO
14727375,13737725,2013-01-09,CON
14727377,13320880,2011-11-16,CON
14727377,PCT/KR2009/004075,2009-07-22,NST
14727378,13237055,2011-09-20,CIP
14727378,13237055,2011-09-20,CON
14727378,13300387,2011-11-18,CON
14727378,13888256,2013-05-06,CIP
14727378,13889124,2013-05-07,CON
14727381,13402235,2012-02-22,CON
14727382,13997076,2013-06-21,CON
14727382,PCT/ES2011/070863,2011-12-14,NST
14727384,61916873,2013-12-17,PRO
14727384,14573953,2014-12-17,CON
14727385,10593628,2007-01-16,DIV
14727385,13332413,2011-12-21,CON
14727385,14158339,2014-01-17,CON
14727385,PCT/IL2005/000323,2005-03-22,NST
14727387,13187871,2011-07-21,CON
14727392,62006498,2014-06-02,PRO
14727394,12539085,2009-08-11,CON
14727394,13458772,2012-04-27,CON
14727394,13795433,2013-03-12,CON
14727396,10502403,2005-06-20,CON
14727396,PCT/MX02/00003,2002-01-25,NST
14727401,62005363,2014-05-30,PRO
14727402,62005860,2014-05-30,PRO
14727402,14491961,2014-09-19,CON
14727403,62006999,2014-06-03,PRO
14727407,13601427,2012-08-31,CIP
14727409,12965141,2010-12-10,CON
14727409,14174690,2014-02-06,CON
14727410,61391554,2010-10-08,PRO
14727410,13269460,2011-10-07,DIV
14727411,61489240,2011-05-23,PRO
14727411,13478710,2012-05-23,CON
14727416,12240740,2008-09-29,CON
14727416,13210326,2011-08-15,CON
14727416,13620837,2012-09-15,CON
14727416,14152860,2014-01-10,CON
14727419,61153207,2009-02-17,PRO
14727419,12704832,2010-02-12,CON
14727419,13099265,2011-05-02,CON
14727419,13621780,2012-09-17,DIV
14727420,13760200,2013-02-06,CON
14727422,13706199,2012-12-05,CON
14727424,60024640,1996-08-22,PRO
14727424,09242969,1999-06-07,CON
14727424,PCT/US97/14772,1997-08-22,NST
14727424,10104876,2002-03-21,DIV
14727424,12140605,2008-06-17,DIV
14727424,13435582,2012-03-30,CON
14727425,62005738,2014-05-30,PRO
14727427,13406272,2012-02-27,CON
14727431,62005875,2014-05-30,PRO
14727431,14491961,2014-09-19,CON
14727432,12965141,2010-12-10,CON
14727432,14174690,2014-02-06,CON
14727433,62005695,2014-05-30,PRO
14727436,62007437,2014-06-04,PRO
14727438,12905332,2010-10-15,CON
14727442,61697742,2012-09-06,PRO
14727442,61720949,2012-10-31,PRO
14727442,61761152,2013-02-05,PRO
14727442,61765323,2013-02-15,PRO
14727442,13828443,2013-03-14,DIV
14727443,60933828,2007-06-07,PRO
14727443,PCT/US08/07146,2008-06-06,NST
14727443,12663189,2009-12-04,CON
14727443,13728514,2012-12-27,CON
14727444,62005885,2014-05-30,PRO
14727444,14491961,2014-09-19,CON
14727446,14339013,2014-07-23,CON
14727448,13732505,2013-01-02,CON
14727454,13301290,2011-11-21,CON
14727455,13463081,2012-05-03,CON
14727455,14243561,2014-04-02,CON
14727457,12187639,2008-08-07,CON
14727457,14271167,2014-05-06,CON
14727465,62009898,2014-06-09,PRO
14727466,13732505,2013-01-02,CON
14727467,12451932,2010-02-25,CON
14727467,PCT/JP2008/060571,2008-06-09,NST
14727470,60999735,2007-07-31,PRO
14727470,12181816,2008-07-29,DIV
14727474,62018423,2014-06-27,PRO
14727476,13833556,2013-03-15,CON
14727477,61618813,2012-04-01,PRO
14727477,61645252,2012-05-10,PRO
14727477,13852025,2013-03-28,CON
14727479,62032332,2014-08-01,PRO
14727481,12443940,2009-04-01,CON
14727481,12969425,2010-12-15,CON
14727481,13411269,2012-03-02,CON
14727481,13610665,2012-09-11,CON
14727481,14558565,2014-12-02,CON
14727481,PCT/JP2007/069304,2007-10-02,NST
14727484,13091591,2011-04-21,CON
14727487,60356483,2002-02-13,PRO
14727487,10367213,2003-02-13,CON
14727487,11170972,2005-06-30,CIP
14727487,60860912,2006-11-24,PRO
14727487,11986715,2007-11-26,DIV
14727487,13280049,2011-10-24,DIV
14727487,13954580,2013-07-30,CON
14727489,13410298,2012-03-02,CIP
14727491,60942412,2007-06-06,PRO
14727491,12133482,2008-06-05,DIV
14727491,13177200,2011-07-06,CON
14727492,61121178,2008-12-09,PRO
14727492,61138494,2008-12-17,PRO
14727492,61153973,2009-02-20,PRO
14727492,61153985,2009-02-20,PRO
14727492,12461735,2009-08-21,CON
14727492,13798334,2013-03-13,CON
14727492,14277960,2014-05-15,CON
14727493,12104990,2008-04-17,CON
14727494,62005172,2014-05-30,PRO
14727498,14234440,2014-05-15,CON
14727498,PCT/US2012/048641,2012-07-27,NST
14727499,62006500,2014-06-02,PRO
14727502,09630720,2000-08-02,CIP
14727502,11355204,2006-02-16,CON
14727502,12891921,2010-09-28,CON
14727502,13653894,2012-10-17,CON
14727502,13937822,2013-07-09,CON
14727503,60784017,2006-03-20,PRO
14727503,11715548,2007-03-08,CIP
14727503,13065606,2011-03-25,DIV
14727505,62005252,2014-05-30,PRO
14727506,62005027,2014-05-30,PRO
14727508,12341506,2008-12-22,CON
14727514,62015920,2014-06-23,PRO
14727518,62015921,2014-06-23,PRO
14727521,60638600,2004-12-23,PRO
14727521,60705503,2005-08-03,PRO
14727521,11317838,2005-12-22,DIV
14727521,12397999,2009-03-04,DIV
14727521,13210169,2011-08-15,DIV
14727521,13608836,2012-09-10,DIV
14727521,14175731,2014-02-07,CON
14727524,62015924,2014-06-23,PRO
14727529,61639901,2012-04-28,PRO
14727529,13839542,2013-03-15,CIP
14727532,62015926,2014-06-23,PRO
14727535,61661181,2012-06-18,PRO
14727535,13776285,2013-02-25,CON
14727536,09264149,1999-03-05,CON
14727536,09621173,2000-07-21,CON
14727536,10121483,2002-04-12,CON
14727536,11751429,2007-05-21,CON
14727536,13076828,2011-03-31,CON
14727536,13540260,2012-07-02,CON
14727536,13893067,2013-05-13,CON
14727536,14331417,2014-07-15,CON
14727537,12923792,2010-10-07,CON
14727537,13361864,2012-01-30,CON
14727537,13620819,2012-09-15,CON
14727537,13968261,2013-08-15,CON
14727537,14179365,2014-02-12,CON
14727539,14162087,2014-01-23,CIP
14727539,14204591,2014-03-11,DIV
14727540,12744667,2010-05-25,CON
14727540,PCT/KR2009/000037,2009-01-06,NST
14727541,62019315,2014-06-30,PRO
14727547,60678801,2005-05-09,PRO
14727547,60705489,2005-08-05,PRO
14727547,60717192,2005-09-16,PRO
14727547,60721097,2005-09-28,PRO
14727547,11388723,2006-03-24,CON
14727547,12625430,2009-11-24,CON
14727548,13091957,2011-04-21,CON
14727549,13386536,2012-01-23,DIV
14727549,PCT/EP2010/004550,2010-07-23,NST
14727551,12645182,2009-12-22,CON
14727553,61599149,2012-02-15,PRO
14727553,13767619,2013-02-14,CON
14727556,62006691,2014-06-02,PRO
14727557,62005806,2014-05-30,PRO
14727558,61147496,2009-01-27,PRO
14727558,12694647,2010-01-27,CON
14727559,12133996,2008-06-05,CIP
14727559,13466074,2012-05-07,CIP
14727559,61660772,2012-06-17,PRO
14727559,13920056,2013-06-17,CIP
14727559,61836145,2013-06-17,PRO
14727559,14307407,2014-06-17,CIP
14727560,61703197,2012-09-19,PRO
14727560,13804480,2013-03-14,CON
14727562,14095875,2013-12-03,CON
14727563,61759888,2013-02-01,PRO
14727563,13829599,2013-03-14,DIV
14727567,62005568,2014-05-30,PRO
14727568,11920160,2007-11-09,CON
14727568,PCT/EP2006/004278,2006-05-08,NST
14727570,13278986,2011-10-21,CON
14727572,13578927,2012-08-14,CON
14727572,PCT/JP2011/053156,2011-02-15,NST
14727574,12766712,2010-04-23,CON
14727574,13850021,2013-03-25,CON
14727575,62005040,2014-05-30,PRO
14727576,PCT/US2015/018969,2015-03-05,CON
14727578,13553534,2012-07-19,CON
14727581,60322160,2001-09-14,PRO
14727581,60371290,2002-04-09,PRO
14727581,10243787,2002-09-13,CON
14727581,11530729,2006-09-11,CON
14727581,13098067,2011-04-29,CON
14727581,14083187,2013-11-18,DIV
14727584,60313305,2001-08-18,PRO
14727584,10223308,2002-08-18,CON
14727584,13027075,2011-02-14,CON
14727584,13931012,2013-06-28,CON
14727585,60976464,2007-09-30,PRO
14727585,12130998,2008-05-30,CON
14727586,13306849,2011-11-29,DIV
14727587,10242309,2002-09-12,CON
14727587,12115301,2008-05-05,CON
14727587,13763363,2013-02-08,CON
14727588,61706630,2012-09-27,PRO
14727588,13797702,2013-03-12,CON
14727592,13951729,2013-07-26,CON
14727593,62006763,2014-06-02,PRO
14727594,13436706,2012-03-30,DIV
14727596,61535596,2011-09-16,PRO
14727596,61539805,2011-09-27,PRO
14727596,61550783,2011-10-24,PRO
14727596,13617789,2012-09-14,DIV
14727597,12823737,2010-06-25,CON
14727599,62006645,2014-06-02,PRO
14727602,PCT/US2015/011854,2015-01-16,CON
14727606,62007596,2014-06-04,PRO
14727607,62005154,2014-05-30,PRO
14727608,60743929,2006-03-29,PRO
14727608,60889646,2007-02-13,PRO
14727608,11692751,2007-03-28,CON
14727609,62006688,2014-06-02,PRO
14727610,09889656,2002-03-15,DIV
14727610,10396881,2003-03-25,DIV
14727610,11468196,2006-08-29,DIV
14727610,12195147,2008-08-20,CIP
14727610,12915835,2010-10-29,DIV
14727610,14013623,2013-08-29,DIV
14727610,PCT/US2000/016410,2000-06-14,CON
14727612,62018840,2014-06-30,PRO
14727613,12100974,2008-04-10,CON
14727613,12877864,2010-09-08,CON
14727613,13246588,2011-09-27,CON
14727613,13623776,2012-09-20,CON
14727617,60642893,2005-01-11,PRO
14727617,60694014,2005-06-24,PRO
14727617,11329609,2006-01-11,REI
14727617,13865803,2013-04-18,CON
14727619,61252426,2009-10-16,PRO
14727619,12904657,2010-10-14,CON
14727619,14173617,2014-02-05,CON
14727622,12101561,2008-04-11,CON
14727623,61830003,2013-05-31,PRO
14727623,13918633,2013-06-14,CON
14727625,61997353,2014-05-30,PRO
14727627,13787591,2013-03-06,CON
14727629,62005790,2014-05-30,PRO
14727636,62007174,2014-06-03,PRO
14727637,62005852,2014-05-30,PRO
14727638,60322160,2001-09-14,PRO
14727638,60371290,2002-04-09,PRO
14727638,10243787,2002-09-13,CON
14727638,11530729,2006-09-11,CON
14727638,13098067,2011-04-29,CON
14727638,14083220,2013-11-18,DIV
14727639,11026746,2004-12-31,DIV
14727639,13436813,2012-03-30,CON
14727639,14293624,2014-06-02,CON
14727641,62005604,2014-05-30,PRO
14727642,62001554,2014-05-21,PRO
14727642,14687161,2015-04-15,CON
14727644,13903674,2013-05-28,CON
14727645,60654546,2005-02-17,PRO
14727645,11357869,2006-02-16,CON
14727645,12780830,2010-05-14,CON
14727645,13479096,2012-05-23,CON
14727645,13938990,2013-07-10,CON
14727646,14072384,2013-11-05,CON
14727648,12658278,2010-02-05,CON
14727649,11363578,2006-02-27,CON
14727649,13460673,2012-04-30,DIV
14727651,13076331,2011-03-30,CON
14727652,14146789,2014-01-03,CON
14727653,61025136,2008-01-31,PRO
14727653,12322359,2009-01-29,CIP
14727653,12927504,2010-11-15,CON
14727653,13930517,2013-06-28,CON
14727656,13624159,2012-09-21,CON
14727658,61524956,2011-08-18,PRO
14727658,13590173,2012-08-20,CON
14727658,13902456,2013-05-24,CON
14727660,62007250,2014-06-03,PRO
14727662,62005217,2014-05-30,PRO
14727665,62007328,2014-06-03,PRO
14727666,13262833,2011-10-03,CON
14727666,PCT/US2010/029880,2010-04-03,NST
14727667,61595368,2012-02-06,PRO
14727667,13761111,2013-02-06,CON
14727669,13865430,2013-04-18,CON
14727671,62006287,2014-06-02,PRO
14727672,12823206,2010-06-25,CON
14727679,61801965,2013-03-15,PRO
14727679,13894395,2013-05-14,CON
14727682,61769144,2013-02-25,PRO
14727682,13909298,2013-06-04,CON
14727684,61511223,2011-07-25,PRO
14727684,13555797,2012-07-23,CON
14727685,13712574,2012-12-12,CON
14727688,61801965,2013-03-15,PRO
14727688,13894395,2013-05-14,CON
14727689,62113906,2015-02-09,PRO
14727691,61297205,2010-01-21,PRO
14727691,12725059,2010-03-16,CON
14727691,14097146,2013-12-04,CON
14727693,12792556,2010-06-02,CON
14727696,13328411,2011-12-16,CIP
14727696,61614846,2012-03-23,PRO
14727696,61614861,2012-03-23,PRO
14727696,61620144,2012-04-04,PRO
14727696,61684241,2012-08-17,PRO
14727696,61699492,2012-09-11,PRO
14727696,61727820,2012-11-19,PRO
14727696,13689029,2012-11-29,CIP
14727696,61774274,2013-03-07,PRO
14727696,13826441,2013-03-14,CON
14727698,61182460,2009-05-29,PRO
14727698,12789721,2010-05-28,DIV
14727698,13762221,2013-02-07,DIV
14727699,61718882,2012-10-26,PRO
14727699,61723277,2012-11-06,PRO
14727699,14024461,2013-09-11,DIV
14727702,14013776,2013-08-29,CON
14727703,62006204,2014-06-01,PRO
14727707,62025428,2014-07-16,PRO
14727708,13279155,2011-10-21,CON
14727710,61521287,2011-08-08,PRO
14727710,PCT/US12/49911,2012-08-08,NST
14727710,14237494,2015-02-12,CON
14727712,61730673,2012-11-28,PRO
14727712,14089054,2013-11-25,CON
14727714,13194835,2011-07-29,CON
14727714,14051351,2013-10-10,CON
14727716,62005953,2014-05-30,PRO
14727718,13688663,2012-11-29,CON
14727719,13577861,2012-10-01,CON
14727719,14464266,2014-08-20,CON
14727719,PCT/EP11/00473,2011-02-02,NST
14727726,61631524,2012-01-05,PRO
14727726,PCT/US13/20479,2013-01-07,CON
14727726,14104897,2013-12-12,CON
14727728,61266848,2009-12-04,PRO
14727728,12959975,2010-12-03,CON
14727731,61718882,2012-10-26,PRO
14727731,61723277,2012-11-06,PRO
14727731,14024461,2013-09-11,DIV
14727735,PCT/JP2013/005894,2013-10-03,CON
14727738,13575794,2012-10-18,CON
14727738,PCT/NZ2011/000020,2011-02-11,NST
14727742,62006046,2014-05-30,PRO
14727743,61229696,2009-07-29,PRO
14727743,12846707,2010-07-29,CON
14727743,14089693,2013-11-25,CON
14727745,62005673,2014-05-30,PRO
14727746,12970972,2010-12-17,CON
14727747,62005655,2014-05-30,PRO
14727750,61430923,2011-01-07,PRO
14727750,13345560,2012-01-06,CON
14727750,13532289,2012-06-25,DIV
14727750,13777577,2013-02-26,DIV
14727753,61168916,2009-04-13,PRO
14727753,12759637,2010-04-13,CON
14727753,13965108,2013-08-12,CON
14727754,62004955,2014-05-30,PRO
14727756,10916222,2004-08-11,CON
14727756,11130569,2005-05-17,CON
14727756,11779203,2007-07-17,CON
14727756,13269188,2011-10-07,CON
14727756,13767479,2013-02-14,CON
14727757,10564998,2006-06-06,DIV
14727757,12784016,2010-05-20,DIV
14727757,13360227,2012-01-27,CON
14727757,PCT/NZ2004/000165,2004-07-27,NST
14727760,14326522,2014-07-09,CIP
14727761,61562716,2011-11-22,PRO
14727761,13683993,2012-11-21,CON
14727762,13730745,2012-12-28,CON
14727764,62017968,2014-06-27,PRO
14727765,62005628,2014-05-30,PRO
14727766,13380923,2011-12-27,DIV
14727766,PCT/SE09/51009,2009-09-10,NST
14727768,12834853,2010-07-12,DIV
14727769,10145854,2002-05-14,CIP
14727769,60598187,2004-08-02,PRO
14727769,11187107,2005-07-22,DIV
14727769,12545572,2009-08-21,CON
14727769,14276309,2014-05-13,CON
14727770,60549554,2004-03-04,PRO
14727770,10899034,2004-07-27,CIP
14727770,11070294,2005-03-03,CIP
14727770,11240631,2005-10-03,DIV
14727770,11685228,2007-03-13,CIP
14727770,12787067,2010-05-25,CIP
14727770,13035670,2011-02-25,CON
14727771,62006412,2014-06-02,PRO
14727774,62005412,2014-05-30,PRO
14727775,62006166,2014-06-01,PRO
14727776,13658380,2012-10-23,CON
14727778,13411364,2012-03-02,CON
14727780,13832817,2013-03-15,CIP
14727780,14489340,2014-09-17,CIP
14727780,29512448,2014-12-18,CIP
14727780,14683009,2015-04-09,CIP
14727786,13963104,2013-08-09,CON
14727788,61842937,2013-07-03,PRO
14727788,61903337,2013-11-12,PRO
14727788,62006255,2014-06-01,PRO
14727788,14322931,2014-07-03,CIP
14727789,14354507,2014-08-05,CIP
14727789,14354526,2014-04-25,CIP
14727789,PCT/US2012/042050,2012-06-12,NST
14727789,PCT/US2012/061602,2012-10-24,NST
14727790,62005802,2014-05-30,PRO
14727791,62005913,2014-05-30,PRO
14727794,61149591,2009-02-03,PRO
14727794,12699603,2010-02-03,CON
14727795,13931751,2013-06-28,CON
14727795,13950511,2013-07-25,CON
14727795,14329812,2014-07-11,CON
14727796,13606416,2012-09-07,DIV
14727798,60375998,2002-04-24,PRO
14727798,60404645,2002-08-19,PRO
14727798,60418491,2002-10-15,PRO
14727798,60444198,2003-01-30,PRO
14727798,10397474,2003-03-26,CON
14727798,12214434,2008-06-19,CON
14727798,13113972,2011-05-23,CON
14727798,13459025,2012-04-27,CON
14727798,13802594,2013-03-13,CON
14727799,61516088,2011-03-28,PRO
14727799,13431662,2012-03-27,CON
14727801,13254571,2011-11-28,CON
14727801,PCT/CA10/00266,2010-03-03,NST
14727803,62005164,2014-05-30,PRO
14727810,13541615,2012-07-03,DIV
14727813,13950139,2013-07-24,DIV
14727815,62006880,2014-06-02,PRO
14727816,62006028,2014-05-30,PRO
14727818,14354507,2014-08-05,CIP
14727818,14354526,2014-04-25,CIP
14727818,PCT/US2012/042050,2012-06-12,NST
14727818,PCT/US2012/061602,2012-10-24,NST
14727820,62005687,2014-05-30,PRO
14727823,61745357,2012-12-21,PRO
14727823,13799005,2013-03-13,DIV
14727825,13744337,2013-01-17,CON
14727827,62006020,2014-05-30,PRO
14727827,62010433,2014-06-10,PRO
14727828,61745357,2012-12-21,PRO
14727828,13799005,2013-03-13,DIV
14727829,13440904,2012-04-05,DIV
14727829,14256177,2014-04-18,CON
14727832,61745357,2012-12-21,PRO
14727832,13799005,2013-03-13,DIV
14727833,62006024,2014-05-30,PRO
14727833,62006027,2014-05-30,PRO
14727835,61745357,2012-12-21,PRO
14727835,13799005,2013-03-13,DIV
14727837,12133996,2008-06-05,CIP
14727837,13466074,2012-05-07,CIP
14727837,61660772,2012-06-17,PRO
14727837,13920056,2013-06-17,CIP
14727837,61836145,2013-06-17,PRO
14727837,14307407,2014-06-17,CIP
14727839,61676293,2012-07-26,PRO
14727839,PCT/US13/32555,2013-03-15,NST
14727839,14417331,2015-01-26,CON
14727843,14354507,2014-08-05,CIP
14727843,14354526,2014-04-25,CIP
14727843,14727818,2015-06-01,CIP
14727843,PCT/US2012/042050,2012-06-12,NST
14727843,PCT/US2012/061602,2012-10-24,NST
14727848,12133996,2008-06-05,CIP
14727848,13466074,2012-05-07,CIP
14727848,61660772,2012-06-17,PRO
14727848,13920056,2013-06-17,CIP
14727848,61836145,2013-06-17,PRO
14727848,14307407,2014-06-17,CIP
14727851,62005329,2014-05-30,CIP
14727854,61801011,2013-03-15,PRO
14727854,13924512,2013-06-21,DIV
14727855,62006040,2014-05-30,PRO
14727855,PCT/US15/33438,2015-05-30,CIP
14727857,61499205,2011-06-21,PRO
14727857,13282469,2011-10-27,CIP
14727857,13507383,2012-06-21,DIV
14727858,60793992,2006-04-20,PRO
14727858,11738392,2007-04-20,DIV
14727859,61708116,2012-10-01,PRO
14727859,14043789,2013-10-01,CON
14727861,61708116,2012-10-01,PRO
14727861,14043794,2013-10-01,CON
14727864,12133996,2008-06-05,CIP
14727864,13466074,2012-05-07,CIP
14727864,61660772,2012-06-17,PRO
14727864,13920056,2013-06-17,CIP
14727864,61836145,2013-06-17,PRO
14727864,14307407,2014-06-17,CIP
14727865,62007338,2014-06-03,PRO
14727866,62006325,2014-06-02,CON
14727868,13746289,2013-01-21,CON
14727869,62014565,2014-06-19,PRO
14727871,62028304,2014-07-23,PRO
14727873,13877676,2013-04-04,CIP
14727873,13922271,2013-06-20,CON
14727873,14566723,2014-12-11,CIP
14727873,PCT/IL2011/000907,2011-11-29,NST
14727881,PCT/JP2012/007745,2012-12-03,CON
14727882,PCT/JP2012/007747,2012-12-03,CON
14727884,61300465,2010-02-02,PRO
14727884,12762373,2010-04-19,CIP
14727884,13008042,2011-01-18,CON
14727884,14231764,2014-04-01,DIV
14727887,62013515,2014-06-17,PRO
14727891,62006456,2014-06-02,PRO
14727891,62017035,2014-06-25,PRO
14727894,13984298,2013-10-08,CON
14727894,PCT/EP2012/000636,2012-02-14,NST
14727895,62008458,2014-06-05,PRO
14727897,12590123,2009-11-03,CON
14727905,13483475,2012-05-30,CON
14727905,62141917,2015-04-02,PRO
14727905,14700387,2015-04-30,CIP
14727906,12951373,2010-11-22,CON
14727906,14156665,2014-01-16,CON
14727910,11444089,2006-05-31,DIV
14727910,13925590,2013-06-24,DIV
14727910,14303200,2014-06-12,DIV
14727911,11956420,2007-12-14,DIV
14727912,11662834,2007-05-18,DIV
14727912,PCT/JP2005/017127,2005-09-16,NST
14727918,14050620,2013-10-10,CON
14727921,13095983,2011-04-28,CON
14727924,14451555,2014-08-05,DIV
14727928,62011088,2014-06-12,PRO
14727928,62055930,2014-09-26,PRO
14727930,14339167,2014-07-23,CON
14727930,PCT/US2013/061442,2013-09-24,CON
14727931,14077263,2013-11-12,CON
14727935,14507265,2014-10-06,CON
14727936,13224322,2011-09-01,DIV
14727939,62006303,2014-06-02,PRO
14727941,14123548,2014-05-27,CON
14727941,PCT/GB2012/051259,2012-06-01,NST
14727942,62024579,2014-07-15,PRO
14727944,09657181,2000-09-07,CON
14727944,12005229,2007-12-26,CON
14727944,12655357,2009-12-22,CON
14727944,13035964,2011-02-26,CON
14727944,13487119,2012-06-01,CON
14727944,13802384,2013-03-13,CON
14727944,14094987,2013-12-03,CON
14727946,10481012,2004-11-09,DIV
14727946,11605958,2006-11-30,CON
14727946,11976272,2007-10-23,CON
14727946,13461237,2012-05-01,DIV
14727946,14157032,2014-01-16,CON
14727946,PCT/JP03/08576,2003-07-07,NST
14727947,13779909,2013-02-28,CON
14727949,12102492,2008-04-14,CON
14727949,13596432,2012-08-28,CON
14727950,12977415,2010-12-23,CON
14727951,10481012,2004-11-09,DIV
14727951,11605958,2006-11-30,CON
14727951,11976272,2007-10-23,CON
14727951,13461237,2012-05-01,DIV
14727951,14157032,2014-01-16,CON
14727951,PCT/JP03/08576,2003-07-07,NST
14727952,13253227,2011-10-05,DIV
14727955,61734173,2012-12-06,PRO
14727955,PCT/US13/72754,2013-12-03,CON
14727956,62006953,2014-06-03,PRO
14727957,13463942,2012-05-04,DIV
14727963,62013735,2014-06-18,PRO
14727964,14076628,2013-11-11,DIV
14727966,61020612,2008-01-24,PRO
14727966,61024129,2008-01-28,PRO
14727966,12351188,2009-01-09,DIV
14727967,62006650,2014-06-02,PRO
14727968,61080543,2008-07-14,PRO
14727968,12502679,2009-07-14,CON
14727976,62008648,2014-06-06,PRO
14727979,62006515,2014-06-02,PRO
14727980,62006876,2014-06-02,PRO
14727982,62023473,2014-07-11,PRO
14727984,13095983,2011-04-28,CIP
14727984,13451248,2012-04-19,CON
14727985,60244424,2000-10-30,PRO
14727985,10016651,2001-10-30,CON
14727985,10660349,2003-09-11,CON
14727985,12378586,2009-02-17,DIV
14727985,12914054,2010-10-28,CON
14727985,13535996,2012-06-28,CON
14727985,13721293,2012-12-20,CON
14727985,13901069,2013-05-23,CON
14727985,14210565,2014-03-14,CON
14727985,14520032,2014-10-21,CON
14727985,14581175,2014-12-23,CON
14727985,14612483,2015-02-03,CON
14727990,62006981,2014-06-03,PRO
14727992,PCT/JP2013/082321,2013-12-02,CON
14727995,61410168,2010-11-04,PRO
14727995,13289845,2011-11-04,DIV
14727997,60244424,2000-10-30,PRO
14727997,10016651,2001-10-30,CON
14727997,10660349,2003-09-11,CON
14727997,12378586,2009-02-17,DIV
14727997,12914054,2010-10-28,CON
14727997,13535996,2012-06-28,CON
14727997,13721293,2012-12-20,CON
14727997,13901069,2013-05-23,CON
14727997,14210565,2014-03-14,CON
14727997,14520032,2014-10-21,CON
14727997,14581175,2014-12-23,CON
14727997,14612483,2015-02-03,CON
14728002,12781074,2010-05-17,CON
14728002,14471035,2014-08-28,CON
14728004,14078852,2013-11-13,CON
14728008,12376662,2009-05-04,CON
14728008,PCT/EP2007/006972,2007-08-07,NST
14728011,10021045,2001-12-19,DIV
14728011,11175135,2005-07-07,DIV
14728011,12540583,2009-08-13,DIV
14728011,12975760,2010-12-22,CON
14728011,13446116,2012-04-13,DIV
14728011,13735183,2013-01-07,DIV
14728012,13893422,2013-05-14,CON
14728014,62025205,2014-07-16,PRO
14728017,62038045,2014-08-15,PRO
14728018,13833153,2013-03-15,DIV
14728023,60244424,2000-10-30,PRO
14728023,10016651,2001-10-30,CON
14728023,10660349,2003-09-11,CON
14728023,12378586,2009-02-17,DIV
14728023,12914054,2010-10-28,CON
14728023,13535996,2012-06-28,CON
14728023,13721293,2012-12-20,CON
14728023,13901069,2013-05-23,CON
14728023,14210565,2014-03-14,CON
14728023,14520032,2014-10-21,CON
14728023,14581175,2014-12-23,CON
14728023,14612483,2015-02-03,CON
14728024,PCT/EP2013/075414,2013-12-03,CIP
14728027,60588523,2004-07-16,PRO
14728027,11179289,2005-07-11,CON
14728028,61130270,2008-05-29,PRO
14728028,PCT/US09/45680,2009-05-29,NST
14728028,12994592,2011-02-25,DIV
14728030,PCT/US2013/073272,2013-12-05,CON
14728033,13260730,2011-11-23,CON
14728033,14165803,2014-01-28,CON
14728033,PCT/NL2010/050154,2010-03-25,NST
14728039,61570554,2011-12-14,PRO
14728039,13715584,2012-12-14,CON
14728044,62007466,2014-06-04,PRO
14728048,61550140,2011-10-21,PRO
14728048,13656125,2012-10-19,CON
14728052,62012751,2014-06-16,PRO
14728056,62010592,2014-06-11,PRO
14728058,61139304,2008-12-19,PRO
14728058,12642041,2009-12-18,CON
14728058,14068609,2013-10-31,CON
14728058,14305653,2014-06-16,CON
14728062,61466317,2011-03-22,PRO
14728062,13423980,2012-03-19,CIP
14728063,60611122,2004-09-17,PRO
14728063,11229922,2005-09-19,DIV
14728066,62006286,2014-06-02,PRO
14728067,PCT/JP2013/075626,2013-09-24,CON
14728069,14354995,2014-04-29,DIV
14728069,PCT/US2012/062322,2012-10-27,NST
14728076,13472759,2012-05-16,CON
14728077,13330801,2011-12-20,DIV
14728077,14323401,2014-07-03,CON
14728078,62008163,2014-06-05,PRO
14728079,61114541,2008-11-14,PRO
14728079,12617838,2009-11-13,DIV
14728079,13632588,2012-10-01,DIV
14728079,14060846,2013-10-23,DIV
14728088,PCT/CN2014/079155,2014-06-04,CIP
14728092,14464731,2014-08-21,CON
14728095,13734250,2013-01-04,CIP
14728095,13932307,2013-07-01,CON
14728098,62007206,2014-06-03,PRO
14728101,62006438,2014-06-02,PRO
14728104,62012124,2014-06-13,PRO
14728105,12994661,2011-02-21,DIV
14728105,13875170,2013-05-01,CON
14728105,PCT/US2009/045340,2009-05-27,NST
14728107,13112343,2011-05-20,DIV
14728109,13650961,2012-10-12,CON
14728112,62006531,2014-06-02,PRO
14728115,PCT/JP2013/085274,2013-12-27,CON
14728116,62006849,2014-06-02,PRO
14728116,62006858,2014-06-02,PRO
14728117,14161882,2014-01-23,CON
14728118,62006496,2014-06-02,PRO
14728119,12522851,2009-07-10,CON
14728119,14275699,2014-05-12,CON
14728119,PCT/SE2007/050754,2007-10-18,NST
14728121,61561484,2011-11-18,PRO
14728121,13676694,2012-11-14,DIV
14728122,61302810,2010-02-09,PRO
14728122,13024019,2011-02-09,DIV
14728126,61578716,2011-12-21,PRO
14728126,61709331,2012-10-03,PRO
14728126,13723869,2012-12-21,DIV
14728126,14134113,2013-12-19,DIV
14728127,13391254,2012-10-15,DIV
14728127,PCT/US2010/045816,2010-08-17,NST
14728128,61760627,2013-02-04,PRO
14728128,61800353,2013-03-15,PRO
14728128,14169770,2014-01-31,CON
14728129,12748896,2010-03-29,CON
14728129,PCT/EP2008/063170,2008-10-01,CON
14728131,PCT/CN2012/085942,2012-12-05,CON
14728132,62016192,2014-06-24,PRO
14728133,62006717,2014-06-02,PRO
14728134,13165063,2011-06-21,CON
14728134,13962326,2013-08-08,CON
14728134,14276239,2014-05-13,CON
14728136,13650323,2012-10-12,DIV
14728139,PCT/JP2013/082950,2013-12-09,CON
14728140,61733122,2012-12-04,PRO
14728140,13872477,2013-04-29,CON
14728145,60421255,2002-10-25,PRO
14728145,10692513,2003-10-24,CON
14728145,14109875,2013-12-17,CON
14728147,13278546,2011-10-21,CON
14728149,13470720,2012-05-14,CIP
14728151,61589944,2012-01-24,PRO
14728151,13749636,2013-01-24,CIP
14728152,62008825,2014-06-06,PRO
14728154,62007017,2014-06-03,PRO
14728155,61645467,2012-05-10,PRO
14728155,13723627,2012-12-21,CON
14728156,60162094,1999-10-28,PRO
14728156,60163426,1999-11-03,PRO
14728156,60190832,2000-03-21,PRO
14728156,60220749,2000-07-26,PRO
14728156,09698793,2000-10-27,CIP
14728156,09812545,2001-03-20,CIP
14728156,60376592,2002-04-30,PRO
14728156,60441358,2003-01-21,PRO
14728156,10427039,2003-04-30,CIP
14728156,10967859,2004-10-18,CON
14728156,12987352,2011-01-10,CON
14728156,14284568,2014-05-22,CON
14728157,62007569,2014-06-04,PRO
14728159,PCT/JP2013/007046,2013-12-02,CON
14728166,13468490,2012-05-10,CON
14728170,PCT/KR2013/010669,2013-11-22,CON
14728171,13547489,2012-07-12,CON
14728178,PCT/CN2014/084255,2014-08-13,CON
14728182,12540174,2009-08-12,DIV
14728182,13241153,2011-09-22,CON
14728182,13559430,2012-07-26,CON
14728182,14063274,2013-10-25,CON
14728187,62006941,2014-06-03,PRO
14728189,62011795,2014-06-13,PRO
14728190,11519303,2006-09-12,CIP
14728195,61758651,2013-01-30,PRO
14728195,13840735,2013-03-15,CON
14728196,13360473,2012-01-27,CON
14728196,13959254,2013-08-05,CON
14728196,14287139,2014-05-26,CON
14728197,62010128,2014-06-10,PRO
14728199,60715620,2005-09-09,PRO
14728199,PCT/US06/35311,2006-09-11,NST
14728199,12066256,2008-03-07,CON
14728199,13458894,2012-04-27,CON
14728202,11626648,2007-01-24,CIP
14728202,11893174,2007-08-15,CIP
14728202,PCT/US07/85471,2007-11-23,CON
14728202,12499863,2009-07-09,CON
14728203,61403941,2010-09-22,PRO
14728203,13237725,2011-09-20,CON
14728204,62006790,2014-06-02,PRO
14728204,62017165,2014-06-25,PRO
14728204,62066807,2014-10-21,PRO
14728204,62082052,2014-11-19,PRO
14728205,62006849,2014-06-02,PRO
14728205,62006858,2014-06-02,PRO
14728206,62015631,2014-06-23,PRO
14728208,62006417,2014-06-02,PRO
14728214,61043023,2008-04-07,PRO
14728214,12413244,2009-03-27,CON
14728214,13856081,2013-04-03,CON
14728214,14340295,2014-07-24,CON
14728220,11336140,2006-01-20,DIV
14728220,12537983,2009-08-07,CON
14728220,13113657,2011-05-23,DIV
14728220,14179176,2014-02-12,DIV
14728221,13720669,2012-12-19,DIV
14728223,62006504,2014-06-02,PRO
14728225,PCT/CN2012/001720,2012-12-21,NST
14728227,61292021,2010-01-04,PRO
14728227,12938976,2010-11-03,DIV
14728227,13734743,2013-01-04,DIV
14728228,13312295,2011-12-06,CON
14728229,62006696,2014-06-02,PRO
14728230,12668352,2010-01-08,CIP
14728230,PCT/US2008/069823,2008-07-11,NST
14728232,12741735,2010-05-06,CON
14728232,14048968,2013-10-08,CON
14728232,PCT/SE2008/051118,2008-10-02,NST
14728235,62029013,2014-07-25,PRO
14728237,60816964,2006-06-27,PRO
14728237,11606566,2006-11-29,CON
14728237,13605900,2012-09-06,CON
14728239,62011745,2014-06-13,PRO
14728243,61325612,2010-04-19,PRO
14728243,13088956,2011-04-18,DIV
14728244,13580234,2012-08-21,CIP
14728244,PCT/EP2011/052839,2011-02-25,NST
14728247,62006790,2014-06-02,PRO
14728247,62017165,2014-06-25,PRO
14728247,62066807,2014-10-21,PRO
14728247,62082052,2014-11-19,PRO
14728249,61088418,2008-08-13,PRO
14728249,12540317,2009-08-12,CIP
14728249,13908232,2013-06-03,CON
14728251,62006936,2014-06-03,PRO
14728253,13697699,2013-01-17,CON
14728253,PCT/EP2011/058777,2011-05-27,NST
14728260,62007116,2014-06-03,PRO
14728261,62006483,2014-06-02,PRO
14728262,62006782,2014-06-02,PRO
14728263,62007193,2014-06-03,PRO
14728264,62006447,2014-06-02,PRO
14728267,62007533,2014-06-04,PRO
14728268,13527262,2012-06-19,CON
14728272,62006495,2014-06-02,PRO
14728275,13466496,2012-05-08,CON
14728276,62006792,2014-06-02,PRO
14728277,13631489,2012-09-28,CON
14728279,PCT/JP2013/082410,2013-12-03,CON
14728280,62006547,2014-06-02,PRO
14728281,09932982,2001-08-21,CON
14728281,12926840,2010-12-13,CON
14728281,13447902,2012-04-16,CON
14728281,13902074,2013-05-24,CON
14728282,62013765,2014-06-18,PRO
14728285,62029626,2014-07-28,PRO
14728286,12479162,2009-06-05,CON
14728286,13889059,2013-05-07,CON
14728287,62006742,2014-06-02,PRO
14728291,62006415,2014-06-02,PRO
14728294,62038990,2014-08-19,PRO
14728296,62007119,2014-06-03,PRO
14728297,13576536,2012-10-22,CON
14728297,PCT/AU2011/000091,2011-02-01,NST
14728299,62006719,2014-06-02,PRO
14728300,13599260,2012-08-30,DIV
14728300,14582931,2014-12-24,DIV
14728303,PCT/JP2013/081907,2013-11-27,CON
14728304,62006790,2014-06-02,PRO
14728304,62017165,2014-06-25,PRO
14728304,62066807,2014-10-21,PRO
14728304,62082052,2014-11-19,PRO
14728307,62012025,2014-06-13,PRO
14728308,62149525,2015-04-18,PRO
14728310,62006795,2014-06-02,PRO
14728311,62013751,2014-06-18,PRO
14728312,13145504,2011-08-24,DIV
14728312,14267774,2014-05-01,CON
14728312,PCT/IB2010/050251,2010-01-20,NST
14728313,14055266,2013-10-16,CON
14728318,61733199,2012-12-04,PRO
14728318,PCT/US13/73080,2013-12-04,CON
14728318,14096826,2013-12-04,CIP
14728321,61792184,2013-03-15,PRO
14728321,13961515,2013-08-07,CON
14728326,61718852,2012-10-26,PRO
14728326,61789449,2013-03-15,PRO
14728326,13969183,2013-08-16,CON
14728328,13959765,2013-08-06,DIV
14728331,62017797,2014-06-26,PRO
14728336,13720543,2012-12-19,CON
14728338,13131629,2011-05-27,DIV
14728338,PCT/JP2009/066882,2009-09-29,NST
14728339,13420939,2012-03-15,DIV
14728343,62007136,2014-06-03,PRO
14728347,62006437,2014-06-02,PRO
14728349,11534653,2006-09-24,CIP
14728349,13350832,2012-01-16,CIP
14728349,61618802,2012-04-01,PRO
14728349,13853937,2013-03-29,CON
14728356,60924846,2007-06-01,PRO
14728356,11969002,2008-01-03,CON
14728357,12179300,2008-07-24,DIV
14728358,13715067,2012-12-14,CON
14728359,61495280,2011-06-09,PRO
14728359,13336489,2011-12-23,DIV
14728360,13720669,2012-12-19,CON
14728365,62006751,2014-06-02,PRO
14728366,62006312,2014-06-02,PRO
14728367,62006336,2014-06-02,PRO
14728369,13295301,2011-11-14,CIP
14728369,14265838,2014-04-30,CIP
14728374,60916575,2007-05-08,PRO
14728374,60942241,2007-06-06,PRO
14728374,60948036,2007-07-05,PRO
14728374,60937989,2007-06-29,PRO
14728374,PCT/US08/05732,2008-05-02,NST
14728374,12598055,2009-10-29,CON
14728375,13675405,2012-11-13,CON
14728376,12117868,2008-05-09,CON
14728376,13712341,2012-12-12,CON
14728377,10008077,2001-11-08,DIV
14728377,13042040,2011-03-07,CON
14728377,14157087,2014-01-16,CON
14728378,12946208,2010-11-15,CON
14728379,61695409,2012-08-31,PRO
14728379,14015457,2013-08-30,DIV
14728385,14086442,2013-11-21,CIP
14728385,14603636,2015-01-23,CIP
14728386,10812298,2004-03-29,CIP
14728386,11236941,2005-09-28,CON
14728386,12752556,2010-04-01,DIV
14728386,13937712,2013-07-09,CON
14728386,14293768,2014-06-02,CON
14728386,14448999,2014-07-31,CON
14728388,13664928,2012-10-31,CON
14728388,14168929,2014-01-30,CON
14728389,13341815,2011-12-30,CON
14728393,61236314,2009-08-24,PRO
14728393,12862362,2010-08-24,CIP
14728393,13209020,2011-08-12,CIP
14728393,13815910,2013-03-15,CON
14728397,13267342,2011-10-06,CON
14728397,14143399,2013-12-30,CON
14728397,14566824,2014-12-11,CON
14728398,61413605,2010-11-15,PRO
14728398,13295417,2011-11-14,CON
14728400,62007123,2014-06-03,PRO
14728401,62006363,2014-06-02,PRO
14728401,62018854,2014-06-30,PRO
14728401,62143079,2015-04-04,PRO
14728401,62149596,2015-04-19,PRO
14728401,62159791,2015-05-11,PRO
14728402,60992746,2007-12-06,PRO
14728402,12201062,2008-08-29,DIV
14728402,13114099,2011-05-24,CIP
14728402,13719541,2012-12-19,CIP
14728402,62007210,2014-06-03,PRO
14728402,62090247,2014-12-10,PRO
14728408,61497855,2011-06-16,PRO
14728408,13524736,2012-06-15,CON
14728410,61610938,2012-03-14,PRO
14728410,13787190,2013-03-06,DIV
14728412,13819546,2013-05-09,DIV
14728412,PCT/EP2011/064924,2011-08-30,NST
14728414,60944388,2007-06-15,PRO
14728414,60953826,2007-08-03,PRO
14728414,12136943,2008-06-11,CON
14728414,13460442,2012-04-30,CIP
14728414,13781287,2013-02-28,CON
14728414,14532236,2014-11-04,CIP
14728417,62006493,2014-06-02,PRO
14728418,62006511,2014-06-02,PRO
14728420,11550655,2006-10-18,CON
14728420,13012279,2011-01-24,CON
14728420,13745339,2013-01-18,CON
14728421,14067506,2013-10-30,CON
14728422,10469910,2005-02-17,CON
14728422,10471061,2004-10-29,CON
14728422,12389116,2009-02-19,CIP
14728422,12496012,2009-07-01,DIV
14728422,12944068,2010-11-11,DIV
14728422,13043102,2011-03-08,CON
14728422,14231358,2014-03-31,CIP
14728422,14318211,2014-06-27,CON
14728422,14318211,2014-06-27,DIV
14728422,14500618,2014-09-29,DIV
14728422,PCT/EP02/02403,2002-03-05,NST
14728422,PCT/EP2002/002398,2002-03-05,NST
14728423,61651809,2012-05-25,PRO
14728423,61766733,2013-02-20,PRO
14728423,13894352,2013-05-14,CIP
14728423,61862015,2013-08-03,PRO
14728423,14444193,2014-07-28,CIP
14728424,62007106,2014-06-03,PRO
14728426,62007212,2014-06-03,PRO
14728428,13613733,2012-09-13,DIV
14728429,13698812,2012-11-19,CON
14728429,PCT/IN2011/000319,2011-05-06,NST
14728431,62134697,2015-03-18,PRO
14728435,61497489,2011-06-15,PRO
14728435,61510603,2011-07-22,PRO
14728435,13524350,2012-06-15,CIP
14728436,61768767,2013-02-25,PRO
14728436,13799801,2013-03-13,CIP
14728436,62144259,2015-04-07,PRO
14728438,13722716,2012-12-20,CON
14728441,13731920,2012-12-31,DIV
14728443,13120769,2011-05-19,CON
14728443,13759491,2013-02-05,CON
14728443,PCT/IB2008/003257,2008-09-29,NST
14728445,PCT/EP2013/073407,2013-11-08,CON
14728447,13975682,2013-08-26,CIP
14728448,13714173,2012-12-13,CON
14728452,60992746,2007-12-06,PRO
14728452,12201062,2008-08-29,DIV
14728452,13114099,2011-05-24,CIP
14728452,13719541,2012-12-19,CIP
14728452,62007214,2014-06-03,PRO
14728452,62090257,2014-12-10,PRO
14728453,62006505,2014-06-02,PRO
14728455,62007305,2014-06-03,PRO
14728458,PCT/JP2013/081908,2013-11-27,CON
14728460,62006801,2014-06-02,PRO
14728461,13316273,2011-12-09,DIV
14728464,12601498,2010-04-15,CON
14728464,PCT/JP2008/059589,2008-05-23,NST
14728465,11090592,2005-03-28,DIV
14728465,13160960,2011-06-15,DIV
14728465,13653861,2012-10-17,DIV
14728466,14003217,2013-09-04,CON
14728470,PCT/CN2012/087169,2012-12-21,CON
14728471,60754328,2005-12-29,PRO
14728471,60761342,2006-01-24,PRO
14728471,11614785,2006-12-21,CON
14728471,13928137,2013-06-26,CON
14728472,62006925,2014-06-03,PRO
14728477,62006464,2014-06-02,PRO
14728479,13162068,2011-06-16,CON
14728481,62025184,2014-07-16,PRO
14728488,61257603,2009-11-03,PRO
14728488,PCT/US10/54553,2010-10-28,NST
14728488,13508527,2012-08-07,CON
14728488,14045332,2013-10-03,CON
14728493,61445504,2011-02-22,PRO
14728493,61487432,2011-05-18,PRO
14728493,13401146,2012-02-21,CIP
14728493,13665527,2012-10-31,CIP
14728493,13739504,2013-01-11,CIP
14728493,13832944,2013-03-15,CIP
14728493,13833572,2013-03-15,CIP
14728493,13972436,2013-08-21,CON
14728496,60554769,2004-03-19,PRO
14728496,60650504,2005-02-07,PRO
14728496,11063477,2005-02-23,DIV
14728496,12075736,2008-03-13,DIV
14728498,14368486,2014-06-24,DIV
14728498,PCT/JP2013/073659,2013-09-03,NST
14728499,61145921,2009-01-20,PRO
14728499,12367180,2009-02-06,CON
14728499,13905952,2013-05-30,CON
14728500,60394174,2002-07-03,PRO
14728500,PCT/US03/21150,2003-07-03,NST
14728500,10520408,2005-05-17,CON
14728500,12555375,2009-09-08,DIV
14728501,61915431,2013-12-12,PRO
14728501,14569354,2014-12-12,CON
14728505,62007301,2014-06-03,PRO
14728505,62044881,2014-09-02,PRO
14728506,61140781,2008-12-24,PRO
14728506,12360643,2009-01-27,CON
14728506,13572400,2012-08-10,CON
14728508,62006723,2014-06-02,PRO
14728512,14649025,2015-06-02,CIP
14728512,PCT/US2013/073247,2013-12-05,NST
14728513,13965885,2013-08-13,CIP
14728514,62008626,2014-06-06,PRO
14728515,12270773,2008-11-13,DIV
14728515,13762842,2013-02-08,CON
14728517,61452450,2011-03-14,PRO
14728517,13412119,2012-03-05,CIP
14728517,14201409,2014-03-07,DIV
14728520,13250416,2011-09-30,CON
14728520,13826386,2013-03-14,CON
14728520,14470453,2014-08-27,CON
14728521,12266446,2008-11-06,CON
14728521,14472998,2014-08-29,CON
14728531,12918953,2010-08-23,CON
14728531,13769995,2013-02-19,CON
14728531,PCT/NZ2008/000022,2008-02-22,NST
14728532,13691522,2012-11-30,CON
14728533,PCT/JP2013/082438,2013-12-03,CON
14728535,62007626,2014-06-04,PRO
14728536,PCT/KR2013/005238,2013-06-13,CON
14728540,11318649,2005-12-27,DIV
14728540,12885644,2010-09-20,CIP
14728540,62135231,2015-03-19,PRO
14728540,PCT/US2013/072237,2013-11-27,CON
14728541,61387283,2010-09-28,PRO
14728541,13245183,2011-09-26,DIV
14728542,62006300,2014-06-02,PRO
14728543,13802163,2013-03-13,DIV
14728544,12707302,2010-02-17,CIP
14728544,13350569,2012-01-13,CON
14728544,14495649,2014-09-24,CON
14728545,62008775,2014-06-06,PRO
14728546,62006577,2014-06-02,PRO
14728547,60545704,2004-02-17,PRO
14728547,11051707,2005-02-04,DIV
14728547,12140404,2008-06-17,DIV
14728547,12712572,2010-02-25,DIV
14728547,13032279,2011-02-22,DIV
14728547,13357089,2012-01-24,DIV
14728547,13653705,2012-10-17,DIV
14728547,14158365,2014-01-17,DIV
14728549,12033590,2008-02-19,CON
14728549,13269154,2011-10-07,CON
14728551,13174030,2011-06-30,DIV
14728552,13727209,2012-12-26,CON
14728553,62017341,2014-06-26,PRO
14728555,13783317,2013-03-03,DIV
14728556,62007205,2014-06-03,PRO
14728559,62006330,2014-06-02,PRO
14728560,61583856,2012-01-06,PRO
14728560,13734471,2013-01-04,CON
14728561,11031972,2005-01-07,DIV
14728561,12205095,2008-09-05,CON
14728561,13335087,2011-12-22,CON
14728561,13750488,2013-01-25,CON
14728561,14215935,2014-03-17,CON
14728562,62007322,2014-06-03,PRO
14728563,62015631,2014-06-23,PRO
14728565,13192717,2011-07-28,CON
14728565,PCT/EP2010/051390,2010-02-04,CON
14728567,12094302,2008-11-04,CON
14728567,PCT/CA2006/001855,2006-11-15,NST
14728568,62008599,2014-06-06,PRO
14728569,12813096,2010-06-10,CON
14728569,12813998,2010-06-11,CON
14728572,10255535,2002-09-25,DIV
14728572,12504931,2009-07-17,CON
14728572,13892065,2013-05-10,CON
14728572,PCT/US2002/009138,2002-03-21,CIP
14728573,61759390,2013-01-31,PRO
14728573,61812704,2013-04-16,PRO
14728573,14169029,2014-01-30,CON
14728573,14470376,2014-08-27,CON
14728576,09167514,1998-10-06,CON
14728576,09680899,2000-10-06,CON
14728576,09964104,2001-09-26,CON
14728576,10884187,2004-07-01,CON
14728576,11784305,2007-04-06,CON
14728576,12426428,2009-04-20,CON
14728576,13116421,2011-05-26,CON
14728576,13552282,2012-07-18,CON
14728578,60883994,2007-01-08,PRO
14728578,11752859,2007-05-23,CON
14728578,13011750,2011-01-21,CON
14728578,13194829,2011-07-29,CON
14728578,13324914,2011-12-13,REI
14728578,14267749,2014-05-01,DIV
14728580,60207691,2000-05-26,PRO
14728580,09864509,2001-05-24,DIV
14728580,11279503,2006-04-12,DIV
14728580,12117207,2008-05-08,DIV
14728580,12434929,2009-05-04,DIV
14728580,13101730,2011-05-05,DIV
14728580,13330178,2011-12-19,DIV
14728580,13670078,2012-11-06,DIV
14728580,13938793,2013-07-10,DIV
14728580,14230771,2014-03-31,DIV
14728581,PCT/JP2013/081493,2013-11-22,CON
14728582,12187762,2008-08-07,CON
14728582,13438399,2012-04-03,CON
14728582,14010038,2013-08-26,CON
14728582,14313641,2014-06-24,CON
14728585,13802163,2013-03-13,DIV
14728588,12954784,2010-11-26,CON
14728588,13793826,2013-03-11,CON
14728588,14139402,2013-12-23,CON
14728589,61612922,2012-03-19,PRO
14728589,13723800,2012-12-21,CON
14728590,13156203,2011-06-08,DIV
14728591,62006477,2014-06-02,PRO
14728594,13688270,2012-11-29,CON
14728595,14003217,2013-09-04,CON
14728598,14589409,2015-01-05,CON
14728600,61793811,2013-03-15,PRO
14728600,61888783,2013-10-09,PRO
14728600,14208105,2014-03-13,CIP
14728601,60310534,2001-08-06,PRO
14728601,10214412,2002-08-06,CON
14728601,12653115,2009-12-08,CON
14728601,13349449,2012-01-12,CON
14728601,13726324,2012-12-24,CON
14728601,14243580,2014-04-02,CON
14728603,PCT/JP2014/002971,2014-06-04,CON
14728606,62006455,2014-06-02,PRO
14728608,61791944,2013-03-15,PRO
14728608,61798136,2013-03-15,PRO
14728608,13924215,2013-06-21,DIV
14728612,13444143,2012-04-11,CON
14728617,61541335,2011-09-30,PRO
14728617,13570407,2012-08-09,CON
14728619,12881976,2010-09-14,CIP
14728619,13463638,2012-05-03,CON
14728619,PCT/US2010/002898,2010-11-04,CON
14728622,14009038,2013-11-11,CON
14728622,PCT/GB2012/050695,2012-03-28,NST
14728623,12717458,2010-03-04,CON
14728623,14045567,2013-10-03,CON
14728626,61991212,2014-05-09,PRO
14728626,62006623,2014-06-02,PRO
14728626,14707508,2015-05-08,CIP
14728628,61747948,2012-12-31,PRO
14728628,14143656,2013-12-30,CON
14728632,13578839,2012-10-23,CON
14728632,PCT/US2011/024880,2011-02-15,NST
14728633,61347741,2010-05-24,PRO
14728633,13114675,2011-05-24,CIP
14728633,61754745,2013-01-21,PRO
14728633,14160520,2014-01-21,CIP
14728635,61740790,2012-12-21,PRO
14728635,61909612,2013-11-27,PRO
14728635,14134292,2013-12-19,CON
14728637,62015361,2014-06-20,PRO
14728638,62010925,2014-06-11,PRO
14728641,13718395,2012-12-18,CON
14728642,62006560,2014-06-02,PRO
14728645,PCT/US13/43575,2013-05-31,NST
14728645,14119171,2013-11-20,CON
14728646,62006590,2014-06-02,PRO
14728648,62006721,2014-06-02,PRO
14728652,12747685,2010-09-28,CON
14728652,PCT/KR08/07346,2008-12-11,NST
14728655,12396341,2009-03-02,CON
14728656,11474530,2006-06-26,DIV
14728657,60714600,2005-09-07,PRO
14728657,60723348,2005-10-04,PRO
14728657,60723347,2005-10-04,PRO
14728657,60775100,2006-02-21,PRO
14728657,PCT/US06/28366,2006-07-21,CON
14728657,12015945,2008-01-17,CON
14728657,12539501,2009-08-11,CON
14728657,13595437,2012-08-27,CON
14728657,14494029,2014-09-23,CON
14728658,13468266,2012-05-10,DIV
14728662,12630988,2009-12-04,CON
14728662,13847957,2013-03-20,CON
14728662,14585618,2014-12-30,CON
14728662,14707729,2015-05-08,CON
14728663,62006640,2014-06-02,PRO
14728665,12175948,2008-07-18,DIV
14728665,14047922,2013-10-07,DIV
14728666,62010934,2014-06-11,PRO
14728666,62029869,2014-07-28,PRO
14728666,62107882,2015-01-26,PRO
14728668,61212704,2009-04-15,PRO
14728668,12798946,2010-04-14,CON
14728674,13588694,2012-08-17,CON
14728675,13470029,2012-05-11,DIV
14728676,12134985,2008-06-06,CON
14728676,14093637,2013-12-02,CON
14728677,13522314,2012-07-13,CON
14728677,14288143,2014-05-27,CON
14728677,PCT/KR2010/008530,2010-11-30,NST
14728678,62011913,2014-06-13,PRO
14728679,62006305,2014-06-02,PRO
14728681,60962036,2007-07-26,PRO
14728681,12220674,2008-07-25,CON
14728681,13020634,2011-02-03,CON
14728681,13967070,2013-08-14,CON
14728684,13534798,2012-06-27,CIP
14728685,13734748,2013-01-04,DIV
14728686,62009078,2014-06-06,PRO
14728687,12717385,2010-03-04,CON
14728687,PCT/CN2008/072486,2008-09-24,CON
14728688,11215388,2005-08-30,CON
14728688,12286461,2008-09-30,CIP
14728688,12419775,2009-04-07,CON
14728688,12971026,2010-12-17,DIV
14728689,61748681,2013-01-03,PRO
14728689,13902392,2013-05-24,CON
14728690,PCT/CN2012/086117,2012-12-07,CON
14728691,11342124,2006-01-27,CON
14728695,13263284,2011-10-06,CON
14728695,14691066,2015-04-20,CON
14728695,PCT/KR2010/000336,2010-01-19,NST
14728698,PCT/JP2012/083129,2012-12-20,CON
14728700,12231594,2008-09-03,CON
14728701,62006836,2014-06-02,PRO
14728704,13190833,2011-07-26,CON
14728706,62006587,2014-06-02,PRO
14728708,62007278,2014-06-03,PRO
14728708,62007281,2014-06-03,PRO
14728708,62007285,2014-06-03,PRO
14728708,62011087,2014-06-12,PRO
14728709,13302079,2011-11-22,CON
14728711,12903586,2010-10-13,CON
14728711,14293501,2014-06-02,CON
14728712,PCT/US2015/027506,2015-04-24,CON
14728717,14131872,2014-01-09,CON
14728717,PCT/US2012/046095,2012-07-10,NST
14728721,62007248,2014-06-03,PRO
14728721,62157371,2015-05-05,PRO
14728722,11964469,2007-12-26,DIV
14728722,13617916,2012-09-14,DIV
14728722,13693656,2012-12-04,DIV
14728722,13953779,2013-07-30,DIV
14728724,62007165,2014-06-03,PRO
14728725,62006670,2014-06-02,PRO
14728726,62007058,2014-06-03,PRO
14728731,13190833,2011-07-26,CON
14728733,13897757,2013-05-20,CON
14728734,11501100,2006-08-08,CON
14728735,13283398,2011-10-27,CON
14728737,62006680,2014-06-02,PRO
14728738,13283748,2011-10-28,CON
14728739,11942980,2007-11-20,CON
14728739,13017896,2011-01-31,CON
14728740,13703657,2012-12-12,CON
14728740,PCT/US2012/051922,2012-08-22,NST
14728742,62006592,2014-06-02,PRO
14728746,61718235,2012-10-25,PRO
14728746,13705406,2012-12-05,DIV
14728747,61544947,2011-10-07,PRO
14728747,61565377,2011-11-30,PRO
14728747,61599009,2012-02-15,PRO
14728747,61609993,2012-03-13,PRO
14728747,61649752,2012-05-21,PRO
14728747,61650772,2012-05-23,PRO
14728747,61704330,2012-09-21,PRO
14728747,13645771,2012-10-05,CON
14728749,61608245,2012-03-08,PRO
14728749,61608465,2012-03-08,PRO
14728749,61725347,2012-11-12,PRO
14728749,13791823,2013-03-08,CON
14728751,13661830,2012-10-26,CON
14728754,62015631,2014-06-23,PRO
14728759,62006472,2014-06-02,PRO
14728761,10415888,2003-05-09,CON
14728761,13451142,2012-04-19,CON
14728761,13859345,2013-04-09,CON
14728761,PCT/CH00/00597,2000-11-09,NST
14728765,13789403,2013-03-07,CON
14728770,13696027,2012-11-02,CON
14728770,PCT/KR2011/003288,2011-05-03,NST
14728771,62006871,2014-06-02,PRO
14728771,62006878,2014-06-02,PRO
14728773,61544947,2011-10-07,PRO
14728773,61565377,2011-11-30,PRO
14728773,61599009,2012-02-15,PRO
14728773,61609993,2012-03-13,PRO
14728773,61649752,2012-05-21,PRO
14728773,61650772,2012-05-23,PRO
14728773,61704330,2012-09-21,PRO
14728773,13645756,2012-10-05,DIV
14728774,13746049,2013-01-21,CIP
14728777,62013818,2014-06-18,PRO
14728779,62007118,2014-06-03,PRO
14728781,61660898,2012-06-18,PRO
14728781,13920786,2013-06-18,CIP
14728782,10122642,2002-04-11,CON
14728782,10122644,2002-04-11,CON
14728782,60438440,2003-01-06,PRO
14728782,10752828,2004-01-06,DIV
14728782,11903348,2007-09-21,CON
14728782,13507400,2012-06-25,CON
14728782,13507817,2012-07-30,CON
14728782,13507892,2012-08-03,CON
14728783,61552264,2011-10-27,PRO
14728783,13446572,2012-04-13,CON
14728783,14196392,2014-03-04,CON
14728786,13746697,2013-01-22,CON
14728790,62006593,2014-06-02,PRO
14728792,13927885,2013-06-26,CON
14728796,13664728,2012-10-31,CON
14728798,12090609,2008-07-18,CON
14728798,13415575,2012-03-08,CON
14728798,PCT/AU2006/001536,2006-10-17,NST
14728800,62014540,2014-06-19,PRO
14728802,62006522,2014-06-02,PRO
14728802,62027425,2014-07-22,PRO
14728805,10679115,2003-10-03,DIV
14728806,12851771,2010-08-06,CON
14728806,13942308,2013-08-15,CON
14728806,PCT/GB2009/051777,2009-12-29,CIP
14728806,PCT/GB2010/000759,2010-04-15,CON
14728807,13430470,2012-03-26,CON
14728809,62019196,2014-06-30,PRO
14728814,61762973,2013-02-11,PRO
14728814,14177353,2014-02-11,CON
14728815,13331860,2011-12-20,DIV
14728817,13880707,2013-08-16,CIP
14728817,62006770,2014-06-02,PRO
14728817,PCT/GB2011/050342,2011-02-22,NST
14728819,13726106,2012-12-22,DIV
14728822,61801571,2013-03-15,PRO
14728822,14210017,2014-03-13,CON
14728824,61363155,2010-07-09,PRO
14728824,13180427,2011-07-11,CON
14728824,14163794,2014-01-24,CON
14728825,62006605,2014-06-02,PRO
14728825,62072884,2014-10-30,PRO
14728826,61225878,2009-07-15,PRO
14728826,12837358,2010-07-15,DIV
14728826,13305659,2011-11-28,DIV
14728826,13786215,2013-03-05,DIV
14728831,62006400,2014-06-02,PRO
14728831,62015205,2014-06-20,PRO
14728832,14060110,2013-10-22,CON
14728833,61464217,2011-02-28,PRO
14728833,13402567,2012-02-22,DIV
14728835,PCT/JP2013/082448,2013-12-03,CON
14728837,62006734,2014-06-02,PRO
14728846,13320965,2012-04-20,DIV
14728846,PCT/FR2010/050948,2010-05-17,NST
14728848,62006509,2014-06-02,PRO
14728849,12334217,2008-12-12,CIP
14728849,12945576,2010-11-12,CIP
14728849,61907643,2013-11-22,PRO
14728849,14552143,2014-11-24,CIP
14728851,62009013,2014-06-06,PRO
14728852,62006733,2014-06-02,PRO
14728853,13203712,2011-08-26,CON
14728853,14109784,2013-12-17,CON
14728853,PCT/KR2010/001498,2010-03-10,NST
14728854,10481667,2004-08-26,CON
14728854,11923404,2007-10-24,CON
14728854,12776896,2010-05-10,CON
14728854,13425054,2012-03-20,CON
14728854,14026641,2013-09-13,CON
14728854,PCT/AU2002/000783,2002-06-14,NST
14728859,62007113,2014-06-03,PRO
14728860,14116311,2014-02-10,CON
14728860,PCT/CN2012/078029,2012-07-02,NST
14728862,61206690,2009-02-03,PRO
14728862,61207017,2009-02-06,PRO
14728862,12699564,2010-02-03,CON
14728862,13025923,2011-02-11,DIV
14728864,62021467,2014-07-07,PRO
14728866,62006734,2014-06-02,PRO
14728867,61997450,2014-06-02,PRO
14728867,61997422,2014-06-02,PRO
14728868,61300781,2010-02-02,PRO
14728868,12815281,2010-06-14,CON
14728869,12050024,2008-03-17,CON
14728869,13708228,2012-12-07,CON
14728869,14153693,2014-01-13,CON
14728869,PCT/GB2006/003441,2006-09-15,CON
14728870,13190346,2011-07-25,CON
14728872,61610924,2012-03-14,PRO
14728872,13799304,2013-03-13,CON
14728873,61610924,2012-03-14,PRO
14728873,13799304,2013-03-13,CON
14728875,62008687,2014-06-06,PRO
14728877,13997589,2013-06-24,CON
14728877,PCT/US2011/060068,2011-11-09,NST
14728879,62009862,2014-06-09,PRO
14728880,62006710,2014-06-02,PRO
14728881,61555754,2011-11-04,PRO
14728881,13666627,2012-11-01,CON
14728883,13954343,2013-07-30,DIV
14728887,62006678,2014-06-02,PRO
14728887,62006700,2014-06-02,PRO
14728889,62015808,2014-06-23,PRO
14728890,62006734,2014-06-02,PRO
14728897,13575028,2012-07-25,DIV
14728897,PCT/EP11/00317,2011-01-26,NST
14728900,12949728,2010-11-18,CON
14728900,13770881,2013-02-19,DIV
14728900,14283117,2014-05-20,CON
14728902,61982375,2014-04-22,PRO
14728902,62006466,2014-06-02,PRO
14728902,62025141,2014-07-16,PRO
14728902,14693121,2015-04-22,CIP
14728904,62006466,2014-06-02,PRO
14728904,62025141,2014-07-16,PRO
14728907,13264674,2011-11-10,CON
14728907,PCT/EP2010/054878,2010-04-14,NST
14728908,13018416,2011-01-31,CIP
14728908,61745529,2012-12-21,PRO
14728908,13798087,2013-03-13,CIP
14728909,62006730,2014-06-02,PRO
14728913,61412929,2010-11-12,PRO
14728913,13296163,2011-11-14,CON
14728914,62007355,2014-06-03,PRO
14728916,61483393,2011-05-06,PRO
14728916,13422936,2012-03-16,CON
14728917,11422022,2006-06-02,CON
14728917,12199726,2008-08-27,CON
14728917,12507794,2009-07-22,CON
14728917,12861771,2010-08-23,CON
14728917,13043946,2011-03-09,CON
14728917,13180550,2011-07-12,CON
14728917,13480298,2012-05-24,CON
14728917,13952393,2013-07-26,CON
14728917,14523923,2014-10-26,CON
14728918,62012934,2014-06-16,PRO
14728921,60838606,2006-08-18,PRO
14728921,PCT/US07/18297,2007-08-17,NST
14728921,12377765,2011-01-04,CON
14728921,14153961,2014-01-13,CON
14728922,62006395,2014-06-02,PRO
14728925,13703332,2012-12-10,CON
14728925,PCT/EP2011/060011,2011-06-16,NST
14728927,61754461,2013-01-18,PRO
14728927,13799448,2013-03-13,CON
14728928,61205647,2009-01-21,PRO
14728928,12690861,2010-01-20,CON
14728928,13708785,2012-12-07,CON
14728928,13943496,2013-07-16,CON
14728930,10679115,2003-10-03,DIV
14728931,62006605,2014-06-02,PRO
14728931,62072884,2014-10-30,PRO
14728934,60465410,2003-04-25,PRO
14728934,10776403,2004-02-10,CIP
14728934,10833267,2004-04-26,CIP
14728934,60620223,2004-10-18,PRO
14728934,11126703,2005-05-10,DIV
14728935,62006699,2014-06-02,PRO
14728938,61729329,2012-11-21,PRO
14728938,14078271,2013-11-12,CON
14728939,13541650,2012-07-03,CON
14728939,14579771,2014-12-22,CIP
14728940,13848682,2013-03-21,CON
14728943,14491865,2014-09-19,CON
14728944,61314517,2010-03-16,PRO
14728944,13049809,2011-03-16,CON
14728944,13802307,2013-03-13,CON
14728946,62006793,2014-06-02,PRO
14728949,62007153,2014-06-03,PRO
14728949,62141389,2015-04-01,PRO
14728950,13806722,2012-12-21,CON
14728950,14635846,2015-03-02,CON
14728950,PCT/GB2011/000998,2011-07-01,NST
14728953,13679813,2012-11-16,DIV
14728954,62006605,2014-06-02,PRO
14728954,62072884,2014-10-30,PRO
14728955,62006772,2014-06-02,PRO
14728955,62158468,2015-05-07,PRO
14728956,60234981,2000-09-25,PRO
14728956,09961392,2001-09-25,DIV
14728956,10885067,2004-07-07,CON
14728956,13023657,2011-02-09,CON
14728956,14503918,2014-10-01,CON
14728958,60125873,1999-03-24,PRO
14728958,09515373,2000-02-29,DIV
14728958,11206484,2005-08-17,DIV
14728958,11926012,2007-10-28,DIV
14728958,14146677,2014-01-02,DIV
14728962,61397721,2010-04-01,PRO
14728962,12939931,2010-11-04,CON
14728964,13519888,2012-11-13,CON
14728964,PCT/US2010/062268,2010-12-28,NST
14728965,13808570,2013-03-15,CIP
14728965,PCT/IB11/01859,2011-07-04,NST
14728966,13735820,2013-01-07,CON
14728967,62007788,2014-06-04,PRO
14728969,62007831,2014-06-04,PRO
14728970,13151232,2011-06-01,DIV
14728972,62006372,2014-06-02,PRO
14728972,62044497,2014-09-02,PRO
14728974,62006872,2014-06-02,PRO
14728976,62006807,2014-06-02,PRO
14728977,62006817,2014-06-02,PRO
14728977,62045501,2014-09-03,PRO
14728978,60772099,2006-02-10,PRO
14728978,11702735,2007-02-06,DIV
14728978,11926459,2007-10-29,DIV
14728978,13962752,2013-08-08,DIV
14728979,61220120,2009-06-24,PRO
14728979,61238195,2009-08-30,PRO
14728979,12822051,2010-06-23,DIV
14728981,12594531,2009-12-07,CON
14728981,13975147,2013-08-23,DIV
14728981,PCT/EP2008/054007,2008-04-03,NST
14728983,60834325,2006-07-27,PRO
14728983,11829520,2007-07-27,CON
14728983,14262619,2014-04-25,DIV
14728985,62006604,2014-06-02,PRO
14728985,62120650,2015-02-25,PRO
14728986,62006541,2014-06-02,PRO
14728986,62093763,2014-12-18,PRO
14728989,62006367,2014-06-02,PRO
14728990,PCT/JP2013/083279,2013-12-05,CON
14728991,62008805,2014-06-06,PRO
14728994,60826893,2006-09-25,PRO
14728994,11903112,2007-09-20,CIP
14728994,61674216,2012-07-20,PRO
14728994,13946826,2013-07-19,CIP
14728994,14060488,2013-10-22,CIP
14728996,PCT/US2014/038016,2014-05-14,CIP
14728997,62006797,2014-06-02,PRO
14728997,62007315,2014-06-03,PRO
14728999,13175374,2011-07-01,CON
14729002,62008709,2014-06-06,PRO
14729003,61893658,2013-10-21,PRO
14729003,62006741,2014-06-02,PRO
14729003,14520254,2014-10-21,CIP
14729004,61683246,2012-08-15,PRO
14729004,13828357,2013-03-14,CON
14729005,62006748,2014-06-02,PRO
14729007,62006698,2014-06-02,PRO
14729007,62153322,2015-04-27,PRO
14729008,61683246,2012-08-15,PRO
14729008,13828357,2013-03-14,DIV
14729010,62006803,2014-06-02,PRO
14729011,62006698,2014-06-02,PRO
14729011,62153322,2015-04-27,PRO
14729012,62006818,2014-06-02,PRO
14729013,62026022,2014-07-17,PRO
14729015,13326213,2011-12-14,DIV
14729016,PCT/US10/60754,2010-12-16,NST
14729016,13994698,2013-09-05,CON
14729017,12960465,2010-12-04,CON
14729020,13314948,2011-12-08,CON
14729020,PCT/US2010/037856,2010-06-08,CON
14729023,13287122,2011-11-01,CIP
14729024,62006488,2014-06-02,PRO
14729026,62039415,2014-08-19,PRO
14729026,62082604,2014-11-20,PRO
14729026,14561204,2014-12-04,CIP
14729027,61245276,2009-09-23,PRO
14729027,12889310,2010-09-23,CON
14729029,60689650,2005-06-09,PRO
14729029,11450145,2006-06-09,CON
14729029,12590855,2009-11-12,CON
14729029,14010478,2013-08-26,CIP
14729040,60825549,2006-09-13,PRO
14729040,60911749,2007-04-13,PRO
14729040,11855143,2007-09-13,CON
14729043,12287303,2008-10-09,CON
14729044,61096909,2008-09-15,PRO
14729044,12557284,2009-09-10,CON
14729047,14064106,2013-10-25,DIV
14729048,10328776,2002-12-24,CON
14729048,11607668,2006-12-01,CON
14729048,12881099,2010-09-13,CON
14729048,13284733,2011-10-28,CON
14729048,13476323,2012-05-21,CON
14729048,14030998,2013-09-18,CON
14729053,14068157,2013-10-31,CIP
14729058,61468204,2011-03-28,PRO
14729058,13430438,2012-03-26,DIV
14729058,14295320,2014-06-03,DIV
14729058,14504087,2014-10-01,CON
14729059,62008521,2014-06-06,PRO
14729060,13845279,2013-03-18,DIV
14729061,13606611,2012-09-07,CON
14729064,62007370,2014-06-03,PRO
14729068,60773565,2006-02-14,PRO
14729068,11674962,2007-02-14,CON
14729068,12480701,2009-06-09,CON
14729068,13217250,2011-08-25,CON
14729068,13866037,2013-04-19,CON
14729070,62014679,2014-06-19,PRO
14729072,62012425,2014-06-16,PRO
14729073,13490465,2012-06-07,DIV
14729078,13409081,2012-02-29,DIV
14729080,13400070,2012-02-19,CON
14729082,13767255,2013-02-14,DIV
14729087,12810310,2010-06-24,CON
14729087,14262815,2014-04-28,CON
14729087,PCT/IL2009/000330,2009-03-25,NST
14729089,62006976,2014-06-03,PRO
14729089,62130367,2015-03-09,PRO
14729090,61934277,2014-01-31,PRO
14729090,62008774,2014-06-06,PRO
14729090,62040752,2014-08-22,PRO
14729090,14605159,2015-01-26,CON
14729092,62007558,2014-06-04,PRO
14729095,14061016,2013-10-23,CON
14729096,11676023,2007-02-16,CIP
14729096,11838027,2007-08-13,CIP
14729096,11845557,2007-08-27,CON
14729096,13542560,2012-07-05,CON
14729097,13015183,2011-01-27,CON
14729098,61846141,2013-07-15,PRO
14729098,14075244,2013-11-08,CON
14729101,62014762,2014-06-20,PRO
14729104,12140112,2008-06-16,DIV
14729104,12683146,2010-01-06,DIV
14729105,14265735,2014-04-30,DIV
14729106,14521973,2014-10-23,CON
14729108,12845227,2010-07-28,DIV
14729113,10500522,2005-04-06,CON
14729113,13340115,2011-12-29,CON
14729113,PCT/DE2003/000844,2003-03-17,NST
14729114,62008919,2014-06-06,PRO
14729117,14256267,2014-04-18,CON
14729119,14242267,2014-04-01,CIP
14729122,13668487,2012-11-05,CON
14729122,PCT/JP2011/059919,2011-04-22,CON
14729124,12411833,2009-03-26,CON
14729124,14104801,2013-12-12,CON
14729128,62009530,2014-06-09,PRO
14729130,PCT/JP2014/050590,2014-01-15,CON
14729135,13818640,2013-02-22,DIV
14729135,14486269,2014-09-15,CON
14729135,PCT/SE2013/050054,2013-01-24,NST
14729138,62007395,2014-06-03,PRO
14729142,14006008,2013-09-18,CON
14729142,PCT/JP2011/073647,2011-10-14,NST
14729144,61348851,2010-05-27,PRO
14729144,61348854,2010-05-27,PRO
14729144,61349022,2010-05-27,PRO
14729144,61349040,2010-05-27,PRO
14729144,61349052,2010-05-27,PRO
14729144,PCT/US11/00958,2011-05-27,NST
14729144,13700293,2012-11-27,DIV
14729148,62006945,2014-06-03,PRO
14729150,PCT/KR2015/000848,2015-01-27,CON
14729151,62011288,2014-06-12,PRO
14729154,62007650,2014-06-04,PRO
14729164,13628790,2012-09-27,CON
14729168,10250341,2004-10-12,CON
14729168,14025243,2013-09-12,CON
14729168,PCT/JP02/11168,2002-10-28,NST
14729179,61603411,2012-02-27,PRO
14729179,13779182,2013-02-27,CON
14729186,13084092,2011-04-11,REI
14729187,11736055,2007-04-17,CON
14729187,12964902,2010-12-10,CON
14729187,13708196,2012-12-07,CON
14729190,13832975,2013-03-15,DIV
14729197,PCT/EP2013/075131,2013-11-29,CON
14729201,13404344,2012-02-24,CON
14729211,PCT/US2013/072709,2013-12-03,CIP
14729214,13660416,2012-10-25,CON
14729217,13258034,2011-09-21,CIP
14729217,PCT/AU2010/000339,2010-03-24,NST
14729218,60874922,2006-12-14,PRO
14729218,60916415,2007-05-07,PRO
14729218,60985323,2007-11-05,PRO
14729218,12002245,2007-12-14,DIV
14729218,13034761,2011-02-25,CON
14729218,14176523,2014-02-10,CON
14729218,14524164,2014-10-27,CON
14729221,PCT/EP2013/063772,2013-07-01,CON
14729223,61946043,2014-02-28,PRO
14729223,14260492,2014-04-24,CIP
14729227,12138235,2008-06-12,DIV
14729229,PCT/CN2012/085935,2012-12-05,CON
14729232,62008340,2014-06-05,PRO
14729233,62008013,2014-06-05,PRO
14729234,13834612,2013-03-15,CON
14729236,62007141,2014-06-03,PRO
14729237,PCT/JP2013/007707,2013-12-27,CON
14729238,13164833,2011-06-21,CON
14729238,14449363,2014-08-01,CON
14729244,60592169,2004-07-29,PRO
14729244,10979065,2004-11-02,CON
14729244,11982042,2007-10-31,CON
14729244,13618237,2012-09-14,CON
14729245,61479029,2011-04-26,PRO
14729245,13353593,2012-01-19,CON
14729246,PCT/JP2013/084747,2013-12-25,CON
14729247,13048092,2011-03-15,CON
14729247,14190954,2014-02-26,CON
14729249,61303491,2010-02-11,PRO
14729249,13009262,2011-01-19,DIV
14729252,12439412,2009-02-27,CON
14729252,13656275,2012-10-19,CON
14729252,13918426,2013-06-14,CON
14729252,PCT/US2007/018926,2007-08-29,NST
14729253,13818635,2013-02-22,DIV
14729253,PCT/SE2011/051004,2011-08-22,NST
14729254,13929864,2013-06-28,DIV
14729256,12834589,2010-07-12,CON
14729256,14445445,2014-07-29,DIV
14729257,PCT/JP2014/062917,2014-05-15,CON
14729260,62007242,2014-06-03,PRO
14729260,62041423,2014-08-25,PRO
14729260,62115665,2015-02-13,PRO
14729262,13828885,2013-03-14,CON
14729264,14094963,2013-12-03,DIV
14729265,13850455,2013-03-26,DIV
14729266,61942743,2014-02-21,PRO
14729266,14275046,2014-05-12,CIP
14729266,14493869,2014-09-23,CIP
14729267,61298509,2010-01-26,PRO
14729267,61431036,2011-01-09,PRO
14729267,12929466,2011-01-26,DIV
14729268,13629595,2012-09-27,DIV
14729269,11940375,2007-11-15,CON
14729269,12356163,2009-01-20,DIV
14729269,13903184,2013-05-28,CON
14729271,13616930,2012-09-14,CON
14729271,14074307,2013-11-07,CON
14729272,60599777,2004-08-06,PRO
14729272,60599705,2004-08-06,PRO
14729272,11200526,2005-08-08,DIV
14729272,12512178,2009-07-30,DIV
14729272,13025195,2011-02-11,CON
14729272,13594309,2012-08-24,CON
14729272,14051651,2013-10-11,CON
14729272,14449749,2014-08-01,CON
14729275,PCT/JP2013/082683,2013-12-05,CON
14729276,13569512,2012-08-08,CON
14729280,61329207,2010-04-29,PRO
14729280,PCT/US11/34270,2011-04-28,NST
14729280,13643669,2013-03-07,CON
14729283,13616930,2012-09-14,CON
14729283,14074307,2013-11-07,CON
14729284,PCT/CN2013/088505,2013-12-04,CON
14729285,62012226,2014-06-13,PRO
14729289,14089312,2013-11-25,CON
14729290,14255934,2014-04-17,CON
14729293,62008548,2014-06-06,PRO
14729297,11090592,2005-03-28,DIV
14729297,13160960,2011-06-15,DIV
14729297,13653861,2012-10-17,DIV
14729301,10555106,2006-12-28,DIV
14729301,13838183,2013-03-15,DIV
14729301,PCT/EP2004/004165,2004-04-20,NST
14729302,PCT/JP2013/082794,2013-12-06,CON
14729304,62033807,2014-08-06,PRO
14729306,PCT/KR2013/011207,2013-12-05,CON
14729307,62011813,2014-06-13,PRO
14729309,13538139,2012-06-29,CON
14729310,62006978,2014-06-03,PRO
14729310,62169875,2015-06-02,PRO
14729314,61391249,2010-10-08,PRO
14729314,13027975,2011-02-15,CON
14729318,62007995,2014-06-05,PRO
14729319,61781624,2013-03-14,PRO
14729319,14208829,2014-03-13,DIV
14729321,61576501,2011-12-16,PRO
14729321,13712041,2012-12-12,DIV
14729321,14058636,2013-10-21,CON
14729321,14490910,2014-09-19,CON
14729326,61606536,2012-03-05,PRO
14729326,61684245,2012-08-17,PRO
14729326,13785748,2013-03-05,CIP
14729326,14336408,2014-07-21,CIP
14729326,14470600,2014-08-27,CIP
14729327,62007089,2014-06-03,PRO
14729331,13630027,2012-09-28,CON
14729335,62032407,2014-08-01,PRO
14729336,13013248,2011-01-25,CON
14729340,62008817,2014-06-06,PRO
14729343,61507332,2011-07-13,PRO
14729343,13544600,2012-07-09,CON
14729343,PCT/US2011/043866,2011-07-13,CIP
14729344,61692131,2012-08-22,PRO
14729344,61709924,2012-10-04,PRO
14729344,61817817,2013-04-30,PRO
14729344,61863064,2013-08-07,PRO
14729344,13973925,2013-08-22,CON
14729346,61450019,2011-03-07,PRO
14729346,13414473,2012-03-07,CON
14729348,12134187,2008-06-05,CIP
14729348,13461738,2012-05-01,CIP
14729348,62012882,2014-06-16,PRO
14729348,62017066,2014-06-25,PRO
14729348,14575432,2014-12-18,CIP
14729348,14632832,2015-02-26,CIP
14729349,13396128,2012-02-14,CON
14729350,61645635,2012-05-11,PRO
14729350,13891197,2013-05-10,CON
14729354,62008225,2014-06-05,PRO
14729360,62012234,2014-06-13,PRO
14729360,62020842,2014-07-03,PRO
14729360,62131167,2015-03-10,PRO
14729360,62133232,2015-03-13,PRO
14729360,62135138,2015-03-18,PRO
14729361,62010912,2014-06-11,PRO
14729362,13722509,2012-12-20,DIV
14729366,60891811,2007-02-27,PRO
14729366,60891818,2007-02-27,PRO
14729366,12037557,2008-02-26,CON
14729366,14331479,2014-07-15,CON
14729367,13891521,2013-05-10,CIP
14729368,14234990,2014-01-24,CON
14729368,PCT/US2013/040074,2013-05-08,NST
14729369,62008424,2014-06-05,PRO
14729371,61139391,2008-12-19,PRO
14729371,PCT/US09/67618,2009-12-11,NST
14729371,13131370,2011-05-26,CIP
14729376,13018255,2011-01-31,CON
14729377,13241907,2011-09-23,CON
14729379,62010254,2014-06-10,PRO
14729380,11527629,2006-09-27,CIP
14729380,13923721,2013-06-21,CON
14729381,11166145,2005-06-27,DIV
14729384,61653962,2012-05-31,PRO
14729384,61671060,2012-07-12,PRO
14729384,13907143,2013-05-31,CON
14729387,13436277,2012-03-30,DIV
14729392,61298509,2010-01-26,PRO
14729392,61431036,2011-01-09,PRO
14729392,12929466,2011-01-26,DIV
14729393,62007046,2014-06-03,PRO
14729400,62007171,2014-06-03,PRO
14729401,12293388,2009-01-27,DIV
14729402,62008265,2014-06-05,PRO
14729407,14013180,2013-08-29,DIV
14729408,12097303,2008-06-13,CON
14729408,12570266,2009-09-30,CON
14729408,PCT/EP06/69974,2006-12-20,NST
14729409,62008190,2014-06-05,PRO
14729416,61975142,2014-04-04,PRO
14729416,14323082,2014-07-03,CON
14729416,14590707,2015-01-06,CON
14729425,61700310,2012-09-12,PRO
14729425,61703749,2012-09-20,PRO
14729425,14025227,2013-09-12,CON
14729428,62008105,2014-06-05,PRO
14729431,PCT/EP2013/076257,2013-12-11,CON
14729433,13863831,2013-04-16,CON
14729436,61728397,2012-11-20,PRO
14729436,14085597,2013-11-20,CIP
14729439,62010916,2014-06-11,PRO
14729441,62012600,2014-06-16,PRO
14729442,62009038,2014-06-06,PRO
14729445,13863831,2013-04-16,CON
14729446,10783462,2004-02-20,DIV
14729446,11502196,2006-08-10,CON
14729446,12128260,2008-05-28,DIV
14729449,14151505,2014-01-09,CON
14729449,14566262,2014-12-10,CON
14729453,13360956,2012-01-30,CON
14729454,14096481,2013-12-04,CON
14729455,13390854,2012-02-16,DIV
14729455,PCT/CN2010/076385,2010-08-26,NST
14729457,13850901,2013-03-26,CON
14729463,13635909,2012-09-19,DIV
14729463,PCT/RU2011/000407,2011-06-09,NST
14729468,62007241,2014-06-03,PRO
14729471,PCT/CN2012/086857,2012-12-18,CON
14729473,62008760,2014-06-06,PRO
14729477,13560899,2012-07-27,CON
14729479,12974912,2010-12-21,CON
14729480,PCT/JP2013/084762,2013-12-25,CON
14729481,12421329,2009-04-09,DIV
14729483,12190978,2008-08-13,CON
14729483,13531973,2012-06-25,CON
14729483,13853604,2013-03-29,CON
14729486,62007860,2014-06-04,PRO
14729488,PCT/CN2013/073650,2013-04-02,CON
14729489,62007167,2014-06-03,PRO
14729489,62109483,2015-01-29,PRO
14729493,14151505,2014-01-09,CON
14729493,14566252,2014-12-10,CON
14729494,62006984,2014-06-03,PRO
14729496,62007669,2014-06-04,PRO
14729498,61494643,2011-06-08,PRO
14729498,PCT/US12/41638,2012-06-08,NST
14729498,14124979,2014-03-24,CON
14729499,13809907,2013-02-25,CON
14729499,PCT/EP2011/060300,2011-06-21,NST
14729500,10726243,2003-12-02,CON
14729500,11752816,2007-05-23,CIP
14729500,11840290,2007-08-17,CON
14729500,14047825,2013-10-07,CON
14729505,62007124,2014-06-03,PRO
14729507,61219369,2009-06-22,PRO
14729507,12821107,2010-06-22,CON
14729513,13983090,2013-10-04,CON
14729513,PCT/US2012/024295,2012-02-08,NST
14729514,09340518,1999-06-28,CIP
14729514,09556051,2000-04-21,CIP
14729514,09885307,2001-06-20,CIP
14729514,10278636,2002-10-23,CIP
14729514,10668926,2003-09-23,CIP
14729514,60510876,2003-10-14,PRO
14729514,10917865,2004-08-13,DIV
14729514,12120963,2008-05-15,CON
14729514,13603074,2012-09-04,CON
14729516,61474502,2011-04-12,PRO
14729516,13445738,2012-04-12,CIP
14729516,13862363,2013-04-12,DIV
14729516,14319951,2014-06-30,CON
14729520,60911510,2007-04-12,PRO
14729520,60947984,2007-07-04,PRO
14729520,12035261,2008-02-21,CON
14729520,12728156,2010-03-19,CON
14729520,13104782,2011-05-10,REI
14729525,62008060,2014-06-05,PRO
14729530,13450015,2012-04-18,DIV
14729533,61939118,2014-02-12,PRO
14729533,62084471,2014-11-25,PRO
14729533,14621233,2015-02-12,CON
14729534,62007592,2014-06-04,PRO
14729535,62009508,2014-06-09,PRO
14729537,62007833,2014-06-04,PRO
14729540,PCT/JP2014/073273,2014-09-04,CON
14729542,11665155,2007-04-12,DIV
14729542,12662409,2010-04-15,DIV
14729542,12926283,2010-11-08,DIV
14729542,PCT/EP2005/055592,2005-10-27,NST
14729545,62009626,2014-06-09,PRO
14729547,62007162,2014-06-03,PRO
14729548,60535181,2004-01-07,PRO
14729548,60576417,2004-06-02,PRO
14729548,PCT/US05/00546,2005-01-06,NST
14729548,10585459,2009-07-27,CON
14729548,14171330,2014-02-03,CON
14729549,62009626,2014-06-09,PRO
14729551,12673097,2010-02-11,CON
14729551,14254424,2014-04-16,DIV
14729551,PCT/JP2008/064764,2008-08-13,NST
14729552,14162381,2014-01-23,DIV
14729554,62009626,2014-06-09,PRO
14729555,62008144,2014-06-05,PRO
14729555,62032010,2014-08-01,PRO
14729559,62009626,2014-06-09,PRO
14729560,61438000,2011-01-31,PRO
14729560,13361322,2012-01-30,CON
14729561,61997793,2014-06-09,PRO
14729561,62025041,2014-07-16,PRO
14729561,62036762,2014-08-13,PRO
14729562,62007736,2014-06-04,PRO
14729563,14301662,2014-06-11,CON
14729564,61466872,2011-03-23,PRO
14729564,13428543,2012-03-23,DIV
14729565,60840244,2006-08-25,PRO
14729565,11844872,2007-08-24,DIV
14729565,13803132,2013-03-14,CON
14729565,14515924,2014-10-16,CON
14729568,62007737,2014-06-04,PRO
14729569,62007092,2014-06-03,PRO
14729570,62009626,2014-06-09,PRO
14729572,09904203,2001-07-11,CIP
14729572,10187395,2002-06-28,DIV
14729572,11831723,2007-07-31,CON
14729572,12567161,2009-09-25,CON
14729572,12644953,2009-12-22,CON
14729572,12986220,2011-01-07,CON
14729572,13675622,2012-11-13,CON
14729572,13859373,2013-04-09,CON
14729572,13915056,2013-06-11,CON
14729572,14565803,2014-12-10,CON
14729572,14565824,2014-12-10,CON
14729575,13638271,2012-11-13,CON
14729575,PCT/EP2011/054954,2011-03-30,NST
14729577,62009626,2014-06-09,PRO
14729578,12864481,2011-09-16,CON
14729578,14175410,2014-02-07,CON
14729578,PCT/US2009/000475,2009-01-22,NST
14729579,62007918,2014-06-04,PRO
14729583,11446188,2006-06-05,CON
14729583,13071028,2011-03-24,CON
14729583,14631259,2015-02-25,CON
14729590,60954660,2007-08-08,PRO
14729590,12188793,2008-08-08,CON
14729590,13411326,2012-03-02,CON
14729591,61724711,2012-11-09,PRO
14729591,14074980,2013-11-08,CON
14729592,62011976,2014-06-13,PRO
14729593,60840244,2006-08-25,PRO
14729593,11844872,2007-08-24,DIV
14729593,13803132,2013-03-14,CON
14729593,14515924,2014-10-16,CON
14729594,62007115,2014-06-03,PRO
14729596,11940506,2007-11-15,CON
14729598,PCT/CN2013/088282,2013-12-02,CON
14729599,61939118,2014-02-12,PRO
14729599,62084471,2014-11-25,PRO
14729599,14621250,2015-02-12,CON
14729601,60840244,2006-08-25,PRO
14729601,11844872,2007-08-24,DIV
14729601,13803132,2013-03-14,CON
14729601,14515924,2014-10-16,CON
14729602,61724711,2012-11-09,PRO
14729602,14074980,2013-11-08,CIP
14729605,61383811,2010-09-17,PRO
14729605,61384447,2010-09-20,PRO
14729605,61439473,2011-02-04,PRO
14729605,61480258,2011-04-28,PRO
14729605,61480271,2011-04-28,PRO
14729605,13235860,2011-09-19,CIP
14729605,13803028,2013-03-14,DIV
14729607,13933817,2013-07-02,CON
14729607,29509555,2014-11-19,CIP
14729607,14667843,2015-03-25,CIP
14729608,62027885,2014-07-23,PRO
14729608,62118384,2015-02-19,PRO
14729610,61452450,2011-03-14,PRO
14729610,13412119,2012-03-05,CIP
14729610,13787032,2013-03-06,DIV
14729610,13787153,2013-03-06,DIV
14729615,61245086,2009-09-23,PRO
14729615,12888994,2010-09-23,CON
14729617,11409139,2006-04-21,CON
14729617,12315614,2008-12-04,CIP
14729617,12719789,2010-03-08,CON
14729617,13161594,2011-06-16,CIP
14729617,13242139,2011-09-23,CON
14729617,14069584,2013-11-01,CON
14729618,62008315,2014-06-05,PRO
14729621,13248876,2011-09-29,CON
14729624,62013785,2014-06-18,PRO
14729626,60840244,2006-08-25,PRO
14729626,11844872,2007-08-24,DIV
14729626,13803132,2013-03-14,CON
14729626,14515924,2014-10-16,CON
14729627,62007145,2014-06-03,PRO
14729628,09904203,2001-07-11,CIP
14729628,10187395,2002-06-28,DIV
14729628,11831723,2007-07-31,CON
14729628,12567161,2009-09-25,CON
14729628,12644953,2009-12-22,CON
14729628,12986220,2011-01-07,CON
14729628,13675622,2012-11-13,CON
14729628,13859373,2013-04-09,CON
14729628,13915056,2013-06-11,CON
14729628,14565803,2014-12-10,CON
14729628,14565824,2014-12-10,CON
14729629,62008740,2014-06-06,PRO
14729630,61261831,2009-11-17,PRO
14729630,12948693,2010-11-17,DIV
14729633,60322084,2001-09-14,PRO
14729633,10245248,2002-09-16,DIV
14729633,11028879,2005-01-04,CON
14729633,12234898,2008-09-22,CON
14729633,13180101,2011-07-11,CON
14729633,13436011,2012-03-30,CON
14729633,13854822,2013-04-01,CON
14729634,60840244,2006-08-25,PRO
14729634,11844872,2007-08-24,DIV
14729634,13803132,2013-03-14,CON
14729634,14515924,2014-10-16,CON
14729635,11149569,2005-06-10,DIV
14729635,14184414,2014-02-19,CON
14729637,60384833,2002-06-04,PRO
14729637,10446791,2003-05-29,DIV
14729637,12230237,2008-08-26,CON
14729637,13168574,2011-06-24,DIV
14729640,62007435,2014-06-04,PRO
14729642,12576410,2009-10-09,DIV
14729642,13864916,2013-04-17,DIV
14729642,PCT/US2008/059931,2008-04-10,CIP
14729643,11419136,2006-05-18,CON
14729645,13928201,2013-06-26,DIV
14729648,10542158,2006-03-23,DIV
14729648,12942390,2010-11-09,CIP
14729648,13399355,2012-02-17,DIV
14729648,PCT/US2004/037148,2004-11-04,NST
14729649,62008744,2014-06-06,PRO
14729651,62008037,2014-06-05,PRO
14729652,61898815,2013-11-01,PRO
14729652,14270690,2014-05-06,CIP
14729652,62010585,2014-06-11,PRO
14729653,61573644,2011-09-09,PRO
14729653,13573046,2012-08-15,REI
14729655,62009525,2014-06-09,PRO
14729657,62014415,2014-06-19,PRO
14729658,61471508,2011-04-04,PRO
14729658,13112630,2011-05-20,CIP
14729658,13651040,2012-10-12,CIP
14729658,13788732,2013-03-07,CON
14729659,13768215,2013-02-15,CON
14729660,60840244,2006-08-25,PRO
14729660,11844872,2007-08-24,DIV
14729660,13803132,2013-03-14,CON
14729660,14515924,2014-10-16,CON
14729664,62022835,2014-07-10,PRO
14729666,62011272,2014-06-12,PRO
14729669,62008234,2014-06-05,PRO
14729670,13343916,2012-01-05,DIV
14729673,14296272,2014-06-04,CIP
14729675,60840244,2006-08-25,PRO
14729675,11844872,2007-08-24,DIV
14729675,13803132,2013-03-14,CON
14729675,14515924,2014-10-16,CON
14729677,13429068,2012-03-23,DIV
14729679,60983518,2007-10-29,PRO
14729679,61076988,2008-06-30,PRO
14729679,61086767,2008-08-06,PRO
14729679,12257268,2008-10-23,CON
14729679,13310631,2011-12-02,CON
14729679,13683705,2012-11-21,DIV
14729679,14016508,2013-09-03,CON
14729679,14320260,2014-06-30,CON
14729684,09945413,2001-08-31,CON
14729684,11378585,2006-03-15,CON
14729684,14467743,2014-08-25,CON
14729684,14467768,2014-08-25,CON
14729688,60840244,2006-08-25,PRO
14729688,11844872,2007-08-24,DIV
14729688,13803132,2013-03-14,CON
14729688,14515924,2014-10-16,CON
14729689,62008932,2014-06-06,PRO
14729690,61434640,2011-01-20,PRO
14729690,13354996,2012-01-20,DIV
14729693,62010192,2014-06-10,PRO
14729694,PCT/CN2013/087748,2013-11-25,CON
14729695,61526989,2011-08-24,PRO
14729695,13592644,2012-08-23,CON
14729698,12934228,2011-06-15,DIV
14729698,PCT/EP2009/053399,2009-03-23,NST
14729699,62011275,2014-06-12,PRO
14729700,61468502,2011-03-28,PRO
14729700,61530859,2011-09-02,PRO
14729700,61560699,2011-11-16,PRO
14729700,13431716,2012-03-27,CON
14729701,13745110,2013-01-18,CON
14729704,62007169,2014-06-03,PRO
14729705,12976892,2010-12-22,CON
14729705,13917495,2013-06-13,CON
14729707,62007143,2014-06-03,PRO
14729711,62007043,2014-06-03,PRO
14729712,62015762,2014-06-23,PRO
14729713,62007225,2014-06-03,PRO
14729715,13658591,2012-10-23,CIP
14729716,62009619,2014-06-09,PRO
14729717,62006905,2014-06-03,PRO
14729719,62006930,2014-06-03,PRO
14729720,60141501,1999-06-28,PRO
14729720,09604470,2000-06-26,CON
14729720,10457102,2003-06-06,CON
14729720,12212873,2008-09-18,CON
14729720,13933592,2013-07-02,CON
14729722,62007207,2014-06-03,PRO
14729723,PCT/JP2013/084082,2013-12-19,CON
14729727,14085369,2013-11-20,CON
14729729,13711042,2012-12-11,DIV
14729730,13804886,2013-03-14,CON
14729731,62007207,2014-06-03,PRO
14729734,60179523,2000-02-01,PRO
14729734,60179552,2000-02-01,PRO
14729734,09773883,2001-01-31,CON
14729734,12080595,2008-04-03,CON
14729734,13784129,2013-03-04,CON
14729734,14174587,2014-02-06,CON
14729735,10988375,2004-11-12,CON
14729735,12727997,2010-03-19,DIV
14729735,14192503,2014-02-27,CON
14729736,62020837,2014-07-03,PRO
14729737,62009957,2014-06-10,PRO
14729738,11174321,2005-07-01,CON
14729738,13411114,2012-03-02,CON
14729739,PCT/CN2013/087990,2013-11-28,CON
14729745,62009094,2014-06-06,PRO
14729748,62007102,2014-06-03,PRO
14729750,13563467,2012-07-31,DIV
14729752,12673432,2011-03-07,DIV
14729752,14036879,2013-09-25,DIV
14729752,PCT/JP2008/064437,2008-08-12,NST
14729753,62025927,2014-07-17,PRO
14729754,61580590,2011-12-27,PRO
14729754,61718563,2012-10-25,PRO
14729754,13725404,2012-12-21,CON
14729754,14283728,2014-05-21,CON
14729756,62007306,2014-06-03,PRO
14729757,14646494,,CIP
14729757,PCT/KR2013/010620,2013-11-21,NST
14729758,12377926,2010-09-03,DIV
14729758,PCT/US2007/075343,2007-08-07,NST
14729760,62007544,2014-06-04,PRO
14729764,61416719,2010-11-23,PRO
14729764,61521749,2011-08-09,PRO
14729764,13304303,2011-11-23,CON
14729764,13665755,2012-10-31,CIP
14729765,62007490,2014-06-04,PRO
14729768,09109126,1998-06-30,CON
14729768,09566070,2000-05-05,CON
14729768,10438705,2003-05-15,CON
14729768,11928400,2007-10-30,CON
14729768,13847325,2013-03-19,CON
14729768,14445784,2014-07-29,CON
14729768,14572980,2014-12-17,CON
14729771,14035700,2013-09-24,CON
14729771,14275725,2014-05-12,CON
14729771,14496486,2014-09-25,CON
14729772,13378863,2011-12-16,DIV
14729772,PCT/JP2010/006627,2010-11-11,NST
14729775,61672591,2012-07-17,PRO
14729775,13943525,2013-07-16,CON
14729776,13818374,2013-02-22,CON
14729776,PCT/IB2011/053685,2011-08-23,NST
14729780,62007192,2014-06-03,PRO
14729782,62008602,2014-06-06,PRO
14729783,12989787,2010-11-23,DIV
14729783,PCT/EP2009/055099,2009-04-28,NST
14729785,12480381,2009-06-08,CON
14729787,12109516,2008-04-25,CON
14729787,13456511,2012-04-26,CON
14729787,14226405,2014-03-26,CON
14729790,13789325,2013-03-07,DIV
14729791,12120368,2008-05-14,CON
14729794,09597893,2000-06-19,CIP
14729794,09975312,2001-10-12,CON
14729794,12731254,2010-03-25,CON
14729794,13336399,2011-12-23,CON
14729800,13278279,2011-10-21,DIV
14729803,62007008,2014-06-03,PRO
14729809,13882088,2013-04-26,CIP
14729809,PCT/US2011/057111,2011-10-20,NST
14729814,61158121,2009-03-06,PRO
14729814,12718506,2010-03-05,CON
14729815,61222138,2009-07-01,PRO
14729815,61326008,2010-04-20,PRO
14729815,12828439,2010-07-01,CON
14729819,61161688,2009-03-19,PRO
14729819,12727684,2010-03-19,CON
14729820,62012560,2014-06-16,PRO
14729822,62013447,2014-06-17,PRO
14729823,61767272,2013-02-21,PRO
14729823,13875691,2013-05-02,CIP
14729823,14222695,2014-03-24,CIP
14729823,PCT/US2012/051817,2012-08-22,CIP
14729826,61191479,2008-09-08,PRO
14729826,61199353,2008-11-14,PRO
14729826,12554449,2009-09-04,DIV
14729826,13364845,2012-02-02,CON
14729827,60998674,2007-10-12,PRO
14729827,60999679,2007-10-19,PRO
14729827,61017845,2007-12-31,PRO
14729827,PCT/US08/11725,2008-10-14,NST
14729827,12682732,2010-07-21,CON
14729827,13669666,2012-11-06,CON
14729829,11855740,2007-09-14,DIV
14729830,13443700,2012-04-10,CON
14729831,61754375,2013-01-18,PRO
14729831,13841226,2013-03-15,CON
14729832,13563467,2012-07-31,DIV
14729833,13704202,2012-12-13,CON
14729833,PCT/JP2011/063744,2011-06-15,NST
14729838,62007173,2014-06-03,PRO
14729839,62006988,2014-06-03,PRO
14729840,12280923,2008-08-27,DIV
14729840,13014344,2011-01-26,DIV
14729840,13560644,2012-07-27,DIV
14729840,PCT/KR2007/006846,2007-12-26,NST
14729846,60374344,2002-04-19,PRO
14729846,60451607,2003-03-03,PRO
14729846,10419303,2003-04-18,CON
14729846,13361265,2012-01-30,CON
14729846,13686485,2012-11-27,CON
14729846,14166344,2014-01-28,CON
14729848,12032379,2008-02-15,CON
14729848,14089071,2013-11-25,CON
14729849,PCT/JP2014/064020,2014-05-27,CON
14729850,61997622,2014-06-06,PRO
14729851,13599996,2012-08-30,CIP
14729851,13853712,2013-03-29,CIP
14729851,61808733,2013-04-05,PRO
14729851,14156457,2014-01-16,CIP
14729851,14574175,2014-12-17,CIP
14729856,13818374,2013-02-22,CON
14729856,PCT/IB2011/053685,2011-08-23,NST
14729857,12942004,2010-11-08,DIV
14729857,14041907,2013-12-18,CON
14729859,61259989,2009-11-10,PRO
14729859,12691715,2010-01-21,CON
14729859,13249828,2011-09-30,CON
14729859,14321533,2014-07-01,CON
14729860,61502086,2011-06-28,PRO
14729860,13526968,2012-06-19,CON
14729862,60935261,2007-08-02,PRO
14729862,12219953,2008-07-31,CON
14729862,13611811,2012-09-12,CON
14729863,62006937,2014-06-03,PRO
14729864,61035559,2008-03-11,PRO
14729864,61080140,2008-07-11,PRO
14729864,12401478,2009-03-10,CON
14729864,13713974,2012-12-13,CON
14729864,14157039,2014-01-16,CON
14729864,14635677,2015-03-02,DIV
14729865,13512334,2012-05-27,CON
14729865,14317968,2014-06-27,CON
14729865,PCT/EP2010/007197,2010-11-26,NST
14729866,14496221,2014-09-25,CON
14729866,PCT/CN2014/070882,2014-01-20,CON
14729867,62007617,2014-06-04,PRO
14729868,61222138,2009-07-01,PRO
14729868,61326008,2010-04-20,PRO
14729868,12828439,2010-07-01,DIV
14729870,62026001,2014-07-17,PRO
14729870,62117253,2015-02-17,PRO
14729872,PCT/JP2013/080411,2013-11-11,CON
14729873,62007061,2014-06-03,PRO
14729873,62087650,2014-12-04,PRO
14729873,62089557,2014-12-09,PRO
14729874,62007584,2014-06-04,PRO
14729877,11059973,2005-02-16,DIV
14729877,13085361,2011-04-12,CON
14729879,62008273,2014-06-05,PRO
14729881,62007111,2014-06-03,PRO
14729882,13818374,2013-02-22,CON
14729882,PCT/IB2011/053685,2011-08-23,NST
14729884,14448182,2014-07-31,CON
14729886,14295863,2014-06-04,CIP
14729889,13677349,2012-11-15,CON
14729890,11888991,2007-08-02,CON
14729890,13476722,2012-05-21,CON
14729895,PCT/JP2013/084218,2013-12-20,CON
14729896,13514102,2012-08-13,CON
14729896,PCT/US2010/059809,2010-12-10,NST
14729897,PCT/JP2013/083039,2013-12-10,CON
14729899,14294394,2014-06-03,CON
14729899,PCT/CN2012/085987,2012-12-06,CON
14729901,61581887,2011-12-30,PRO
14729901,13730095,2012-12-28,CON
14729904,14233953,2014-01-21,CON
14729904,PCT/US2013/072368,2013-11-27,NST
14729905,62008776,2014-06-06,PRO
14729906,PCT/CN2013/087404,2013-11-19,CON
14729907,61534503,2011-09-14,PRO
14729907,13617782,2012-09-14,CON
14729908,61394136,2010-10-18,PRO
14729908,61444212,2011-02-18,PRO
14729908,13276238,2011-10-18,DIV
14729908,13673799,2012-11-09,DIV
14729910,62008939,2014-06-06,PRO
14729917,61713003,2012-10-12,PRO
14729917,13940190,2013-07-11,CON
14729918,13818374,2013-02-22,CON
14729918,PCT/IB2011/053685,2011-08-23,NST
14729919,61555830,2011-11-04,PRO
14729919,13668713,2012-11-05,DIV
14729922,13990395,2013-05-29,CON
14729922,14500792,2014-09-29,CON
14729922,PCT/JP2011/007106,2011-12-20,NST
14729923,13808203,2013-12-31,DIV
14729923,PCT/NZ2011/000128,2011-07-08,NST
14729924,PCT/CN2013/088440,2013-12-03,CON
14729926,62007462,2014-06-04,PRO
14729927,62007078,2014-06-03,PRO
14729929,09757323,2001-01-09,DIV
14729929,10367465,2003-02-14,DIV
14729929,11982208,2007-10-31,CON
14729931,PCT/JP2013/083092,2013-12-10,CON
14729933,62010060,2014-06-10,PRO
14729934,60380842,2002-05-17,PRO
14729934,60424600,2002-11-06,PRO
14729934,10438213,2003-05-15,CIP
14729934,11244117,2005-10-04,CON
14729934,12070451,2008-02-19,CON
14729934,13889473,2013-05-08,CON
14729934,14145171,2013-12-31,CON
14729935,62007033,2014-06-03,PRO
14729936,61711717,2012-10-09,PRO
14729936,14050256,2013-10-09,CIP
14729937,62007243,2014-06-03,PRO
14729940,62007244,2014-06-03,PRO
14729940,62035417,2014-08-09,PRO
14729940,62056957,2014-09-29,PRO
14729940,62150059,2015-04-20,PRO
14729941,61447173,2011-02-28,PRO
14729941,13407401,2012-02-28,CON
14729945,62006973,2014-06-03,PRO
14729947,12681847,2010-04-06,REI
14729947,PCT/US2008/078896,2008-10-06,NST
14729948,PCT/CN2013/086567,2013-11-05,CON
14729949,62007374,2014-06-03,PRO
14729950,61831424,2013-06-05,PRO
14729950,13954808,2013-07-30,CON
14729953,13698201,2012-11-15,CON
14729953,PCT/JP2011/061709,2011-05-17,NST
14729955,61356372,2010-06-18,PRO
14729955,13164452,2011-06-20,CON
14729956,62011529,2014-06-12,PRO
14729957,14233953,2014-01-21,CIP
14729957,PCT/US2013/072368,2013-11-27,NST
14729958,61498899,2011-06-20,PRO
14729958,13165423,2011-06-21,CIP
14729958,13527883,2012-06-20,CON
14729958,PCT/CA2012/000009,2012-01-06,CIP
14729959,61729097,2012-11-21,PRO
14729959,14085545,2013-11-20,DIV
14729963,61534503,2011-09-14,PRO
14729963,13617782,2012-09-14,CON
14729964,14448215,2014-07-31,CON
14729965,61891676,2013-10-16,PRO
14729965,14514607,2014-10-15,CON
14729966,PCT/CN2014/084082,2014-08-11,CON
14729969,61254236,2009-10-23,PRO
14729969,PCT/US10/53363,2010-10-20,NST
14729969,13502980,2012-09-11,CON
14729972,PCT/CN2013/082028,2013-08-22,CON
14729973,61080192,2008-07-11,PRO
14729973,61104222,2008-10-09,PRO
14729973,12355725,2009-01-16,CIP
14729973,12501345,2009-07-10,CIP
14729973,61294077,2010-01-11,PRO
14729973,13004844,2011-01-11,CON
14729973,14188479,2014-02-24,CON
14729976,62007229,2014-06-03,PRO
14729979,14114017,2013-10-25,CON
14729979,PCT/JP2012/059915,2012-04-11,NST
14729981,13830301,2013-03-14,DIV
14729984,13185860,2011-07-19,DIV
14729985,13141292,2011-06-21,CON
14729985,PCT/KR2009/007641,2009-12-21,NST
14729986,62007047,2014-06-03,PRO
14729987,61725292,2012-11-12,PRO
14729987,14078058,2013-11-12,CON
14729988,61377004,2010-08-25,PRO
14729988,61377022,2010-08-25,PRO
14729988,61377031,2010-08-25,PRO
14729988,61377038,2010-08-25,PRO
14729988,61377048,2010-08-25,PRO
14729988,13218412,2011-08-25,CON
14729990,13761052,2013-02-06,CON
14729991,62006968,2014-06-03,PRO
14729999,PCT/US2013/073022,2013-12-04,CON
14730002,60310534,2001-08-06,PRO
14730002,10214412,2002-08-06,CON
14730002,12653115,2009-12-08,CON
14730002,13349449,2012-01-12,CON
14730002,13726324,2012-12-24,CON
14730002,14243580,2014-04-02,CON
14730003,60310534,2001-08-06,PRO
14730003,10214412,2002-08-06,CON
14730003,12653115,2009-12-08,CON
14730003,13349449,2012-01-12,CON
14730003,13726324,2012-12-24,CON
14730003,14243580,2014-04-02,CON
14730005,61624915,2012-04-16,PRO
14730005,61624925,2012-04-16,PRO
14730005,61624934,2012-04-16,PRO
14730005,13485883,2012-05-31,DIV
14730007,61534503,2011-09-14,PRO
14730007,13617782,2012-09-14,CON
14730009,62006992,2014-06-03,PRO
14730010,60624026,2004-11-01,PRO
14730010,11264794,2005-11-01,CON
14730010,12419788,2009-04-07,CON
14730010,13045148,2011-03-10,CON
14730010,13622979,2012-09-19,CON
14730010,14311071,2014-06-20,CON
14730010,14553625,2014-11-25,CON
14730014,62008863,2014-06-06,PRO
14730016,60310534,2001-08-06,PRO
14730016,10214412,2002-08-06,CON
14730016,12653115,2009-12-08,CON
14730016,13349449,2012-01-12,CON
14730016,13726324,2012-12-24,CON
14730016,14243580,2014-04-02,CON
14730017,60310534,2001-08-06,PRO
14730017,10214412,2002-08-06,CON
14730017,12653115,2009-12-08,CON
14730017,13349449,2012-01-12,CON
14730017,13726324,2012-12-24,CON
14730017,14243580,2014-04-02,CON
14730019,62029279,2014-07-25,PRO
14730019,14495494,2014-09-24,CIP
14730021,60310534,2001-08-06,PRO
14730021,10214412,2002-08-06,CON
14730021,12653115,2009-12-08,CON
14730021,13349449,2012-01-12,CON
14730021,13726324,2012-12-24,CON
14730021,14243580,2014-04-02,CON
14730024,13976344,2013-06-26,DIV
14730024,PCT/JP2011/080589,2011-12-26,NST
14730025,14010725,2013-08-27,CON
14730029,PCT/KR2014/002083,2014-03-13,CON
14730030,12333977,2008-12-12,DIV
14730030,12572590,2009-10-02,CIP
14730030,61441561,2011-02-10,PRO
14730030,61444914,2011-02-21,PRO
14730030,13191318,2011-07-26,DIV
14730031,14010725,2013-08-27,CON
14730034,13683272,2012-11-21,DIV
14730035,PCT/CN2013/083882,2013-09-22,CON
14730036,62007874,2014-06-04,PRO
14730039,14010725,2013-08-27,CON
14730040,13381884,2013-07-12,CON
14730040,PCT/US2011/041521,2011-06-22,NST
14730041,62009112,2014-06-06,PRO
14730043,62007342,2014-06-03,PRO
14730046,62008421,2014-06-05,PRO
14730046,62130443,2015-03-09,PRO
14730046,62143699,2015-04-06,PRO
14730047,11555207,2006-10-31,CON
14730047,14042629,2013-09-30,CON
14730051,62008834,2014-06-06,PRO
14730054,62006979,2014-06-03,PRO
14730056,62006977,2014-06-03,PRO
14730061,13366647,2012-02-06,CON
14730062,13091933,2011-04-21,CON
14730063,13475979,2012-05-19,CON
14730065,14296362,2014-06-04,CIP
14730067,62009053,2014-06-06,PRO
14730068,61664945,2012-06-27,PRO
14730068,13929715,2013-06-27,CON
14730071,62007717,2014-06-04,PRO
14730073,14263046,2014-04-28,CON
14730077,61256920,2009-10-30,PRO
14730077,12916481,2010-10-29,DIV
14730077,13477026,2012-05-21,CON
14730079,12859467,2010-08-19,CON
14730079,13478196,2012-05-23,CON
14730081,12359215,2009-01-23,CON
14730084,PCT/CN2013/077745,2013-06-24,CIP
14730086,62007571,2014-06-04,PRO
14730090,60875726,2006-12-19,PRO
14730090,11960128,2007-12-19,CON
14730090,12819902,2010-06-21,CIP
14730090,13625230,2012-09-24,CIP
14730090,14185671,2014-02-20,CON
14730093,61774540,2013-03-07,PRO
14730093,61890862,2013-10-14,PRO
14730093,14199854,2014-03-06,CON
14730098,13055926,2011-01-25,CON
14730098,PCT/KR2009/003549,2009-06-30,NST
14730100,14127090,2013-12-17,CON
14730100,PCT/US2012/043644,2012-06-21,NST
14730101,62007199,2014-06-03,PRO
14730104,10009411,2001-12-10,REI
14730104,11299243,2005-12-09,CON
14730104,13300733,2011-11-21,CON
14730104,14094706,2013-12-02,CON
14730104,PCT/AT01/00088,2001-03-26,NST
14730107,14184564,2014-02-19,CON
14730108,13185391,2011-07-18,CON
14730108,14183805,2014-02-19,CON
14730108,PCT/US2009/054417,2009-08-20,CON
14730110,14188549,2014-02-24,CON
14730112,62007329,2014-06-03,PRO
14730117,13029054,2011-02-16,CIP
14730117,61483314,2011-05-06,PRO
14730117,13277187,2011-10-19,CIP
14730117,14026163,2013-09-13,CIP
14730117,14053231,2013-10-14,CON
14730119,61377842,2010-08-27,PRO
14730119,13219393,2011-08-26,CON
14730120,13984477,2013-08-08,CON
14730120,PCT/EP2011/051820,2011-02-08,NST
14730122,61915113,2013-12-12,PRO
14730122,61953616,2014-03-14,PRO
14730122,61969019,2014-03-21,PRO
14730122,61970551,2014-03-26,PRO
14730122,62014516,2014-06-19,PRO
14730122,14569513,2014-12-12,CON
14730124,60888065,2007-02-02,PRO
14730124,60984386,2007-11-01,PRO
14730124,61019588,2008-01-07,PRO
14730124,12024884,2008-02-01,CON
14730124,13084397,2011-04-11,CON
14730124,13341358,2011-12-30,CON
14730124,13926855,2013-06-25,CON
14730127,60956691,2007-08-18,PRO
14730127,12193590,2008-08-18,CIP
14730129,13966277,2013-08-13,DIV
14730132,13419538,2012-03-14,DIV
14730133,62007107,2014-06-03,PRO
14730134,62007777,2014-06-04,PRO
14730138,62007312,2014-06-03,PRO
14730139,60956691,2007-08-18,PRO
14730139,12193590,2008-08-18,CIP
14730140,13533398,2012-06-26,CON
14730141,62007270,2014-06-03,PRO
14730144,61911618,2013-12-04,PRO
14730144,61946339,2014-02-28,PRO
14730144,61977512,2014-04-09,PRO
14730144,62059588,2014-10-03,PRO
14730144,14558706,2014-12-02,CIP
14730145,62007356,2014-06-03,PRO
14730146,61758699,2013-01-30,PRO
14730146,61769465,2013-02-26,PRO
14730146,14161140,2014-01-22,CON
14730147,61537386,2011-09-21,PRO
14730147,13573542,2012-09-21,CON
14730150,13591455,2012-08-22,CON
14730152,62007403,2014-06-03,PRO
14730155,60956691,2007-08-18,PRO
14730155,12193590,2008-08-18,CIP
14730156,PCT/CN2013/085376,2013-10-17,CON
14730159,62007403,2014-06-03,PRO
14730160,10105308,2002-03-26,CON
14730160,11264050,2005-11-02,CON
14730160,12426368,2009-04-20,CON
14730160,13225980,2011-09-06,CON
14730160,13450523,2012-04-19,CON
14730160,13874135,2013-04-30,CON
14730160,14446489,2014-07-30,CON
14730161,61445347,2011-02-22,PRO
14730161,13402718,2012-02-22,CON
14730162,11650201,2007-01-03,CON
14730162,13343604,2012-01-04,CON
14730162,14448893,2014-07-31,CON
14730163,62007403,2014-06-03,PRO
14730166,62007337,2014-06-03,PRO
14730167,61071563,2008-05-06,PRO
14730167,12453290,2009-05-06,DIV
14730167,13252494,2011-10-04,DIV
14730168,62007403,2014-06-03,PRO
14730172,62007317,2014-06-03,PRO
14730173,12012641,2008-02-05,CON
14730173,12800289,2010-05-11,CON
14730173,12927795,2010-11-23,CON
14730173,13134713,2011-06-14,DIV
14730176,62007079,2014-06-03,PRO
14730183,62007386,2014-06-03,PRO
14730185,13319255,2011-11-07,CON
14730185,PCT/US2010/033654,2010-05-05,NST
14730187,62007209,2014-06-03,PRO
14730189,62008975,2014-06-06,PRO
14730190,62007349,2014-06-03,PRO
14730192,62012159,2014-06-13,PRO
14730193,12496827,2009-07-02,DIV
14730193,13619357,2012-09-14,CON
14730194,62015227,2014-06-20,PRO
14730195,62012067,2014-06-13,PRO
14730196,62006923,2014-06-03,PRO
14730197,62075721,2014-11-05,PRO
14730198,62014767,2014-06-20,PRO
14730204,62007594,2014-06-04,PRO
14730207,62010394,2014-06-10,PRO
14730214,62007666,2014-06-04,PRO
14730217,62026004,2014-07-17,PRO
14730218,62007294,2014-06-03,PRO
14730224,12347890,2008-12-31,CON
14730227,11416276,2006-05-02,CIP
14730227,11764765,2007-06-18,CIP
14730227,12606918,2009-10-27,CON
14730227,13417568,2012-03-12,CON
14730227,13942356,2013-07-15,CIP
14730227,61976483,2014-04-07,PRO
14730227,62007103,2014-06-03,PRO
14730227,14681043,2015-04-07,CIP
14730228,62006897,2014-06-03,PRO
14730230,13848736,2013-03-22,DIV
14730232,62007413,2014-06-04,PRO
14730234,62013613,2014-06-18,PRO
14730243,13050357,2011-03-17,REI
14730244,14144491,2013-12-30,CON
14730248,62007968,2014-06-05,PRO
14730250,14296449,2014-06-04,CIP
14730253,12703155,2010-02-09,CIP
14730253,13867136,2013-04-22,DIV
14730256,61652345,2012-05-29,PRO
14730256,61707963,2012-09-30,PRO
14730256,13654463,2012-10-18,CON
14730256,14225466,2014-03-26,CON
14730256,PCT/IB2011/053143,2011-07-14,CIP
14730259,12832334,2010-07-08,CON
14730259,13658201,2012-10-23,CON
14730259,13856590,2013-04-04,CON
14730259,14486187,2014-09-15,CON
14730260,61498646,2011-06-20,PRO
14730260,61498658,2011-06-20,PRO
14730260,61498662,2011-06-20,PRO
14730260,13528088,2012-06-20,DIV
14730263,61734011,2012-12-06,PRO
14730263,14096041,2013-12-04,CON
14730265,PCT/IL2013/000089,2013-12-04,CON
14730267,62008500,2014-06-05,PRO
14730270,61353323,2010-06-10,PRO
14730270,13154538,2011-06-07,DIV
14730272,PCT/SE2013/051464,2013-12-06,CON
14730276,61265947,2009-12-02,PRO
14730276,12958664,2010-12-02,DIV
14730276,13948692,2013-07-23,CON
14730277,PCT/US2013/072952,2013-12-04,CIP
14730281,62011734,2014-06-13,PRO
14730283,13361221,2012-01-30,DIV
14730293,62008000,2014-06-05,PRO
14730297,62010468,2014-06-11,PRO
14730298,61247488,2009-09-30,PRO
14730298,12895150,2010-09-30,CON
14730299,62007515,2014-06-04,PRO
14730303,13266578,2012-02-06,CON
14730303,PCT/US2010/032677,2010-04-28,NST
14730305,PCT/CN2013/088117,2013-11-29,CON
14730306,13585094,2012-08-14,DIV
14730308,13881757,2013-04-26,CON
14730308,PCT/US2011/058013,2011-10-27,NST
14730309,13884047,2013-05-08,CON
14730309,PCT/JP2011/076133,2011-11-08,NST
14730310,14648076,2015-05-28,CON
14730310,PCT/US2013/077260,2013-11-27,NST
14730311,13585094,2012-08-14,DIV
14730312,12259454,2008-10-28,CON
14730314,13607694,2012-09-08,CIP
14730316,61656181,2012-06-06,PRO
14730316,61680398,2012-08-07,PRO
14730316,13912129,2013-06-06,CON
14730319,13081091,2011-04-06,CON
14730323,PCT/CN2013/087549,2013-11-21,CON
14730326,PCT/CN2014/080326,2014-06-19,CON
14730327,14219042,2014-03-19,DIV
14730330,61496158,2011-06-13,PRO
14730330,61527749,2011-08-26,PRO
14730330,13494358,2012-06-12,CON
14730334,10286868,2002-11-04,DIV
14730334,12758862,2010-04-13,DIV
14730334,13432009,2012-03-28,CON
14730334,13689888,2012-11-30,CON
14730334,14172943,2014-02-05,CON
14730335,10581924,2006-06-07,CON
14730335,PCT/SE2005/000024,2005-01-13,NST
14730336,62007974,2014-06-05,PRO
14730336,62138551,2015-03-26,PRO
14730337,13112215,2011-05-20,CON
14730342,62007959,2014-06-05,PRO
14730346,13591771,2012-08-22,DIV
14730350,62008251,2014-06-05,PRO
14730351,62008012,2014-06-05,PRO
14730352,14648076,2015-05-28,CON
14730352,PCT/US2013/072260,2013-11-27,NST
14730354,61067130,2008-02-26,PRO
14730354,12392577,2009-02-25,DIV
14730354,13346235,2012-01-09,DIV
14730354,14146377,2014-01-02,CON
14730358,62007974,2014-06-05,PRO
14730358,62138551,2015-03-26,PRO
14730362,11549310,2006-10-13,DIV
14730362,12426602,2009-04-20,DIV
14730362,14472598,2014-08-29,DIV
14730365,61941251,2014-02-18,PRO
14730365,62080569,2014-11-17,PRO
14730365,14625279,2015-02-18,DIV
14730366,61941251,2014-02-18,PRO
14730366,62080569,2014-11-17,PRO
14730366,14625279,2015-02-18,DIV
14730368,13166415,2011-06-22,CON
14730368,14468666,2014-08-26,CON
14730369,61941251,2014-02-18,PRO
14730369,62080569,2014-11-17,PRO
14730369,14625279,2015-02-18,DIV
14730371,61941251,2014-02-18,PRO
14730371,62080569,2014-11-17,PRO
14730371,14625279,2015-02-18,DIV
14730374,11721549,2007-06-13,CON
14730374,PCT/IB2005/054249,2005-12-14,NST
14730375,13966388,2013-08-14,CON
14730377,62013017,2014-06-17,PRO
14730379,62020297,2014-07-02,PRO
14730390,13220824,2011-08-30,DIV
14730392,11459302,2006-07-21,CON
14730392,14079511,2013-11-13,CON
14730395,61046201,2008-04-18,PRO
14730395,12420192,2009-04-08,CON
14730396,12994534,2011-02-22,CON
14730396,PCT/EP09/56390,2009-05-26,NST
14730399,61526378,2011-08-23,PRO
14730399,13592703,2012-08-23,CIP
14730399,13893077,2013-05-13,CON
14730400,62008563,2014-06-06,PRO
14730405,62007722,2014-06-04,PRO
14730407,12786997,2010-05-25,CON
14730410,61467081,2011-03-24,PRO
14730410,13429168,2012-03-23,CON
14730411,13242357,2011-09-23,CON
14730413,62012053,2014-06-13,PRO
14730414,PCT/JP2013/082415,2013-12-03,CON
14730418,62009126,2014-06-06,PRO
14730419,61545651,2011-10-11,PRO
14730419,13647880,2012-10-09,DIV
14730420,12545178,2009-08-21,CIP
14730420,12784010,2010-05-20,CIP
14730420,12942294,2010-11-09,CIP
14730420,13084611,2011-04-12,CIP
14730420,13221167,2011-08-30,CIP
14730420,13948406,2013-07-23,CON
14730421,13613230,2012-09-13,CON
14730424,61763583,2013-02-12,PRO
14730424,13831064,2013-03-14,CON
14730425,PCT/CN2013/087405,2013-11-19,CON
14730432,PCT/JP2013/082584,2013-12-04,CON
14730436,12976582,2010-12-22,DIV
14730436,13928425,2013-06-27,CON
14730437,13654686,2012-10-18,DIV
14730456,62008142,2014-06-05,PRO
14730456,62117722,2015-02-18,PRO
14730461,PCT/JP2013/082384,2013-12-02,CON
14730464,13543936,2012-07-09,DIV
14730470,13543936,2012-07-09,DIV
14730474,61454346,2011-03-18,PRO
14730474,13408826,2012-02-29,CON
14730477,62008006,2014-06-05,PRO
14730480,13160650,2011-06-15,DIV
14730485,13057387,2011-02-03,CIP
14730485,13165344,2011-06-21,DIV
14730485,PCT/US2009/052742,2009-08-04,NST
14730487,61654640,2012-06-01,PRO
14730487,13524334,2012-06-15,CON
14730488,62008194,2014-06-05,PRO
14730491,13789749,2013-03-08,DIV
14730492,13872244,2013-04-29,DIV
14730495,61311204,2010-03-05,PRO
14730495,13042411,2011-03-07,DIV
14730497,12740166,2010-10-22,DIV
14730497,PCT/EP2008/064820,2008-10-31,NST
14730502,13163137,2011-06-17,CON
14730502,13604198,2012-09-05,DIV
14730503,09210226,1998-12-11,CIP
14730503,09933461,2001-08-20,DIV
14730503,12545216,2009-08-21,CON
14730503,13735394,2013-01-07,CON
14730510,14297674,2014-06-06,CIP
14730512,60945440,2007-06-21,PRO
14730512,12144193,2008-06-23,CON
14730517,62008280,2014-06-05,PRO
14730521,61309467,2010-03-02,PRO
14730521,12906668,2010-10-18,CON
14730523,PCT/EP2013/074724,2013-11-26,CON
14730524,PCT/CN2013/080082,2013-07-25,CON
14730527,62008186,2014-06-05,PRO
14730528,PCT/CN2013/087470,2013-11-20,CON
14730530,13628268,2012-09-27,DIV
14730531,14129449,2013-12-26,CON
14730531,PCT/IB2012/053194,2012-06-25,NST
14730534,62011188,2014-06-12,PRO
14730536,13584442,2012-08-13,DIV
14730541,61734655,2012-12-07,PRO
14730541,61791294,2013-03-15,PRO
14730541,PCT/US13/72708,2013-12-03,CON
14730544,62007542,2014-06-04,PRO
14730544,62121033,2015-02-26,PRO
14730548,62007667,2014-06-04,PRO
14730550,PCT/CN2013/083048,2013-09-06,CON
14730551,61354746,2010-06-15,PRO
14730551,61359562,2010-06-29,PRO
14730551,13702931,2013-02-20,CON
14730551,14456194,2014-08-11,CON
14730551,PCT/GB2011/051068,2011-06-07,NST
14730552,PCT/JP2014/003354,2014-06-23,CON
14730553,62008294,2014-06-05,PRO
14730554,PCT/JP2014/050686,2014-01-16,CON
14730555,62008070,2014-06-05,PRO
14730559,62007526,2014-06-04,PRO
14730560,62007519,2014-06-04,PRO
14730561,13354602,2012-01-20,DIV
14730561,14460788,2014-08-15,DIV
14730562,61440578,2011-02-08,PRO
14730562,61441044,2011-02-09,PRO
14730562,61585834,2012-01-12,PRO
14730562,13367459,2012-02-07,CON
14730562,13934322,2013-07-03,CON
14730562,14471576,2014-08-28,CON
14730563,12345876,2008-12-30,DIV
14730563,14035624,2013-09-24,DIV
14730565,62007622,2014-06-04,PRO
14730566,62008200,2014-06-05,PRO
14730567,13972972,2013-08-22,CIP
14730569,14547923,2014-11-19,CON
14730572,13379841,2011-12-21,CON
14730572,PCT/IB10/53299,2010-07-20,NST
14730573,61330038,2010-04-30,PRO
14730573,PCT/US11/34309,2011-04-28,CON
14730573,13660224,2012-10-25,CON
14730574,62007541,2014-06-04,PRO
14730574,62042399,2014-08-27,PRO
14730574,62134633,2015-03-18,PRO
14730575,61736131,2012-12-12,PRO
14730575,13857470,2013-04-05,CON
14730575,14317543,2014-06-27,CON
14730575,14574740,2014-12-18,CON
14730576,13888713,2013-05-07,CON
14730577,61253454,2009-10-20,PRO
14730577,61310153,2010-03-03,PRO
14730577,61371837,2010-08-09,PRO
14730577,12908428,2010-10-20,CON
14730585,62022041,2014-07-08,PRO
14730588,PCT/EP2013/075862,2013-12-06,CON
14730589,PCT/EP2013/075797,2013-12-06,NST
14730595,13107038,2011-05-13,CON
14730595,14569226,2014-12-12,CON
14730595,PCT/IB2009/054987,2009-11-10,CIP
14730597,13900097,2013-05-22,CIP
14730599,62034158,2014-08-07,PRO
14730601,13119514,2011-05-31,CON
14730601,14222761,2014-03-24,CON
14730601,PCT/DK2009/050243,2009-09-17,NST
14730602,61903264,2013-11-12,PRO
14730602,14538722,2014-11-11,DIV
14730610,60731124,2005-10-28,PRO
14730610,60733943,2005-11-03,PRO
14730610,60794600,2006-04-25,PRO
14730610,11588517,2006-10-27,DIV
14730610,12380487,2009-02-27,DIV
14730610,12927519,2010-11-16,CON
14730610,13649960,2012-10-11,DIV
14730611,60345362,2001-10-24,PRO
14730611,10280104,2002-10-24,CIP
14730611,10420954,2003-04-22,CON
14730611,11699538,2007-01-29,CON
14730615,PCT/EP2013/075491,2013-12-04,CON
14730617,10685825,2003-10-13,CIP
14730617,60621900,2004-10-25,PRO
14730617,11259567,2005-10-25,CON
14730617,12467703,2009-05-18,CON
14730617,13180540,2011-07-11,CON
14730617,13764432,2013-02-11,CON
14730619,61679258,2012-08-03,PRO
14730619,61792251,2013-03-15,PRO
14730619,13958070,2013-08-02,CIP
14730619,14208293,2014-03-13,CON
14730621,13518366,2012-08-08,CON
14730621,PCT/JP2010/067681,2010-10-07,NST
14730622,PCT/CN2013/001504,2013-12-05,CIP
14730623,61603790,2012-02-27,PRO
14730623,13779602,2013-02-27,DIV
14730625,62010633,2014-06-11,PRO
14730631,13809877,2013-01-11,DIV
14730631,PCT/JP2012/050312,2012-01-11,NST
14730635,11672705,2007-02-08,CON
14730635,13347336,2012-01-10,CON
14730638,14279392,2014-05-16,DIV
14730639,62009072,2014-06-06,PRO
14730642,13660889,2012-10-25,CON
14730642,14231441,2014-03-31,CON
14730642,PCT/EP2011/056461,2011-04-21,CON
14730644,11821568,2007-06-22,CON
14730645,13959173,2013-08-05,CIP
14730648,14042067,2013-09-30,DIV
14730648,PCT/JP2012/058553,2012-03-30,CIP
14730649,61643968,2012-05-08,PRO
14730649,61656752,2012-06-07,PRO
14730649,61780381,2013-03-13,PRO
14730649,13853644,2013-03-29,CON
14730656,62009354,2014-06-09,PRO
14730658,13229838,2011-09-12,CON
14730659,PCT/EP2013/075498,2013-12-04,CON
14730660,62009068,2014-06-06,PRO
14730660,62020679,2014-07-03,PRO
14730662,62031340,2014-07-31,PRO
14730663,13475319,2012-05-18,CON
14730664,PCT/CN2014/080608,2014-06-24,CON
14730666,62008348,2014-06-05,PRO
14730669,PCT/EP2013/073247,2013-11-07,CON
14730671,61409902,2010-11-03,PRO
14730671,61438966,2011-02-02,PRO
14730671,61522231,2011-08-10,PRO
14730671,61546932,2011-10-13,PRO
14730671,13288815,2011-11-03,CON
14730672,62007698,2014-06-04,PRO
14730675,62008838,2014-06-06,PRO
14730676,12332130,2008-12-10,DIV
14730677,62007591,2014-06-04,PRO
14730682,62007521,2014-06-04,PRO
14730684,12874269,2010-09-02,CON
14730687,PCT/FR2013/052870,2013-11-27,CON
14730689,62014350,2014-06-19,PRO
14730691,11092748,2005-03-30,CON
14730691,11822723,2007-07-09,CON
14730691,12962341,2010-12-07,CON
14730691,13253283,2011-10-05,CON
14730691,13758603,2013-02-04,CON
14730691,14138385,2013-12-23,CON
14730693,62007480,2014-06-04,PRO
14730695,62037096,2014-08-13,PRO
14730696,61161025,2009-03-17,PRO
14730696,12584645,2009-09-08,CON
14730696,13865997,2013-04-18,CON
14730696,14487083,2014-09-15,CON
14730697,62008646,2014-06-06,PRO
14730698,62007447,2014-06-04,PRO
14730700,13680558,2012-11-19,CON
14730700,14184955,2014-02-20,CON
14730707,13810587,2013-05-31,DIV
14730707,PCT/US2011/044267,2011-07-15,NST
14730709,10622321,2003-07-17,CIP
14730709,10880408,2004-06-28,CIP
14730709,10880410,2004-06-28,CIP
14730709,10915914,2004-08-10,CIP
14730709,10958208,2004-10-04,CON
14730709,12221607,2008-08-04,CON
14730710,13625187,2012-09-24,CON
14730713,PCT/JP2013/082629,2013-12-04,CON
14730715,62010693,2014-06-11,PRO
14730716,13087236,2011-04-14,CON
14730716,13787696,2013-03-06,CON
14730716,14503043,2014-09-30,CON
14730717,62007425,2014-06-04,PRO
14730720,PCT/KR2013/011249,2013-12-06,CON
14730722,14042067,2013-09-30,DIV
14730722,PCT/JP2012/058553,2012-03-30,CIP
14730723,62008051,2014-06-05,PRO
14730725,62008347,2014-06-05,PRO
14730726,61032159,2008-02-28,PRO
14730726,12392298,2009-02-25,CON
14730726,13627222,2012-09-26,CON
14730726,14314229,2014-06-25,DIV
14730728,61567777,2011-12-07,PRO
14730728,61576614,2011-12-16,PRO
14730728,13660934,2012-10-25,CON
14730729,62007807,2014-06-04,PRO
14730730,62009511,2014-06-09,PRO
14730733,62013824,2014-06-18,PRO
14730734,13013541,2011-01-25,CON
14730734,13473139,2012-05-16,CON
14730734,14475453,2014-09-02,CON
14730739,13340463,2011-12-29,DIV
14730739,13765505,2013-02-12,CON
14730739,14631975,2015-02-26,CON
14730740,61768414,2013-02-23,PRO
14730740,14183148,2014-02-18,CIP
14730744,13983705,2013-08-05,DIV
14730744,PCT/JP2012/052740,2012-02-07,NST
14730748,13944864,2013-07-17,DIV
14730749,61355984,2010-06-17,PRO
14730749,13163208,2011-06-17,CON
14730751,12319750,2009-01-12,CIP
14730751,12322571,2009-02-04,CIP
14730751,12546470,2009-08-24,CON
14730752,62007709,2014-06-04,PRO
14730753,13503160,2012-07-09,CON
14730753,PCT/AU2010/001398,2010-10-21,NST
14730755,PCT/JP2013/074042,2013-09-06,CON
14730756,61644079,2012-05-08,PRO
14730756,13790452,2013-03-08,DIV
14730757,12050775,2008-03-18,CON
14730758,62008185,2014-06-05,PRO
14730758,62016905,2014-06-25,PRO
14730760,PCT/JP2014/000087,2014-01-10,CON
14730761,14026171,2013-09-13,CIP
14730761,62007436,2014-06-04,PRO
14730764,62009765,2014-06-09,PRO
14730764,62111888,2015-02-04,PRO
14730764,62117631,2015-02-18,PRO
14730765,10315250,2002-12-10,CIP
14730765,10494055,2004-04-29,CIP
14730765,61132469,2008-06-19,PRO
14730765,12371609,2009-02-15,CIP
14730765,61169779,2009-04-16,PRO
14730765,61171464,2009-04-22,PRO
14730765,12486033,2009-06-17,CIP
14730765,12667692,2010-01-05,CIP
14730765,61317255,2010-03-24,PRO
14730765,61317257,2010-03-24,PRO
14730765,12760568,2010-04-15,CIP
14730765,12760567,2010-04-15,CIP
14730765,61379012,2010-09-01,PRO
14730765,61380600,2010-09-07,PRO
14730765,61410930,2010-11-07,PRO
14730765,13052511,2011-03-21,CON
14730765,13053229,2011-03-22,CON
14730765,PCT/SE02/02000,2002-11-04,NST
14730765,PCT/SE2007/050508,2007-07-06,NST
14730766,14310345,2014-06-20,DIV
14730766,PCT/JP2014/000129,2014-01-14,CON
14730768,62016709,2014-06-25,PRO
14730768,62061899,2014-10-09,PRO
14730768,14643887,2015-03-10,CIP
14730770,13275402,2011-10-18,CON
14730770,13998758,2013-12-03,CON
14730771,61241321,2009-09-10,PRO
14730771,12879351,2010-09-10,DIV
14730774,61719477,2012-10-28,PRO
14730774,14063608,2013-10-25,CON
14730776,14036793,2013-09-25,DIV
14730776,14297901,2014-06-06,DIV
14730776,PCT/JP2012/007402,2012-11-19,CON
14730777,62009045,2014-06-06,PRO
14730781,62008095,2014-06-05,PRO
14730785,PCT/IB2013/001791,2013-08-19,CON
14730786,PCT/EP2013/003460,2013-11-16,CIP
14730788,12645672,2009-12-23,CON
14730796,13339060,2011-12-28,DIV
14730797,60641766,2005-01-07,PRO
14730797,60710944,2005-08-25,PRO
14730797,11327655,2006-01-09,CIP
14730797,11510510,2006-08-24,CON
14730797,12852328,2010-08-06,CON
14730797,13323387,2011-12-12,CON
14730797,13612103,2012-09-12,CON
14730797,13848449,2013-03-21,CON
14730797,14275712,2014-05-12,CON
14730798,62007912,2014-06-04,PRO
14730799,60120534,1999-02-17,PRO
14730799,09502252,2000-02-17,CON
14730799,10162317,2002-06-04,DIV
14730799,13385980,2012-03-19,CON
14730805,61121126,2008-12-09,PRO
14730805,61169077,2009-04-14,PRO
14730805,61224787,2009-07-10,PRO
14730805,12633995,2009-12-09,CON
14730805,14221675,2014-03-21,CON
14730806,61571233,2011-06-23,PRO
14730806,13529833,2012-06-21,CON
14730809,61121126,2008-12-09,PRO
14730809,61169077,2009-04-14,PRO
14730809,61224787,2009-07-10,PRO
14730809,12633995,2009-12-09,CON
14730809,14221675,2014-03-21,CON
14730810,14091841,2013-11-27,DIV
14730810,PCT/JP2011/006287,2011-11-10,CON
14730811,14196321,2014-03-04,DIV
14730813,PCT/AU2013/001418,2013-12-05,CON
14730816,61571233,2011-06-23,PRO
14730816,13529833,2012-06-21,DIV
14730818,62007752,2014-06-04,PRO
14730818,62058469,2014-10-01,PRO
14730822,61610320,2012-03-13,PRO
14730822,13763521,2013-02-08,DIV
14730824,61539303,2011-09-26,PRO
14730824,13627819,2012-09-26,CON
14730827,12984654,2011-01-05,CIP
14730833,13838035,2013-03-15,CON
14730835,62008286,2014-06-05,PRO
14730836,13790604,2013-03-08,CON
14730841,62007631,2014-06-04,PRO
14730842,62007455,2014-06-04,PRO
14730843,61230222,2009-07-31,PRO
14730843,61230234,2009-07-31,PRO
14730843,61288036,2009-12-18,PRO
14730843,61302110,2010-02-06,PRO
14730843,61312879,2010-03-11,PRO
14730843,61318503,2010-03-29,PRO
14730843,61333028,2010-05-10,PRO
14730843,61333041,2010-05-10,PRO
14730843,61359544,2010-06-29,PRO
14730843,PCT/US10/43892,2010-07-30,CIP
14730843,PCT/US10/43916,2010-07-30,CIP
14730843,PCT/US10/43916,2010-07-30,NST
14730843,12847568,2010-07-30,CIP
14730843,61379814,2010-09-03,PRO
14730843,61455778,2010-10-26,PRO
14730843,PCT/US11/23427,2011-02-02,CIP
14730843,61522116,2011-08-10,PRO
14730843,13387490,2012-04-13,CIP
14730843,13567827,2012-08-06,CON
14730844,13895739,2013-05-16,CON
14730845,61997549,2014-06-04,PRO
14730845,62125476,2015-01-21,PRO
14730846,14335469,2014-07-18,CIP
14730850,11902766,2007-09-25,CON
14730850,13019575,2011-02-02,CON
14730850,13675640,2012-11-13,CON
14730850,14180875,2014-02-14,CON
14730851,PCT/JP2014/002499,2014-05-12,CON
14730856,14239735,2014-02-19,REI
14730858,PCT/JP2013/082034,2013-11-28,CON
14730866,11472613,2006-06-22,CON
14730866,14525638,2014-10-28,CON
14730867,62007655,2014-06-04,PRO
14730868,13850534,2013-03-26,CON
14730871,62007474,2014-06-04,PRO
14730874,60618269,2004-10-12,PRO
14730874,11246163,2005-10-11,CON
14730874,12761586,2010-04-16,CON
14730874,12901699,2010-10-11,CON
14730874,13567261,2012-08-06,CON
14730874,13942938,2013-07-16,CON
14730874,14081469,2013-11-15,CON
14730876,62007500,2014-06-04,PRO
14730877,PCT/EP2013/074870,2013-11-27,CON
14730878,62019596,2014-07-01,PRO
14730878,62104447,2015-01-16,PRO
14730879,61997787,2014-06-10,PRO
14730880,10315250,2002-12-10,CIP
14730880,10494055,2004-04-29,CIP
14730880,61132469,2008-06-19,PRO
14730880,12371609,2009-02-15,CIP
14730880,61169779,2009-04-16,PRO
14730880,61171464,2009-04-22,PRO
14730880,12486033,2009-06-17,CIP
14730880,12667692,2010-01-05,CIP
14730880,61317255,2010-03-24,PRO
14730880,61317257,2010-03-24,PRO
14730880,12760568,2010-04-15,CIP
14730880,12760567,2010-04-15,CIP
14730880,61379012,2010-09-01,PRO
14730880,61380600,2010-09-07,PRO
14730880,61410930,2010-11-07,PRO
14730880,PCT/US11/29191,2011-03-21,CIP
14730880,61564164,2011-11-28,PRO
14730880,13424543,2012-03-20,CON
14730880,PCT/SE02/02000,2002-11-04,NST
14730880,PCT/SE2007/050508,2007-07-06,NST
14730883,62007817,2014-06-04,PRO
14730887,14032740,2013-09-20,DIV
14730889,61491292,2011-05-30,PRO
14730889,13190105,2011-07-25,CON
14730890,14190584,2014-02-26,CON
14730891,62008314,2014-06-05,PRO
14730893,62008867,2014-06-06,PRO
14730896,61727351,2012-11-16,PRO
14730896,14080960,2013-11-15,CON
14730897,62010929,2014-06-11,PRO
14730900,62008933,2014-06-06,PRO
14730905,13700595,2012-11-28,CON
14730905,13755297,2013-01-31,CON
14730905,PCT/EP2011/058038,2011-05-18,NST
14730907,13949007,2013-07-23,DIV
14730911,13826927,2013-03-14,CIP
14730911,62151217,2015-04-22,PRO
14730913,PCT/US15/34022,2015-06-03,CON
14730917,62009484,2014-06-09,PRO
14730919,13881601,2013-04-25,DIV
14730919,PCT/US2011/057203,2011-10-21,NST
14730921,62007679,2014-06-04,PRO
14730924,13430740,2012-03-27,CON
14730925,60187114,2000-03-06,PRO
14730925,09668403,2000-09-22,CON
14730925,09797049,2001-03-01,CIP
14730925,09947658,2001-09-05,CIP
14730925,60356390,2002-02-12,PRO
14730925,60368177,2002-03-27,PRO
14730925,PCT/US02/28488,2002-09-05,NST
14730925,10345643,2003-01-16,CIP
14730925,10488801,2004-12-16,CON
14730925,12429920,2009-04-24,CON
14730926,62007735,2014-06-04,PRO
14730929,62008382,2014-06-05,PRO
14730930,12742082,2010-05-21,CON
14730930,13963353,2013-08-09,CON
14730930,PCT/CA2008/001951,2008-11-07,NST
14730931,14270820,2014-05-06,CON
14730932,61677297,2012-07-30,PRO
14730932,13953050,2013-07-29,DIV
14730934,61362374,2010-07-08,PRO
14730934,12956634,2010-11-30,CON
14730934,13343332,2012-01-04,CIP
14730934,13424000,2012-03-19,CIP
14730934,13487348,2012-06-04,CON
14730934,13560607,2012-07-27,CON
14730934,13847927,2013-03-20,CON
14730934,14172649,2014-02-04,CON
14730935,13203711,2011-08-26,DIV
14730935,PCT/EP2010/052488,2010-02-26,NST
14730938,62013899,2014-06-18,PRO
14730939,13992468,2013-06-07,CON
14730939,PCT/KR2011/009494,2011-12-08,NST
14730940,13505294,2012-07-09,CON
14730940,14283578,2014-05-21,CON
14730940,PCT/JP2010/069528,2010-11-02,NST
14730941,13448989,2012-04-17,CON
14730945,PCT/JP2013/082628,2013-12-04,CON
14730951,12451049,2009-10-23,CON
14730951,13050427,2011-03-17,CON
14730951,13457987,2012-04-27,CON
14730951,14035807,2013-09-24,CON
14730951,14478686,2014-09-05,CON
14730951,PCT/KR2008/003339,2008-06-13,NST
14730953,13430142,2012-03-26,CON
14730954,62008885,2014-06-06,PRO
14730960,62011296,2014-06-12,PRO
14730962,62009718,2014-06-09,PRO
14730963,12853046,2010-08-09,DIV
14730964,61910799,2013-12-02,PRO
14730964,14557248,2014-12-01,CON
14730965,62007605,2014-06-04,PRO
14730966,14075056,2013-11-08,CON
14730968,62009060,2014-06-06,PRO
14730970,61306235,2010-02-19,PRO
14730970,61387916,2010-09-29,PRO
14730970,61410189,2010-11-04,PRO
14730970,13031122,2011-02-18,CON
14730970,13895629,2013-05-16,CON
14730970,14107888,2013-12-16,CON
14730970,14477323,2014-09-04,CON
14730974,14376027,2014-07-31,CON
14730974,PCT/US2013/025294,2013-02-08,NST
14730976,PCT/JP2012/008084,2012-12-18,CON
14730977,13575927,2012-07-27,CON
14730977,PCT/KR2011/000713,2011-02-01,NST
14730981,62007623,2014-06-04,PRO
14730982,62011166,2014-06-12,PRO
14730984,61672352,2012-07-17,PRO
14730984,13944161,2013-07-17,DIV
14730989,60085765,1998-05-16,PRO
14730989,60092784,1998-07-14,PRO
14730989,09700536,2001-11-29,CON
14730989,PCT/US99/11088,1999-05-17,NST
14730989,10216620,2002-08-09,CON
14730989,11333483,2006-01-17,CON
14730989,11804151,2007-05-17,CON
14730991,11613652,2006-12-20,CON
14730992,14086442,2013-11-21,CIP
14730992,14603636,2015-01-23,CIP
14730993,62010221,2014-06-10,PRO
14730993,62023589,2014-07-11,PRO
14730994,13791205,2013-03-08,DIV
14730994,PCT/US2012/034959,2012-04-25,CON
14730995,62007867,2014-06-04,PRO
14730996,62008283,2014-06-05,PRO
14730998,14270820,2014-05-06,CON
14730999,61167364,2009-04-07,PRO
14730999,12755838,2010-04-07,CON
14731001,PCT/CN2012/086178,2012-12-07,CON
14731005,61576931,2011-12-16,PRO
14731005,13711344,2012-12-11,CON
14731006,11571356,2006-12-27,CON
14731006,13228325,2011-09-08,CON
14731006,PCT/KR2005/002018,2005-06-28,NST
14731012,62008802,2014-06-06,PRO
14731013,13161624,2011-06-16,CIP
14731013,61561658,2011-11-18,PRO
14731013,61579873,2011-12-23,PRO
14731013,61592575,2012-01-30,PRO
14731013,61594113,2012-02-02,PRO
14731013,61621370,2012-04-06,PRO
14731013,61621372,2012-04-06,PRO
14731013,61621373,2012-04-06,PRO
14731013,13459061,2012-04-27,DIV
14731016,13145532,2011-07-20,CON
14731016,14291021,2014-05-30,CON
14731016,PCT/US2010/022268,2010-01-27,NST
14731020,13223906,2011-09-01,CON
14731020,13950862,2013-07-25,CIP
14731023,13289663,2011-11-04,CON
14731027,14246249,2014-04-07,CON
14731028,62007604,2014-06-04,PRO
14731029,14048439,2013-10-08,CON
14731030,PCT/GB2013/053064,2013-11-20,CON
14731033,61473560,2011-04-08,PRO
14731033,13442484,2012-04-09,CON
14731035,PCT/EP2012/074531,2012-12-05,CON
14731036,62009024,2014-06-06,PRO
14731036,62144177,2015-04-07,PRO
14731037,PCT/IB2014/066686,2014-12-08,CIP
14731043,61471872,2011-04-05,PRO
14731043,13440195,2012-04-05,CON
14731043,14602630,2015-01-22,CON
14731044,PCT/JP2013/007073,2013-12-03,CON
14731045,PCT/EP2013/075436,2013-12-03,CON
14731046,13992941,2013-06-10,CON
14731046,PCT/KR2011/004776,2011-06-30,NST
14731048,10515571,2004-11-23,CIP
14731048,10572148,2006-03-16,CIP
14731048,11562061,2006-11-21,CIP
14731048,11758393,2007-06-05,CON
14731048,12688314,2010-01-15,CON
14731048,13053451,2011-03-22,CON
14731048,14107711,2013-12-16,CON
14731048,PCT/US2004/039386,2004-11-23,NST
14731048,PCT/US2006/003415,2006-02-01,NST
14731050,61749052,2013-01-04,PRO
14731050,13763180,2013-02-08,CON
14731050,14088950,2013-11-25,CON
14731050,14316068,2014-06-26,CON
14731053,60548261,2004-02-27,PRO
14731053,11069472,2005-02-28,CON
14731053,13099424,2011-05-03,CON
14731053,14142160,2013-12-27,CON
14731059,61094644,2008-09-05,PRO
14731059,12806193,2009-09-02,CIP
14731059,12874853,2010-09-02,CON
14731059,14263623,2014-04-28,CON
14731060,11122280,2005-05-04,DIV
14731060,12612791,2009-11-05,CON
14731061,13377755,2012-04-30,DIV
14731061,PCT/US2010/038559,2010-06-14,NST
14731063,60724209,2005-10-05,PRO
14731063,60737978,2005-11-19,PRO
14731063,11544957,2006-10-05,CIP
14731063,11602128,2006-11-20,CIP
14731063,11888312,2007-07-30,CIP
14731063,12535594,2009-08-04,CON
14731063,13725308,2012-12-21,CON
14731064,62007616,2014-06-04,PRO
14731065,13783560,2013-03-04,DIV
14731068,13825776,2013-05-06,DIV
14731068,PCT/EP2011/066495,2011-09-22,NST
14731071,11859627,2007-09-21,DIV
14731071,12960971,2010-12-06,CON
14731073,11734597,2007-04-12,CIP
14731074,62036564,2014-08-12,PRO
14731075,61323704,2010-04-13,PRO
14731075,13025949,2011-02-11,CON
14731077,13366155,2012-02-03,DIV
14731078,10477725,2003-11-14,CON
14731078,12360635,2009-01-27,CON
14731078,13020545,2011-02-03,CON
14731078,13455905,2012-04-25,CON
14731078,14086558,2013-11-21,CON
14731078,PCT/DK02/00319,2002-05-15,NST
14731081,PCT/CN2012/085792,2012-12-04,CIP
14731082,61705062,2012-09-24,PRO
14731082,14034406,2013-09-23,CON
14731084,62007688,2014-06-04,PRO
14731085,62011701,2014-06-13,PRO
14731086,13012264,2011-01-24,CON
14731090,13697308,2013-01-04,CON
14731090,PCT/KR2011/003555,2011-05-13,NST
14731091,62008362,2014-06-05,PRO
14731099,61883083,2013-09-26,PRO
14731099,14498117,2014-09-26,CIP
14731103,60634823,2004-12-09,PRO
14731103,60650203,2005-02-04,PRO
14731103,11203354,2005-08-12,CIP
14731103,11348181,2006-02-06,CIP
14731103,60943692,2007-06-13,PRO
14731103,61035360,2008-03-10,PRO
14731103,12139442,2008-06-13,CON
14731103,61103613,2008-10-08,PRO
14731103,61107337,2008-10-21,PRO
14731103,12399768,2009-03-06,CIP
14731103,61159776,2009-03-12,PRO
14731103,61164424,2009-03-29,PRO
14731103,12575439,2009-10-07,CIP
14731103,12582748,2009-10-21,CIP
14731103,12649946,2009-12-30,CIP
14731103,12723185,2010-03-12,CIP
14731103,12749358,2010-03-29,CIP
14731103,61321130,2010-04-05,PRO
14731103,61332141,2010-05-06,PRO
14731103,61332756,2010-05-08,PRO
14731103,61345144,2010-05-16,PRO
14731103,12788132,2010-05-26,CIP
14731103,12819557,2010-06-21,CIP
14731103,12823948,2010-06-25,CIP
14731103,61390915,2010-10-07,PRO
14731103,61412958,2010-11-12,PRO
14731103,61418456,2010-12-01,PRO
14731103,61445631,2011-02-23,PRO
14731103,13101334,2011-05-05,CON
14731103,61699253,2012-09-10,PRO
14731103,13633866,2012-10-02,CIP
14731103,61734966,2012-12-08,PRO
14731103,61748533,2013-01-03,PRO
14731103,61751867,2013-01-12,PRO
14731103,13844776,2013-03-15,CIP
14731103,14023429,2013-09-10,CIP
14731103,61876219,2013-09-10,PRO
14731103,61888795,2013-10-09,PRO
14731103,61930937,2014-01-23,PRO
14731103,61930944,2014-01-23,PRO
14731103,61930954,2014-01-24,PRO
14731103,14317904,2014-06-27,CIP
14731103,62023218,2014-07-11,PRO
14731103,62035099,2014-08-08,PRO
14731103,62112157,2015-02-04,PRO
14731103,62113881,2015-02-09,PRO
14731103,PCT/US2009/038056,2009-03-24,CON
14731104,12527679,2009-12-04,CON
14731104,PCT/GB2008/000562,2008-02-18,NST
14731106,61616387,2012-03-27,PRO
14731106,13851920,2013-03-27,CON
14731108,62012174,2014-06-13,PRO
14731109,14593009,2015-01-09,CON
14731110,62008433,2014-06-05,PRO
14731111,61714632,2012-10-16,PRO
14731111,14055668,2013-10-16,DIV
14731116,13150996,2011-06-01,CON
14731122,PCT/CN2013/083359,2013-09-12,CON
14731123,14053405,2013-10-14,CIP
14731129,61763295,2013-02-11,PRO
14731129,14162257,2014-01-23,CIP
14731130,60024640,1996-08-22,PRO
14731130,09242969,1999-06-07,CON
14731130,PCT/US97/14772,1997-08-22,NST
14731130,10104876,2002-03-21,CON
14731130,12144828,2008-06-24,DIV
14731130,13228801,2011-09-09,CON
14731131,61815579,2013-04-24,PRO
14731131,14194576,2014-02-28,CON
14731132,13603789,2012-09-05,CON
14731133,62007573,2014-06-04,PRO
14731135,61624440,2012-04-16,PRO
14731135,13863732,2013-04-16,CIP
14731136,62007471,2014-06-04,PRO
14731137,61997553,2014-06-04,PRO
14731137,62176608,2015-02-23,PRO
14731139,62014056,2014-06-18,PRO
14731143,12634046,2009-12-09,CON
14731143,14010980,2013-08-27,CON
14731147,13731804,2012-12-31,DIV
14731150,12619598,2009-11-16,CON
14731150,14165349,2014-01-27,CON
14731151,13233331,2011-09-15,CON
14731152,12917880,2010-11-02,REI
14731156,12641025,2009-12-17,CON
14731156,14143496,2013-12-30,CON
14731157,62008403,2014-06-05,PRO
14731160,13551553,2012-07-17,CON
14731161,10913608,2004-08-05,CIP
14731161,11151164,2005-06-10,CON
14731161,11860438,2007-09-24,CIP
14731161,12509289,2009-07-24,CIP
14731161,61246920,2009-09-29,PRO
14731161,12893832,2010-09-29,DIV
14731163,62007742,2014-06-04,PRO
14731163,62045433,2014-09-03,PRO
14731163,62128218,2015-03-04,PRO
14731164,62020937,2014-07-03,PRO
14731165,13432993,2012-03-28,CIP
14731165,13449195,2012-04-17,CIP
14731165,13523694,2012-06-14,CIP
14731165,13603322,2012-09-04,CIP
14731165,13752930,2013-01-29,CIP
14731165,13872673,2013-04-29,CIP
14731165,13897492,2013-05-20,CIP
14731165,13907892,2013-06-01,CIP
14731165,14059599,2013-10-22,CIP
14731165,14067038,2013-10-30,CIP
14731165,14174171,2014-02-06,CIP
14731165,14193501,2014-02-28,CIP
14731165,14193782,2014-02-28,CIP
14731165,14198663,2014-03-06,CIP
14731165,14198702,2014-03-06,CIP
14731165,14198755,2014-03-06,CIP
14731165,14230882,2014-03-31,CIP
14731165,14271498,2014-05-07,CIP
14731165,62008869,2014-06-06,PRO
14731165,62009069,2014-06-06,PRO
14731165,14320352,2014-06-30,CIP
14731165,14340141,2014-07-24,CIP
14731165,14472228,2014-08-28,CIP
14731165,14668788,2015-03-25,CIP
14731167,62019652,2014-07-01,PRO
14731167,62108921,2015-01-28,PRO
14731172,PCT/JP2013/083186,2013-12-11,CON
14731173,62007696,2014-06-04,PRO
14731174,11027300,2004-12-30,CON
14731174,12752517,2010-04-01,CON
14731174,13405535,2012-02-27,CON
14731174,14175381,2014-02-07,CON
14731176,62007664,2014-06-04,PRO
14731180,PCT/JP2013/082647,2013-12-04,CON
14731183,13111839,2011-05-19,CON
14731183,14075765,2013-11-08,CON
14731188,13849410,2013-03-22,CON
14731189,13345706,2012-01-07,CIP
14731191,62035224,2014-08-08,PRO
14731192,10644276,2003-08-20,CON
14731192,12982805,2010-12-30,CON
14731192,13472390,2012-05-15,CON
14731193,62009611,2014-06-09,PRO
14731196,62008969,2014-06-06,PRO
14731197,61914006,2013-12-10,PRO
14731197,14566255,2014-12-10,CON
14731198,62017790,2014-06-26,PRO
14731202,61102913,2008-10-06,PRO
14731202,PCT/US09/59558,2009-10-05,NST
14731202,13121051,2011-06-30,CON
14731202,14231841,2014-04-01,CON
14731203,61105367,2008-10-14,PRO
14731203,61187510,2009-06-16,PRO
14731203,61233772,2009-08-13,PRO
14731203,12578471,2009-10-13,CON
14731205,62009026,2014-06-06,PRO
14731206,62007549,2014-06-04,PRO
14731207,62070344,2014-08-21,PRO
14731210,62008270,2014-06-05,PRO
14731211,14039157,2013-09-27,DIV
14731219,62007782,2014-06-04,PRO
14731219,62008489,2014-06-05,PRO
14731221,60994011,2007-09-17,PRO
14731221,12211690,2008-09-16,CON
14731221,13230610,2011-09-12,CON
14731221,13861189,2013-04-11,CON
14731222,12442838,2009-03-25,CON
14731222,PCT/CN2007/001523,2007-05-09,NST
14731224,61320528,2010-04-02,PRO
14731224,61422341,2010-12-13,PRO
14731224,13076632,2011-03-31,CON
14731224,14061013,2013-10-23,DIV
14731226,13795973,2013-03-12,CON
14731229,13764193,2013-02-11,CON
14731232,13376512,2012-02-27,CON
14731232,PCT/EP2010/004149,2010-07-07,NST
14731233,61788551,2013-03-15,PRO
14731233,14209258,2014-03-13,DIV
14731234,14137388,2013-12-20,CIP
14731235,62012600,2014-06-16,PRO
14731235,14729441,2015-06-03,CON
14731236,62007850,2014-06-04,PRO
14731244,13038278,2011-03-01,CON
14731244,13908920,2013-06-03,DIV
14731245,61297658,2010-01-22,PRO
14731245,61411859,2010-11-09,PRO
14731245,13011747,2011-01-21,CON
14731245,13773553,2013-02-21,CON
14731246,12693736,2010-01-26,DIV
14731246,14011110,2013-08-27,DIV
14731246,PCT/FR2008/001172,2008-08-06,CON
14731251,13170095,2011-06-27,DIV
14731257,11396598,2006-04-04,DIV
14731257,13461445,2012-05-01,CON
14731257,13739643,2013-01-11,CON
14731259,61511023,2011-07-23,PRO
14731259,61572883,2011-07-22,PRO
14731259,61575324,2011-08-17,PRO
14731259,13556054,2012-07-23,CON
14731260,61888513,2013-10-09,PRO
14731260,14323738,2014-07-03,CON
14731264,61449505,2011-03-04,PRO
14731264,13332957,2011-12-21,CON
14731265,PCT/JP2013/078838,2013-10-24,CON
14731267,62020941,2014-07-03,PRO
14731268,14304478,2014-06-13,DIV
14731269,62008079,2014-06-05,PRO
14731274,62008816,2014-06-06,PRO
14731276,62017790,2014-06-26,PRO
14731277,12635825,2009-12-11,CON
14731277,13358831,2012-01-26,CON
14731277,13760118,2013-02-06,CON
14731281,61888950,2013-10-09,PRO
14731281,14509390,2014-10-08,CON
14731286,62007787,2014-06-04,PRO
14731288,12667232,2009-12-29,CON
14731288,14019932,2013-09-06,CON
14731288,PCT/GB2008/050510,2008-06-27,NST
14731290,13283415,2011-10-27,DIV
14731290,14275331,2014-05-12,CON
14731293,62007580,2014-06-04,PRO
14731296,13056261,2011-05-09,DIV
14731296,14316154,2014-06-26,CON
14731296,PCT/US2009/052077,2009-07-29,NST
14731297,11075249,2005-03-08,CIP
14731297,11437754,2006-05-18,CIP
14731297,11757800,2007-06-04,CIP
14731297,13919334,2013-06-17,CON
14731297,14536449,2014-11-07,CON
14731298,61983522,2014-04-24,PRO
14731298,14696316,2015-04-24,CON
14731299,61673101,2012-07-18,PRO
14731299,13828829,2013-03-14,CON
14731302,61292796,2010-01-06,PRO
14731302,61392438,2010-10-12,PRO
14731302,12986103,2011-01-06,CIP
14731302,13272152,2011-10-12,CON
14731302,PCT/US2010/029719,2010-04-01,CIP
14731302,PCT/US2010/034130,2010-05-07,CIP
14731307,61376172,2010-08-23,PRO
14731307,61473711,2011-04-08,PRO
14731307,13215002,2011-08-22,CON
14731307,14091090,2013-11-26,CON
14731309,13138429,2011-10-21,CON
14731309,PCT/NZ2010/000040,2010-03-11,NST
14731313,PCT/CN2013/088132,2013-11-29,CON
14731314,61506002,2011-07-08,PRO
14731314,13543084,2012-07-06,DIV
14731316,60781288,2006-03-09,PRO
14731316,11683402,2007-03-07,CON
14731316,12212562,2008-09-17,CON
14731316,12572225,2009-10-01,CON
14731316,13774919,2013-02-22,CON
14731317,62022766,2014-07-10,PRO
14731320,62007883,2014-06-04,PRO
14731321,62007754,2014-06-04,PRO
14731323,61364463,2010-07-15,PRO
14731323,13013421,2011-01-25,CON
14731323,14181572,2014-02-14,CON
14731324,13560936,2012-07-27,DIV
14731325,62008799,2014-06-06,PRO
14731326,62009121,2014-06-06,PRO
14731327,61509797,2011-07-20,PRO
14731327,13250518,2011-09-30,CON
14731328,62007872,2014-06-04,PRO
14731330,62008394,2014-06-05,PRO
14731331,13719017,2012-12-18,CON
14731332,62010031,2014-06-10,PRO
14731334,60548261,2004-02-27,PRO
14731334,11069472,2005-02-28,CON
14731334,13099424,2011-05-03,CON
14731334,14142160,2013-12-27,CON
14731334,14731053,2015-06-04,CON
14731335,62007598,2014-06-04,PRO
14731342,61658875,2012-06-12,PRO
14731342,13834927,2013-03-15,DIV
14731342,14591845,2015-01-07,CON
14731343,PCT/CN2013/084157,2013-09-25,CON
14731344,61361373,2010-07-02,PRO
14731344,12879947,2010-09-10,CON
14731344,14262511,2014-04-25,DIV
14731345,13653347,2012-10-16,CON
14731345,14070384,2013-11-01,CON
14731346,10427160,2003-04-30,CIP
14731346,10652791,2003-08-29,CIP
14731346,10693059,2003-10-23,CIP
14731346,10720448,2003-11-24,CON
14731346,13480655,2012-05-25,CON
14731346,14083525,2013-11-19,CON
14731346,PCT/US2003/005028,2003-02-20,CIP
14731346,PCT/US2003/005346,2003-02-20,CIP
14731347,13503109,2012-05-30,CON
14731347,13826645,2013-03-14,CON
14731347,PCT/US2010/054637,2010-10-29,NST
14731349,62008998,2014-06-06,PRO
14731352,61591663,2012-01-27,PRO
14731352,13750756,2013-01-25,DIV
14731355,PCT/US2013/073438,2013-12-05,CON
14731357,61343815,2010-05-04,PRO
14731357,PCT/US11/00790,2011-05-04,NST
14731357,13703003,2013-02-28,DIV
14731358,13307681,2011-11-30,CON
14731358,PCT/US2010/037286,2010-06-03,CON
14731359,62007518,2014-06-04,PRO
14731359,62047936,2014-09-09,PRO
14731360,62007492,2014-06-04,PRO
14731361,12668869,2010-01-12,DIV
14731361,13747472,2013-01-22,CIP
14731361,PCT/US2008/069988,2008-07-14,NST
14731363,12655408,2009-12-30,DIV
14731363,13786372,2013-03-05,CON
14731363,14174822,2014-02-06,CON
14731365,13031964,2011-02-22,CIP
14731365,13396578,2012-02-14,CIP
14731368,62009143,2014-06-06,PRO
14731373,PCT/CN2013/086132,2013-10-29,CON
14731376,61770074,2013-02-27,PRO
14731376,13838003,2013-03-15,CON
14731377,62007819,2014-06-04,PRO
14731381,PCT/US2013/073712,2013-12-06,CON
14731383,12114452,2008-05-02,CIP
14731383,12114452,2008-05-02,CON
14731383,PCT/US09/30615,2009-01-09,NST
14731383,12373507,2010-04-28,CON
14731383,12883098,2010-09-15,CON
14731383,13568364,2012-08-07,CON
14731383,14081939,2013-11-15,CON
14731389,13585713,2012-08-14,DIV
14731395,14141868,2013-12-27,CON
14731396,62007801,2014-06-04,PRO
14731399,62008520,2014-06-06,PRO
14731403,62007924,2014-06-04,PRO
14731404,61348692,2010-05-26,PRO
14731404,13117004,2011-05-26,CON
14731405,14720971,2015-05-25,CON
14731405,PCT/US2013/073203,2013-12-04,CIP
14731409,13656231,2012-10-19,CON
14731415,PCT/JP2013/007210,2013-12-06,CON
14731418,13657878,2012-10-23,CIP
14731419,62034164,2014-08-07,PRO
14731421,13154965,2011-06-07,CIP
14731421,13212564,2011-08-18,CIP
14731421,13541090,2012-07-03,CIP
14731421,14017321,2013-09-04,CIP
14731431,PCT/JP2013/077759,2013-10-11,CON
14731434,62008530,2014-06-06,PRO
14731435,62008717,2014-06-06,PRO
14731436,12915673,2010-10-29,DIV
14731436,14190717,2014-02-26,DIV
14731437,13741658,2013-01-15,CON
14731443,PCT/JP2013/082502,2013-12-03,CON
14731444,13847042,2013-03-19,CON
14731444,14157646,2014-01-17,CON
14731444,14212121,2014-03-14,CON
14731447,61734646,2012-12-07,PRO
14731447,61791341,2013-03-15,PRO
14731447,PCT/US13/72706,2013-12-03,CON
14731448,61458931,2010-12-03,PRO
14731448,13309927,2011-12-02,DIV
14731448,14103097,2013-12-11,DIV
14731455,PCT/US2013/073259,2013-12-05,CON
14731458,62008525,2014-06-06,PRO
14731459,62013648,2014-06-18,PRO
14731460,62027832,2014-07-23,PRO
14731469,62008063,2014-06-05,PRO
14731474,14014488,2013-08-30,DIV
14731475,62014333,2014-06-19,PRO
14731481,12643394,2009-12-21,CIP
14731481,12910203,2010-10-22,CIP
14731484,62009309,2014-06-08,PRO
14731484,62037128,2014-08-14,PRO
14731484,62081541,2014-11-18,PRO
14731485,14241463,2014-02-27,CON
14731485,PCT/JP2012/069549,2012-08-01,NST
14731490,61710068,2012-10-05,PRO
14731490,13744447,2013-01-18,CON
14731493,62010222,2014-06-10,PRO
14731494,PCT/JP2012/081677,2012-12-06,CON
14731500,62008138,2014-06-05,PRO
14731502,PCT/RU2013/001048,2013-11-22,CON
14731503,13658918,2012-10-24,CON
14731504,12752482,2010-04-01,CON
14731505,14150894,2014-01-09,CON
14731508,13124975,2011-10-06,DIV
14731508,PCT/EP2009/063782,2009-10-21,NST
14731509,13626057,2012-09-25,CIP
14731509,61846270,2013-07-15,PRO
14731509,14331456,2014-07-15,CON
14731512,62019621,2014-07-01,PRO
14731519,13143253,2011-07-05,CON
14731519,14041479,2013-09-30,DIV
14731519,PCT/JP2010/056294,2010-04-07,NST
14731521,14027685,2013-09-16,CON
14731521,PCT/JP2012/056826,2012-03-16,CON
14731522,62008378,2014-06-05,PRO
14731527,PCT/JP2014/069141,2014-07-18,CON
14731532,PCT/EP2013/075638,2013-12-05,CON
14731535,61718611,2012-10-25,PRO
14731535,13791744,2013-03-08,DIV
14731536,09494533,2000-01-31,CON
14731536,09694297,2000-10-24,CIP
14731536,09767951,2001-01-24,CON
14731536,11366009,2006-03-02,CON
14731536,12219495,2008-07-23,CON
14731536,12656861,2010-02-18,CON
14731536,13067778,2011-06-27,CON
14731536,13628193,2012-09-27,CON
14731545,12564480,2009-09-22,CON
14731545,13790013,2013-03-08,CON
14731545,14589087,2015-01-05,CON
14731547,62008162,2014-06-05,PRO
14731548,61358358,2010-06-24,PRO
14731548,13168435,2011-06-24,CON
14731548,13888262,2013-05-06,CON
14731550,62008151,2014-06-05,PRO
14731551,61164098,2009-03-27,PRO
14731551,61174322,2009-04-30,PRO
14731551,61285628,2009-12-11,PRO
14731551,12727956,2010-03-19,CON
14731551,13875434,2013-05-02,CON
14731551,14219402,2014-03-19,CON
14731553,62008662,2014-06-06,PRO
14731558,PCT/EP2013/075596,2013-12-05,CON
14731559,PCT/JP2013/050127,2013-01-08,CON
14731561,60995696,2007-09-28,PRO
14731561,60995705,2007-09-28,PRO
14731561,60995703,2007-09-28,PRO
14731561,12205199,2008-09-05,CIP
14731564,61596797,2012-02-09,PRO
14731564,13736357,2013-01-08,CIP
14731566,62012340,2014-06-14,PRO
14731569,14079043,2013-11-13,DIV
14731572,13029890,2011-02-17,DIV
14731573,60439130,2003-01-10,PRO
14731573,10755218,2004-01-12,DIV
14731575,61583625,2012-01-06,PRO
14731575,13445247,2012-04-12,DIV
14731576,12803476,2010-06-28,CIP
14731581,13269899,2011-10-10,CON
14731584,13595377,2012-08-27,DIV
14731587,12770088,2010-04-29,DIV
14731592,10900098,2004-07-28,CON
14731592,13051821,2011-03-18,DIV
14731592,13680870,2012-11-19,CON
14731592,14057201,2013-10-18,CON
14731594,60872330,2006-12-01,PRO
14731594,11948818,2007-11-30,CON
14731594,12787144,2010-05-25,CON
14731594,13660693,2012-10-25,CON
14731597,62010179,2014-06-10,PRO
14731602,61292699,2010-01-06,PRO
14731602,12985892,2011-01-06,CON
14731603,12855468,2010-08-12,DIV
14731603,14054369,2013-10-15,CON
14731603,PCT/US2009/033963,2009-02-12,CON
14731604,PCT/JP2012/081713,2012-12-06,CON
14731605,13531078,2012-06-22,DIV
14731605,PCT/US2011/021639,2011-01-19,CIP
14731606,13928590,2013-06-27,CON
14731607,13432993,2012-03-28,CIP
14731607,13449195,2012-04-17,CIP
14731607,13523694,2012-06-14,CIP
14731607,13603322,2012-09-04,CIP
14731607,13752930,2013-01-29,CIP
14731607,13872673,2013-04-29,CIP
14731607,13897492,2013-05-20,CIP
14731607,13907892,2013-06-01,CIP
14731607,14059599,2013-10-22,CIP
14731607,14067038,2013-10-30,CIP
14731607,14174171,2014-02-06,CIP
14731607,14193501,2014-02-28,CIP
14731607,14193782,2014-02-28,CIP
14731607,14198663,2014-03-06,CIP
14731607,14198702,2014-03-06,CIP
14731607,14198755,2014-03-06,CIP
14731607,14230882,2014-03-31,CIP
14731607,14271498,2014-05-07,CIP
14731607,62008869,2014-06-06,PRO
14731609,13628915,2012-09-27,CON
14731613,62011207,2014-06-12,PRO
14731615,62008804,2014-06-06,PRO
14731620,13604433,2012-09-05,CIP
14731620,13789000,2013-03-07,CON
14731621,62010852,2014-06-11,PRO
14731621,62074963,2014-11-04,PRO
14731622,13339410,2011-12-29,CON
14731624,61410330,2010-11-04,PRO
14731624,13288712,2011-11-03,CIP
14731624,13830563,2013-03-14,CON
14731626,62008141,2014-06-05,PRO
14731628,61235094,2009-08-19,PRO
14731628,12806709,2010-08-19,CON
14731631,62008889,2014-06-06,PRO
14731632,61426600,2010-12-23,PRO
14731632,61562008,2011-11-21,PRO
14731632,13334202,2011-12-22,DIV
14731632,14334718,2014-07-18,CON
14731632,14561879,2014-12-05,CON
14731633,13704543,2013-03-11,DIV
14731633,PCT/US2011/040344,2011-06-14,NST
14731634,61233952,2009-08-14,PRO
14731634,12857331,2010-08-16,CON
14731635,13415397,2012-03-08,CON
14731639,62012447,2014-06-16,PRO
14731644,13429787,2012-03-26,DIV
14731645,13256044,2011-11-21,CON
14731645,PCT/IB2010/051050,2010-03-11,NST
14731647,13639872,2012-12-21,DIV
14731647,PCT/GB2011/050702,2011-04-08,NST
14731648,13182018,2011-07-13,CON
14731650,61607280,2012-03-06,PRO
14731650,13785422,2013-03-05,CON
14731651,13002955,2011-05-10,DIV
14731651,13847308,2013-03-19,CON
14731651,PCT/EP2009/004849,2009-07-03,NST
14731653,62010084,2014-06-10,PRO
14731654,PCT/JP2014/064037,2014-05-27,CON
14731655,13423787,2012-03-19,DIV
14731656,62010908,2014-06-11,PRO
14731658,12950869,2010-11-19,CON
14731658,13801797,2013-03-13,CON
14731660,62106553,2015-01-22,PRO
14731660,14619307,2015-02-11,CON
14731663,62008793,2014-06-06,PRO
14731664,62008910,2014-06-06,PRO
14731667,13432993,2012-03-28,CIP
14731667,13449195,2012-04-17,CIP
14731667,13523694,2012-06-14,CIP
14731667,13603322,2012-09-04,CIP
14731667,13752930,2013-01-29,CIP
14731667,13872673,2013-04-29,CIP
14731667,13897492,2013-05-20,CIP
14731667,13907892,2013-06-01,CIP
14731667,14059599,2013-10-22,CIP
14731667,14067038,2013-10-30,CIP
14731667,14174171,2014-02-06,CIP
14731667,14193501,2014-02-28,CIP
14731667,14193782,2014-02-28,CIP
14731667,14198663,2014-03-06,CIP
14731667,14198702,2014-03-06,CIP
14731667,14198755,2014-03-06,CIP
14731667,14230882,2014-03-31,CIP
14731667,14271498,2014-05-07,CIP
14731667,62009069,2014-06-06,PRO
14731668,13173338,2011-06-30,CON
14731668,14083028,2013-11-18,CON
14731669,13863804,2013-04-16,CON
14731672,62009926,2014-06-10,PRO
14731673,62057754,2014-09-30,PRO
14731673,62112584,2015-02-05,PRO
14731674,13915922,2013-06-12,CON
14731674,14339906,2014-07-24,CON
14731674,14573563,2014-12-17,CON
14731675,62008853,2014-06-06,PRO
14731676,62008742,2014-06-06,PRO
14731679,61998340,2014-06-25,PRO
14731681,62008609,2014-06-06,PRO
14731683,12822031,2010-06-23,CON
14731683,13102991,2011-05-06,CIP
14731683,13438655,2012-04-03,CON
14731685,13985071,2013-08-13,DIV
14731685,PCT/JP2012/055309,2012-02-24,NST
14731686,61654162,2012-06-01,PRO
14731686,13906553,2013-05-31,DIV
14731686,14269226,2014-05-05,DIV
14731687,61389886,2010-10-05,PRO
14731687,13251455,2011-10-03,DIV
14731688,62011994,2014-06-13,PRO
14731689,62011229,2014-06-12,PRO
14731691,11553080,2006-10-26,DIV
14731697,PCT/US2013/074213,2013-12-10,CON
14731700,PCT/CN2012/086034,2012-12-06,CON
14731701,62009935,2014-06-10,PRO
14731702,61521910,2011-08-10,PRO
14731702,61531185,2011-09-06,PRO
14731702,61545363,2011-10-10,PRO
14731702,61559674,2011-11-14,PRO
14731702,61563345,2011-11-23,PRO
14731702,13571810,2012-08-10,CON
14731703,62020648,2014-07-03,PRO
14731705,13641451,2013-01-02,DIV
14731705,14184621,2014-02-19,DIV
14731705,14526058,2014-10-28,CON
14731705,PCT/US2011/032848,2011-04-18,NST
14731712,13052425,2011-03-21,CON
14731712,13731599,2012-12-31,CON
14731712,13954254,2013-07-30,CON
14731712,14328552,2014-07-10,CON
14731715,13628608,2012-09-27,CON
14731715,13975209,2013-08-23,CON
14731715,PCT/EP2010/066754,2010-11-03,CON
14731717,11957321,2007-12-14,CON
14731717,14506111,2014-10-03,CON
14731719,09444650,1999-11-22,CIP
14731719,09444748,1999-11-22,CIP
14731719,09447622,1999-11-22,CIP
14731719,09447887,1999-11-24,CIP
14731719,10407895,2003-04-04,DIV
14731719,13525910,2012-06-18,DIV
14731719,14175841,2014-02-07,CON
14731721,13624032,2012-09-21,DIV
14731722,12912110,2010-11-09,DIV
14731722,14071166,2013-11-04,DIV
14731724,13647458,2012-10-09,CIP
14731725,12700539,2010-02-04,CON
14731725,13895248,2013-05-15,CON
14731726,62008884,2014-06-06,PRO
14731727,14331730,2014-07-15,CIP
14731727,14665579,2015-03-23,CON
14731733,13818063,2013-02-20,CON
14731733,PCT/KR2011/005997,2011-08-16,NST
14731736,62008900,2014-06-06,PRO
14731738,62012857,2014-06-16,PRO
14731739,09783225,2001-02-14,CON
14731739,10778598,2004-02-17,CON
14731739,12032631,2008-02-15,CON
14731739,12750471,2010-03-30,CON
14731739,12904432,2010-10-14,CON
14731739,13367130,2012-02-06,CON
14731739,13892559,2013-05-13,CON
14731739,14286310,2014-05-23,CON
14731740,60745039,2006-04-18,PRO
14731740,60745043,2006-04-18,PRO
14731740,60745058,2006-04-18,PRO
14731740,60745059,2006-04-18,PRO
14731740,60745914,2006-04-28,PRO
14731740,60745950,2006-04-28,PRO
14731740,60746797,2006-05-09,PRO
14731740,60746801,2006-05-09,PRO
14731740,60806412,2006-06-30,PRO
14731740,60807104,2006-07-12,PRO
14731740,11639531,2006-12-15,CIP
14731740,11639736,2006-12-15,CIP
14731740,11639736,2006-12-15,DIV
14731740,12113385,2008-05-01,CIP
14731740,12113385,2008-05-01,CON
14731740,12615609,2009-11-10,CIP
14731740,12615666,2009-11-10,CIP
14731740,13081927,2011-04-07,DIV
14731740,14081376,2013-11-15,CON
14731740,14466193,2014-08-22,CON
14731740,PCT/US2009/059868,2009-10-07,CON
14731741,62011035,2014-06-12,PRO
14731743,62009738,2014-06-09,PRO
14731744,13886429,2013-05-03,CON
14731746,62008668,2014-06-06,PRO
14731750,62008949,2014-06-06,PRO
14731752,14042902,2013-10-01,CIP
14731753,14030366,2013-09-18,CON
14731754,62029122,2014-07-25,PRO
14731757,PCT/CN2013/081083,2013-08-08,CON
14731758,13780133,2013-02-28,DIV
14731762,62008426,2014-06-05,PRO
14731763,13177688,2011-07-07,CON
14731763,13903540,2013-05-28,CON
14731763,14099265,2013-12-06,CON
14731765,62008786,2014-06-06,PRO
14731768,62009037,2014-06-06,PRO
14731770,13692127,2012-12-03,CON
14731771,11901845,2007-09-19,CIP
14731771,12799215,2010-04-20,CIP
14731771,PCT/US11/33319,2011-04-20,NST
14731771,13642501,2012-11-27,CON
14731774,13127061,2011-05-02,DIV
14731774,PCT/SG2009/000408,2009-11-06,NST
14731776,13311701,2011-12-06,CON
14731777,61508875,2011-07-18,PRO
14731777,13550732,2012-07-17,CON
14731778,13003562,2011-05-06,CON
14731778,PCT/US2009/049969,2009-07-08,NST
14731780,61944115,2014-02-25,PRO
14731780,14284384,2014-05-21,CIP
14731781,12802717,2010-06-14,CON
14731781,PCT/US2009/003871,2009-03-29,CIP
14731783,61617276,2012-03-29,PRO
14731783,13853183,2013-03-29,CON
14731790,12910133,2010-10-22,DIV
14731791,12678543,2010-03-17,CON
14731791,PCT/EP2008/062279,2008-09-16,NST
14731793,13978197,2013-07-03,CON
14731793,PCT/KR2012/000040,2012-01-03,NST
14731796,61618914,2012-04-02,PRO
14731796,13836143,2013-03-15,DIV
14731797,11039861,2005-01-24,CON
14731797,13243063,2011-09-23,CON
14731797,13243184,2011-09-23,CON
14731797,14527146,2014-10-29,CON
14731798,61342307,2010-04-12,PRO
14731798,13085299,2011-04-12,CON
14731799,12342704,2008-12-23,CON
14731799,14048114,2013-10-08,CON
14731801,12489044,2009-06-22,CON
14731801,13458453,2012-04-27,CON
14731801,13962483,2013-08-08,CON
14731802,62008677,2014-06-06,PRO
14731806,61417002,2010-11-24,PRO
14731806,13017650,2011-01-31,CON
14731806,13920813,2013-06-18,CON
14731807,12325362,2008-12-01,CON
14731813,14272361,2014-05-07,CON
14731813,14312553,2014-06-23,CON
14731815,14136135,2013-12-20,CON
14731817,13405246,2012-02-25,CON
14731817,13922888,2013-06-20,CON
14731817,14294800,2014-06-03,CON
14731818,11901845,2007-09-19,CIP
14731818,12799215,2010-04-20,CIP
14731818,PCT/US11/33319,2011-04-20,CIP
14731818,PCT/US11/33319,2011-04-20,NST
14731818,13568535,2012-08-07,CON
14731818,13642501,2012-11-27,CIP
14731819,62007975,2014-06-05,PRO
14731821,62008359,2014-06-05,PRO
14731822,14297225,2014-06-05,CIP
14731823,13280075,2011-10-24,DIV
14731824,13882124,2013-05-23,CON
14731824,PCT/CN2011/081386,2011-10-27,NST
14731826,12540907,2009-08-13,CON
14731827,61653858,2012-05-31,PRO
14731827,13839185,2013-03-15,CON
14731828,62008102,2014-06-05,PRO
14731829,61721285,2012-11-01,PRO
14731829,13926336,2013-06-25,CON
14731829,14677220,2015-04-02,CON
14731830,61321578,2010-04-07,PRO
14731830,13080255,2011-04-05,DIV
14731830,13708401,2012-12-07,DIV
14731831,13992356,2013-06-07,CON
14731831,PCT/US2011/060119,2011-11-10,NST
14731833,13525037,2012-06-15,CON
14731833,14478585,2014-09-05,CON
14731836,62011727,2014-06-13,PRO
14731838,62008231,2014-06-05,PRO
14731839,62009626,2014-06-09,PRO
14731840,29349186,2010-03-15,CON
14731841,13660385,2012-10-25,CON
14731842,62008272,2014-06-05,PRO
14731843,13863482,2013-04-16,CON
14731843,PCT/US2011/057027,2011-10-20,CIP
14731844,62009626,2014-06-09,PRO
14731845,62010035,2014-06-10,PRO
14731846,62009626,2014-06-09,PRO
14731850,61966106,2014-02-18,PRO
14731850,14298117,2014-06-06,CIP
14731850,61999812,2014-08-07,PRO
14731850,62176031,2015-02-09,PRO
14731852,10587313,2008-04-28,CIP
14731852,11985745,2007-11-16,CIP
14731852,12448497,2010-02-16,CON
14731852,13857711,2013-04-05,CON
14731852,PCT/US2005/002722,2005-01-28,NST
14731852,PCT/US2007/026315,2007-12-26,NST
14731855,62009626,2014-06-09,PRO
14731857,13760669,2013-02-06,CIP
14731857,PCT/US14/14764,2014-02-05,CON
14731859,PCT/JP2013/082734,2013-12-05,CON
14731860,60876569,2006-12-21,PRO
14731860,PCT/US07/25988,2007-12-20,NST
14731860,12519582,2009-11-19,DIV
14731860,14034857,2013-09-24,DIV
14731861,62009479,2014-06-09,PRO
14731862,60646683,2005-01-25,PRO
14731862,11340184,2006-01-25,DIV
14731862,13948541,2013-07-23,CON
14731864,62009626,2014-06-09,PRO
14731868,62009626,2014-06-09,PRO
14731870,14059098,2013-10-21,CIP
14731872,13336822,2011-12-23,CON
14731873,62009626,2014-06-09,PRO
14731874,PCT/US2013/073613,2013-12-06,CON
14731876,14305457,2014-06-16,CON
14731881,62009626,2014-06-09,PRO
14731883,62009626,2014-06-09,PRO
14731886,62008014,2014-06-05,PRO
14731887,62011920,2014-06-13,PRO
14731890,62009626,2014-06-09,PRO
14731892,61561660,2011-11-18,PRO
14731892,61561967,2011-11-21,PRO
14731892,61673102,2012-07-18,PRO
14731892,13681298,2012-11-19,CON
14731893,11058435,2005-02-15,CON
14731893,12658086,2010-02-02,CON
14731893,14306562,2014-06-17,CON
14731894,61171272,2009-04-21,PRO
14731894,12764507,2010-04-21,CON
14731895,62008366,2014-06-05,PRO
14731896,PCT/CN2015/074609,2015-03-19,CON
14731899,61713079,2012-10-12,PRO
14731899,13760594,2013-02-06,CIP
14731899,61762665,2013-02-08,PRO
14731899,13796490,2013-03-12,CIP
14731899,62008835,2014-06-06,PRO
14731900,62009626,2014-06-09,PRO
14731903,60183295,2000-02-17,PRO
14731903,PCT/IB01/00202,2001-02-16,NST
14731903,60338632,2001-11-06,PRO
14731903,10204334,2002-10-16,CIP
14731903,10263329,2002-10-02,CIP
14731903,10285313,2002-10-31,CIP
14731903,10288562,2002-11-05,CIP
14731903,10315576,2002-12-10,CIP
14731903,10402327,2003-03-28,CIP
14731903,60565065,2004-04-23,PRO
14731903,60639873,2004-12-27,PRO
14731903,11074318,2005-03-07,CIP
14731903,11111439,2005-04-21,CIP
14731903,60947212,2007-06-29,PRO
14731903,12146918,2008-06-26,CIP
14731903,61266392,2009-12-03,PRO
14731903,12958623,2010-12-02,DIV
14731903,13782579,2013-03-01,CON
14731904,62009626,2014-06-09,PRO
14731905,12860965,2010-08-23,CIP
14731905,14531667,2014-11-03,CIP
14731908,PCT/JP2013/082872,2013-12-06,CON
14731911,14231367,2014-03-31,CIP
14731914,62008832,2014-06-06,PRO
14731914,62017916,2014-06-27,PRO
14731916,61526300,2011-08-23,PRO
14731916,13569518,2012-08-08,DIV
14731917,13820310,2013-03-01,DIV
14731917,PCT/EP2011/003952,2011-08-05,NST
14731919,62008073,2014-06-05,PRO
14731920,62012915,2014-06-16,PRO
14731921,61642227,2012-05-03,PRO
14731921,13886493,2013-05-03,CON
14731924,61643173,2012-05-04,PRO
14731924,13776363,2013-02-25,DIV
14731928,PCT/CN2014/086011,2014-09-05,CON
14731942,62008785,2014-06-06,PRO
14731944,62009017,2014-06-06,PRO
14731945,62008585,2014-06-06,PRO
14731947,12956234,2010-11-30,CON
14731949,13386468,2012-01-23,DIV
14731949,PCT/IB2010/002310,2009-07-29,NST
14731950,61471346,2011-04-04,PRO
14731950,PCT/US12/32108,2012-04-04,NST
14731950,14009437,2013-10-16,CON
14731952,14029530,2013-09-17,DIV
14731952,PCT/JP2012/056410,2012-03-13,CON
14731955,62008941,2014-06-06,PRO
14731956,62008055,2014-06-05,PRO
14731961,62018734,2014-06-30,PRO
14731963,62008850,2014-06-06,PRO
14731964,10505138,2004-08-19,CON
14731964,13008842,2011-01-18,CON
14731964,13874065,2013-04-30,CON
14731964,14038678,2013-09-26,CON
14731964,PCT/EP2003/001650,2003-02-19,NST
14731966,29493144,2014-06-05,CIP
14731966,62008701,2014-06-06,PRO
14731969,13941647,2013-07-15,DIV
14731971,61641389,2012-05-02,PRO
14731971,13874537,2013-05-01,CON
14731972,61642227,2012-05-03,PRO
14731972,13886493,2013-05-03,CON
14731977,13312241,2011-12-06,CON
14731977,13971578,2013-08-20,CON
14731978,12687489,2010-01-14,CON
14731978,13463494,2012-05-03,CON
14731978,PCT/US2008/069618,2008-07-10,CIP
14731978,PCT/US2008/069622,2008-07-10,CIP
14731979,62008255,2014-06-05,PRO
14731980,13584859,2012-08-14,CON
14731983,61242234,2009-09-14,PRO
14731983,12850945,2010-08-05,CON
14731984,62109180,2015-01-29,PRO
14731987,13857430,2013-04-05,DIV
14731989,14329348,2014-07-11,DIV
14731990,PCT/EP2013/074472,2013-11-22,CON
14731993,PCT/CN2012/086040,2012-12-06,CON
14731995,PCT/EP2013/001688,2013-06-10,CON
14731998,10934886,2004-09-03,CON
14731998,13538917,2012-06-29,CON
14731998,14705783,2015-05-06,CON
14731999,13621891,2012-09-18,CON
14732004,62017022,2014-06-25,PRO
14732005,13185493,2011-07-18,DIV
14732007,62008344,2014-06-05,PRO
14732009,13684125,2012-11-21,CON
14732012,62008870,2014-06-06,PRO
14732013,12922777,2010-09-15,CON
14732013,14322801,2014-07-02,CON
14732013,PCT/IB2009/051030,2009-03-12,NST
14732014,61875315,2013-09-09,PRO
14732014,14041240,2013-09-30,CON
14732017,PCT/EP2013/074474,2013-11-22,CON
14732022,61754122,2013-01-18,PRO
14732022,14158474,2014-01-17,CON
14732025,PCT/FR2013/052988,2013-12-06,CON
14732030,14443774,2015-05-19,DIV
14732030,PCT/JP2014/075511,2014-09-25,NST
14732031,14179091,2014-02-12,CON
14732033,62007999,2014-06-05,PRO
14732036,13316543,2011-12-11,DIV
14732039,62009751,2014-06-09,PRO
14732039,62170877,2015-06-04,PRO
14732040,61607243,2012-03-06,PRO
14732040,61616141,2012-03-27,PRO
14732040,13786696,2013-03-06,CON
14732047,62008230,2014-06-05,PRO
14732053,13321537,2012-01-31,CON
14732053,PCT/CN2009/000554,2009-05-21,NST
14732057,13978550,2013-09-03,DIV
14732057,PCT/US2012/020731,2012-01-10,NST
14732058,62008452,2014-06-05,PRO
14732059,PCT/CN2013/083703,2013-09-18,CON
14732066,13211393,2011-08-17,CON
14732067,61495100,2011-06-09,PRO
14732067,61614794,2012-03-23,PRO
14732067,13493601,2012-06-11,CIP
14732068,14325104,2014-07-07,CON
14732068,PCT/US2013/045994,2013-06-14,CON
14732069,13596134,2012-08-28,CON
14732073,62009727,2014-06-09,PRO
14732074,62008971,2014-06-06,PRO
14732077,PCT/MX2013/000186,2013-12-18,CON
14732081,13420431,2012-03-14,CON
14732082,62008945,2014-06-06,PRO
14732082,62082980,2014-11-21,PRO
14732083,62008171,2014-06-05,PRO
14732087,62008349,2014-06-05,PRO
14732089,60286916,2001-04-27,PRO
14732089,09946111,2001-09-04,CIP
14732089,10133537,2002-04-26,CON
14732089,11007761,2004-12-08,CON
14732089,14282964,2014-05-20,CON
14732096,13871670,2013-04-26,CON
14732097,13529158,2012-06-21,DIV
14732101,61706633,2012-09-27,PRO
14732101,61720860,2012-10-31,PRO
14732101,14036924,2013-09-25,CON
14732103,62010125,2014-06-10,PRO
14732106,62008996,2014-06-06,PRO
14732107,13434337,2012-03-29,CON
14732110,62008075,2014-06-05,PRO
14732112,PCT/JP2013/082190,2013-11-29,CON
14732113,61329195,2010-04-29,PRO
14732113,13095313,2011-04-27,CON
14732113,14104347,2013-12-12,CON
14732115,13803905,2013-03-14,CON
14732123,60831056,2006-07-14,PRO
14732123,60853911,2006-10-24,PRO
14732123,11879070,2007-07-16,DIV
14732123,13016204,2011-01-28,CON
14732126,62008248,2014-06-05,PRO
14732128,62008848,2014-06-06,PRO
14732128,62145002,2015-04-09,PRO
14732131,13551917,2012-07-18,CIP
14732133,61289780,2009-12-23,PRO
14732133,61290759,2009-12-29,PRO
14732133,12971940,2010-12-17,REI
14732135,62008694,2014-06-06,PRO
14732139,PCT/JP2013/080634,2013-11-13,CON
14732140,13939655,2013-07-11,CON
14732141,61831990,2013-06-06,PRO
14732141,13942316,2013-07-15,CIP
14732141,14298035,2014-06-06,CON
14732142,PCT/JP2013/082735,2013-12-05,CON
14732143,62008773,2014-06-06,PRO
14732143,62039743,2014-08-20,PRO
14732144,60688839,2005-06-09,PRO
14732144,11449177,2006-06-07,CON
14732144,12795125,2010-06-07,CIP
14732144,13035800,2011-02-25,CON
14732144,13712732,2012-12-12,CON
14732145,61209428,2009-03-07,PRO
14732145,12661038,2010-03-08,CON
14732145,13924275,2013-06-21,CON
14732147,60623771,2004-11-01,PRO
14732147,60646592,2005-01-26,PRO
14732147,PCT/US05/39887,2005-11-01,NST
14732147,11718362,2008-11-04,CON
14732147,14089118,2013-11-25,CON
14732148,60423074,2002-11-01,PRO
14732148,10444022,2003-05-22,CON
14732148,11049163,2005-02-02,REI
14732148,13935098,2013-07-03,RIC
14732149,60986586,2007-11-08,PRO
14732149,12267455,2008-11-07,DIV
14732150,12663538,2009-12-08,CON
14732150,14177927,2014-02-11,CON
14732150,PCT/JP2008/061835,2008-06-30,NST
14732151,61318703,2010-03-29,PRO
14732151,61384081,2010-09-17,PRO
14732151,61434345,2011-01-19,PRO
14732151,13047557,2011-03-14,DIV
14732154,12210849,2008-09-15,CON
14732158,11502803,2006-08-10,CON
14732158,14053339,2013-10-14,CON
14732159,12543005,2009-08-18,CON
14732159,13550317,2012-07-16,CON
14732159,14104782,2013-12-12,CON
14732159,PCT/CN2009/071124,2009-04-01,CON
14732162,62009736,2014-06-09,PRO
14732164,60706966,2005-08-10,PRO
14732164,11463554,2006-08-09,CON
14732164,12857484,2010-08-16,CON
14732168,11717548,2007-03-13,CON
14732173,13126721,2011-09-30,CON
14732173,PCT/GB2009/051452,2009-10-28,NST
14732175,13327227,2011-12-15,CON
14732177,PCT/EP2013/075044,2013-11-29,CON
14732178,62008120,2014-06-05,PRO
14732178,62088989,2014-12-08,PRO
14732179,13668762,2012-11-05,DIV
14732184,14176056,2014-02-08,CIP
14732184,14598868,2015-01-16,CIP
14732185,61410660,2010-11-05,PRO
14732185,13287615,2011-11-02,CON
14732186,62008653,2014-06-06,PRO
14732188,60030639,1996-11-08,PRO
14732188,08790097,1997-01-29,CON
14732188,08964388,1997-11-06,CON
14732188,09539667,2000-03-30,CIP
14732188,09551302,2000-04-18,CIP
14732188,60205591,2000-05-17,PRO
14732188,09861229,2001-05-17,CON
14732188,11370114,2006-03-07,CON
14732188,12471942,2009-05-26,CON
14732188,13290708,2011-11-07,CON
14732188,14155835,2014-01-15,CON
14732188,14619363,2015-02-11,DIV
14732194,62007936,2014-06-05,PRO
14732194,62116413,2015-02-14,PRO
14732195,PCT/JP2013/007090,2013-12-03,CON
14732196,62011344,2014-06-12,PRO
14732198,13269240,2011-10-07,CON
14732198,PCT/CN2010/071518,2010-04-02,CON
14732199,13930153,2013-06-28,CON
14732200,61484591,2011-05-10,PRO
14732200,13468709,2012-05-10,CON
14732201,61167617,2009-04-08,PRO
14732201,PCT/US10/30430,2010-04-08,NST
14732201,13263314,2012-02-16,CON
14732205,60685075,2005-05-27,PRO
14732205,11442254,2006-05-30,CON
14732205,13067020,2011-05-03,CON
14732205,14539247,2014-11-12,CON
14732206,12975894,2010-12-22,CON
14732207,13184499,2011-07-16,CON
14732208,PCT/JP2013/063701,2013-05-16,CON
14732209,13364972,2012-02-02,CON
14732210,61370448,2010-08-03,PRO
14732210,13197741,2011-08-03,CIP
14732210,13727919,2012-12-27,CON
14732210,14326261,2014-07-08,CON
14732211,62009260,2014-06-08,PRO
14732212,62008895,2014-06-06,PRO
14732213,62008122,2014-06-05,PRO
14732217,PCT/US08/72030,2008-08-01,NST
14732217,12681604,2010-09-14,REI
14732218,62016839,2014-06-25,PRO
14732221,62009178,2014-06-07,PRO
14732222,12523498,2009-07-16,CON
14732222,13657433,2012-10-22,CON
14732222,14174716,2014-02-06,DIV
14732222,14579571,2014-12-22,DIV
14732222,PCT/US2008/000761,2008-01-22,NST
14732226,61997696,2014-06-09,PRO
14732226,61997694,2014-06-09,PRO
14732229,10924485,2004-08-24,CON
14732229,13012959,2011-01-25,CON
14732229,14224785,2014-03-25,CON
14732229,14641203,2015-03-06,CON
14732231,PCT/CN2014/085004,2014-08-22,CON
14732232,13645298,2012-10-04,CON
14732234,62008124,2014-06-05,PRO
14732235,13817613,2013-02-19,DIV
14732235,PCT/JP2011/068769,2011-08-19,NST
14732238,PCT/EP2013/075721,2013-12-05,CON
14732240,62009129,2014-06-06,PRO
14732243,61011577,2008-01-18,PRO
14732243,61127862,2008-05-16,PRO
14732243,12355531,2009-01-16,DIV
14732243,13361093,2012-01-30,CON
14732244,62008650,2014-06-06,PRO
14732245,PCT/CN2012/086038,2012-12-06,CON
14732247,62009704,2014-06-09,PRO
14732247,62099806,2015-01-05,PRO
14732248,PCT/EP2013/075620,2013-12-05,CON
14732249,PCT/JP2013/007035,2013-11-29,CON
14732250,62012724,2014-06-16,PRO
14732251,PCT/JP2013/084515,2013-12-24,CON
14732255,13909701,2013-06-04,CON
14732260,13546415,2012-07-11,DIV
14732262,60918404,2007-03-15,PRO
14732262,12074731,2008-03-05,CIP
14732262,61411870,2010-11-09,PRO
14732262,13291946,2011-11-08,CIP
14732262,13466968,2012-05-08,CON
14732263,PCT/JP2013/006269,2013-10-23,NST
14732264,13339925,2011-12-29,DIV
14732265,62008369,2014-06-05,PRO
14732267,12368184,2009-02-09,CON
14732268,62008278,2014-06-05,PRO
14732270,PCT/CN2012/086048,2012-12-06,CON
14732271,13635340,2012-09-14,CON
14732271,PCT/US2011/028439,2011-03-15,NST
14732282,12905172,2010-10-15,CON
14732283,PCT/CN2013/001323,2013-01-11,CON
14732286,62008586,2014-06-06,PRO
14732288,62008274,2014-06-05,PRO
14732289,61428763,2010-12-30,PRO
14732289,13223500,2011-09-01,CON
14732291,62008333,2014-06-05,PRO
14732292,62008466,2014-06-05,PRO
14732293,09327523,1999-06-08,CON
14732293,10945519,2004-09-20,CON
14732293,13067112,2011-05-10,CON
14732293,14218485,2014-03-18,CON
14732293,14630320,2015-02-24,CON
14732294,61178636,2009-05-15,PRO
14732294,12712148,2010-02-24,CIP
14732294,12780657,2010-05-14,CIP
14732294,13107715,2011-05-13,CON
14732294,PCT/US2010/055500,2010-11-04,CON
14732296,13842640,2013-03-15,CON
14732296,14629872,2015-02-24,CON
14732297,62008716,2014-06-06,PRO
14732298,62008083,2014-06-05,PRO
14732299,62008656,2014-06-06,PRO
14732299,62008669,2014-06-06,PRO
14732299,62008682,2014-06-06,PRO
14732301,62008056,2014-06-05,PRO
14732302,62009084,2014-06-06,PRO
14732307,62008674,2014-06-06,PRO
14732307,62163231,2015-05-18,PRO
14732308,61600901,2012-02-20,PRO
14732308,13772285,2013-02-20,CON
14732309,PCT/KR2013/011247,2013-12-06,CON
14732312,60146419,1999-07-29,PRO
14732312,09629546,2000-07-31,DIV
14732312,11102306,2005-04-07,CON
14732312,12854685,2010-08-11,CON
14732312,13776441,2013-02-25,CON
14732313,62018969,2014-06-30,PRO
14732314,62008039,2014-06-05,PRO
14732316,61077844,2008-07-02,PRO
14732316,61149616,2009-02-03,PRO
14732316,12497397,2009-07-02,CON
14732316,13365562,2012-02-03,CON
14732316,13801144,2013-03-13,DIV
14732316,14204329,2014-03-11,CON
14732317,PCT/JP2013/082864,2013-12-06,CON
14732319,62008619,2014-06-06,PRO
14732322,62008929,2014-06-06,PRO
14732323,PCT/CN2013/087289,2013-11-18,CON
14732324,13418861,2012-03-13,CON
14732325,62009058,2014-06-06,PRO
14732328,61570182,2011-12-13,PRO
14732328,13714051,2012-12-13,DIV
14732329,62008926,2014-06-06,PRO
14732330,11628641,2006-12-06,CIP
14732330,12277260,2008-11-24,CIP
14732330,14047951,2013-10-07,CON
14732330,PCT/AU2005/000861,2005-06-17,NST
14732332,12990104,2010-10-28,CON
14732332,14282901,2014-05-20,CON
14732332,PCT/US2009/041902,2009-04-28,NST
14732333,62008104,2014-06-05,PRO
14732334,PCT/IN2013/000755,2013-12-06,CON
14732340,12210555,2008-09-15,CON
14732342,09345615,1999-06-30,CIP
14732342,09375636,1999-08-17,CIP
14732342,09716029,2000-11-17,CIP
14732342,09751968,2000-12-29,CIP
14732342,09877541,2001-06-08,CIP
14732342,10444935,2003-05-22,CON
14732342,12625284,2009-11-24,CON
14732344,13662016,2012-10-26,CON
14732346,13137266,2011-08-02,DIV
14732349,13474287,2012-05-17,CON
14732349,14494087,2014-09-23,CON
14732350,60216659,2000-07-07,PRO
14732350,60275621,2001-03-13,PRO
14732350,09895857,2001-06-29,DIV
14732350,10839023,2004-05-04,CON
14732350,12128379,2008-05-28,CON
14732350,12351405,2009-01-09,CON
14732350,13547870,2012-07-12,CON
14732351,13624057,2012-09-21,CON
14732352,13641340,2013-04-04,CON
14732352,PCT/CA2011/000283,2011-03-16,NST
14732353,PCT/EP2013/003679,2013-12-05,CON
14732357,61095731,2008-09-10,PRO
14732357,12557344,2009-09-10,CON
14732357,13747281,2013-01-22,DIV
14732360,61831990,2013-06-06,PRO
14732360,14205216,2014-03-11,CIP
14732361,61662961,2012-06-22,PRO
14732361,61752826,2013-01-15,PRO
14732361,61830600,2013-06-03,PRO
14732361,13924784,2013-06-24,CIP
14732361,61946439,2014-02-28,PRO
14732361,61955045,2014-03-18,PRO
14732361,61973614,2014-04-01,PRO
14732361,62001624,2014-05-21,PRO
14732361,14292741,2014-05-30,CON
14732361,14297410,2014-06-05,CON
14732364,62008285,2014-06-05,PRO
14732369,62008304,2014-06-05,PRO
14732372,62008708,2014-06-06,PRO
14732377,12863723,2010-07-20,CON
14732377,PCT/IL2009/000099,2009-01-25,NST
14732378,12036153,2008-02-22,REI
14732378,14010305,2013-08-26,DIV
14732378,14010305,2013-08-26,REI
14732383,10575813,2007-01-03,CON
14732383,PCT/AU04/01429,2004-10-18,NST
14732384,62008806,2014-06-06,PRO
14732387,13392221,2012-06-13,CON
14732387,PCT/EP10/60859,2010-07-27,NST
14732389,62008991,2014-06-06,PRO
14732391,14459042,2014-08-13,CIP
14732391,62081399,2014-11-18,PRO
14732396,62009014,2014-06-06,PRO
14732401,62010815,2014-06-11,PRO
14732405,13419107,2012-03-13,CON
14732408,61264550,2009-11-25,PRO
14732408,61301836,2010-02-05,PRO
14732408,12951852,2010-11-22,CON
14732410,13420431,2012-03-14,CON
14732410,14732081,2015-06-05,CON
14732415,13087130,2011-04-14,CON
14732415,14254624,2014-04-16,CON
14732417,61524157,2011-08-16,PRO
14732417,13586758,2012-08-15,CON
14732419,61997565,2014-06-05,PRO
14732420,62008085,2014-06-05,PRO
14732421,10760254,2004-01-21,CON
14732421,11014769,2004-12-20,CON
14732421,11097268,2005-04-04,CON
14732421,12206740,2008-09-09,CON
14732421,12786346,2010-05-24,CON
14732421,13850052,2013-03-25,CON
14732421,14196017,2014-03-04,CON
14732421,14547489,2014-11-19,CON
14732425,61393361,2010-10-15,PRO
14732425,13273227,2011-10-14,CON
14732425,14195992,2014-03-04,CON
14732425,14659186,2015-03-16,CON
14732426,61444609,2011-02-18,PRO
14732426,13396462,2012-02-14,CON
14732427,62008390,2014-06-05,PRO
14732428,61259545,2009-11-09,PRO
14732428,13891005,2013-05-09,CON
14732428,PCT/US2011/035256,2011-05-04,CON
14732430,61668287,2012-07-05,PRO
14732430,13933391,2013-07-02,CIP
14732431,PCT/CN2012/086067,2012-12-06,CON
14732434,13639754,2012-10-05,DIV
14732434,PCT/KR2010/009325,2010-12-24,NST
14732437,62009075,2014-06-06,PRO
14732437,62121732,2015-02-27,PRO
14732440,11824336,2007-06-28,CIP
14732440,11881460,2007-07-26,CON
14732440,12950379,2010-11-19,CON
14732440,13603218,2012-09-04,CON
14732440,13763348,2013-02-08,CON
14732440,13786966,2013-03-06,DIV
14732441,60286916,2001-04-27,PRO
14732441,09946111,2001-09-04,CIP
14732441,10133537,2002-04-26,CON
14732441,11007761,2004-12-08,CON
14732441,14282964,2014-05-20,CON
14732441,14732089,2015-06-05,CON
14732442,13548292,2012-07-13,CON
14732446,62009704,2014-06-09,PRO
14732446,62099806,2015-01-05,PRO
14732448,62008289,2014-06-05,PRO
14732451,11864080,2007-09-28,DIV
14732451,12887102,2010-09-21,CON
14732454,14124508,2014-03-18,CON
14732454,PCT/EP2012/060763,2012-06-06,NST
14732455,14348005,2014-03-27,CON
14732455,PCT/KR2012/007912,2012-09-28,NST
14732458,62008399,2014-06-05,PRO
14732460,13615849,2012-09-14,CON
14732467,62008118,2014-06-05,PRO
14732468,14039925,2013-09-27,DIV
14732473,62008674,2014-06-06,PRO
14732473,62163231,2015-05-18,PRO
14732474,61817232,2013-04-29,PRO
14732474,14260816,2014-04-24,CIP
14732477,61529191,2011-08-30,PRO
14732477,13597693,2012-08-29,DIV
14732479,62008533,2014-06-06,PRO
14732481,62009105,2014-06-06,PRO
14732486,62008203,2014-06-05,PRO
14732487,13856473,2013-04-04,DIV
14732489,60189674,2000-03-15,PRO
14732489,60201789,2000-05-04,PRO
14732489,09808867,2001-03-15,CON
14732489,10832106,2004-04-26,CON
14732489,11562931,2006-11-22,CON
14732489,13589907,2012-08-20,CON
14732490,62009079,2014-06-06,PRO
14732491,13452801,2012-04-20,CON
14732491,14229090,2014-03-28,CON
14732492,61859099,2013-07-26,PRO
14732492,62005924,2014-05-30,PRO
14732492,14340825,2014-07-25,CIP
14732493,61237565,2009-08-27,PRO
14732493,12841763,2010-07-22,DIV
14732494,62008279,2014-06-05,PRO
14732497,13306845,2011-11-29,DIV
14732499,62008674,2014-06-06,PRO
14732499,62163231,2015-05-18,PRO
14732500,PCT/JP2013/006972,2013-11-27,CON
14732502,13844772,2013-03-15,DIV
14732503,13795078,2013-03-12,CON
14732507,12039672,2008-02-28,CON
14732507,13645588,2012-10-05,CON
14732507,13951169,2013-07-25,CON
14732512,62013398,2014-06-17,PRO
14732515,60945035,2007-06-19,PRO
14732515,60956875,2007-08-20,PRO
14732515,12035339,2008-02-21,CIP
14732515,12541045,2009-08-13,CON
14732515,13486955,2012-06-01,CON
14732515,13914510,2013-06-10,CON
14732516,PCT/CN2013/083877,2013-09-22,CON
14732517,13686841,2012-11-27,CON
14732519,13175052,2011-07-01,CON
14732519,14101075,2013-12-09,CON
14732520,62020045,2014-07-02,PRO
14732523,62008674,2014-06-06,PRO
14732523,62163231,2015-05-18,PRO
14732525,61463732,2011-02-22,PRO
14732525,13402170,2012-02-22,CON
14732530,14166722,2014-01-28,DIV
14732538,62008490,2014-06-05,PRO
14732539,13992918,2013-06-10,CON
14732539,PCT/KR2011/009493,2011-12-08,NST
14732540,60286916,2001-04-27,PRO
14732540,09946111,2001-09-04,CIP
14732540,10133537,2002-04-26,CON
14732540,11007761,2004-12-08,CON
14732540,14282964,2014-05-20,CON
14732540,14732089,2015-06-05,CON
14732540,14732441,2015-06-05,CON
14732542,62010381,2014-06-10,PRO
14732543,61998684,2014-07-07,PRO
14732549,60286916,2001-04-27,PRO
14732549,09946111,2001-09-04,CIP
14732549,10133537,2002-04-26,CON
14732549,11007761,2004-12-08,CON
14732549,14282964,2014-05-20,CON
14732549,14732089,2015-06-05,CON
14732549,14732441,2015-06-05,CON
14732552,61228081,2009-07-23,PRO
14732552,PCT/US10/43136,2010-07-23,NST
14732552,13386638,2012-03-29,CON
14732557,13914499,2013-06-10,CON
14732557,14504243,2014-10-01,CON
14732561,62008769,2014-06-06,PRO
14732562,61390035,2010-10-05,PRO
14732562,13253836,2011-10-05,CON
14732563,62008815,2014-06-06,PRO
14732565,62008119,2014-06-05,PRO
14732566,61529191,2011-08-30,PRO
14732566,13597693,2012-08-29,DIV
14732567,60286916,2001-04-27,PRO
14732567,09946111,2001-09-04,CIP
14732567,10133537,2002-04-26,CON
14732567,11007761,2004-12-08,CON
14732567,14282964,2014-05-20,CON
14732567,14732089,2015-06-05,CON
14732567,14732441,2015-06-05,CON
14732568,10975247,2004-10-27,CIP
14732568,12409129,2009-03-23,CON
14732568,14083226,2013-11-18,DIV
14732570,62010973,2014-06-11,PRO
14732570,62010977,2014-06-11,PRO
14732576,62010973,2014-06-11,PRO
14732576,62010977,2014-06-11,PRO
14732577,60942315,2007-06-06,PRO
14732577,12133599,2008-06-05,DIV
14732578,61642083,2012-05-03,PRO
14732578,61718044,2012-10-24,PRO
14732578,61783312,2013-03-14,PRO
14732578,13875401,2013-05-02,DIV
14732581,PCT/CN2013/075713,2013-05-16,CON
14732586,PCT/CH2013/000204,2013-11-29,CON
14732587,11851248,2007-09-06,CON
14732593,PCT/US11/59192,2011-11-03,NST
14732593,13977647,2013-06-28,CON
14732594,60973691,2007-09-19,PRO
14732594,12234053,2008-09-19,CIP
14732594,61359235,2010-06-28,PRO
14732594,61418279,2010-11-30,PRO
14732594,61472799,2011-04-07,PRO
14732594,13171124,2011-06-28,CIP
14732594,13308416,2011-11-30,CIP
14732594,13308428,2011-11-30,CIP
14732594,13442855,2012-04-10,CIP
14732595,13717656,2012-12-17,CIP
14732595,62230315,2015-06-01,PRO
14732597,62009880,2014-06-09,PRO
14732603,09701586,2000-11-30,CON
14732603,12778692,2010-05-12,CON
14732603,PCT/EP99/03889,1999-06-04,NST
14732606,62010041,2014-06-10,PRO
14732606,62025116,2014-07-16,PRO
14732606,62038691,2014-08-18,PRO
14732608,62008480,2014-06-05,PRO
14732608,62024945,2014-07-15,PRO
14732608,62159177,2015-05-08,PRO
14732608,62161142,2015-05-13,PRO
14732613,62013299,2014-06-17,PRO
14732617,12616095,2009-11-10,CON
14732617,61423813,2010-12-16,PRO
14732617,13328773,2011-12-16,CIP
14732617,13619574,2012-09-14,CIP
14732617,13712029,2012-12-12,CON
14732617,14057947,2013-10-18,CON
14732618,62011531,2014-06-12,PRO
14732618,62108990,2015-01-28,PRO
14732618,62165171,2015-05-21,PRO
14732619,62008451,2014-06-05,PRO
14732620,62008706,2014-06-06,PRO
14732623,62009152,2014-06-06,PRO
14732624,62008480,2014-06-05,PRO
14732624,62024945,2014-07-15,PRO
14732624,62159177,2015-05-08,PRO
14732624,62161142,2015-05-13,PRO
14732628,62008928,2014-06-06,PRO
14732629,62009267,2014-06-08,PRO
14732630,61086161,2008-08-05,PRO
14732630,12535632,2009-08-04,DIV
14732634,13113939,2011-05-23,CON
14732638,62008480,2014-06-05,PRO
14732638,62024945,2014-07-15,PRO
14732638,62159177,2015-05-08,PRO
14732638,62161142,2015-05-13,PRO
14732639,62008447,2014-06-05,PRO
14732639,62008449,2014-06-05,PRO
14732641,PCT/EP2013/073183,2013-11-06,CON
14732642,62008329,2014-06-05,PRO
14732643,62008480,2014-06-05,PRO
14732643,62024945,2014-07-15,PRO
14732643,62159177,2015-05-08,PRO
14732643,62161142,2015-05-13,PRO
14732644,62013090,2014-06-17,PRO
14732646,62008480,2014-06-05,PRO
14732646,62024945,2014-07-15,PRO
14732646,62159177,2015-05-08,PRO
14732646,62161142,2015-05-13,PRO
14732647,61626909,2011-10-04,PRO
14732647,13645344,2012-10-04,DIV
14732648,62008166,2014-06-05,PRO
14732651,62009141,2014-06-06,PRO
14732652,62008828,2014-06-06,PRO
14732658,61779528,2013-03-13,PRO
14732658,14209904,2014-03-13,CIP
14732662,62011399,2014-06-12,PRO
14732663,61504141,2011-07-01,PRO
14732663,13535349,2012-06-27,CON
14732664,PCT/KR2013/011159,2013-04-12,CON
14732665,13523921,2012-06-15,DIV
14732666,62008536,2014-06-06,PRO
14732668,62008502,2014-06-05,PRO
14732669,62008223,2014-06-05,PRO
14732669,62017212,2014-06-25,PRO
14732669,14517766,2014-10-17,CIP
14732673,62008288,2014-06-05,PRO
14732673,62014197,2014-06-19,PRO
14732674,61743458,2012-09-05,PRO
14732674,61852061,2013-03-15,PRO
14732674,13987808,2013-09-04,CON
14732680,13418476,2012-03-13,DIV
14732681,61847555,2013-07-17,PRO
14732681,14334550,2014-07-17,CON
14732682,62176890,2014-06-06,PRO
14732684,14448849,2014-07-31,CIP
14732684,PCT/US2014/048727,2014-07-29,CON
14732685,62010432,2014-06-10,PRO
14732689,13917302,2013-06-13,DIV
14732689,14556200,2014-11-30,CON
14732693,13536852,2012-06-28,CON
14732695,61718132,2012-10-24,PRO
14732695,14040442,2013-09-27,DIV
14732699,13796953,2013-03-12,DIV
14732705,13965178,2013-08-12,DIV
14732712,13892226,2013-05-10,CON
14732712,14451429,2014-08-05,CON
14732713,12890067,2010-09-24,CIP
14732713,13533476,2012-06-26,CON
14732716,14465521,2014-08-21,CIP
14732716,PCT/IN2013/000008,2013-02-19,CON
14732716,PCT/IN2013/000141,2013-03-12,CIP
14732718,14008607,2013-09-30,DIV
14732719,13224666,2011-09-02,DIV
14732719,PCT/US2010/027321,2010-03-15,CON
14732721,60837414,2006-08-10,PRO
14732721,11836737,2007-08-09,REI
14732722,13985927,2013-08-16,DIV
14732732,11988314,2008-01-04,DIV
14732732,PCT/IL2006/000795,2006-07-09,NST
14732733,60845200,2006-09-18,PRO
14732733,PCT/IL07/01139,2007-09-17,NST
14732733,12310201,2009-02-17,CON
14732749,61287077,2009-12-16,PRO
14732749,12970604,2010-12-16,CON
14732749,13726147,2012-12-23,DIV
14732755,62009262,2014-06-08,PRO
14732757,62009249,2014-06-08,PRO
14732758,11756616,2007-05-31,CIP
14732758,11756619,2007-05-31,CIP
14732758,11756619,2007-05-31,CON
14732758,PCT/US08/65230,2008-05-30,NST
14732758,PCT/US08/65237,2008-05-30,NST
14732758,12601268,2010-05-22,CIP
14732758,12601271,2010-05-22,CIP
14732758,61379225,2010-09-01,PRO
14732758,61379284,2010-09-01,PRO
14732758,61379820,2010-09-03,PRO
14732758,61379830,2010-09-03,PRO
14732758,13149681,2011-05-31,CIP
14732758,13223279,2011-08-31,DIV
14732758,13223289,2011-08-31,CON
14732758,14322237,2014-07-02,CON
14732758,14630266,2015-02-24,CON
14732759,62009227,2014-06-07,PRO
14732763,62009247,2014-06-08,PRO
14732766,61809206,2013-04-05,PRO
14732766,14246052,2014-04-05,CON
14732769,62011871,2014-06-13,PRO
14732771,PCT/CN2013/088570,2013-12-05,CIP
14732772,12313779,2008-11-24,CON
14732772,PCT/US2007/013152,2007-06-04,CON
14732773,62006032,2014-05-30,PRO
14732773,14599424,2015-01-16,CIP
14732773,PCT/US2013/073195,2013-12-04,CIP
14732773,PCT/US2015/032474,2015-05-26,CIP
14732775,14218928,2014-03-18,CIP
14732775,14457099,2014-08-11,CIP
14732780,62014699,2014-06-20,PRO
14732786,PCT/CN2013/083965,2013-09-23,CON
14732790,PCT/JP2013/083129,2013-12-10,CON
14732798,13963109,2013-08-09,CON
14732800,13369296,2012-02-09,DIV
14732805,62009891,2014-06-09,PRO
14732806,60689650,2005-06-09,PRO
14732806,11450145,2006-06-09,CON
14732806,60818044,2006-06-30,PRO
14732806,11825139,2007-07-02,CIP
14732806,61128813,2008-05-23,PRO
14732806,12455021,2009-05-26,CIP
14732806,61233040,2009-08-11,PRO
14732806,12590855,2009-11-12,CIP
14732806,12832021,2010-07-07,CIP
14732806,12854815,2010-08-11,CON
14732806,14171645,2014-02-03,CIP
14732806,14729029,2015-06-02,CIP
14732807,62009274,2014-06-08,PRO
14732810,61486295,2011-05-15,PRO
14732810,13470367,2012-05-14,CIP
14732815,11884052,2008-08-13,CON
14732815,PCT/US2006/004391,2006-02-08,NST
14732817,13881854,2013-04-26,DIV
14732817,PCT/JP2012/075421,2012-10-01,NST
14732822,61997963,2014-06-16,PRO
14732823,62011024,2014-06-11,PRO
14732831,62010654,2014-06-11,PRO
14732831,62073193,2014-10-31,PRO
14732833,13804027,2013-03-14,DIV
14732834,61634174,2012-02-24,PRO
14732834,13815286,2013-02-16,CON
14732835,13970754,2013-08-20,DIV
14732838,62011122,2014-06-12,PRO
14732841,61637089,2012-04-23,PRO
14732841,61704120,2012-09-21,PRO
14732841,13865695,2013-04-18,DIV
14732843,62009248,2014-06-08,PRO
14732844,14180016,2014-02-13,CIP
14732845,61791707,2013-03-15,PRO
14732845,14212143,2014-03-14,CIP
14732847,61862660,2013-08-06,PRO
14732847,14215185,2014-03-17,CON
14732848,13004928,2011-01-12,CON
14732850,62010499,2014-06-11,PRO
14732852,12598643,2009-11-03,CON
14732852,PCT/US2008/062628,2008-05-05,NST
14732853,62016141,2014-06-24,PRO
14732855,61776132,2013-03-11,PRO
14732855,14203965,2014-03-11,CON
14732857,61442110,2011-02-11,PRO
14732857,13371189,2012-02-10,CON
14732859,13265609,2012-02-02,CON
14732859,13914127,2013-06-10,CON
14732859,PCT/US2010/031981,2010-04-22,NST
14732860,61647272,2012-05-15,PRO
14732860,13844527,2013-03-15,DIV
14732860,PCT/US2012/067041,2012-11-29,CIP
14732861,13555304,2012-07-23,CON
14732864,62008754,2014-06-06,PRO
14732865,61211871,2009-04-03,PRO
14732865,12798457,2010-04-05,CON
14732865,13754110,2013-01-30,CON
14732867,13788174,2013-03-07,DIV
14732870,12704125,2010-02-11,CON
14732874,12846534,2010-07-29,DIV
14732874,13751189,2013-01-28,CON
14732874,14472618,2014-08-29,CON
14732878,61514198,2011-08-02,PRO
14732878,13564853,2012-08-02,CON
14732879,62010169,2014-06-10,PRO
14732881,14223106,2014-03-24,DIV
14732883,60916231,2007-05-04,PRO
14732883,12114137,2008-05-02,DIV
14732885,14145190,2013-12-31,CON
14732887,61529923,2011-09-01,PRO
14732887,13597220,2012-08-28,CON
14732887,14461531,2014-08-18,CON
14732890,62009628,2014-06-09,PRO
14732891,13882863,2013-05-01,CON
14732891,14337355,2014-07-22,CON
14732891,PCT/JP2011/006262,2011-11-09,NST
14732898,PCT/EP2013/003556,2013-11-26,NST
14732906,11220725,2005-09-08,CON
14732908,PCT/JP2013/007228,2013-12-09,CON
14732909,10509682,2004-10-12,CON
14732909,12468917,2009-05-20,CON
14732909,13558712,2012-07-26,CON
14732909,14176826,2014-02-10,CON
14732909,PCT/JP03/05081,2003-04-22,NST
14732910,13359669,2012-01-27,CON
14732910,PCT/CA2010/001194,2010-07-30,CON
14732911,13374799,2012-01-13,CON
14732911,14582823,2014-12-24,CON
14732915,10900923,2004-07-28,CON
14732917,62009261,2014-06-08,PRO
14732919,61477918,2011-04-21,PRO
14732919,61541548,2011-09-30,PRO
14732919,13452295,2012-04-20,DIV
14732920,11916687,2007-12-06,CON
14732920,12946051,2010-11-15,CON
14732920,13608818,2012-09-10,CON
14732920,14138273,2013-12-23,CON
14732920,PCT/JP2006/318006,2006-09-12,NST
14732923,61794873,2013-03-15,PRO
14732923,14216593,2014-03-17,DIV
14732925,62012546,2014-06-16,PRO
14732928,62009746,2014-06-09,PRO
14732929,62008771,2014-06-06,PRO
14732930,PCT/JP2013/082926,2013-12-09,CON
14732931,14167110,2014-01-29,DIV
14732934,62014917,2014-06-20,PRO
14732935,13809779,2013-03-12,CON
14732935,PCT/CA2011/050425,2011-07-12,NST
14732938,14107279,2013-12-16,DIV
14732943,62008557,2014-06-06,PRO
14732946,62011811,2014-06-13,PRO
14732947,13470941,2012-05-14,CON
14732947,14244158,2014-04-03,CON
14732953,62016139,2014-06-24,PRO
14732955,12083049,2008-04-03,CON
14732955,PCT/JP2006/319695,2006-10-02,NST
14732960,10375030,2003-02-28,DIV
14732960,12575680,2009-10-08,DIV
14732962,62012810,2014-06-16,PRO
14732963,62010156,2014-06-10,PRO
14732964,13517969,2012-09-19,DIV
14732964,PCT/US2010/061554,2010-12-21,NST
14732965,62009607,2014-06-09,PRO
14732967,PCT/CN2013/089929,2013-12-19,CON
14732969,13108168,2011-05-16,CON
14732973,62010756,2014-06-11,PRO
14732975,PCT/JP2013/082819,2013-12-06,CON
14732976,13754983,2013-01-31,CIP
14732977,60696069,2005-07-01,PRO
14732977,11427297,2006-06-28,CON
14732977,13615547,2012-09-13,CON
14732977,13898202,2013-05-20,CON
14732978,11111028,2005-04-21,CON
14732978,14011460,2013-08-27,CON
14732980,62009742,2014-06-09,PRO
14732980,62009747,2014-06-09,PRO
14732981,13198105,2011-08-04,DIV
14732981,14175223,2014-02-07,DIV
14732982,13362352,2012-01-31,CIP
14732982,61692409,2012-08-23,PRO
14732982,13972000,2013-08-21,CIP
14732983,11138142,2005-05-26,CIP
14732983,11740910,2007-04-26,CON
14732983,13306681,2011-11-29,CON
14732984,13860947,2013-04-11,DIV
14732991,13526766,2012-06-19,CON
14732992,PCT/US2013/075608,2013-12-17,CON
14732996,60987566,2007-11-13,PRO
14732996,12269110,2008-11-12,CIP
14732996,12433440,2009-04-30,DIV
14732999,13169320,2011-06-27,DIV
14732999,14177700,2014-02-11,DIV
14733003,12450929,2010-01-19,CON
14733003,PCT/EP2008/053505,2008-03-25,NST
14733004,14446371,2014-07-30,CON
14733006,62010943,2014-06-11,PRO
14733008,60147324,1999-08-05,PRO
14733008,60164650,1999-11-10,PRO
14733008,PCT/US00/21387,2000-08-04,NST
14733008,10048757,2002-08-21,CON
14733008,11238234,2005-09-29,CON
14733008,12416627,2009-04-01,CON
14733010,13669860,2012-11-06,DIV
14733013,60286850,2001-04-26,PRO
14733013,10131163,2002-04-24,DIV
14733013,11621014,2007-01-08,DIV
14733013,12328917,2008-12-05,CIP
14733013,13116984,2011-05-26,CIP
14733014,13804872,2013-03-14,CON
14733015,13309920,2011-12-02,DIV
14733016,62012489,2014-06-16,PRO
14733019,61163708,2009-03-26,PRO
14733019,61301933,2010-02-05,PRO
14733019,PCT/US10/28876,2010-03-26,NST
14733019,13260397,2012-05-21,CON
14733020,62009419,2014-06-09,PRO
14733021,62010066,2014-06-10,PRO
14733023,14086442,2013-11-21,CIP
14733023,14603636,2015-01-23,CIP
14733026,12893461,2010-09-29,CON
14733026,13772903,2013-02-21,CON
14733029,62010488,2014-06-11,PRO
14733030,62020277,2014-07-02,PRO
14733031,61259284,2009-11-09,PRO
14733031,12942309,2010-11-09,DIV
14733033,62009637,2014-06-09,PRO
14733035,PCT/JP2013/083751,2013-12-17,CON
14733036,60761553,2006-01-23,PRO
14733036,60801891,2006-05-19,PRO
14733036,11657167,2007-01-23,CON
14733036,12985121,2011-01-05,CON
14733037,13698887,2012-11-19,CON
14733037,PCT/US2011/036057,2011-05-11,NST
14733038,13189232,2011-07-22,DIV
14733041,12715886,2010-03-02,CON
14733041,13472151,2012-05-15,CON
14733042,61378482,2010-08-31,PRO
14733042,61385535,2010-09-22,PRO
14733042,13222157,2011-08-31,CIP
14733042,14145950,2014-01-01,CON
14733043,61052345,2008-05-12,PRO
14733043,12368978,2009-02-10,CON
14733043,13753314,2013-01-29,CON
14733043,14185417,2014-02-20,CON
14733047,14251765,2014-04-14,CON
14733049,62008661,2014-06-06,PRO
14733053,61533134,2011-09-09,PRO
14733053,13598247,2012-08-29,CON
14733056,10028650,2001-12-20,CON
14733056,11854419,2007-09-12,CON
14733057,62009448,2014-06-09,PRO
14733058,10934154,2004-09-03,CIP
14733058,11330297,2006-01-11,CON
14733058,13596026,2012-08-27,DIV
14733059,62008911,2014-06-06,PRO
14733060,61590675,2012-01-25,PRO
14733060,13749229,2013-01-24,CON
14733062,62011576,2014-06-13,PRO
14733063,61252964,2009-10-19,PRO
14733063,61253208,2009-10-20,PRO
14733063,12907724,2010-10-19,CON
14733066,62010017,2014-06-10,PRO
14733067,12349149,2009-01-06,CON
14733068,13578531,2012-08-10,CON
14733068,PCT/KR2011/000909,2011-02-10,NST
14733069,09411663,1999-10-04,CON
14733069,11196042,2005-08-03,CON
14733069,13411388,2012-03-02,CON
14733069,13963010,2013-08-09,DIV
14733070,10580800,2007-02-07,CON
14733070,13928062,2013-06-26,CON
14733070,PCT/AU2004/001673,2004-11-29,NST
14733072,62008637,2014-06-06,PRO
14733073,12851881,2010-08-06,CON
14733073,13186877,2011-07-20,CON
14733075,13731039,2012-12-30,CON
14733076,62009296,2014-06-08,PRO
14733076,62082026,2014-11-19,PRO
14733078,13863676,2013-04-16,CON
14733085,13803808,2013-03-14,CON
14733088,61545927,2011-10-11,PRO
14733088,13650025,2012-10-11,CON
14733090,12714028,2010-02-26,CON
14733091,62020492,2014-07-03,PRO
14733093,12161983,2008-07-24,DIV
14733093,PCT/IB2007/050296,2007-01-29,NST
14733094,14202533,2014-03-10,CON
14733094,PCT/SE2011/051085,2011-09-08,CON
14733096,62021647,2014-07-07,PRO
14733097,PCT/CN2013/085008,2013-10-11,CON
14733099,13303583,2011-11-23,CON
14733099,13863869,2013-04-16,CON
14733099,14195208,2014-03-03,CON
14733101,62010919,2014-06-11,PRO
14733102,13974320,2013-08-23,CON
14733105,62008823,2014-06-06,PRO
14733111,62008572,2014-06-06,PRO
14733112,13330357,2011-12-19,CON
14733112,14243042,2014-04-02,CON
14733112,14563004,2014-12-08,CON
14733113,62008912,2014-06-06,PRO
14733114,60722086,2005-09-21,PRO
14733114,11524057,2006-09-20,CIP
14733114,62034436,2014-08-07,PRO
14733114,62054454,2014-09-24,PRO
14733114,62165301,2015-05-22,PRO
14733115,13630135,2012-09-28,CON
14733120,11425650,2006-06-21,CON
14733120,13325615,2011-12-14,CON
14733120,14284682,2014-05-22,CON
14733122,62012778,2014-06-16,PRO
14733127,60984569,2007-11-01,PRO
14733127,12263706,2008-11-03,CON
14733128,13304763,2011-11-28,CON
14733129,14031854,2013-09-19,CON
14733130,62011151,2014-06-12,PRO
14733131,62008644,2014-06-06,PRO
14733132,11943952,2007-11-21,CON
14733132,13670494,2012-11-07,CON
14733132,13909156,2013-06-04,CON
14733133,10488162,2004-08-30,CON
14733133,11808487,2007-06-11,DIV
14733133,12913508,2010-10-27,CON
14733133,PCT/GB02/04418,2002-09-27,NST
14733135,PCT/JP2013/006793,2013-11-19,CON
14733137,62010523,2014-06-11,PRO
14733139,62010813,2014-06-11,PRO
14733140,PCT/JP2013/082500,2013-12-03,CON
14733141,61650715,2012-05-23,PRO
14733141,13900897,2013-05-23,CON
14733144,12488167,2009-06-19,CON
14733145,60624176,2004-11-03,PRO
14733145,11265211,2005-11-03,CON
14733149,61052446,2008-05-12,PRO
14733149,12368980,2009-02-10,CON
14733152,12678706,2010-07-09,DIV
14733152,PCT/GB2008/003145,2008-09-17,NST
14733153,13683538,2012-11-21,CON
14733154,13412239,2012-03-05,CON
14733158,13166371,2011-06-22,DIV
14733159,PCT/JP2013/006710,2013-11-15,CON
14733160,61383192,2010-09-15,PRO
14733160,13220423,2011-08-29,CON
14733160,13893080,2013-05-13,CON
14733163,62009431,2014-06-09,PRO
14733164,13723276,2012-12-21,CON
14733165,13553561,2012-07-19,CIP
14733167,10463955,2003-06-18,CON
14733167,12500051,2009-07-09,CON
14733167,13628625,2012-09-27,CON
14733171,12110802,2008-04-28,CON
14733173,62008700,2014-06-06,PRO
14733174,13644835,2012-10-04,DIV
14733177,PCT/JP2013/007554,2013-12-24,CON
14733179,13166371,2011-06-22,DIV
14733180,62008880,2014-06-06,PRO
14733181,12139163,2008-06-13,CIP
14733181,13470462,2012-05-14,CON
14733182,62011476,2014-06-12,PRO
14733185,61537368,2011-09-21,PRO
14733185,13624485,2012-09-21,DIV
14733187,13166371,2011-06-22,DIV
14733188,13592638,2012-08-23,CON
14733191,13264039,2012-01-23,CON
14733191,PCT/GB2010/050625,2010-04-15,NST
14733192,61997641,2014-06-06,PRO
14733194,13644835,2012-10-04,DIV
14733195,13981254,2013-07-23,DIV
14733195,PCT/JP2012/051353,2012-01-23,NST
14733198,61487979,2011-05-19,PRO
14733198,13326125,2011-12-14,CON
14733199,13876998,2013-06-26,DIV
14733199,14515673,2014-10-16,CON
14733199,PCT/JP11/72333,2011-09-29,NST
14733200,13010254,2011-01-20,DIV
14733203,62008689,2014-06-06,PRO
14733204,11919678,2007-10-31,CON
14733204,14183283,2014-02-18,CON
14733204,14512189,2014-10-10,CON
14733204,PCT/JP2006/310571,2006-05-26,NST
14733210,61595654,2012-02-06,PRO
14733210,13715250,2012-12-14,CON
14733211,62009099,2014-06-06,PRO
14733211,62042608,2014-08-27,PRO
14733212,PCT/JP2014/062051,2014-05-01,CON
14733213,62010734,2014-06-11,PRO
14733214,PCT/JP2013/082843,2013-12-06,CON
14733216,13248469,2011-09-29,CON
14733216,13942087,2013-07-15,CON
14733216,PCT/DE2010/000366,2010-03-30,CON
14733217,62009713,2014-06-09,PRO
14733222,10789149,2004-02-27,CIP
14733222,10789149,2004-02-27,DIV
14733222,60630536,2004-11-23,PRO
14733222,10996289,2004-11-23,CIP
14733222,11272508,2005-11-10,CIP
14733222,11502926,2006-08-11,DIV
14733222,12220185,2008-07-22,CON
14733222,12584413,2009-09-04,CON
14733222,13374932,2012-01-24,CIP
14733222,13815933,2013-03-15,CON
14733226,61260552,2009-11-12,PRO
14733226,61260639,2009-11-12,PRO
14733226,12945278,2010-11-12,CON
14733226,14197703,2014-03-05,CON
14733231,61669171,2012-07-09,PRO
14733231,61669179,2012-07-09,PRO
14733231,13937919,2013-07-09,DIV
14733233,62014534,2014-06-19,PRO
14733233,62110924,2015-02-02,PRO
14733235,13241383,2011-09-23,DIV
14733236,PCT/JP2013/083240,2013-12-11,CON
14733238,61997789,2014-06-10,PRO
14733240,13857830,2013-04-05,CON
14733247,13783075,2013-03-01,CON
14733248,62009626,2014-06-09,PRO
14733248,62091146,2014-12-12,PRO
14733250,13727981,2012-12-27,CON
14733253,61481298,2011-05-02,PRO
14733253,61521429,2011-08-09,PRO
14733253,13462408,2012-05-02,CON
14733254,13387492,2012-01-27,CON
14733255,62009626,2014-06-09,PRO
14733255,62091153,2014-12-12,PRO
14733256,13606436,2012-09-07,CON
14733256,14478182,2014-09-05,CON
14733262,62009630,2014-06-09,PRO
14733267,PCT/EP2013/074745,2013-11-26,CON
14733268,61576511,2011-12-16,PRO
14733268,61678513,2012-08-01,PRO
14733268,13715223,2012-12-14,CIP
14733268,61831386,2013-06-05,PRO
14733268,14180934,2014-02-14,CON
14733269,13797540,2013-03-12,DIV
14733270,62008803,2014-06-06,PRO
14733272,61314929,2010-03-17,PRO
14733272,13049609,2011-03-16,CON
14733273,12303080,2009-06-16,DIV
14733273,PCT/JP2007/060854,2007-05-29,NST
14733275,61601763,2012-02-22,PRO
14733275,13686974,2012-11-28,CIP
14733275,62012335,2014-06-14,PRO
14733276,13321088,2011-11-17,CON
14733276,14161345,2014-01-22,CON
14733276,PCT/KR2010/003133,2010-05-18,NST
14733278,62010687,2014-06-11,PRO
14733279,61705364,2012-09-25,PRO
14733279,13842773,2013-03-15,CON
14733280,61290375,2009-12-28,PRO
14733280,12977725,2010-12-23,CON
14733283,13659266,2012-10-24,CON
14733284,14060726,2013-10-23,CON
14733287,61601368,2012-02-21,PRO
14733287,13773274,2013-02-21,DIV
14733292,13413063,2012-03-06,CON
14733295,14446901,2014-07-30,CON
14733296,62010542,2014-06-11,PRO
14733296,62011760,2014-06-13,PRO
14733299,61780280,2013-03-13,PRO
14733299,14209453,2014-03-13,CON
14733300,14017793,2013-09-04,CON
14733302,60510242,2003-10-10,PRO
14733302,10962638,2004-10-12,CON
14733302,13278790,2011-10-21,CON
14733303,PCT/JP2014/061837,2014-04-28,CON
14733306,12225418,2008-09-22,CON
14733306,14284878,2014-05-22,DIV
14733306,PCT/JP2007/054565,2007-03-08,NST
14733308,13698975,2012-11-20,DIV
14733308,PCT/JP2011/002628,2011-05-11,NST
14733311,11040622,2005-01-21,CON
14733311,11488107,2006-07-17,CON
14733311,12240088,2008-09-29,CON
14733311,13475419,2012-05-18,CON
14733311,PCT/EP2002/012427,2002-11-07,CON
14733313,12799252,2010-04-20,DIV
14733315,13480766,2012-05-25,CON
14733316,61314956,2010-03-17,PRO
14733316,13049382,2011-03-16,CON
14733316,14047510,2013-10-07,DIV
14733318,61102641,2008-10-03,PRO
14733318,61234431,2009-08-17,PRO
14733318,12572494,2009-10-02,DIV
14733318,13544129,2012-07-09,CON
14733319,PCT/EP2013/074749,2013-11-26,CON
14733320,09463352,2000-01-21,CON
14733320,11108233,2005-04-18,DIV
14733320,14226965,2014-03-27,CON
14733320,PCT/EP98/04945,1998-08-05,NST
14733322,61891614,2013-10-16,PRO
14733322,14516024,2014-10-16,CON
14733323,13296072,2011-11-14,CON
14733324,62011805,2014-06-13,PRO
14733324,62116989,2015-02-17,PRO
14733325,61669171,2012-07-09,PRO
14733325,61669179,2012-07-09,PRO
14733325,13937919,2013-07-09,DIV
14733326,10556633,2005-11-10,CON
14733326,PCT/IL2004/000384,2004-05-06,NST
14733328,PCT/JP2013/082876,2013-12-06,CON
14733329,PCT/CN2014/078916,2014-05-30,CIP
14733330,11831247,2007-07-31,DIV
14733330,13468655,2012-05-10,CON
14733332,61778006,2013-03-12,PRO
14733332,13840221,2013-03-15,CON
14733333,13897052,2013-05-17,CON
14733333,PCT/IL2011/050019,2011-11-17,CON
14733334,61515953,2011-08-07,PRO
14733334,13568522,2012-08-07,CON
14733336,62008963,2014-06-06,PRO
14733337,62009341,2014-06-09,PRO
14733341,61168349,2009-04-10,PRO
14733341,12757337,2010-04-09,CON
14733341,14089434,2013-11-25,CON
14733344,13812857,2013-01-28,DIV
14733344,PCT/US2011/045558,2011-07-27,NST
14733345,62011263,2014-06-12,PRO
14733346,10965133,2004-10-14,CIP
14733346,60926706,2007-04-27,PRO
14733346,11895424,2007-08-24,CON
14733346,12987584,2011-01-10,CON
14733346,14027419,2013-09-16,CON
14733347,62009326,2014-06-08,PRO
14733349,61023522,2008-01-25,PRO
14733349,61049166,2008-04-30,PRO
14733349,12238105,2008-09-25,CON
14733351,61585209,2012-01-10,PRO
14733351,13627936,2012-09-26,CON
14733352,13404819,2012-02-24,DIV
14733355,13256260,2011-09-13,DIV
14733360,62008819,2014-06-06,PRO
14733362,12823152,2010-06-25,CIP
14733362,14522149,2014-10-23,CON
14733362,14639839,2015-03-05,DIV
14733363,11868387,2007-10-05,DIV
14733366,13711835,2012-12-12,CON
14733367,62035087,2014-08-08,PRO
14733370,62010542,2014-06-11,PRO
14733370,62011760,2014-06-13,PRO
14733372,61102804,2008-10-03,PRO
14733372,12573840,2009-10-05,CIP
14733372,12753813,2010-04-02,CON
14733376,13501739,2012-04-12,CON
14733376,PCT/BR2010/000353,2010-10-26,NST
14733378,61512459,2011-07-28,PRO
14733378,13558802,2012-07-26,DIV
14733380,62013512,2014-06-17,PRO
14733382,62016803,2014-06-25,PRO
14733384,13443741,2012-04-10,CON
14733385,11499406,2006-08-04,CON
14733387,60804143,2006-06-07,PRO
14733387,60829718,2006-10-17,PRO
14733387,60883471,2007-01-04,PRO
14733387,11759620,2007-06-07,CON
14733388,61445027,2011-02-21,PRO
14733388,61494868,2011-06-08,PRO
14733388,13400559,2012-02-20,DIV
14733389,13667120,2012-11-02,CON
14733393,PCT/JP2013/082817,2013-12-06,CON
14733400,14110167,2013-10-07,DIV
14733400,PCT/EP2012/054308,2012-03-13,NST
14733401,61529389,2011-08-31,PRO
14733401,13302653,2011-11-22,DIV
14733401,14057951,2013-10-18,CON
14733402,14013967,2013-08-29,CON
14733403,11845994,2007-08-28,CON
14733405,61807373,2013-04-02,PRO
14733405,14243885,2014-04-02,CIP
14733410,13280344,2011-10-25,CON
14733411,62009669,2014-06-09,PRO
14733413,62013275,2014-06-17,PRO
14733417,61099633,2008-09-24,PRO
14733417,61099813,2008-09-24,PRO
14733417,12565605,2009-09-23,CON
14733418,61229338,2009-07-29,PRO
14733418,PCT/IB10/02238,2010-07-29,CON
14733418,13359787,2012-01-27,CON
14733421,60642771,2005-01-11,PRO
14733421,11340003,2006-01-10,CON
14733422,13833154,2013-03-15,CON
14733423,60430835,2002-12-04,PRO
14733423,PCT/US03/38472,2003-12-04,CON
14733423,11052428,2005-02-07,CON
14733425,13481227,2012-05-25,CON
14733425,PCT/ES2012/070354,2012-05-18,CON
14733426,62020277,2014-07-02,PRO
14733428,61183825,2009-06-03,PRO
14733428,12792236,2010-06-02,CON
14733428,13551289,2012-07-17,CON
14733429,14280014,2014-05-16,CON
14733430,12916271,2010-10-29,CON
14733436,12006457,2008-01-02,CON
14733439,13501739,2012-04-12,CON
14733439,PCT/BR2010/000353,2010-10-26,NST
14733443,61752846,2013-01-15,PRO
14733443,13765583,2013-02-12,DIV
14733444,13265628,2011-10-21,CON
14733444,PCT/JP2009/001982,2009-05-01,NST
14733448,14314697,2014-06-25,CIP
14733448,62064655,2014-10-16,PRO
14733450,11157375,2005-06-21,CIP
14733450,11204812,2005-08-16,DIV
14733450,12612070,2009-11-04,CON
14733452,62171814,2015-06-05,PRO
14733452,62171908,2015-06-05,PRO
14733457,14284704,2014-05-22,CON
14733458,61184198,2009-06-04,PRO
14733458,61253800,2009-10-21,PRO
14733458,61313051,2010-03-11,PRO
14733458,12794551,2010-06-04,CON
14733458,13889687,2013-05-08,CON
14733459,62009091,2014-06-06,PRO
14733462,62008704,2014-06-06,PRO
14733463,62010090,2014-06-10,PRO
14733464,14050792,2013-10-10,CON
14733466,PCT/JP2014/050302,2014-01-10,CON
14733467,13688729,2012-11-29,DIV
14733468,62014532,2014-06-19,PRO
14733469,13684210,2012-11-22,DIV
14733470,13622146,2012-09-18,CON
14733471,13241912,2011-09-23,CON
14733473,62010093,2014-06-10,PRO
14733475,61069082,2008-03-11,PRO
14733475,61197942,2008-10-31,PRO
14733475,61197940,2008-10-31,PRO
14733475,12402353,2009-03-11,DIV
14733477,62009850,2014-06-09,PRO
14733478,61589187,2012-01-20,PRO
14733478,13747041,2013-01-22,CON
14733479,61611263,2012-03-15,PRO
14733479,13785738,2013-03-05,CON
14733480,13839511,2013-03-15,CON
14733481,62008782,2014-06-06,PRO
14733482,61830969,2013-06-04,PRO
14733482,14294385,2014-06-03,DIV
14733483,13696458,2013-03-20,CIP
14733483,PCT/CA2011/000532,2011-05-06,NST
14733486,62008505,2014-06-06,PRO
14733487,13724342,2012-12-21,CON
14733487,14266069,2014-04-30,CON
14733489,14073993,2013-11-07,CON
14733490,61712948,2012-10-12,PRO
14733490,61712953,2012-10-12,PRO
14733490,61712956,2012-10-12,PRO
14733490,61712962,2012-10-12,PRO
14733490,61713715,2012-10-15,PRO
14733490,61713718,2012-10-15,PRO
14733490,61713762,2012-10-15,PRO
14733490,61714293,2012-10-16,PRO
14733490,61714469,2012-10-16,PRO
14733490,61806577,2013-03-29,PRO
14733490,61824204,2013-05-16,PRO
14733490,61861199,2013-08-01,PRO
14733490,13963851,2013-08-09,CON
14733492,13835980,2013-03-15,CON
14733492,14029224,2013-09-17,CON
14733495,13713795,2012-12-13,DIV
14733498,13983090,2013-10-04,CIP
14733498,PCT/US2012/024295,2012-02-08,NST
14733499,62009402,2014-06-09,PRO
14733501,60724577,2005-10-07,PRO
14733501,11528753,2006-09-27,CON
14733502,61545147,2011-10-08,PRO
14733502,13342301,2012-01-03,CIP
14733502,13351822,2012-01-17,CIP
14733502,13408986,2012-02-29,CIP
14733502,13436557,2012-03-30,CIP
14733502,13484624,2012-05-31,CON
14733503,61258714,2009-11-06,PRO
14733503,12940429,2010-11-05,CIP
14733503,61525549,2011-08-19,PRO
14733503,61658662,2012-06-12,PRO
14733503,13588692,2012-08-17,CON
14733506,62009212,2014-06-07,PRO
14733507,13236552,2011-09-19,CON
14733507,13534361,2012-06-27,CON
14733507,13929262,2013-06-27,CON
14733510,13335613,2011-12-22,CON
14733510,14139761,2013-12-23,CON
14733511,13474822,2012-05-18,DIV
14733511,14161173,2014-01-22,CON
14733512,61920283,2013-12-23,PRO
14733512,14554762,2014-11-26,CIP
14733513,62008796,2014-06-06,PRO
14733514,60147324,1999-08-05,PRO
14733514,60164650,1999-11-10,PRO
14733514,PCT/US00/21387,2000-08-04,NST
14733514,10048757,2002-08-21,CON
14733514,11238234,2005-09-29,CON
14733514,12416627,2009-04-01,CON
14733515,13297853,2011-11-16,DIV
14733517,62010036,2014-06-10,PRO
14733518,11923940,2007-10-25,CON
14733518,13330465,2011-12-19,CON
14733518,13665051,2012-10-31,CON
14733518,14142918,2013-12-29,CON
14733519,62009758,2014-06-09,PRO
14733520,61654070,2012-05-31,PRO
14733520,13665792,2012-10-31,CON
14733521,60943242,2007-06-11,PRO
14733521,12137350,2008-06-11,CIP
14733521,12274117,2008-11-19,CON
14733521,14032361,2013-09-20,CON
14733521,14312980,2014-06-24,CON
14733524,14038306,2013-09-26,CON
14733525,62008503,2014-06-06,PRO
14733529,62009030,2014-06-06,PRO
14733529,62031710,2014-07-31,PRO
14733531,13301359,2011-11-21,CON
14733535,PCT/CN2012/086028,2012-12-06,CON
14733538,13674716,2012-11-12,CON
14733541,12172927,2008-07-14,DIV
14733543,13297853,2011-11-16,CON
14733551,61170310,2009-04-17,PRO
14733551,61214562,2009-04-25,PRO
14733551,12761818,2010-04-16,CON
14733551,14517228,2014-10-17,CON
14733552,61077812,2008-07-02,PRO
14733552,61158953,2009-03-10,PRO
14733552,12497221,2009-07-02,CON
14733552,13675572,2012-11-13,CON
14733553,13512450,2012-05-29,DIV
14733553,PCT/US2009/006350,2009-12-03,NST
14733557,14448979,2014-07-31,CON
14733562,61303191,2010-02-10,PRO
14733562,12785278,2010-05-21,CON
14733563,12722592,2010-03-12,CON
14733563,13626641,2012-09-25,CON
14733564,13122387,2011-06-10,CIP
14733564,PCT/NL2009/050611,2009-10-09,NST
14733565,60268394,2001-02-13,PRO
14733565,10076013,2002-02-13,CON
14733565,12123081,2008-05-19,CON
14733565,13154239,2011-06-06,CON
14733565,14033245,2013-09-20,CON
14733565,14134933,2013-12-19,CON
14733565,14577286,2014-12-19,CON
14733566,13488282,2012-06-04,DIV
14733566,14196986,2014-03-04,CON
14733567,62010385,2014-06-10,PRO
14733568,PCT/EP2013/003610,2013-11-29,CON
14733569,12023714,2008-01-31,CON
14733569,13687097,2012-11-28,CON
14733573,13204507,2011-08-05,DIV
14733577,61654070,2012-05-31,PRO
14733577,13665792,2012-10-31,CON
14733578,13626709,2012-09-25,CON
14733579,12050682,2008-03-18,DIV
14733581,60763639,2006-01-31,PRO
14733581,11627432,2007-01-26,CON
14733581,13349321,2012-01-12,CON
14733581,14047770,2013-10-07,CON
14733585,13159632,2011-06-14,CON
14733588,61330729,2010-05-03,PRO
14733588,13100160,2011-05-03,CON
14733590,12862494,2010-08-24,CON
14733591,61654070,2012-05-31,PRO
14733591,13665792,2012-10-31,CON
14733592,13261527,2012-11-26,CON
14733592,PCT/JP2011/050495,2011-01-14,NST
14733594,12355010,2009-01-16,CON
14733596,61164888,2009-03-30,PRO
14733596,61185579,2009-06-09,PRO
14733596,12750527,2010-03-30,CON
14733597,61334531,2010-05-13,PRO
14733597,13106780,2011-05-12,CON
14733597,14155113,2014-01-14,CON
14733602,PCT/EP2013/055180,2013-03-13,CIP
14733603,13445577,2012-04-12,CON
14733606,12286659,2008-09-30,CON
14733606,13657726,2012-10-22,CON
14733607,13627079,2012-09-26,CON
14733610,62009728,2014-06-09,PRO
14733614,60961743,2007-07-23,PRO
14733614,12178122,2008-07-23,CON
14733614,12839163,2010-07-19,DIV
14733614,13619699,2012-09-14,CON
14733614,14078042,2013-11-12,CON
14733615,11577177,2008-05-02,CON
14733615,PCT/US2005/036761,2005-10-13,NST
14733616,61654070,2012-05-31,PRO
14733616,13665792,2012-10-31,CON
14733617,09696866,2000-10-25,DIV
14733617,11656588,2007-01-22,DIV
14733617,13486186,2012-06-01,DIV
14733617,13925941,2013-06-25,CON
14733618,60310534,2001-08-06,PRO
14733618,10214412,2002-08-06,CON
14733618,12653115,2009-12-08,CON
14733618,13349449,2012-01-12,CON
14733618,13726324,2012-12-24,CON
14733618,14243580,2014-04-02,CON
14733618,14730002,2015-06-03,CON
14733619,13016994,2011-01-29,CON
14733621,13881639,2013-08-05,CON
14733621,PCT/EP2011/068576,2011-10-24,NST
14733622,14284059,2014-05-21,CIP
14733623,62009462,2014-06-09,PRO
14733624,62013161,2014-06-17,PRO
14733624,62015202,2014-06-20,PRO
14733624,62015211,2014-06-20,PRO
14733624,62017659,2014-06-26,PRO
14733624,62017946,2014-06-27,PRO
14733624,62017953,2014-06-27,PRO
14733627,61654070,2012-05-31,PRO
14733627,13665792,2012-10-31,CON
14733630,62009553,2014-06-09,PRO
14733632,10617569,2003-07-11,CIP
14733632,60727513,2005-10-18,PRO
14733632,60780847,2006-03-10,PRO
14733632,60800006,2006-05-15,PRO
14733632,60831196,2006-07-17,PRO
14733632,60832116,2006-07-21,PRO
14733632,60845495,2006-09-19,PRO
14733632,11582540,2006-10-18,CIP
14733632,61015440,2007-12-20,PRO
14733632,12340186,2008-12-19,DIV
14733632,13890711,2013-05-09,CON
14733633,60935103,2007-07-26,PRO
14733633,12180245,2008-07-25,CIP
14733633,13925353,2013-06-24,CON
14733634,60310534,2001-08-06,PRO
14733634,10214412,2002-08-06,CON
14733634,12653115,2009-12-08,CON
14733634,13349449,2012-01-12,CON
14733634,13726324,2012-12-24,CON
14733634,14243580,2014-04-02,CON
14733634,14730002,2015-06-03,CON
14733638,13540850,2012-07-03,CON
14733639,60310534,2001-08-06,PRO
14733639,10214412,2002-08-06,CON
14733639,12653115,2009-12-08,CON
14733639,13349449,2012-01-12,CON
14733639,13726324,2012-12-24,CON
14733639,14243580,2014-04-02,CON
14733639,14730003,2015-06-03,CON
14733642,60796738,2006-05-01,PRO
14733642,11796987,2007-04-30,CON
14733644,61447173,2011-02-28,PRO
14733644,13407401,2012-02-28,DIV
14733645,61085244,2008-07-31,PRO
14733645,PCT/US09/52407,2009-07-31,NST
14733645,13056869,2011-01-31,CON
14733647,60310534,2001-08-06,PRO
14733647,10214412,2002-08-06,CON
14733647,12653115,2009-12-08,CON
14733647,13349449,2012-01-12,CON
14733647,13726324,2012-12-24,CON
14733647,14243580,2014-04-02,CON
14733647,14730003,2015-06-03,CON
14733650,62008728,2014-06-06,PRO
14733651,11957082,2007-12-14,CON
14733651,13690652,2012-11-30,CON
14733651,14280949,2014-05-19,CON
14733651,PCT/US2007/008171,2007-04-02,CON
14733652,13088054,2011-04-15,DIV
14733653,11990959,2008-05-09,DIV
14733653,PCT/EP2006/065739,2006-08-28,NST
14733654,60310534,2001-08-06,PRO
14733654,10214412,2002-08-06,CON
14733654,12653115,2009-12-08,CON
14733654,13349449,2012-01-12,CON
14733654,13726324,2012-12-24,CON
14733654,14243580,2014-04-02,CON
14733654,14730017,2015-06-03,CON
14733656,61078570,2008-07-07,PRO
14733656,12806179,2009-07-06,CIP
14733656,12831058,2010-07-06,CON
14733656,13855056,2013-04-02,CON
14733658,62013161,2014-06-17,PRO
14733658,62015202,2014-06-20,PRO
14733658,62015211,2014-06-20,PRO
14733658,62017659,2014-06-26,PRO
14733658,62017946,2014-06-27,PRO
14733658,62017953,2014-06-27,PRO
14733659,60310534,2001-08-06,PRO
14733659,10214412,2002-08-06,CON
14733659,12653115,2009-12-08,CON
14733659,13349449,2012-01-12,CON
14733659,13726324,2012-12-24,CON
14733659,14243580,2014-04-02,CON
14733659,14730017,2015-06-03,CON
14733661,61783691,2013-03-14,PRO
14733661,13959524,2013-08-05,CON
14733664,11968510,2008-01-02,DIV
14733665,14176775,2014-02-10,CON
14733666,60914235,2007-04-26,PRO
14733666,60915175,2007-05-01,PRO
14733666,12105174,2008-04-17,DIV
14733666,13183297,2011-07-14,CON
14733666,14015359,2013-08-30,CON
14733667,13679186,2012-11-16,DIV
14733669,61389000,2010-10-01,PRO
14733669,61389087,2010-10-01,PRO
14733669,61389117,2010-10-01,PRO
14733669,12948699,2010-11-17,CON
14733672,11765340,2007-06-19,CON
14733679,61491136,2011-05-27,PRO
14733679,61495230,2011-06-09,PRO
14733679,61591157,2012-01-26,PRO
14733679,13479765,2012-05-24,CIP
14733679,13479791,2012-05-24,CIP
14733679,13479841,2012-05-24,CIP
14733679,13479880,2012-05-24,CIP
14733680,14101949,2013-12-10,CON
14733682,13829453,2013-03-14,CIP
14733684,61653932,2012-05-31,PRO
14733684,13904295,2013-05-29,DIV
14733685,62020277,2014-07-02,PRO
14733686,62037955,2014-08-15,PRO
14733687,60342574,2001-12-20,PRO
14733687,10325678,2002-12-19,CON
14733687,13050798,2011-03-17,CON
14733687,13760910,2013-02-06,CON
14733688,62017109,2014-06-25,PRO
14733690,13938067,2013-07-09,CON
14733690,14070675,2013-11-04,CON
14733690,14536162,2014-11-07,CON
14733690,PCT/US2012/026953,2012-02-28,CON
14733691,62009836,2014-06-09,PRO
14733691,14685840,2015-04-14,CON
14733692,13198563,2011-08-04,CON
14733692,14475135,2014-09-02,CON
14733695,60879668,2007-01-10,PRO
14733695,11972395,2008-01-10,CIP
14733695,61488671,2011-05-20,PRO
14733695,13419203,2012-03-13,DIV
14733697,12840176,2010-07-20,CON
14733697,13735873,2013-01-07,CIP
14733697,13735890,2013-01-07,CIP
14733697,13735901,2013-01-07,CIP
14733697,14093404,2013-11-29,CIP
14733698,13681034,2012-11-19,CON
14733700,13078147,2011-04-01,CON
14733700,14458354,2014-08-13,CON
14733701,13354942,2012-01-20,DIV
14733703,PCT/US2013/073837,2013-12-09,CON
14733704,PCT/CN2013/086726,2013-11-08,CON
14733705,PCT/CN2013/086572,2013-11-05,CON
14733707,13413372,2012-03-06,DIV
14733707,PCT/JP2010/065740,2010-09-13,CIP
14733708,62009797,2014-06-09,PRO
14733708,62012911,2014-06-16,PRO
14733708,62165089,2015-05-21,PRO
14733711,13829625,2013-03-14,CON
14733712,12877951,2010-09-08,CIP
14733712,14172458,2014-02-04,CON
14733712,14187351,2014-02-24,CON
14733713,62008879,2014-06-06,PRO
14733714,12397524,2009-03-04,CON
14733715,13619888,2012-09-14,CON
14733715,14089631,2013-11-25,CON
14733716,10681953,2003-10-08,CIP
14733716,11115990,2005-04-26,CIP
14733716,11116137,2005-04-26,CIP
14733716,11410961,2006-04-24,CIP
14733716,60833911,2006-07-28,PRO
14733716,11501668,2006-08-08,CIP
14733716,11880139,2007-07-19,CON
14733718,61667825,2012-07-03,PRO
14733718,13784440,2013-03-04,CON
14733719,13832945,2013-03-15,CON
14733720,13691371,2012-11-30,CON
14733722,62009838,2014-06-09,PRO
14733722,62034084,2014-08-06,PRO
14733722,62146060,2015-04-10,PRO
14733724,13218356,2011-08-25,CON
14733725,12811474,2010-11-03,CON
14733725,PCT/FR2008/001844,2008-12-31,NST
14733726,13481391,2012-05-25,CON
14733731,13703584,2013-02-02,CON
14733731,PCT/US2011/040231,2011-06-13,NST
14733732,13938981,2013-07-10,CON
14733734,13013541,2011-01-25,CON
14733734,13473139,2012-05-16,CON
14733734,14475453,2014-09-02,CON
14733734,14505186,2014-10-02,CON
14733735,12470294,2009-05-21,CIP
14733735,61218521,2009-06-19,PRO
14733735,12817694,2010-06-17,CIP
14733735,13032752,2011-02-23,CIP
14733737,62010311,2014-06-10,PRO
14733739,61584105,2012-01-06,PRO
14733739,13735824,2013-01-07,CON
14733740,61480743,2011-04-29,PRO
14733740,13459775,2012-04-30,DIV
14733740,14192329,2014-02-27,CON
14733742,12042774,2008-03-05,DIV
14733742,12826536,2010-06-29,CON
14733742,13655267,2012-10-18,CON
14733743,60725295,2005-10-12,PRO
14733743,11546364,2006-10-12,DIV
14733746,14202860,2014-03-10,CON
14733750,13978514,2013-09-18,CON
14733750,PCT/US2012/020548,2012-01-06,NST
14733751,61594833,2012-02-03,PRO
14733751,13757507,2013-02-01,CON
14733752,61121514,2008-12-10,PRO
14733752,61170864,2009-04-20,PRO
14733752,12635632,2009-12-10,CON
14733753,12555693,2009-09-08,CON
14733753,13734820,2013-01-04,CON
14733754,61651188,2012-05-24,PRO
14733754,13901401,2013-05-23,CON
14733755,PCT/CN2013/085639,2013-10-22,CON
14733756,13159632,2011-06-14,CON
14733756,14733585,2015-06-08,CON
14733757,60638802,2004-12-22,PRO
14733757,11315648,2005-12-22,DIV
14733757,12855306,2010-08-12,CON
14733759,61391901,2010-10-11,PRO
14733759,61412189,2010-11-10,PRO
14733759,61413137,2010-11-12,PRO
14733759,13270438,2011-10-11,CIP
14733760,14149797,2014-01-07,CON
14733762,14310087,2014-06-20,CON
14733763,61615805,2012-03-26,PRO
14733763,13851033,2013-03-26,CON
14733764,61013956,2007-12-14,PRO
14733764,12334387,2008-12-12,CON
14733765,11160476,2005-06-24,CON
14733765,13085162,2011-04-12,CON
14733766,PCT/CN2012/086240,2012-12-09,CON
14733768,12146684,2008-06-26,DIV
14733768,13431708,2012-03-27,DIV
14733771,61486724,2011-05-16,PRO
14733771,13471913,2012-05-15,CON
14733774,13806834,2013-03-18,CON
14733774,PCT/IS2011/050010,2011-06-24,NST
14733780,12946543,2010-11-15,CON
14733781,61288843,2009-12-21,PRO
14733781,61290436,2009-12-28,PRO
14733781,61407033,2010-10-27,PRO
14733781,12973392,2010-12-20,CON
14733781,13039218,2011-03-02,CON
14733782,13839335,2013-03-15,CON
14733783,62009101,2014-06-06,PRO
14733783,62012241,2014-06-13,PRO
14733783,62157817,2015-05-06,PRO
14733785,62009005,2014-06-06,PRO
14733786,12441368,2009-08-03,CON
14733786,14152713,2014-01-10,CON
14733786,PCT/GB07/03629,2007-09-24,NST
14733787,PCT/KR2013/009395,2013-10-22,CIP
14733789,PCT/US2013/075430,2013-12-16,NST
14733792,13192458,2011-07-27,CON
14733793,14202860,2014-03-10,CON
14733795,12242732,2008-09-30,CON
14733796,PCT/CN2013/084829,2013-10-08,CON
14733798,62010564,2014-06-11,PRO
14733801,12373657,2009-03-31,DIV
14733801,PCT/GB2007/002620,2006-07-13,NST
14733805,62009604,2014-06-09,PRO
14733806,13451862,2012-04-20,CON
14733807,62009740,2014-06-09,PRO
14733810,61310680,2010-03-04,PRO
14733810,13041320,2011-03-04,CON
14733811,PCT/CN2013/085707,2013-10-20,CON
14733812,13324265,2011-12-13,CON
14733814,13842370,2013-03-15,CON
14733820,61905846,2013-11-18,PRO
14733820,14201161,2014-03-07,CON
14733820,14564022,2014-12-08,CON
14733821,12368387,2009-02-10,CON
14733821,14140153,2013-12-24,CON
14733822,12498332,2009-07-06,CON
14733822,13545790,2012-07-10,CON
14733825,09324391,1999-06-03,CON
14733825,60133769,1999-05-12,PRO
14733825,10370237,2003-02-20,CON
14733825,13198964,2011-08-05,CON
14733826,62009070,2014-06-06,PRO
14733827,60791782,2006-04-12,PRO
14733827,60791649,2006-04-12,PRO
14733827,60792219,2006-04-14,PRO
14733827,PCT/US07/66536,2007-04-12,NST
14733827,12296919,2008-12-19,CON
14733827,13691609,2012-11-30,CON
14733828,61005837,2007-12-07,PRO
14733828,61066675,2008-02-22,PRO
14733828,61050253,2008-05-05,PRO
14733828,12328678,2008-12-04,CON
14733829,PCT/CN2013/086489,2013-11-04,CON
14733830,60860749,2006-11-22,PRO
14733830,11986667,2007-11-21,DIV
14733830,12958379,2010-12-01,CON
14733830,13546923,2012-07-11,CON
14733830,13776547,2013-02-25,CON
14733830,14250331,2014-04-10,CON
14733833,13732283,2012-12-31,CON
14733835,13949185,2013-07-23,DIV
14733840,13401032,2012-02-21,CON
14733843,PCT/CN2013/084147,2013-09-25,CON
14733845,62009116,2014-06-06,PRO
14733845,62096649,2014-12-24,PRO
14733845,62108530,2015-01-27,PRO
14733847,14016969,2013-09-03,CON
14733847,14105977,2013-12-13,CON
14733849,62023883,2014-07-13,PRO
14733851,13174295,2011-06-30,CON
14733852,60739898,2005-11-28,PRO
14733852,11604884,2006-11-28,CIP
14733852,11785251,2007-04-16,CIP
14733852,61154707,2009-02-23,PRO
14733852,61168983,2009-04-14,PRO
14733852,61261669,2009-11-16,PRO
14733852,12710693,2010-02-23,CON
14733852,13362242,2012-01-31,CIP
14733852,14043554,2013-10-01,CIP
14733853,12685823,2010-01-12,CIP
14733854,62009457,2014-06-09,PRO
14733854,62012488,2014-06-16,PRO
14733854,62018699,2014-06-30,PRO
14733854,62022508,2014-07-09,PRO
14733854,62036255,2014-08-12,PRO
14733854,62099344,2015-01-02,PRO
14733854,62113824,2015-02-09,PRO
14733855,14640787,2015-03-06,CON
14733856,12103027,2008-04-15,CIP
14733856,61080430,2008-07-14,PRO
14733856,PCT/US09/40627,2009-04-15,NST
14733856,12937403,2010-12-22,CON
14733857,12281315,2009-03-27,CON
14733857,13851032,2013-03-26,CON
14733857,PCT/US2007/005492,2007-03-02,NST
14733858,62011779,2014-06-13,PRO
14733860,14149799,2014-01-07,CIP
14733860,62009835,2014-06-09,PRO
14733861,61594946,2012-02-03,PRO
14733861,13630206,2012-09-28,DIV
14733864,61479850,2011-04-28,PRO
14733864,13460529,2012-04-30,CON
14733865,13631417,2012-09-28,CON
14733865,14263708,2014-04-28,CON
14733867,61495457,2011-06-10,PRO
14733867,13492026,2012-06-08,CON
14733870,61523063,2011-08-12,PRO
14733870,13572434,2012-08-10,CON
14733870,13662356,2012-10-26,CON
14733870,14068445,2013-10-31,CON
14733870,14449135,2014-07-31,CON
14733872,14035615,2013-09-24,CON
14733873,61084942,2008-07-30,PRO
14733873,12512796,2009-07-30,CIP
14733873,12827868,2010-06-30,CIP
14733873,13969558,2013-08-17,CON
14733874,14466842,2014-08-22,CON
14733874,14466941,2014-08-22,CON
14733874,PCT/US2013/027391,2013-02-22,CON
14733878,60186551,2000-03-02,PRO
14733878,PCT/US01/06313,2001-02-27,NST
14733878,10220558,2002-08-29,CON
14733878,12945753,2010-11-12,CON
14733878,14155600,2014-01-15,CON
14733881,62008854,2014-06-06,PRO
14733885,13275005,2011-10-17,CON
14733887,13922001,2013-06-19,CON
14733890,13167557,2011-06-23,DIV
14733892,13429957,2012-03-26,CON
14733894,61539685,2011-09-27,PRO
14733894,13629260,2012-09-27,CON
14733897,12978256,2010-12-23,CON
14733897,14177110,2014-02-10,CON
14733898,13069099,2011-03-22,CON
14733901,12813874,2010-06-11,CON
14733903,62008921,2014-06-06,PRO
14733904,61706587,2012-09-27,PRO
14733904,13974936,2013-08-23,DIV
14733905,13710013,2012-12-10,DIV
14733906,62009284,2014-06-08,PRO
14733908,60396152,2002-07-16,PRO
14733908,10620747,2003-07-16,CIP
14733908,10620748,2003-07-16,CIP
14733908,10621072,2003-07-16,CIP
14733908,11106790,2005-04-15,CON
14733910,11965136,2007-12-27,CON
14733910,13750894,2013-01-25,CON
14733912,62008542,2014-06-06,PRO
14733914,11733703,2007-04-10,CIP
14733919,61630297,2011-12-08,PRO
14733919,61632393,2012-01-20,PRO
14733919,13707895,2012-12-07,CON
14733919,14306801,2014-06-17,CON
14733921,62033317,2014-08-05,PRO
14733922,12707675,2010-02-18,DIV
14733922,14170655,2014-02-03,DIV
14733922,14568144,2014-12-12,CON
14733924,13615430,2012-09-13,CON
14733924,14268827,2014-05-02,CON
14733925,13719113,2012-12-18,CON
14733926,13798600,2013-03-13,DIV
14733931,62029420,2014-07-26,PRO
14733932,62011670,2014-06-13,PRO
14733935,62009133,2014-06-06,PRO
14733938,62009137,2014-06-06,PRO
14733940,13822435,2013-03-12,CON
14733940,PCT/US2011/001602,2011-09-15,NST
14733944,13695466,2013-01-11,DIV
14733944,PCT/EP2011/056855,2011-04-29,NST
14733945,61597889,2012-02-13,PRO
14733945,13766641,2013-02-13,CIP
14733946,13822435,2013-03-12,CON
14733946,PCT/US2011/001602,2011-09-15,NST
14733949,60719342,2005-09-22,PRO
14733949,PCT/IL06/01112,2006-09-21,NST
14733949,12067652,2008-09-09,CON
14733950,62008935,2014-06-06,PRO
14733951,61925828,2014-01-10,PRO
14733951,14195133,2014-03-03,CIP
14733951,14258716,2014-04-22,CIP
14733951,14515101,2014-10-15,CIP
14733952,13380213,2012-02-22,CON
14733952,PCT/US2010/038290,2010-06-11,NST
14733961,60511251,2003-10-14,PRO
14733961,60521750,2004-06-29,PRO
14733961,10966794,2004-10-14,CON
14733962,62009775,2014-06-09,PRO
14733963,PCT/CN2013/001191,2013-10-08,CIP
14733966,PCT/JP2013/060315,2013-04-04,CON
14733968,62114867,2015-02-11,PRO
14733973,PCT/JP2014/003567,2014-07-04,CON
14733976,62011585,2014-06-13,PRO
14733984,61739221,2012-12-19,PRO
14733984,61835034,2013-06-14,PRO
14733984,PCT/US13/76347,2013-12-19,NST
14733991,13535613,2012-06-28,DIV
14733995,62010030,2014-06-10,PRO
14733995,62058481,2014-10-01,PRO
14733996,13577666,2012-08-08,DIV
14733996,14448058,2014-07-31,DIV
14733996,PCT/US2011/024308,2011-02-10,NST
14733997,PCT/CN2013/089336,2013-12-13,CON
14734001,PCT/CN2013/089758,2013-12-18,CON
14734004,13804857,2013-03-14,DIV
14734006,62010030,2014-06-10,PRO
14734006,62058484,2014-10-01,PRO
14734007,61444178,2011-02-18,PRO
14734007,13163261,2011-06-17,CON
14734008,PCT/CN2013/088133,2013-11-29,CON
14734009,61729450,2012-11-23,PRO
14734009,14067976,2013-10-31,CON
14734012,13379531,2011-12-20,DIV
14734012,14160699,2014-01-22,DIV
14734012,PCT/JP2010/060798,2010-06-25,NST
14734014,13958537,2013-08-03,CIP
14734016,62010030,2014-06-10,PRO
14734016,62058488,2014-10-01,PRO
14734017,61145049,2009-01-15,PRO
14734017,12642360,2009-12-18,CIP
14734017,61293303,2010-01-08,PRO
14734017,12985300,2011-01-05,DIV
14734018,13920125,2013-06-18,DIV
14734023,13074597,2011-03-29,DIV
14734025,62117134,2015-02-17,PRO
14734029,14141538,2013-12-27,CON
14734030,11662490,2007-03-15,CON
14734030,14059169,2013-10-21,CON
14734030,PCT/JP2006/032207,2006-10-31,NST
14734032,61832863,2013-06-09,PRO
14734032,14299331,2014-06-09,CIP
14734035,62011940,2014-06-13,PRO
14734036,13897477,2013-05-20,CON
14734040,12201979,2008-08-29,CON
14734044,14177460,2014-02-11,DIV
14734045,11479023,2006-06-30,CON
14734045,14556412,2014-12-01,CON
14734047,12765042,2010-04-22,CIP
14734047,13034870,2011-02-25,DIV
14734048,62018776,2014-06-30,PRO
14734050,61371123,2010-08-05,PRO
14734050,61378473,2010-08-31,PRO
14734050,61434366,2011-01-19,PRO
14734050,13087583,2011-04-15,CIP
14734050,61636397,2012-04-20,PRO
14734050,13866627,2013-04-19,CON
14734050,PCT/US2011/024602,2011-02-11,CON
14734055,60983092,2007-10-26,PRO
14734055,12257706,2008-10-24,DIV
14734055,13306301,2011-11-29,CON
14734059,62011297,2014-06-12,PRO
14734060,61925947,2014-01-10,PRO
14734060,14506293,2014-10-03,CON
14734067,13360058,2012-01-27,CON
14734069,60408025,2002-09-03,PRO
14734069,10652276,2003-08-29,CON
14734069,10757341,2004-01-13,CON
14734069,10812608,2004-03-30,DIV
14734069,12206432,2008-09-08,DIV
14734069,12625253,2009-11-24,DIV
14734069,13078547,2011-04-01,CON
14734069,13349244,2012-01-12,CON
14734069,13531853,2012-06-25,CON
14734069,13913678,2013-06-10,CON
14734069,14186814,2014-02-21,CON
14734069,14476082,2014-09-03,CON
14734070,61559832,2011-11-15,PRO
14734070,13676302,2012-11-14,CON
14734071,PCT/IB2013/003208,2013-12-18,CON
14734076,11283578,2005-11-18,CON
14734078,60636953,2004-12-17,PRO
14734078,11304217,2005-12-15,CON
14734078,12781886,2010-05-18,CON
14734078,13041528,2011-03-07,CON
14734078,13293945,2011-11-10,CON
14734078,13591870,2012-08-22,CON
14734078,14278989,2014-05-15,CON
14734080,14071932,2013-11-05,CON
14734081,61493719,2011-06-06,PRO
14734081,13485292,2012-05-31,DIV
14734087,13388695,2012-02-03,DIV
14734087,PCT/US2010/044224,2010-08-03,NST
14734088,13255143,2011-09-12,CON
14734088,PCT/EP2010/052866,2010-03-05,NST
14734093,61151739,2009-02-11,PRO
14734093,PCT/US10/23737,2010-02-10,NST
14734093,13201069,2011-08-11,DIV
14734094,13523062,2012-06-14,CON
14734095,62009641,2014-06-09,PRO
14734100,62012065,2014-06-13,PRO
14734102,11563780,2006-11-28,CON
14734104,62022305,2014-07-09,PRO
14734110,62009002,2014-06-06,PRO
14734112,61541589,2011-09-30,PRO
14734112,13622381,2012-09-19,CON
14734115,62009568,2014-06-09,PRO
14734119,62009499,2014-06-09,PRO
14734120,62009560,2014-06-09,PRO
14734122,62022311,2014-07-09,PRO
14734123,61752256,2013-01-14,PRO
14734123,14154146,2014-01-13,CIP
14734123,14333203,2014-07-16,CON
14734126,12180235,2008-07-25,CON
14734126,13355832,2012-01-23,DIV
14734126,13895443,2013-05-16,DIV
14734131,61575114,2011-08-13,PRO
14734131,61573852,2011-09-13,PRO
14734131,13507986,2012-08-10,CIP
14734131,14101847,2013-12-10,CIP
14734131,14255558,2014-04-17,CIP
14734132,61541661,2011-09-30,PRO
14734132,13622383,2012-09-19,CON
14734134,62009937,2014-06-10,PRO
14734137,13269726,2011-10-10,DIV
14734139,62009545,2014-06-09,PRO
14734141,62010228,2014-06-10,PRO
14734142,61446691,2011-02-25,PRO
14734142,13331616,2011-12-20,DIV
14734144,12095857,2008-10-20,CON
14734144,PCT/US2006/045993,2006-12-01,NST
14734147,62038506,2014-08-18,PRO
14734148,61346522,2010-05-20,PRO
14734148,13107045,2011-05-13,CIP
14734150,62009482,2014-06-09,PRO
14734150,62017408,2014-06-26,PRO
14734151,62009382,2014-06-09,PRO
14734153,62010139,2014-06-10,PRO
14734159,62017599,2014-06-26,PRO
14734160,62016707,2014-06-25,PRO
14734165,14274929,2014-05-12,DIV
14734168,14004192,2013-09-10,CON
14734168,PCT/JP2012/002017,2012-03-23,NST
14734169,62009463,2014-06-09,PRO
14734170,62013071,2014-06-17,PRO
14734171,60898661,2007-01-30,PRO
14734171,12022987,2008-01-30,CON
14734173,60908743,2007-03-29,PRO
14734173,60909048,2007-03-30,PRO
14734173,12056359,2008-03-27,CON
14734174,61178599,2009-05-15,PRO
14734174,12780432,2010-05-14,CON
14734174,13960208,2013-08-06,CON
14734176,14376336,2014-08-01,DIV
14734176,PCT/EP2013/053409,2013-02-21,NST
14734177,61772623,2013-03-05,PRO
14734177,14193072,2014-02-28,DIV
14734180,62009399,2014-06-09,PRO
14734181,61581516,2011-12-29,PRO
14734181,13730039,2012-12-28,CON
14734184,60010273,1996-01-19,PRO
14734190,61450212,2011-03-08,PRO
14734190,13415004,2012-03-08,CON
14734193,13216608,2011-08-24,CON
14734193,13901632,2013-05-24,CON
14734197,62009381,2014-06-09,PRO
14734199,62009410,2014-06-09,PRO
14734205,61355266,2010-06-16,PRO
14734205,13160604,2011-06-15,CIP
14734205,13727963,2012-12-27,CON
14734205,14512650,2014-10-13,CON
14734209,62011186,2014-06-12,PRO
14734210,62009428,2014-06-09,PRO
14734211,61713254,2012-10-12,PRO
14734211,61804369,2013-03-22,PRO
14734211,14053029,2013-10-14,CON
14734214,12981386,2010-12-29,DIV
14734216,61514588,2011-08-03,PRO
14734216,13565605,2012-08-02,CIP
14734217,62012210,2014-06-13,PRO
14734219,62011130,2014-06-12,PRO
14734221,61028842,2008-02-14,PRO
14734221,12370343,2009-02-12,CON
14734225,61254509,2009-10-23,PRO
14734225,PCT/US10/53606,2010-10-21,NST
14734225,13503231,2012-04-20,CON
14734225,14138941,2013-12-23,CON
14734227,62009645,2014-06-09,PRO
14734228,62009655,2014-06-09,PRO
14734233,62011797,2014-06-13,PRO
14734234,62009426,2014-06-09,PRO
14734238,60985886,2007-11-06,PRO
14734238,12266336,2008-11-06,DIV
14734238,14270470,2014-05-06,CON
14734240,PCT/JP2013/079844,2013-11-05,CON
14734243,13615847,2012-09-14,DIV
14734244,11605697,2006-11-30,DIV
14734246,62010241,2014-06-10,PRO
14734249,10958704,2004-10-05,CON
14734249,13086479,2011-04-14,CON
14734254,62013309,2014-06-17,PRO
14734255,62009716,2014-06-09,PRO
14734256,62009567,2014-06-09,PRO
14734258,61649534,2012-05-21,PRO
14734258,13898564,2013-05-21,CON
14734260,60312923,2001-08-15,PRO
14734260,10043676,2002-01-09,CON
14734260,11801941,2007-05-11,CON
14734261,14017682,2013-09-04,CON
14734263,13877037,2013-05-09,DIV
14734263,14508185,2014-10-07,CON
14734263,PCT/JP2011/072329,2011-09-29,NST
14734264,62011155,2014-06-12,PRO
14734265,PCT/FI2014/050012,2014-01-08,CON
14734266,13778375,2013-02-27,DIV
14734266,14178489,2014-02-12,CON
14734268,13841820,2013-03-15,CON
14734272,61694481,2012-08-29,PRO
14734272,13796480,2013-03-12,CON
14734273,62011697,2014-06-13,PRO
14734279,61611376,2012-03-15,PRO
14734279,13801060,2013-03-13,CON
14734282,11640730,2006-12-18,CON
14734282,14212080,2014-03-14,CON
14734290,62026199,2014-07-18,PRO
14734294,61274165,2009-08-13,PRO
14734294,61277154,2009-09-21,PRO
14734294,12813339,2010-06-10,CON
14734294,14231014,2014-03-31,CIP
14734294,62009400,2014-06-09,PRO
14734302,61751527,2013-01-11,PRO
14734302,13796579,2013-03-12,CON
14734304,12346362,2008-12-30,CON
14734304,14283532,2014-05-21,CON
14734308,12445477,2009-09-21,CON
14734308,14172521,2014-02-04,CON
14734308,PCT/JP2007/070397,2007-10-12,NST
14734309,PCT/JP2013/007379,2013-12-16,CON
14734310,14250725,2014-04-11,DIV
14734311,62009653,2014-06-09,PRO
14734311,62051212,2014-09-16,PRO
14734314,13871488,2013-04-26,CON
14734314,14484669,2014-09-12,CON
14734314,PCT/US2011/057207,2011-10-21,CON
14734317,62009385,2014-06-09,PRO
14734317,62105782,2015-01-21,PRO
14734317,62105910,2015-01-21,PRO
14734318,13630834,2012-09-28,CON
14734321,61645333,2012-05-10,PRO
14734321,13727718,2012-12-27,DIV
14734323,61453709,2011-03-17,PRO
14734323,13422086,2012-03-16,DIV
14734325,13129460,2011-06-30,CON
14734325,PCT/SE2009/051266,2009-11-06,NST
14734327,PCT/JP2014/059761,2014-04-02,CON
14734328,61918843,2013-12-20,PRO
14734328,14556398,2014-12-01,CIP
14734331,13936580,2013-07-08,DIV
14734337,14628738,2015-02-23,CON
14734339,13631047,2012-09-28,CON
14734342,62009692,2014-06-09,PRO
14734343,61379512,2010-09-02,PRO
14734343,13223157,2011-08-31,CON
14734347,61435966,2011-01-25,PRO
14734347,13356669,2012-01-24,CON
14734347,14171791,2014-02-04,DIV
14734348,62009436,2014-06-09,PRO
14734349,61239147,2009-09-02,PRO
14734349,12875032,2010-09-02,DIV
14734349,13953455,2013-07-29,CON
14734354,PCT/EP2012/074929,2012-12-10,CON
14734355,62010876,2014-06-11,PRO
14734358,62009694,2014-06-09,PRO
14734359,61702073,2012-09-17,PRO
14734359,61739514,2012-12-19,PRO
14734359,13803763,2013-03-14,CON
14734359,14031761,2013-09-19,CON
14734360,13674561,2012-11-12,DIV
14734360,PCT/US2011/036181,2011-05-12,CIP
14734361,62010075,2014-06-10,PRO
14734364,62009600,2014-06-09,PRO
14734365,62010278,2014-06-10,PRO
14734368,61138155,2008-12-17,PRO
14734368,12638138,2009-12-15,DIV
14734369,11569051,2006-11-13,CON
14734369,PCT/EP05/12707,2005-11-28,NST
14734371,12887323,2010-09-21,CON
14734375,13845400,2013-03-18,CON
14734376,61980284,2014-04-16,PRO
14734376,14318996,2014-06-30,CON
14734382,13210921,2011-08-16,DIV
14734384,13334370,2011-12-22,CON
14734384,13535573,2012-06-28,CON
14734384,14314697,2014-06-25,CIP
14734391,13344896,2012-01-06,CON
14734393,11318142,2005-12-23,CON
14734393,12942347,2010-11-09,CON
14734393,14095188,2013-12-03,CON
14734394,61980284,2014-04-16,PRO
14734394,14318996,2014-06-30,CON
14734397,61756137,2013-01-24,PRO
14734397,61817589,2013-04-30,PRO
14734397,14163318,2014-01-24,CIP
14734398,13509169,2012-05-10,CON
14734398,PCT/IL2010/000932,2010-11-10,NST
14734401,62009723,2014-06-09,PRO
14734403,13205181,2011-08-08,DIV
14734406,12511652,2009-07-29,CON
14734406,13863785,2013-04-16,CON
14734407,13940561,2013-07-12,CON
14734407,PCT/EP2012/050431,2012-01-12,CON
14734410,13792527,2013-03-11,CIP
14734412,62009681,2014-06-09,PRO
14734413,PCT/EP2013/074703,2013-11-26,CON
14734414,13629359,2012-09-27,CON
14734415,13695668,2012-12-14,DIV
14734415,PCT/EP2011/002252,2011-05-05,NST
14734424,61558661,2011-11-11,PRO
14734424,13612811,2012-09-12,CON
14734426,60873089,2006-12-05,PRO
14734426,PCT/US07/24948,2007-12-05,NST
14734426,12517274,2009-09-04,CON
14734426,13103564,2011-05-09,CON
14734426,13911363,2013-06-06,CON
14734430,12242346,2008-09-30,CON
14734430,13526856,2012-06-19,CON
14734431,61980284,2014-04-16,PRO
14734431,14318996,2014-06-30,CON
14734438,PCT/JP2013/006470,2013-10-31,CIP
14734439,PCT/KR2014/002065,2014-03-12,CON
14734442,13580104,2012-10-02,CON
14734442,PCT/US2010/024843,2010-02-20,NST
14734446,62009570,2014-06-09,PRO
14734447,14065147,2013-10-28,CON
14734448,12339989,2008-12-19,CON
14734448,13026948,2011-02-14,CON
14734448,13875909,2013-05-02,CON
14734450,62009705,2014-06-09,PRO
14734452,13813352,2013-04-03,CON
14734452,PCT/EP2011/063205,2011-08-01,NST
14734455,PCT/EP2013/003712,2013-12-09,CON
14734460,PCT/US2014/046523,2014-07-14,CON
14734462,62009465,2014-06-09,PRO
14734464,PCT/CN2013/089130,2013-12-11,CON
14734467,12834804,2010-07-12,CON
14734468,13404655,2012-02-24,CON
14734470,62009626,2014-06-09,PRO
14734471,13412682,2012-03-06,DIV
14734471,14189706,2014-02-25,DIV
14734471,14592568,2015-01-08,CON
14734476,62011503,2014-06-12,PRO
14734477,62010864,2014-06-11,PRO
14734478,62009626,2014-06-09,PRO
14734479,14588548,2015-01-02,CON
14734480,62012322,2014-06-14,PRO
14734483,13746195,2013-01-21,DIV
14734486,12636103,2009-12-11,CON
14734486,14278467,2014-05-15,CON
14734488,11837053,2007-08-10,CON
14734488,12641311,2009-12-17,CON
14734488,14032308,2013-09-20,CON
14734489,62009975,2014-06-10,PRO
14734490,62009626,2014-06-09,PRO
14734491,61208509,2009-02-25,PRO
14734491,61222560,2009-07-02,PRO
14734491,13203012,2011-08-24,CIP
14734491,61530177,2011-09-01,PRO
14734491,13268262,2011-10-07,DIV
14734491,PCT/US2010/025466,2010-02-25,NST
14734492,13686204,2012-11-27,DIV
14734493,62009626,2014-06-09,PRO
14734495,62009626,2014-06-09,PRO
14734496,62009439,2014-06-09,PRO
14734498,62009626,2014-06-09,PRO
14734500,13583341,2012-09-07,DIV
14734500,PCT/IB2011/000502,2011-03-09,NST
14734502,62009642,2014-06-09,PRO
14734505,62010182,2014-06-10,PRO
14734506,61414132,2010-11-16,PRO
14734506,13296928,2011-11-15,CIP
14734506,13689907,2012-11-30,CON
14734507,13520752,2012-07-05,DIV
14734507,PCT/JP2011/050075,2011-01-06,NST
14734509,14008367,2013-09-27,CON
14734509,PCT/SE2012/050336,2012-03-28,NST
14734512,62009471,2014-06-09,PRO
14734513,13476385,2012-05-21,DIV
14734518,12679419,2010-03-22,CON
14734518,13856506,2013-04-04,CON
14734518,PCT/SE2008/050372,2008-03-31,NST
14734524,12013562,2008-01-14,CON
14734524,14162588,2014-01-23,CON
14734526,13476475,2012-05-21,DIV
14734529,62009444,2014-06-09,PRO
14734530,61365517,2010-07-19,PRO
14734530,13186058,2011-07-19,CON
14734531,61735202,2012-12-10,PRO
14734531,14100906,2013-12-09,CON
14734532,14176272,2014-02-10,DIV
14734535,PCT/EP2013/073201,2013-11-07,CON
14734536,62009893,2014-06-09,PRO
14734536,62053407,2014-09-22,PRO
14734541,11570136,2006-12-07,CON
14734541,14109199,2013-12-17,CIP
14734541,PCT/US2005/019921,2005-06-08,NST
14734548,61103995,2008-10-09,PRO
14734548,61138165,2008-12-17,PRO
14734548,12576435,2009-10-09,DIV
14734549,13831615,2013-03-15,CON
14734550,PCT/EP2013/074673,2013-11-26,CON
14734551,62010326,2014-06-10,PRO
14734554,14593367,2015-01-09,CON
14734561,60688637,2005-06-08,PRO
14734561,11446462,2006-06-02,DIV
14734562,13154961,2011-06-07,CON
14734564,61759034,2013-01-31,PRO
14734564,14169639,2014-01-31,DIV
14734565,61620808,2012-04-05,PRO
14734565,61636824,2012-04-23,PRO
14734565,13765204,2013-02-12,CON
14734569,13533304,2012-06-26,CON
14734570,62009779,2014-06-09,PRO
14734577,62013107,2014-06-17,PRO
14734586,62009989,2014-06-10,PRO
14734588,62009485,2014-06-09,PRO
14734589,12312430,2009-12-04,CON
14734589,PCT/US2007/023844,2007-11-12,NST
14734593,61656711,2012-06-07,PRO
14734593,13629883,2012-09-28,CON
14734601,62009539,2014-06-09,PRO
14734601,62172924,2015-06-09,PRO
14734604,60407126,2002-08-30,PRO
14734604,10646539,2003-08-22,CON
14734604,11842048,2007-08-20,CON
14734605,13625281,2012-09-24,CIP
14734606,PCT/EP2013/076026,2013-12-10,CON
14734607,12597660,2009-10-26,DIV
14734607,13666220,2012-11-01,DIV
14734607,14160749,2014-01-22,CON
14734607,PCT/JP2008/057879,2008-04-23,NST
14734609,61784956,2013-03-14,PRO
14734609,14202028,2014-03-10,CON
14734611,62009800,2014-06-09,PRO
14734613,14328205,2014-07-10,CON
14734614,61372790,2010-08-11,PRO
14734614,61385390,2010-09-22,PRO
14734614,61390543,2010-10-06,PRO
14734614,61406903,2010-10-26,PRO
14734614,61419652,2010-12-03,PRO
14734614,13206343,2011-08-09,CON
14734618,12512430,2009-07-30,CON
14734618,13620464,2012-09-14,CON
14734618,PCT/US2008/052352,2008-01-29,CON
14734620,14001036,2013-08-22,CON
14734620,PCT/IL2011/000184,2011-02-23,NST
14734622,PCT/CN2013/090361,2013-12-24,CON
14734623,62010050,2014-06-10,PRO
14734624,13842714,2013-03-15,CON
14734625,14515106,2014-10-15,CON
14734630,62009408,2014-06-09,PRO
14734631,62010348,2014-06-10,PRO
14734632,61609446,2012-03-12,PRO
14734632,13793009,2013-03-11,DIV
14734634,PCT/IN09/00352,2009-06-18,NST
14734634,12999894,2011-01-21,DIV
14734636,14025350,2013-09-12,CON
14734637,12302574,2009-03-24,DIV
14734637,PCT/EP07/55735,2007-06-12,NST
14734638,13839531,2013-03-15,CON
14734644,13546978,2012-07-11,CON
14734645,62014894,2014-06-20,PRO
14734650,11972650,2008-01-11,CON
14734652,62010136,2014-06-10,PRO
14734652,62100730,2015-01-07,PRO
14734653,PCT/CN2013/089728,2013-12-17,CON
14734657,62009687,2014-06-09,PRO
14734660,PCT/CN2014/089760,2014-10-29,CON
14734661,12422584,2009-04-13,CIP
14734661,61395915,2010-05-19,PRO
14734661,13111577,2011-05-19,CON
14734662,61451887,2011-03-11,PRO
14734662,13417949,2012-03-12,DIV
14734663,12231780,2008-09-05,CON
14734663,13658298,2012-10-23,CON
14734664,13878613,2013-11-18,CIP
14734664,62009686,2014-06-09,PRO
14734664,PCT/US2011/056127,2011-10-13,NST
14734666,61544335,2011-10-07,PRO
14734666,13647128,2012-10-08,DIV
14734667,60211462,2000-06-13,PRO
14734667,60243831,2000-10-27,PRO
14734667,09878789,2001-06-10,CIP
14734667,11880825,2007-07-23,CON
14734667,13010629,2011-01-20,CON
14734667,14309332,2014-06-19,CON
14734667,14480535,2014-09-08,CON
14734671,61683009,2012-08-14,PRO
14734671,13955344,2013-07-31,CON
14734673,62009509,2014-06-09,PRO
14734676,12918071,2010-10-29,CON
14734676,14041706,2013-09-30,CON
14734676,PCT/FR2009/051879,2009-10-02,NST
14734677,14367082,2014-06-19,CON
14734678,62010594,2014-06-11,PRO
14734682,61548503,2011-10-18,PRO
14734682,61577384,2011-12-19,PRO
14734682,13649808,2012-10-11,DIV
14734683,62011252,2014-06-12,PRO
14734684,62028508,2014-07-24,PRO
14734686,62009717,2014-06-09,PRO
14734687,PCT/US2015/011488,2015-01-14,CON
14734688,13041333,2011-03-04,DIV
14734692,14296973,2014-06-05,CIP
14734692,14306485,2014-06-17,CIP
14734693,62009952,2014-06-10,PRO
14734697,62010130,2014-06-10,PRO
14734698,13663811,2012-10-30,CON
14734703,62010134,2014-06-10,PRO
14734707,62014382,2014-06-19,PRO
14734707,62026264,2014-07-18,PRO
14734707,62114825,2015-02-11,PRO
14734707,62132258,2015-03-12,PRO
14734708,12170222,2008-07-09,CON
14734712,62022300,2014-07-09,PRO
14734712,62038925,2014-08-19,PRO
14734712,62060192,2014-10-06,PRO
14734712,62083490,2014-11-24,PRO
14734713,13705717,2012-12-05,DIV
14734714,14062313,2013-10-24,CON
14734718,62010414,2014-06-10,PRO
14734720,62019117,2014-06-30,PRO
14734721,62009452,2014-06-09,PRO
14734723,14026383,2013-09-13,DIV
14734725,12147872,2008-06-27,CON
14734727,62010856,2014-06-11,PRO
14734734,14140264,2013-12-24,CON
14734734,PCT/US2013/022523,2013-01-22,CIP
14734734,PCT/US2013/041661,2013-05-17,CIP
14734735,PCT/FI2013/050018,2013-01-09,CON
14734737,61089428,2008-08-15,PRO
14734737,61164815,2009-03-30,PRO
14734737,12537700,2009-08-07,CIP
14734737,14047828,2013-10-07,CIP
14734740,62009671,2014-06-09,PRO
14734745,12478962,2009-06-05,CON
14734745,13271903,2011-10-12,CON
14734745,13612222,2012-09-12,CON
14734745,14311868,2014-06-23,CON
14734745,PCT/CN2007/071204,2007-12-07,CON
14734750,62009443,2014-06-09,PRO
14734750,62111844,2015-02-04,PRO
14734752,62025266,2014-07-16,PRO
14734760,62010260,2014-06-10,PRO
14734761,62009481,2014-06-09,PRO
14734761,62137628,2015-03-24,PRO
14734762,13520752,2012-07-05,DIV
14734762,PCT/JP2011/050075,2011-01-06,NST
14734764,61545030,2011-10-07,PRO
14734764,13648086,2012-10-09,CON
14734765,12524522,2009-11-12,CON
14734765,13915968,2013-06-12,CON
14734765,14556409,2014-12-01,CON
14734765,PCT/EP2007/050746,2007-01-25,NST
14734768,62017518,2014-06-26,PRO
14734769,60694971,2005-06-28,PRO
14734769,11246919,2005-10-07,DIV
14734769,60725168,2005-10-06,PRO
14734776,PCT/JP2013/083125,2013-12-10,CON
14734777,62012141,2014-06-13,PRO
14734778,62009777,2014-06-09,PRO
14734779,62009741,2014-06-09,PRO
14734780,62009955,2014-06-10,PRO
14734783,60462499,2003-04-11,PRO
14734783,PCT/IB04/01259,2004-03-17,CON
14734783,11237721,2005-09-29,DIV
14734783,11785539,2007-04-18,DIV
14734784,14337361,2014-07-22,CON
14734785,60869862,2006-12-13,PRO
14734785,11955143,2007-12-12,CIP
14734785,61221021,2009-06-26,PRO
14734785,12823556,2010-06-25,REI
14734786,PCT/US2015/010809,2015-01-09,CON
14734787,62009556,2014-06-09,PRO
14734792,62009592,2014-06-09,PRO
14734793,13832989,2013-03-15,CIP
14734793,14204652,2014-03-11,CIP
14734794,62009764,2014-06-09,PRO
14734798,PCT/CN2014/070572,2014-01-14,CON
14734799,13428246,2012-03-23,CON
14734799,14225037,2014-03-25,DIV
14734800,61549698,2011-10-20,PRO
14734800,61551384,2011-10-25,PRO
14734800,13657332,2012-10-22,CIP
14734800,61719280,2012-10-26,PRO
14734800,14064094,2013-10-25,CIP
14734800,62101300,2015-01-08,PRO
14734802,62018124,2014-06-27,PRO
14734804,11701623,2007-02-02,CON
14734804,13371343,2012-02-10,CON
14734806,61467124,2011-03-24,PRO
14734806,13411071,2012-03-02,CON
14734806,14292266,2014-05-30,CIP
14734812,PCT/CN2013/088947,2013-12-10,CON
14734813,11793930,2009-09-30,DIV
14734813,PCT/RU2004/000514,2004-12-22,NST
14734814,62013217,2014-06-17,PRO
14734815,13063561,2011-05-19,DIV
14734815,PCT/SE2009/051043,2009-09-21,NST
14734819,62009720,2014-06-09,PRO
14734819,62024264,2014-07-14,PRO
14734819,62051240,2014-09-16,PRO
14734819,62096499,2014-12-23,PRO
14734819,62105120,2015-01-19,PRO
14734821,13618887,2012-09-14,DIV
14734822,14064725,2013-10-28,CON
14734822,PCT/US2013/042276,2013-05-22,CON
14734826,12701340,2010-02-05,CON
14734828,62009773,2014-06-09,PRO
14734830,62009770,2014-06-09,PRO
14734832,62009629,2014-06-09,PRO
14734832,62010027,2014-06-10,PRO
14734832,62142146,2015-04-02,PRO
14734834,62018914,2014-06-30,PRO
14734839,12887310,2010-09-21,CON
14734839,14043270,2013-10-01,CON
14734839,14300877,2014-06-10,CON
14734840,13515129,2012-08-15,CON
14734840,PCT/US2010/059956,2010-12-10,NST
14734841,60262998,2001-01-20,PRO
14734841,10052692,2002-01-19,CON
14734841,11924582,2007-10-25,CON
14734841,12753749,2010-04-02,CON
14734841,13361826,2012-01-30,CON
14734841,14463870,2014-08-20,CON
14734842,62009698,2014-06-09,PRO
14734843,PCT/CN2012/086701,2012-12-14,CON
14734845,61733685,2012-12-05,PRO
14734845,13791056,2013-03-08,DIV
14734847,61418240,2010-11-30,PRO
14734847,61541767,2011-09-30,PRO
14734847,13308036,2011-11-30,CIP
14734847,61653937,2012-05-31,PRO
14734847,13795881,2013-03-12,CON
14734851,61676628,2012-07-27,PRO
14734851,13594497,2012-08-24,CIP
14734851,13832759,2013-03-15,CON
14734851,14095346,2013-12-03,CIP
14734851,14229320,2014-03-28,CIP
14734851,62009894,2014-06-09,PRO
14734858,13087236,2011-04-14,CON
14734858,13787696,2013-03-06,CON
14734858,14504001,2014-10-01,CON
14734860,13897071,2013-05-17,CON
14734864,14120446,2014-06-10,CIP
14734864,14120447,2014-06-20,CIP
14734865,60411835,2002-09-18,PRO
14734865,60422293,2002-10-30,PRO
14734865,60457407,2003-03-25,PRO
14734865,60478212,2003-06-12,PRO
14734865,60480076,2003-06-20,PRO
14734865,10667103,2003-09-17,CIP
14734865,11581980,2006-10-17,CON
14734866,61468959,2011-03-29,PRO
14734866,13434247,2012-03-29,CON
14734868,61484544,2011-05-10,PRO
14734868,61484564,2011-05-10,PRO
14734868,13468695,2012-05-10,CON
14734869,13502040,2012-04-13,CON
14734869,PCT/IB2010/002897,2010-10-20,NST
14734871,61733685,2012-12-05,PRO
14734871,13791056,2013-03-08,DIV
14734872,62009495,2014-06-09,PRO
14734873,60604689,2004-08-26,PRO
14734873,11201665,2005-08-11,CIP
14734873,60908132,2007-03-26,PRO
14734873,11692182,2007-03-27,CON
14734873,14189739,2014-02-25,CON
14734876,61666582,2012-06-29,PRO
14734876,13931113,2013-06-28,CON
14734877,61912345,2013-12-05,PRO
14734877,14560599,2014-12-04,CON
14734878,62010199,2014-06-10,PRO
14734881,14291912,2014-05-30,DIV
14734883,12902338,2010-10-12,CON
14734885,14120448,2014-06-24,CIP
14734887,61396336,2010-05-26,PRO
14734887,61397373,2010-06-10,PRO
14734887,13134016,2011-05-26,CIP
14734895,61524911,2011-08-18,PRO
14734895,13538620,2012-06-29,CON
14734895,14156842,2014-01-16,CON
14734898,60414323,2002-09-30,PRO
14734898,60414359,2002-09-30,PRO
14734898,60445421,2003-02-05,PRO
14734898,60468276,2003-05-07,PRO
14734898,60474065,2003-05-29,PRO
14734898,10674060,2003-09-30,CON
14734898,11106340,2005-04-13,CON
14734898,11490637,2006-07-21,CON
14734898,11760382,2007-06-08,DIV
14734898,12940789,2010-11-05,CON
14734898,13218286,2011-08-25,REI
14734898,14083169,2013-11-18,DIV
14734899,62009383,2014-06-09,PRO
14734902,62009787,2014-06-09,PRO
14734903,PCT/US2015/026443,2015-04-17,CON
14734905,13307830,2011-11-30,CON
14734906,PCT/CN2013/089123,2013-12-11,CON
14734910,13824070,2013-03-18,DIV
14734910,PCT/JP2011/074090,2011-10-13,NST
14734911,62011776,2014-06-13,PRO
14734912,61912345,2013-12-05,PRO
14734912,14327658,2014-07-10,CIP
14734912,14547820,2014-11-19,CIP
14734912,14547953,2014-11-19,CIP
14734912,14631539,2015-02-25,CON
14734913,13988878,2013-11-04,DIV
14734913,PCT/GB2011/052310,2011-11-24,NST
14734916,62011953,2014-06-13,PRO
14734917,13307330,2011-11-30,CON
14734920,10325690,2002-12-20,CON
14734920,11136263,2005-05-24,DIV
14734920,12079766,2008-03-28,CON
14734920,12819356,2010-06-21,CON
14734920,13592746,2012-08-23,CON
14734920,14068415,2013-10-31,CON
14734924,62013393,2014-06-17,PRO
14734926,61388595,2010-09-30,PRO
14734926,61390811,2010-10-07,PRO
14734926,13156304,2011-06-08,DIV
14734926,13246843,2011-09-27,DIV
14734926,13469027,2012-05-10,DIV
14734926,61680230,2012-08-06,PRO
14734926,13667229,2012-11-02,DIV
14734926,13693334,2012-12-04,CIP
14734926,13759485,2013-02-05,CIP
14734926,13959720,2013-08-05,CON
14734926,14059919,2013-10-22,CON
14734927,14127568,2013-12-19,DIV
14734927,PCT/US2012/046040,2012-07-10,NST
14734930,60117152,1999-01-25,PRO
14734930,09411797,1999-10-01,DIV
14734930,11068680,2005-02-28,CON
14734930,12820938,2010-06-22,CON
14734931,60304313,2001-07-09,PRO
14734931,PCT/US02/21524,2002-07-09,NST
14734931,10483458,2004-07-02,DIV
14734931,12838036,2010-07-16,CON
14734931,14095494,2013-12-03,CON
14734932,13401687,2012-02-21,CON
14734938,61997772,2014-06-09,PRO
14734942,61775166,2013-03-08,PRO
14734942,14202669,2014-03-10,DIV
14734942,14532926,2014-11-04,DIV
14734943,61697506,2012-09-06,PRO
14734943,13844685,2013-03-15,CON
14734944,09991048,2001-11-21,CIP
14734944,11466354,2006-08-22,CON
14734944,14577855,2014-12-19,CON
14734945,PCT/JP2013/083152,2013-12-11,CON
14734947,62009874,2014-06-09,PRO
14734949,11825497,2007-07-05,CON
14734949,13112936,2011-05-20,CON
14734949,13482321,2012-05-29,CON
14734949,13917517,2013-06-13,CON
14734949,14190940,2014-02-26,CON
14734952,11851379,2007-09-06,DIV
14734952,13193398,2011-07-28,CON
14734952,14222527,2014-03-21,CON
14734957,61025137,2008-01-31,PRO
14734957,61032790,2008-02-29,PRO
14734957,61054709,2008-05-20,PRO
14734957,12173465,2008-07-15,CON
14734957,12353917,2009-01-14,DIV
14734957,14219473,2014-03-19,CON
14734957,PCT/US2008/070088,2008-07-15,CON
14734958,PCT/CN2013/084276,2013-09-26,CON
14734960,62013697,2014-06-18,PRO
14734961,13204317,2011-08-05,CON
14734961,14314516,2014-06-25,CON
14734962,62012942,2014-06-16,PRO
14734966,13624544,2012-09-21,CIP
14734967,13191889,2011-07-27,DIV
14734969,12593751,2010-03-08,DIV
14734969,13595440,2012-08-27,CON
14734969,PCT/US2008/004251,2008-03-31,NST
14734974,62015995,2014-06-23,PRO
14734975,62009533,2014-06-09,PRO
14734976,12238190,2008-09-25,CON
14734976,13300963,2011-11-21,CON
14734982,13257270,2011-12-05,CON
14734982,14313750,2014-06-24,CON
14734982,PCT/EP2010/002118,2010-04-01,NST
14734985,62016004,2014-06-23,PRO
14734994,61997792,2014-06-09,PRO
14734995,61024504,2008-01-29,PRO
14734995,12362353,2009-01-29,CON
14734998,11650182,2007-01-03,CON
14734998,13078789,2011-04-01,CON
14734998,14340262,2014-07-24,CON
14735000,13516982,2012-08-14,DIV
14735000,PCT/US2010/060306,2010-12-14,NST
14735003,61155432,2009-02-25,PRO
14735003,12712569,2010-02-25,CIP
14735003,13288742,2011-11-03,CON
14735003,13954041,2013-07-30,CON
14735004,10505138,2004-08-19,CON
14735004,13008842,2011-01-18,CON
14735004,13874065,2013-04-30,CON
14735004,14038666,2013-09-26,CON
14735004,PCT/EP2003/001650,2003-02-19,NST
14735005,60561613,2004-04-12,PRO
14735005,11100664,2005-04-07,CON
14735005,13068888,2011-05-23,CON
14735005,13672341,2012-11-08,CON
14735007,62009610,2014-06-09,PRO
14735012,62009809,2014-06-09,PRO
14735013,62009878,2014-06-09,PRO
14735013,62052648,2014-09-19,PRO
14735015,10505138,2004-08-19,CON
14735015,13008842,2011-01-18,CON
14735015,13874065,2013-04-30,CON
14735015,14038666,2013-09-26,CON
14735015,PCT/EP2003/001650,2003-02-19,NST
14735016,61289319,2009-12-22,PRO
14735016,12971576,2010-12-17,CON
14735017,62010162,2014-06-10,PRO
14735019,61752925,2013-01-15,PRO
14735019,14082087,2013-11-15,CON
14735020,61549177,2011-10-19,PRO
14735020,13654944,2012-10-18,CON
14735021,61656362,2012-06-06,PRO
14735021,13911429,2013-06-06,CON
14735024,13496696,2012-08-09,DIV
14735024,PCT/US2010/002546,2010-09-16,NST
14735025,11884021,2007-08-09,CIP
14735025,13914404,2013-06-10,CON
14735025,PCT/JP2005/003789,2005-03-04,NST
14735025,PCT/JP2012/006230,2012-09-28,CIP
14735026,61627107,2011-09-19,PRO
14735026,13623013,2012-09-19,CIP
14735026,14508950,2014-10-07,CIP
14735028,14299867,2014-06-09,CIP
14735029,61768943,2013-02-25,PRO
14735029,14188474,2014-02-24,CON
14735030,62011484,2014-06-12,PRO
14735034,61470930,2011-04-01,PRO
14735034,13434633,2012-03-29,DIV
14735035,12343057,2008-12-23,CON
14735035,14139235,2013-12-23,CON
14735035,14554164,2014-11-26,CON
14735037,62010298,2014-06-10,PRO
14735039,14327992,2014-07-10,CIP
14735043,13449248,2012-04-17,CIP
14735043,13452032,2012-04-20,CIP
14735043,61680221,2012-08-06,PRO
14735043,13682618,2012-11-20,CON
14735043,14657380,2015-03-13,CON
14735044,PCT/JP2013/080779,2013-11-14,CON
14735046,60627171,2004-11-12,PRO
14735046,60649634,2005-02-03,PRO
14735046,60683736,2005-05-23,PRO
14735046,11273640,2005-11-14,DIV
14735046,13299255,2011-11-17,CON
14735046,13887008,2013-05-03,CON
14735046,14712591,2015-05-14,CON
14735047,62033308,2014-08-05,PRO
14735048,61224047,2009-07-08,PRO
14735048,61322788,2010-04-09,PRO
14735048,12832934,2010-07-08,CON
14735048,14253206,2014-04-15,CON
14735050,13276521,2011-10-19,DIV
14735051,61736932,2012-12-13,PRO
14735051,61831510,2013-06-05,PRO
14735051,PCT/US13/71731,2013-11-25,CON
14735052,09908011,2001-07-18,CIP
14735052,10445232,2003-05-23,DIV
14735052,11083392,2005-03-17,CON
14735052,11615070,2006-12-22,CON
14735052,12637466,2009-12-14,CIP
14735052,13356218,2012-01-23,DIV
14735053,60757397,2006-01-10,PRO
14735053,11621924,2007-01-10,CON
14735053,13453650,2012-04-23,CON
14735054,PCT/JP2013/081252,2013-11-20,CON
14735055,14243769,2014-04-02,CON
14735055,PCT/JP2013/004011,2013-06-26,CON
14735059,62009895,2014-06-09,PRO
14735061,61986974,2014-05-01,PRO
14735061,62009554,2014-06-09,PRO
14735061,14702654,2015-05-01,CIP
14735062,61490998,2011-05-27,PRO
14735062,13481081,2012-05-25,CON
14735062,14601909,2015-01-21,DIV
14735063,12334203,2008-12-12,CON
14735063,13723009,2012-12-20,DIV
14735065,13358431,2012-01-25,CON
14735065,13975013,2013-08-23,CON
14735066,13696375,2013-02-22,CON
14735066,PCT/US2011/035507,2011-05-06,NST
14735076,62010409,2014-06-10,PRO
14735077,61997854,2014-06-10,PRO
14735079,62013542,2014-06-18,PRO
14735080,62012178,2014-06-13,PRO
14735084,12844794,2010-07-27,CON
14735087,61996010,2014-06-09,PRO
14735097,62009877,2014-06-09,PRO
14735100,09489364,2000-01-21,CON
14735100,14495751,2014-09-24,CON
14735101,62009534,2014-06-09,PRO
14735102,13964722,2013-08-12,CIP
14735102,62009724,2014-06-09,PRO
14735103,62009875,2014-06-09,PRO
14735105,62009887,2014-06-09,PRO
14735107,13433515,2012-03-29,CON
14735107,PCT/CN2010/000831,2010-06-11,CIP
14735110,62009805,2014-06-09,PRO
14735111,13431432,2012-03-27,CON
14735115,62009621,2014-06-09,PRO
14735118,14158824,2014-01-18,CIP
14735118,62009889,2014-06-09,PRO
14735120,61523063,2011-08-12,PRO
14735120,13572434,2012-08-10,CON
14735120,13662356,2012-10-26,CON
14735120,14068445,2013-10-31,CON
14735120,14449135,2014-07-31,CON
14735121,62010356,2014-06-10,PRO
14735130,10992126,2004-11-19,CON
14735130,12818899,2010-06-18,CON
14735130,13205419,2011-08-08,CON
14735130,14157011,2014-01-16,CON
14735132,62009703,2014-06-09,PRO
14735134,PCT/CN2013/088916,2013-12-10,CON
14735136,PCT/CN2013/084026,2013-09-23,CON
14735140,12916496,2010-10-30,CON
14735140,14154183,2014-01-14,CON
14735141,12918736,2010-11-05,DIV
14735141,14024635,2013-09-12,DIV
14735141,PCT/JP2009/053092,2009-02-20,NST
14735144,PCT/CN2013/087788,2013-11-25,CON
14735146,13703056,2013-01-21,CON
14735146,PCT/IL2011/000443,2011-06-06,NST
14735151,13610895,2012-09-12,CON
14735153,13869183,2013-04-24,CON
14735162,62015451,2014-06-22,PRO
14735163,PCT/JP2014/003568,2014-07-04,CON
14735165,14196275,2014-03-04,DIV
14735166,14236075,2014-03-12,DIV
14735166,PCT/US2012/048036,2012-07-25,NST
14735168,62013628,2014-06-18,PRO
14735171,62010013,2014-06-10,PRO
14735171,62010472,2014-06-11,PRO
14735172,60791194,2006-04-12,PRO
14735172,60832964,2006-07-25,PRO
14735172,60850628,2006-10-11,PRO
14735172,11730017,2007-03-29,CIP
14735172,12799064,2010-04-15,CON
14735173,12463399,2009-05-10,CON
14735173,14016105,2013-09-01,CON
14735173,PCT/IL2007/001400,2007-11-13,CIP
14735173,PCT/IL2007/001402,2007-11-13,CIP
14735176,62011802,2014-06-13,PRO
14735179,14290138,2014-05-29,DIV
14735182,13267312,2011-10-06,DIV
14735187,62014305,2014-06-19,PRO
14735189,62020722,2014-07-03,PRO
14735189,62082951,2014-11-21,PRO
14735195,14197687,2014-03-05,CON
14735198,PCT/JP2013/078965,2013-10-25,CON
14735203,62015671,2014-06-23,PRO
14735207,13442995,2012-04-10,DIV
14735209,13947214,2013-07-22,DIV
14735210,61575300,2011-08-18,PRO
14735210,61573636,2011-09-09,PRO
14735210,13585125,2012-08-14,CON
14735210,14293056,2014-06-02,CIP
14735211,62010907,2014-06-11,PRO
14735215,62020076,2014-07-02,PRO
14735217,62018727,2014-06-30,PRO
14735221,13793369,2013-03-11,CON
14735222,14193875,2014-02-28,DIV
14735223,13074735,2011-03-29,DIV
14735227,62018749,2014-06-30,PRO
14735230,61545147,2011-10-08,PRO
14735230,13342301,2012-01-03,CON
14735231,61502677,2011-06-29,PRO
14735231,61535149,2011-09-15,PRO
14735231,61635458,2012-04-19,PRO
14735231,13538297,2012-06-29,CON
14735231,14335020,2014-07-18,CON
14735232,14083876,2013-11-19,CON
14735234,14032316,2013-09-20,CON
14735235,13080046,2011-04-05,CON
14735235,14183755,2014-02-19,CON
14735237,13982486,2013-08-30,DIV
14735237,PCT/IN2012/000011,2012-01-05,NST
14735239,10406664,2003-04-03,CON
14735239,14322124,2014-07-02,CON
14735243,62011273,2014-06-12,PRO
14735244,62012172,2014-06-13,PRO
14735247,62010365,2014-06-10,PRO
14735248,60969723,2007-09-04,PRO
14735248,12053853,2008-03-24,CON
14735249,11546601,2006-10-11,CON
14735254,62012222,2014-06-13,PRO
14735257,13915102,2013-06-11,DIV
14735258,14193875,2014-02-28,DIV
14735262,62010089,2014-06-10,PRO
14735264,62010723,2014-06-11,PRO
14735265,61409904,2010-11-03,PRO
14735265,13171646,2011-06-29,CON
14735267,13915102,2013-06-11,DIV
14735269,62011909,2014-06-13,PRO
14735269,62012336,2014-06-14,PRO
14735269,62028149,2014-07-23,PRO
14735270,62011289,2014-06-12,PRO
14735272,14306661,2014-06-17,CON
14735273,62011314,2014-06-12,PRO
14735275,PCT/JP2013/066320,2013-06-13,CON
14735278,13709955,2012-12-10,CON
14735284,PCT/EP2013/075303,2013-12-03,CON
14735286,13119078,2011-03-15,CON
14735286,PCT/IB2009/053892,2009-09-07,NST
14735288,PCT/IB2013/060744,2013-12-09,CON
14735292,13760194,2013-02-06,CON
14735297,PCT/JP2013/082027,2013-11-28,CON
14735298,13537838,2012-06-29,CON
14735298,13892342,2013-05-13,CON
14735298,14087004,2013-11-22,DIV
14735298,PCT/JP2011/072648,2011-09-30,CON
14735302,62011172,2014-06-12,PRO
14735303,PCT/JP2014/077993,2014-10-21,CON
14735306,13556396,2012-07-24,DIV
14735309,62009994,2014-06-10,PRO
14735310,12638366,2009-12-15,CON
14735312,13566180,2012-08-03,DIV
14735318,62015473,2014-06-22,PRO
14735322,13447622,2012-04-16,CON
14735322,13910460,2013-06-05,CON
14735324,61458513,2010-11-24,PRO
14735324,13303664,2011-11-23,DIV
14735326,13829000,2013-03-14,DIV
14735327,14071793,2013-11-05,DIV
14735328,62010207,2014-06-10,PRO
14735329,12411919,2009-03-26,DIV
14735330,PCT/JP2013/084756,2013-12-25,CON
14735334,61230830,2009-08-03,PRO
14735334,12849259,2010-08-03,DIV
14735334,13743389,2013-01-17,CON
14735343,61479421,2011-04-27,PRO
14735343,13410362,2012-03-02,CON
14735344,61736001,2012-12-11,PRO
14735344,14101862,2013-12-10,CIP
14735347,13505788,2012-05-03,CON
14735347,14152554,2014-01-10,CON
14735347,PCT/CZ2009/000154,2009-12-14,NST
14735348,PCT/EP2013/075751,2013-12-06,CON
14735350,14013370,2013-08-29,CON
14735352,11136657,2005-05-24,CON
14735352,12400084,2009-03-09,CON
14735354,13477685,2012-05-22,CON
14735355,62011233,2014-06-12,PRO
14735357,13651713,2012-10-15,DIV
14735360,13062066,2011-03-03,CON
14735360,PCT/IN2009/000505,2009-09-14,NST
14735362,14103044,2013-12-11,CIP
14735365,61654162,2012-06-01,PRO
14735365,13906553,2013-05-31,CIP
14735365,13906553,2013-05-31,CON
14735365,14274082,2014-05-09,CIP
14735365,14289349,2014-05-28,DIV
14735369,14650505,,CIP
14735369,PCT/EP2014/077230,2014-12-10,NST
14735370,61227872,2009-07-23,PRO
14735370,61345652,2010-05-18,PRO
14735370,12840372,2010-07-21,CON
14735370,13914725,2013-06-11,CIP
14735370,14217515,2014-03-18,CIP
14735370,14645805,2015-03-12,CON
14735371,12450829,2009-10-13,CON
14735371,14300597,2014-06-10,CON
14735371,PCT/US2008/004747,2008-04-11,NST
14735373,62009982,2014-06-10,PRO
14735374,13169672,2011-06-27,CON
14735374,PCT/JP2009/051440,2009-01-29,CON
14735375,14099710,2013-12-06,DIV
14735376,PCT/JP2013/006937,2013-11-26,CON
14735378,13700409,2013-01-25,DIV
14735378,PCT/DE11/01125,2011-05-20,NST
14735379,61846841,2013-07-16,PRO
14735379,14193265,2014-02-28,CIP
14735380,62010435,2014-06-10,PRO
14735383,13671120,2012-11-07,DIV
14735383,PCT/US2011/035775,2011-05-09,CIP
14735384,61567518,2011-12-06,PRO
14735384,13707478,2012-12-06,CON
14735386,62011326,2014-06-12,PRO
14735387,13543131,2012-07-06,DIV
14735389,13613274,2012-09-13,DIV
14735390,62010743,2014-06-11,PRO
14735392,14205172,2014-03-11,CON
14735394,62010983,2014-06-11,PRO
14735396,62010198,2014-06-10,PRO
14735397,13340961,2011-12-30,DIV
14735398,13181238,2011-07-12,CON
14735398,13533120,2012-06-26,CON
14735400,62013187,2014-06-17,PRO
14735401,62010584,2014-06-11,PRO
14735402,62010158,2014-06-10,PRO
14735408,61186661,2009-06-12,PRO
14735408,12635618,2009-12-10,CIP
14735408,12814075,2010-06-11,CON
14735410,12373235,2009-10-06,DIV
14735410,PCT/CN2007/002108,2007-07-09,NST
14735412,62010159,2014-06-10,PRO
14735415,13183891,2011-07-15,CIP
14735416,61428533,2010-12-30,PRO
14735416,13077106,2011-03-31,CON
14735416,13250496,2011-09-30,CON
14735416,13705228,2012-12-05,CON
14735422,61702776,2012-09-19,PRO
14735422,61702787,2012-09-19,PRO
14735422,13828742,2013-03-14,CIP
14735422,13829225,2013-03-14,CIP
14735422,14582437,2014-12-24,CIP
14735425,62018353,2014-06-27,PRO
14735428,12740663,2010-08-09,CON
14735428,13887758,2013-05-06,CON
14735428,PCT/AU08/01614,2008-10-31,NST
14735433,62022943,2014-07-10,PRO
14735435,14086442,2013-11-21,CIP
14735435,14603636,2015-01-23,CIP
14735436,13901755,2013-05-24,CON
14735437,61788151,2013-03-15,PRO
14735437,14210561,2014-03-14,CON
14735438,62010760,2014-06-11,PRO
14735443,60455260,2003-03-17,PRO
14735443,10799340,2004-03-12,CON
14735443,12640197,2009-12-17,DIV
14735445,61684892,2012-08-20,PRO
14735445,13971343,2013-08-20,CON
14735445,14460583,2014-08-15,CON
14735447,61333995,2010-05-12,PRO
14735447,13105499,2011-05-11,DIV
14735448,62010701,2014-06-11,PRO
14735450,12811928,2010-10-04,DIV
14735450,13827679,2013-03-14,DIV
14735450,PCT/EP2009/000241,2009-01-07,NST
14735453,13962172,2013-08-08,DIV
14735454,13937780,2013-07-09,CON
14735455,12054717,2008-03-25,CON
14735455,13597902,2012-08-29,CON
14735455,14493466,2014-09-23,CON
14735457,62010236,2014-06-10,PRO
14735465,13984191,2013-08-07,DIV
14735465,PCT/JP2011/080392,2011-12-28,NST
14735466,13900833,2013-05-23,DIV
14735468,14086442,2013-11-21,CIP
14735468,14603636,2015-01-23,CIP
14735469,62014994,2014-06-20,PRO
14735470,62011127,2014-06-12,PRO
14735473,14012933,2013-08-28,CON
14735473,14548229,2014-11-19,CON
14735474,10325243,2002-12-18,CIP
14735474,10364643,2003-02-10,CON
14735475,61659174,2012-06-13,PRO
14735475,13667424,2012-11-02,CIP
14735475,13667424,2012-11-02,CON
14735475,13755808,2013-01-31,CIP
14735475,13860711,2013-04-11,CIP
14735475,13916338,2013-06-12,CIP
14735475,13945273,2013-07-18,CIP
14735475,14016289,2013-09-03,CIP
14735475,14018055,2013-09-04,CIP
14735475,14065729,2013-10-29,CIP
14735475,14176762,2014-02-10,CIP
14735475,14200874,2014-03-07,CIP
14735475,61971602,2014-03-28,PRO
14735475,14337657,2014-07-22,CIP
14735475,14552827,2014-11-25,CON
14735476,12675285,2010-02-25,CON
14735476,PCT/EP2008/007203,2008-09-03,NST
14735477,61192264,2008-09-16,PRO
14735477,12561241,2009-09-16,CON
14735477,13801384,2013-03-13,CON
14735479,62011355,2014-06-12,PRO
14735485,13741792,2013-01-15,CON
14735491,13358027,2012-01-25,DIV
14735495,13963957,2013-08-09,DIV
14735499,14086442,2013-11-21,CIP
14735499,14603636,2015-01-23,CIP
14735502,13295306,2011-11-14,CIP
14735504,14310523,2014-06-20,CIP
14735504,14478380,2014-09-05,CIP
14735504,14687544,2015-04-15,CIP
14735508,13542449,2012-07-05,CON
14735508,14451763,2014-08-05,CON
14735514,62011267,2014-06-12,PRO
14735514,62086044,2014-12-01,PRO
14735515,13577297,2012-08-06,CON
14735515,PCT/EP2011/051441,2011-02-02,NST
14735516,62011017,2014-06-11,PRO
14735517,13992822,2013-08-14,DIV
14735517,PCT/IB11/02745,2011-11-16,NST
14735518,12681309,2010-05-26,CON
14735518,PCT/FR2008/001375,2008-10-02,NST
14735523,61019131,2008-01-04,PRO
14735523,12348658,2009-01-05,CIP
14735523,12348695,2009-01-05,CIP
14735523,12581101,2009-10-16,CIP
14735523,13468774,2012-05-10,CON
14735526,60783181,2006-03-16,PRO
14735526,11724966,2007-03-15,CON
14735526,12722857,2010-03-12,CON
14735526,13666424,2012-11-01,CON
14735526,13746654,2013-01-22,CON
14735526,14044105,2013-10-02,CON
14735526,14065842,2013-10-29,CON
14735526,14155410,2014-01-15,CON
14735526,14508613,2014-10-07,CON
14735530,13221285,2011-08-30,CON
14735531,62018724,2014-06-30,PRO
14735531,62018726,2014-06-30,PRO
14735534,62010390,2014-06-10,PRO
14735535,61120138,2008-12-05,PRO
14735535,12631293,2009-12-04,CIP
14735535,12797323,2010-06-09,CON
14735535,14505460,2014-10-02,CON
14735537,62010508,2014-06-11,PRO
14735539,13653349,2012-10-16,CON
14735540,13164758,2011-06-20,CON
14735540,PCT/JP2011/000229,2011-01-18,CON
14735547,62011895,2014-06-13,PRO
14735549,61234202,2009-08-14,PRO
14735549,12857378,2010-08-16,CON
14735549,13849370,2013-03-22,DIV
14735550,62009971,2014-06-10,PRO
14735553,61792061,2013-03-15,PRO
14735553,14210780,2014-03-14,DIV
14735555,62013327,2014-06-17,PRO
14735557,60975995,2007-09-28,PRO
14735557,60976319,2007-09-28,PRO
14735557,60982596,2007-10-25,PRO
14735557,61013173,2007-12-12,PRO
14735557,61026912,2008-02-07,PRO
14735557,61038515,2008-03-21,PRO
14735557,61038682,2008-03-21,PRO
14735557,61044765,2008-04-14,PRO
14735557,12238638,2008-09-26,CON
14735557,13313847,2011-12-07,CON
14735562,PCT/JP2013/076383,2013-09-27,CON
14735563,13952590,2013-07-27,CON
14735564,10444769,2003-05-23,CON
14735564,60630912,2004-11-24,PRO
14735564,11121668,2005-05-03,CIP
14735564,11181445,2005-07-13,CIP
14735564,11787543,2007-04-16,DIV
14735564,13334528,2011-12-22,CON
14735565,13449219,2012-04-17,CON
14735568,12054717,2008-03-25,CON
14735568,13597902,2012-08-29,CON
14735568,14493511,2014-09-23,CON
14735570,62023293,2014-07-11,PRO
14735572,13089946,2011-04-19,CON
14735574,62010282,2014-06-10,PRO
14735578,PCT/JP2013/081130,2013-11-19,CON
14735581,12612213,2009-11-04,REI
14735588,61101548,2008-09-30,PRO
14735588,61117448,2008-11-24,PRO
14735588,12569558,2009-09-29,CON
14735589,61145370,2009-01-16,PRO
14735589,12647927,2009-12-28,DIV
14735591,61601653,2012-02-22,PRO
14735591,13773923,2013-02-22,CON
14735592,62008123,2014-06-05,PRO
14735593,61381822,2010-09-10,PRO
14735593,12963408,2010-12-08,DIV
14735594,12325807,2008-12-01,CON
14735596,62012155,2014-06-13,PRO
14735596,62136364,2015-03-20,PRO
14735600,13840409,2013-03-15,CON
14735601,13048970,2011-03-16,CON
14735602,14382126,2014-08-29,CON
14735602,PCT/JP2013/055654,2013-03-01,NST
14735603,14701199,2015-04-30,CON
14735603,PCT/US2013/068118,2013-11-01,CON
14735604,11855712,2007-09-14,CON
14735607,14069661,2013-11-01,DIV
14735609,62010155,2014-06-10,PRO
14735612,61354022,2010-06-11,PRO
14735612,61468095,2011-03-28,PRO
14735612,13156999,2011-06-09,CIP
14735612,13296619,2011-11-15,CIP
14735612,61653562,2012-05-31,PRO
14735612,13712563,2012-12-12,CIP
14735612,61822376,2013-05-12,PRO
14735612,14103536,2013-12-11,CIP
14735612,62010166,2014-06-10,PRO
14735615,13520940,2012-07-06,CIP
14735615,14019792,2013-09-06,CON
14735615,PCT/JP2011/000143,2011-01-13,NST
14735618,61563735,2011-11-25,PRO
14735618,61618318,2012-03-30,PRO
14735618,61671583,2012-07-13,PRO
14735618,13684048,2012-11-21,CON
14735625,PCT/CN2014/079950,2014-06-16,CON
14735628,60832239,2006-07-12,PRO
14735628,11776106,2007-07-11,DIV
14735628,12323628,2008-11-26,DIV
14735628,13198736,2011-08-05,DIV
14735629,61279589,2009-10-23,PRO
14735629,12850918,2010-08-05,CON
14735629,13895894,2013-05-16,CON
14735632,PCT/CN2013/080373,2013-07-30,CON
14735633,13985065,2013-08-13,DIV
14735633,PCT/JP2012/056695,2012-03-15,NST
14735635,09834739,2001-04-13,CON
14735635,09922394,2001-08-02,CIP
14735635,10045644,2002-01-11,CIP
14735635,10478538,2003-11-20,CON
14735635,12724969,2010-03-16,CON
14735635,13919089,2013-06-17,CON
14735635,14463812,2014-08-20,CON
14735635,PCT/US2002/005999,2002-02-26,NST
14735637,10130823,2002-09-16,CON
14735637,12077780,2008-03-21,CON
14735637,13049344,2011-03-16,CON
14735637,PCT/HU00/00122,2000-11-23,NST
14735638,62010299,2014-06-10,PRO
14735639,62012127,2014-06-13,PRO
14735641,10252436,2002-09-24,REI
14735642,62009956,2014-06-10,PRO
14735646,62012127,2014-06-13,PRO
14735648,61551749,2011-10-26,PRO
14735648,13661571,2012-10-26,DIV
14735651,61388276,2010-09-30,PRO
14735651,13248597,2011-09-29,CIP
14735651,13856460,2013-04-04,CIP
14735652,61782168,2013-03-14,PRO
14735652,13893058,2013-05-13,DIV
14735656,61609339,2012-03-11,PRO
14735656,61663878,2012-06-25,PRO
14735656,13672998,2012-11-09,CON
14735656,14331866,2014-07-15,DIV
14735657,14136449,2013-12-20,CON
14735659,62010596,2014-06-11,PRO
14735663,10113858,2002-03-28,CON
14735663,12391936,2009-02-24,CON
14735663,13357545,2012-01-24,CON
14735663,13601182,2012-08-31,CON
14735663,13906994,2013-05-31,CON
14735663,14709109,2015-05-11,CON
14735664,61610115,2012-03-13,PRO
14735664,61635588,2012-04-19,PRO
14735664,13800255,2013-03-13,CON
14735668,PCT/EP2013/074214,2013-11-20,CON
14735669,12731809,2010-03-25,CON
14735669,14029356,2013-09-17,CON
14735675,13611095,2012-09-12,DIV
14735678,13624150,2012-09-21,CON
14735680,62010541,2014-06-11,PRO
14735683,12841062,2010-07-21,CON
14735684,62012127,2014-06-13,PRO
14735687,13782704,2013-03-01,CON
14735689,14081273,2013-11-15,DIV
14735691,11932613,2007-10-31,CON
14735691,13964559,2013-08-12,CON
14735695,62018724,2014-06-30,PRO
14735697,62010460,2014-06-11,PRO
14735698,12366702,2009-02-06,CON
14735701,62010729,2014-06-11,PRO
14735702,62010331,2014-06-10,PRO
14735703,62011121,2014-06-12,PRO
14735705,12054717,2008-03-25,CON
14735705,13597902,2012-08-29,CON
14735705,14493719,2014-09-23,CON
14735710,61552900,2011-10-28,PRO
14735710,61556579,2011-11-07,PRO
14735710,13662880,2012-10-29,CON
14735710,14490877,2014-09-19,CON
14735712,62010333,2014-06-10,PRO
14735718,13382130,2012-06-21,DIV
14735718,PCT/CA2010/001027,2010-07-05,NST
14735722,12717616,2010-03-04,DIV
14735722,13753188,2013-01-29,CON
14735722,14263483,2014-04-28,CON
14735725,13875497,2013-05-02,DIV
14735733,62011170,2014-06-12,PRO
14735735,13544538,2012-07-09,CIP
14735735,14180854,2014-02-14,CIP
14735739,61265111,2009-11-30,PRO
14735739,61265121,2009-11-30,PRO
14735739,12793213,2010-06-03,REI
14735742,62010271,2014-06-10,PRO
14735743,PCT/EP2013/074212,2013-11-20,CON
14735745,14199461,2014-03-06,CIP
14735745,62010302,2014-06-10,PRO
14735745,62036284,2014-08-12,PRO
14735745,62036297,2014-08-12,PRO
14735745,14511858,2014-10-10,CIP
14735746,61422874,2010-12-14,PRO
14735746,13326159,2011-12-14,CON
14735748,PCT/CA2013/001032,2013-12-13,NST
14735750,62010349,2014-06-10,PRO
14735753,62018726,2014-06-30,PRO
14735755,12078681,2008-04-03,CON
14735755,14273067,2014-05-08,CON
14735755,14518382,2014-10-20,DIV
14735756,13858136,2013-04-08,DIV
14735757,62010775,2014-06-11,PRO
14735758,13342807,2012-01-03,DIV
14735759,61768450,2013-02-23,PRO
14735759,14107613,2013-12-16,CIP
14735760,62024489,2014-07-15,PRO
14735762,61431572,2011-01-11,PRO
14735762,PCT/US12/20580,2012-01-09,NST
14735762,13978225,2013-07-03,CON
14735766,61447183,2011-02-28,PRO
14735766,13397744,2012-02-16,CON
14735768,62010145,2014-06-10,PRO
14735769,13975010,2013-08-23,CON
14735770,62010549,2014-06-11,PRO
14735771,PCT/CA2013/001014,2013-12-09,CON
14735776,13477539,2012-05-22,CON
14735776,14480124,2014-09-08,CIP
14735778,62011472,2014-06-12,PRO
14735779,62010607,2014-06-11,PRO
14735780,14050334,2013-10-09,CON
14735782,61838578,2013-06-24,PRO
14735782,61841624,2013-07-01,PRO
14735782,61914491,2013-12-11,PRO
14735782,61914538,2013-12-11,PRO
14735782,61924884,2014-01-08,PRO
14735782,61925311,2014-01-09,PRO
14735782,61928133,2014-01-16,PRO
14735782,61928644,2014-01-17,PRO
14735782,61929731,2014-01-21,PRO
14735782,61929874,2014-01-21,PRO
14735782,61933442,2014-01-30,PRO
14735782,62007004,2014-06-03,PRO
14735782,62008275,2014-06-05,PRO
14735782,14313960,2014-06-24,CON
14735782,14514988,2014-10-15,CON
14735783,62010965,2014-06-11,PRO
14735785,62002573,2014-05-23,PRO
14735787,62010262,2014-06-10,PRO
14735792,62011376,2014-06-12,PRO
14735797,62023543,2014-07-11,PRO
14735798,13140741,2012-02-22,CON
14735798,PCT/US2009/068937,2009-12-21,NST
14735800,PCT/EP2013/074213,2013-11-20,CON
14735801,61779783,2013-03-13,PRO
14735801,14208612,2014-03-13,DIV
14735802,62018155,2014-06-27,PRO
14735806,61110804,2008-11-03,PRO
14735806,12607436,2009-10-28,DIV
14735806,13325740,2011-12-14,DIV
14735806,13568533,2012-08-07,DIV
14735806,13890781,2013-05-09,DIV
14735814,60862710,2006-10-24,PRO
14735814,11565546,2006-11-30,CON
14735815,12549620,2009-08-28,CON
14735815,14164637,2014-01-27,CON
14735816,11907358,2007-10-11,DIV
14735816,12628657,2009-12-01,DIV
14735819,62033550,2014-08-05,PRO
14735820,PCT/CN2013/086160,2013-10-29,CON
14735830,61594653,2012-02-03,PRO
14735830,13758212,2013-02-04,CIP
14735835,PCT/CN2012/086322,2012-12-11,CON
14735839,PCT/CN2012/086353,2012-12-11,CON
14735841,60947444,2007-07-01,PRO
14735841,12164795,2008-06-30,DIV
14735842,62016180,2014-06-24,PRO
14735849,62010762,2014-06-11,PRO
14735850,61829724,2013-05-31,PRO
14735850,14291301,2014-05-30,CIP
14735850,62014067,2014-06-18,PRO
14735851,61699946,2012-09-12,PRO
14735851,14016055,2013-08-31,DIV
14735853,14235306,2014-08-22,CON
14735853,PCT/US2012/048319,2012-07-26,NST
14735858,12969329,2010-12-15,CON
14735858,13480198,2012-05-24,CON
14735861,29411230,2012-01-18,CIP
14735861,13603741,2012-09-05,CIP
14735862,13087236,2011-04-14,CON
14735862,13787696,2013-03-06,CON
14735862,14504008,2014-10-01,CON
14735866,62010269,2014-06-10,PRO
14735868,62010778,2014-06-11,PRO
14735869,62010325,2014-06-10,PRO
14735874,13641206,2013-01-04,CON
14735874,PCT/US2011/032491,2011-04-14,NST
14735875,14363129,2014-06-05,CON
14735875,PCT/US2012/068212,2012-12-06,NST
14735876,PCT/CN2013/001508,2013-12-06,CON
14735879,61388999,2010-10-01,PRO
14735879,61493145,2011-06-03,PRO
14735879,13238080,2011-09-21,CON
14735880,62010334,2014-06-10,PRO
14735880,14569307,2014-12-12,CON
14735881,13790766,2013-03-08,CON
14735890,62010914,2014-06-11,PRO
14735893,13605549,2012-09-06,CON
14735903,14035267,2013-09-24,CON
14735904,62010629,2014-06-11,PRO
14735906,60786981,2006-03-29,PRO
14735906,11687094,2007-03-16,CON
14735911,61785071,2013-03-14,PRO
14735911,14207123,2014-03-12,CON
14735912,62017033,2014-06-25,PRO
14735914,61117005,2008-11-21,PRO
14735914,12623176,2009-11-20,CON
14735914,14304297,2014-06-13,CON
14735915,12515527,2010-03-03,CON
14735915,14199804,2014-03-06,CON
14735915,PCT/US2007/024225,2007-11-19,NST
14735916,14062981,2013-10-25,CON
14735917,13388654,2012-04-16,CON
14735917,PCT/CA2010/001176,2010-07-30,NST
14735918,62012171,2014-06-13,PRO
14735920,62010163,2014-06-10,PRO
14735920,62108259,2015-01-27,PRO
14735922,13060156,2011-03-25,DIV
14735922,PCT/US2009/053878,2009-08-14,NST
14735924,62011775,2014-06-13,PRO
14735925,PCT/EP2013/074675,2013-11-26,CON
14735928,61950591,2014-03-10,PRO
14735928,62010528,2014-06-11,PRO
14735928,14640542,2015-03-06,CIP
14735929,62010777,2014-06-11,PRO
14735929,62105159,2015-01-19,PRO
14735929,62126090,2015-02-27,PRO
14735930,62010342,2014-06-10,PRO
14735932,62010405,2014-06-10,PRO
14735936,PCT/JP2012/082240,2012-12-12,CON
14735939,62011977,2014-06-13,PRO
14735941,62010107,2014-06-10,PRO
14735946,62010577,2014-06-11,PRO
14735948,13758353,2013-02-04,CIP
14735949,62010392,2014-06-10,PRO
14735950,61735501,2012-12-10,PRO
14735950,PCT/US13/73815,2013-12-09,CON
14735956,14201159,2014-03-07,CON
14735957,14040829,2013-09-30,DIV
14735958,14198411,2014-03-05,DIV
14735959,62009944,2014-06-10,PRO
14735962,13990097,2013-05-29,CON
14735962,PCT/EP11/71330,2011-11-29,NST
14735963,13171265,2011-06-28,CON
14735971,13541572,2012-07-03,CON
14735971,14299912,2014-06-09,CON
14735973,13139060,2011-08-31,DIV
14735973,PCT/US2009/067472,2009-12-10,NST
14735974,13784073,2013-03-04,DIV
14735978,09693867,2000-10-23,CON
14735978,11184774,2005-07-20,CON
14735978,12057704,2008-03-28,CON
14735978,13854777,2013-04-01,CON
14735980,62013166,2014-06-17,PRO
14735981,13629847,2012-09-28,DIV
14735982,60834401,2006-07-31,PRO
14735982,60834627,2006-08-01,PRO
14735982,11888009,2007-07-31,DIV
14735982,13544379,2012-07-09,DIV
14735983,62014203,2014-06-19,PRO
14735983,62047553,2014-09-08,PRO
14735983,62131455,2015-03-11,PRO
14735985,PCT/US2013/074214,2013-12-10,CON
14735986,62010843,2014-06-11,PRO
14735990,61375504,2010-08-20,PRO
14735990,13212813,2011-08-18,CON
14735991,11769496,2007-06-27,CON
14735991,13178893,2011-07-08,CON
14735991,PCT/CH2005/000710,2005-11-30,CON
14735992,62014203,2014-06-19,PRO
14735992,62047553,2014-09-08,PRO
14735992,62131455,2015-03-11,PRO
14735993,62010443,2014-06-10,PRO
14735994,13248779,2011-09-29,DIV
14735998,62014203,2014-06-19,PRO
14735998,62047553,2014-09-08,PRO
14735998,62131455,2015-03-11,PRO
14736000,62009991,2014-06-10,PRO
14736001,62010127,2014-06-10,PRO
14736004,13063409,2011-03-10,DIV
14736004,PCT/EP2009/061765,2009-09-10,NST
14736006,62014203,2014-06-19,PRO
14736006,62047553,2014-09-08,PRO
14736006,62131455,2015-03-11,PRO
14736007,61786215,2013-03-14,PRO
14736007,61820449,2013-05-07,PRO
14736007,61934795,2014-02-02,PRO
14736007,61946825,2014-03-02,PRO
14736007,14209827,2014-03-13,DIV
14736012,62014203,2014-06-19,PRO
14736012,62047553,2014-09-08,PRO
14736012,62131455,2015-03-11,PRO
14736013,PCT/CN2013/089968,2013-12-19,CON
14736014,61554424,2011-11-01,PRO
14736014,61590668,2012-01-25,PRO
14736014,13666700,2012-11-01,CON
14736015,62010082,2014-06-10,PRO
14736015,62010099,2014-06-10,PRO
14736020,62020244,2014-07-02,PRO
14736021,12467944,2009-05-18,CON
14736021,13252626,2011-10-04,CON
14736021,13543227,2012-07-06,CON
14736021,14045471,2013-10-03,CON
14736021,14250179,2014-04-10,CON
14736025,62011905,2014-06-13,PRO
14736027,PCT/EP2013/051960,2013-01-31,CON
14736029,PCT/US2013/073815,2013-12-09,CON
14736030,61721958,2012-11-02,PRO
14736030,14050089,2013-10-09,CIP
14736032,13942385,2013-07-15,DIV
14736033,61552875,2011-10-28,PRO
14736033,13662123,2012-10-26,DIV
14736037,61938620,2014-02-11,PRO
14736037,14563933,2014-12-08,CON
14736039,PCT/CN2013/074531,2013-04-22,CON
14736040,62018410,2014-06-27,PRO
14736040,62026560,2014-07-18,PRO
14736042,13939400,2013-07-11,DIV
14736044,62010286,2014-06-10,PRO
14736045,61898622,2013-11-01,PRO
14736045,14504778,2014-10-02,CON
14736048,13480984,2012-05-25,DIV
14736049,62010960,2014-06-11,PRO
14736051,61613793,2012-03-21,PRO
14736051,13843131,2013-03-15,DIV
14736052,13601491,2012-08-31,CON
14736053,14173625,2014-02-05,CON
14736057,62010003,2014-06-10,PRO
14736057,62173216,2015-06-09,PRO
14736058,PCT/CN2012/086452,2012-12-12,CON
14736062,14382967,2014-09-04,DIV
14736062,PCT/CN2013/072286,2013-03-07,NST
14736063,62031754,2014-07-31,PRO
14736064,62010327,2014-06-10,PRO
14736066,14429528,2015-03-19,CON
14736066,PCT/JP2013/069749,2013-07-22,NST
14736067,13076163,2011-03-30,CON
14736070,62009130,2014-06-06,PRO
14736070,62011538,2014-06-12,PRO
14736070,14515417,2014-10-15,CIP
14736070,14515421,2014-10-15,CIP
14736070,14515422,2014-10-15,CIP
14736073,PCT/CN2013/074110,2013-04-11,CON
14736077,PCT/US2013/074296,2013-12-11,CON
14736079,62010215,2014-06-10,PRO
14736079,62011902,2014-06-13,PRO
14736084,13109747,2011-05-17,CON
14736088,12571326,2009-09-30,CON
14736088,13972708,2013-08-21,CON
14736088,14470394,2014-08-27,CON
14736089,13926207,2013-06-25,CON
14736090,29437793,2012-11-20,CIP
14736090,13897062,2013-05-17,CON
14736094,14201865,2014-03-09,CON
14736094,14526433,2014-10-28,CON
14736095,62010430,2014-06-10,PRO
14736095,62130362,2015-03-09,PRO
14736098,62010836,2014-06-11,PRO
14736098,62011859,2014-06-13,PRO
14736098,62032770,2014-08-04,PRO
14736098,62041538,2014-08-25,PRO
14736098,29501006,2014-08-29,CIP
14736098,29501006,2014-08-29,DIV
14736098,14498603,2014-09-26,CON
14736098,14513073,2014-10-13,CON
14736098,29511482,2014-12-11,CIP
14736098,14589277,2015-01-05,CIP
14736098,29514256,2015-01-09,CIP
14736098,29515013,2015-01-20,CIP
14736098,62118403,2015-02-19,PRO
14736098,62159856,2015-05-11,PRO
14736098,14711596,2015-05-13,CON
14736101,13305432,2011-11-28,CON
14736102,62010979,2014-06-11,PRO
14736102,62066797,2014-10-21,PRO
14736102,62066851,2014-10-21,PRO
14736104,61735501,2012-12-10,PRO
14736104,PCT/US13/73815,2013-12-09,CON
14736105,13930368,2013-06-28,CON
14736106,62010187,2014-06-10,PRO
14736107,62009130,2014-06-06,PRO
14736107,62011538,2014-06-12,PRO
14736107,14515417,2014-10-15,CIP
14736107,14515421,2014-10-15,CIP
14736107,14515422,2014-10-15,CIP
14736108,62010445,2014-06-10,PRO
14736109,62010904,2014-06-11,PRO
14736110,13610581,2012-09-11,CON
14736110,PCT/US2011/028227,2011-03-11,CON
14736111,62010979,2014-06-11,PRO
14736111,62066797,2014-10-21,PRO
14736111,62066851,2014-10-21,PRO
14736112,14281487,2014-05-19,CON
14736112,PCT/CN2012/085016,2012-11-22,CON
14736116,62010335,2014-06-10,PRO
14736117,61052009,2008-05-09,PRO
14736117,61083117,2008-07-23,PRO
14736117,12247846,2008-10-08,CON
14736118,13796316,2013-03-12,CIP
14736118,62010277,2014-06-10,PRO
14736119,62012300,2014-06-14,PRO
14736120,13844243,2013-03-15,CON
14736121,12859215,2010-08-18,CON
14736122,PCT/CN2013/084384,2013-09-27,CON
14736123,62024415,2014-07-14,PRO
14736125,12598761,2010-03-01,CON
14736125,PCT/GB08/50320,2008-05-02,NST
14736131,13548307,2012-07-13,CON
14736132,14020450,2013-09-06,CIP
14736133,61612131,2012-03-16,PRO
14736133,13802578,2013-03-13,CON
14736133,PCT/US2012/041739,2012-06-08,CIP
14736133,PCT/US2012/041744,2012-06-08,CIP
14736133,PCT/US2012/041749,2012-06-08,CIP
14736134,62021620,2014-07-07,PRO
14736134,62057991,2014-09-30,PRO
14736134,14510030,2014-10-08,CON
14736134,14724637,2015-05-28,CIP
14736138,61735501,2012-12-10,PRO
14736138,PCT/US13/73815,2013-12-09,CON
14736139,62009130,2014-06-06,PRO
14736139,62011538,2014-06-12,PRO
14736139,14515417,2014-10-15,CIP
14736139,14515421,2014-10-15,CIP
14736139,14515422,2014-10-15,CIP
14736143,10763807,2004-01-22,CON
14736143,12788746,2010-05-27,CON
14736143,12901755,2010-10-11,CON
14736143,12901911,2010-10-11,CON
14736143,13800361,2013-03-13,CON
14736146,61818254,2013-05-01,PRO
14736146,14266448,2014-04-30,CON
14736148,13207738,2011-08-11,CIP
14736149,62010202,2014-06-10,PRO
14736154,61096073,2008-09-11,PRO
14736154,61164978,2009-03-31,PRO
14736154,12556626,2009-09-10,DIV
14736154,13307926,2011-11-30,CON
14736154,14045841,2013-10-04,DIV
14736156,60836641,2006-08-09,PRO
14736156,60918781,2007-03-19,PRO
14736156,11890408,2007-08-06,CIP
14736156,60967675,2007-09-06,PRO
14736156,12215048,2008-06-23,CIP
14736156,61355149,2010-06-16,PRO
14736156,61441562,2011-02-10,PRO
14736156,13161184,2011-06-15,CIP
14736156,13370078,2012-02-09,CON
14736159,62011358,2014-06-12,PRO
14736162,62021620,2014-07-07,PRO
14736162,62057991,2014-09-30,PRO
14736162,14510030,2014-10-08,CON
14736162,14724637,2015-05-28,CIP
14736164,61735501,2012-12-10,PRO
14736164,PCT/US13/73815,2013-12-09,CON
14736166,62009130,2014-06-06,PRO
14736166,62011538,2014-06-12,PRO
14736166,14515417,2014-10-15,CIP
14736166,14515421,2014-10-15,CIP
14736166,14515422,2014-10-15,CIP
14736168,14475218,2014-09-02,DIV
14736168,PCT/US2012/027597,2012-03-02,CON
14736170,14667282,2015-03-24,CIP
14736170,62147209,2015-04-14,PRO
14736171,61273657,2009-08-07,PRO
14736171,12806132,2010-08-07,REI
14736177,61787558,2013-03-15,PRO
14736177,61927543,2014-01-15,PRO
14736177,14212105,2014-03-14,CON
14736178,12568946,2009-09-29,CON
14736179,61385275,2010-09-22,PRO
14736179,13241118,2011-09-22,CON
14736179,14609856,2015-01-30,CIP
14736181,62010055,2014-06-10,PRO
14736189,62010172,2014-06-10,PRO
14736189,62072590,2014-10-30,PRO
14736189,62081152,2014-11-18,PRO
14736189,62157041,2015-05-05,PRO
14736190,13340857,2011-12-30,CIP
14736190,13340933,2011-12-30,CIP
14736190,13340953,2011-12-30,CIP
14736190,13341036,2011-12-30,CIP
14736190,13341076,2011-12-30,CIP
14736190,13341096,2011-12-30,CIP
14736190,13341118,2011-12-30,CIP
14736190,13341137,2011-12-30,CIP
14736190,13341165,2011-12-30,CIP
14736190,13341183,2011-12-30,CIP
14736190,13341199,2011-12-30,CIP
14736190,13341217,2011-12-30,CIP
14736190,13341254,2011-12-30,CIP
14736190,13341400,2011-12-30,CIP
14736190,62010288,2014-06-10,PRO
14736191,61000632,2007-10-26,PRO
14736191,61099025,2008-09-22,PRO
14736191,PCT/US08/81189,2008-10-24,NST
14736191,12739128,2010-08-09,CON
14736191,14063830,2013-10-25,CIP
14736192,29435445,2012-10-24,CON
14736192,13688139,2012-11-28,CON
14736193,13930341,2013-06-28,CON
14736194,13819312,2013-04-25,CON
14736194,PCT/US2011/050411,2011-09-02,NST
14736195,60256069,2000-12-15,PRO
14736195,60257386,2000-12-22,PRO
14736195,60259271,2000-12-29,PRO
14736195,60261359,2001-01-13,PRO
14736195,60285032,2001-04-19,PRO
14736195,60323601,2001-09-20,PRO
14736195,PCT/US01/51620,2001-12-17,NST
14736195,10297270,2002-12-04,CON
14736195,10601208,2003-06-20,DIV
14736195,11647042,2006-12-28,DIV
14736195,12428186,2009-04-22,DIV
14736195,13761829,2013-02-07,CON
14736195,14222855,2014-03-24,CON
14736197,13945784,2013-07-18,CON
14736201,62010422,2014-06-10,PRO
14736203,13246443,2011-09-27,CON
14736204,62010362,2014-06-10,PRO
14736206,60256069,2000-12-15,PRO
14736206,60257386,2000-12-22,PRO
14736206,60259271,2000-12-29,PRO
14736206,60261359,2001-01-13,PRO
14736206,60285032,2001-04-19,PRO
14736206,60323601,2001-09-20,PRO
14736206,PCT/US01/51620,2001-12-17,NST
14736206,10297270,2002-12-04,CON
14736206,10601208,2003-06-20,DIV
14736206,11647042,2006-12-28,DIV
14736206,12428186,2009-04-22,DIV
14736206,13761829,2013-02-07,CON
14736206,14222855,2014-03-24,CON
14736209,13702305,2012-12-06,CON
14736209,PCT/US2010/037627,2010-06-07,NST
14736210,62010896,2014-06-11,PRO
14736211,60256069,2000-12-15,PRO
14736211,60257386,2000-12-22,PRO
14736211,60259271,2000-12-29,PRO
14736211,60261359,2001-01-13,PRO
14736211,60285032,2001-04-19,PRO
14736211,60323601,2001-09-20,PRO
14736211,PCT/US01/51620,2001-12-17,NST
14736211,10297270,2002-12-04,CON
14736211,10601208,2003-06-20,DIV
14736211,11647042,2006-12-28,DIV
14736211,12428186,2009-04-22,DIV
14736211,13761829,2013-02-07,CON
14736211,14222855,2014-03-24,CON
14736212,61259973,2009-11-10,PRO
14736212,12927311,2010-11-10,CON
14736214,62010190,2014-06-10,PRO
14736217,13179325,2011-07-08,DIV
14736217,14483036,2014-09-10,DIV
14736217,14594020,2015-01-09,DIV
14736218,60256069,2000-12-15,PRO
14736218,60257386,2000-12-22,PRO
14736218,60259271,2000-12-29,PRO
14736218,60261359,2001-01-13,PRO
14736218,60285032,2001-04-19,PRO
14736218,60323601,2001-09-20,PRO
14736218,PCT/US01/51620,2001-12-17,NST
14736218,10297270,2002-12-04,CON
14736218,10601208,2003-06-20,DIV
14736218,11647042,2006-12-28,DIV
14736218,12428186,2009-04-22,DIV
14736218,13761829,2013-02-07,CON
14736218,14222855,2014-03-24,CON
14736220,62010314,2014-06-10,PRO
14736221,60256069,2000-12-15,PRO
14736221,60257386,2000-12-22,PRO
14736221,60259271,2000-12-29,PRO
14736221,60261359,2001-01-13,PRO
14736221,60285032,2001-04-19,PRO
14736221,60323601,2001-09-20,PRO
14736221,PCT/US01/51620,2001-12-17,NST
14736221,10297270,2002-12-04,CON
14736221,10601208,2003-06-20,DIV
14736221,11647042,2006-12-28,DIV
14736221,12428186,2009-04-22,DIV
14736221,13761829,2013-02-07,CON
14736221,14222855,2014-03-24,CON
14736222,61915098,2013-12-12,PRO
14736222,14275067,2014-05-12,CIP
14736225,60632473,2004-11-30,PRO
14736225,11291358,2005-11-30,CON
14736225,12754576,2010-04-05,CIP
14736225,13449094,2012-04-17,CON
14736230,62010419,2014-06-10,PRO
14736232,61528213,2011-08-27,PRO
14736232,61652517,2012-05-29,PRO
14736232,13594862,2012-08-26,CON
14736233,62010425,2014-06-10,PRO
14736234,62009912,2014-06-10,PRO
14736236,12508561,2009-07-23,CIP
14736238,62010374,2014-06-10,PRO
14736239,13054199,2011-05-06,CIP
14736239,13560301,2012-07-27,CIP
14736239,PCT/IL2009/000672,2009-07-06,NST
14736242,62010704,2014-06-11,PRO
14736244,62011002,2014-06-11,PRO
14736248,PCT/US2013/074835,2013-12-12,CON
14736250,62012164,2014-06-13,PRO
14736251,62016098,2014-06-24,PRO
14736254,62010431,2014-06-10,PRO
14736256,62010438,2014-06-10,PRO
14736256,62013342,2014-06-17,PRO
14736256,62016083,2014-06-23,PRO
14736256,62080088,2014-11-14,PRO
14736258,62010396,2014-06-10,PRO
14736258,62117953,2015-02-18,PRO
14736258,62158513,2015-05-07,PRO
14736262,14216390,2014-03-17,CON
14736265,62011552,2014-06-12,PRO
14736271,62021216,2014-07-07,PRO
14736272,61844924,2013-07-11,PRO
14736272,14329377,2014-07-11,CIP
14736275,62011584,2014-06-13,PRO
14736275,62045513,2014-09-03,PRO
14736283,62014167,2014-06-19,PRO
14736283,62014169,2014-06-19,PRO
14736287,13877676,2013-04-04,CIP
14736287,13922271,2013-06-20,CIP
14736287,13922271,2013-06-20,CON
14736287,61843915,2013-07-09,PRO
14736287,14320653,2014-07-01,CIP
14736287,14320656,2014-07-01,CIP
14736287,14325393,2014-07-08,CIP
14736287,14325395,2014-07-08,CIP
14736287,14566723,2014-12-11,CIP
14736287,14727873,2015-06-02,CIP
14736287,PCT/IL2011/000907,2011-11-29,NST
14736292,61537343,2011-09-21,PRO
14736292,13367031,2012-02-06,CON
14736296,13108198,2011-05-16,DIV
14736298,12882213,2010-09-15,DIV
14736299,12565191,2009-09-23,DIV
14736300,13363570,2012-02-01,CIP
14736300,13413826,2012-03-07,CON
14736310,13977380,2013-06-28,CON
14736310,PCT/US2013/026801,2013-02-20,NST
14736312,62011009,2014-06-11,PRO
14736314,PCT/CN2013/088115,2013-11-29,CON
14736319,62015568,2014-06-23,PRO
14736325,62011731,2014-06-13,PRO
14736327,PCT/JP2013/082930,2013-12-09,CON
14736331,11200591,2005-08-10,DIV
14736339,13228105,2011-09-08,CON
14736341,61540040,2011-09-28,PRO
14736341,13548598,2012-07-13,CON
14736342,12424042,2009-04-15,DIV
14736343,13673256,2012-11-09,DIV
14736346,60203434,2000-05-10,PRO
14736346,PCT/US01/15072,2001-05-09,NST
14736346,10258842,2002-10-28,CON
14736346,11109587,2005-04-19,CON
14736346,12166517,2008-07-02,CON
14736349,PCT/CA2013/001039,2013-12-11,CON
14736356,62016416,2014-06-24,PRO
14736360,PCT/JP2013/007084,2013-12-03,CON
14736365,13519393,2012-06-27,CON
14736365,PCT/US2012/024127,2012-02-07,NST
14736367,62030756,2014-07-30,PRO
14736368,13650255,2012-10-12,CON
14736377,PCT/JP2014/050390,2014-01-14,CON
14736378,61997847,2014-06-11,PRO
14736378,62178553,2015-04-13,PRO
14736379,62016782,2014-06-25,PRO
14736383,62026865,2014-07-21,PRO
14736385,62012368,2014-06-15,PRO
14736387,61251498,2009-10-14,PRO
14736387,12870017,2010-08-27,CON
14736387,13958002,2013-08-02,CON
14736389,62010591,2014-06-11,PRO
14736393,61787041,2013-03-15,PRO
14736393,14215287,2014-03-17,DIV
14736394,61808293,2013-04-04,PRO
14736394,14230330,2014-03-31,CON
14736406,61487847,2011-05-19,PRO
14736406,14112065,2013-12-24,CIP
14736406,14059541,2013-10-22,CIP
14736406,14453014,2014-08-06,DIV
14736406,PCT/US2012/038312,2012-05-17,NST
14736407,PCT/KR2013/011248,2013-12-06,CON
14736408,13386722,2012-01-24,CON
14736408,PCT/GB2006/050367,2006-11-01,NST
14736408,PCT/GB2010/051168,2010-07-16,NST
14736410,PCT/CN2013/086698,2013-11-07,CON
14736414,61504172,2011-07-02,PRO
14736414,13539455,2012-07-01,CON
14736415,PCT/JP2013/083637,2013-12-16,CON
14736417,62031939,2014-08-01,PRO
14736420,13713867,2012-12-13,DIV
14736427,13678755,2012-11-16,DIV
14736438,61606724,2012-03-05,PRO
14736438,13723372,2012-12-21,CON
14736440,14036054,2013-09-25,CON
14736444,11845964,2007-08-28,CON
14736446,62013632,2014-06-18,PRO
14736447,61436712,2011-01-27,PRO
14736447,61441207,2011-02-09,PRO
14736447,13359000,2012-01-26,CON
14736451,62010576,2014-06-11,PRO
14736452,62011396,2014-06-12,PRO
14736456,61449233,2011-03-04,PRO
14736456,61450616,2011-03-08,PRO
14736456,13408150,2012-02-29,CIP
14736456,13415277,2012-03-08,CON
14736456,13660261,2012-10-25,CON
14736456,14283484,2014-05-21,CON
14736459,12738079,2010-04-15,CON
14736459,PCT/IL2008/001366,2008-10-22,NST
14736461,13794185,2013-03-11,CON
14736462,PCT/EP2013/075005,2013-11-28,CON
14736465,13666074,2012-11-01,DIV
14736468,14396465,2014-10-23,CON
14736468,PCT/JP2013/084874,2013-12-26,NST
14736469,13726929,2012-12-26,CON
14736469,PCT/FR2011/052078,2011-09-12,CON
14736471,12790088,2010-05-28,CON
14736471,13965908,2013-08-13,CON
14736477,62011715,2014-06-13,PRO
14736479,61832515,2013-06-07,PRO
14736479,61832541,2013-06-07,PRO
14736479,61833019,2013-06-10,PRO
14736479,61864855,2013-08-12,PRO
14736479,14296733,2014-06-05,CIP
14736479,62010606,2014-06-11,PRO
14736479,62017195,2014-06-25,PRO
14736479,62019842,2014-07-01,PRO
14736479,62041753,2014-08-26,PRO
14736479,62060439,2014-10-06,PRO
14736479,62075591,2014-11-05,PRO
14736479,62102328,2015-01-12,PRO
14736479,62154036,2015-04-28,PRO
14736483,61652069,2012-05-25,PRO
14736483,61791762,2013-03-15,PRO
14736483,13901715,2013-05-24,CON
14736485,13666100,2012-11-01,DIV
14736487,11441094,2006-05-26,CON
14736487,13775334,2013-02-25,CON
14736487,PCT/JP04/17895,2004-11-25,CIP
14736491,61707230,2012-09-28,PRO
14736491,14038012,2013-09-26,CON
14736507,62011823,2014-06-13,PRO
14736509,62012213,2014-06-13,PRO
14736509,62113257,2015-02-06,PRO
14736512,62013113,2014-06-17,PRO
14736516,61617563,2012-03-29,PRO
14736516,13850044,2013-03-25,CON
14736517,61832515,2013-06-07,PRO
14736517,61832541,2013-06-07,PRO
14736517,61833019,2013-06-10,PRO
14736517,61864855,2013-08-12,PRO
14736517,14296733,2014-06-05,CIP
14736517,62010606,2014-06-11,PRO
14736517,62017195,2014-06-25,PRO
14736517,62019842,2014-07-01,PRO
14736517,62041753,2014-08-26,PRO
14736517,62060439,2014-10-06,PRO
14736517,62075591,2014-11-05,PRO
14736517,62102328,2015-01-12,PRO
14736517,62154036,2015-04-28,PRO
14736520,14463176,2014-08-19,CIP
14736520,14641049,2015-03-06,CIP
14736521,12308954,2009-04-02,DIV
14736521,PCT/IB2007/003732,2007-06-29,NST
14736524,62011828,2014-06-13,PRO
14736527,14044804,2013-10-02,DIV
14736528,PCT/EP2013/075554,2013-12-04,CON
14736532,13703797,2012-12-12,DIV
14736532,PCT/JP2012/056775,2012-03-15,NST
14736534,62011842,2014-06-13,PRO
14736535,62010655,2014-06-11,PRO
14736536,13382130,2012-06-21,CIP
14736536,PCT/CA2010/001027,2010-07-05,NST
14736539,PCT/EP2012/075508,2012-12-14,CON
14736541,13203312,2011-12-09,DIV
14736541,PCT/AU2010/000194,2010-02-22,NST
14736543,12452367,2010-01-29,DIV
14736543,PCT/CN2007/070234,2007-07-05,NST
14736547,PCT/JP2013/082931,2013-12-09,CON
14736551,62011846,2014-06-13,PRO
14736553,13338376,2011-12-28,CIP
14736555,62013086,2014-06-17,PRO
14736557,PCT/EP2013/077900,2013-12-23,CON
14736560,PCT/EP2013/075555,2013-12-04,CON
14736561,14083035,2013-11-18,CON
14736562,62010931,2014-06-11,PRO
14736563,62011852,2014-06-13,PRO
14736565,61073605,2008-06-18,PRO
14736565,12487018,2009-06-18,DIV
14736565,13680754,2012-11-19,CON
14736566,62012169,2014-06-13,PRO
14736567,12978976,2010-12-27,DIV
14736567,PCT/JP2009/002748,2009-06-17,CON
14736568,13306845,2011-11-29,CON
14736570,PCT/CN2013/087461,2013-11-20,CON
14736571,PCT/JP2013/083497,2013-12-13,CON
14736574,12901090,2010-10-08,DIV
14736574,PCT/EP2009/002586,2009-04-08,CON
14736576,13512632,2012-05-30,DIV
14736576,PCT/GB10/02286,2010-12-16,NST
14736579,62011257,2014-06-12,PRO
14736581,62017023,2014-06-25,PRO
14736582,13695844,2012-12-04,CON
14736582,PCT/JP2011/056255,2011-03-16,NST
14736583,62010721,2014-06-11,PRO
14736584,62011857,2014-06-13,PRO
14736587,61997884,2014-06-12,PRO
14736589,61339866,2010-03-10,PRO
14736589,12932955,2011-03-10,DIV
14736589,14011057,2013-08-27,DIV
14736591,12560839,2009-09-16,DIV
14736592,62014867,2014-06-20,PRO
14736592,62171464,2015-06-05,PRO
14736595,62011163,2014-06-12,PRO
14736596,62012788,2014-06-16,PRO
14736599,62012332,2014-06-14,PRO
14736602,PCT/JP2014/002581,2014-05-16,CON
14736607,13361982,2012-01-31,CON
14736612,13700303,2012-11-27,DIV
14736612,PCT/EP11/52531,2011-02-21,NST
14736619,13703726,2013-05-23,DIV
14736619,PCT/US2011/040647,2011-06-16,NST
14736620,62014810,2014-06-20,PRO
14736623,13271622,2011-10-12,CIP
14736625,PCT/JP2013/006369,2013-10-29,CON
14736626,13960114,2013-08-06,CIP
14736630,61759217,2013-01-31,PRO
14736630,14169812,2014-01-31,DIV
14736633,62010681,2014-06-11,PRO
14736643,62012677,2014-06-16,PRO
14736646,62012792,2014-06-16,PRO
14736648,09661022,2000-09-13,CON
14736648,10206018,2002-07-26,DIV
14736648,11070121,2005-03-01,CON
14736648,12418749,2009-04-06,CON
14736648,13117319,2011-05-27,CON
14736648,13475523,2012-05-18,CON
14736648,13899893,2013-05-22,CON
14736648,14286171,2014-05-23,CON
14736651,12545116,2009-08-21,DIV
14736651,13408187,2012-02-29,CON
14736652,62014747,2014-06-20,PRO
14736652,62100217,2015-01-06,PRO
14736652,14664832,2015-03-21,CIP
14736654,62012290,2014-06-14,PRO
14736656,62014214,2014-06-19,PRO
14736659,PCT/JP2013/070800,2013-07-31,CON
14736660,10398042,2003-10-07,CON
14736660,12816434,2010-06-16,CON
14736660,13597629,2012-08-29,CON
14736660,PCT/JP2002/007846,2002-08-01,NST
14736662,62014276,2014-06-19,PRO
14736665,PCT/JP2013/006447,2013-10-31,CON
14736666,13695458,2012-10-31,DIV
14736666,PCT/FR2011/050953,2011-04-27,NST
14736671,62011255,2014-06-12,PRO
14736672,13940106,2013-07-11,CON
14736674,13744713,2013-01-18,CIP
14736675,PCT/IB2014/002820,2014-10-31,CON
14736681,13133606,2011-06-08,DIV
14736681,PCT/JP2009/070339,2009-12-03,NST
14736682,62012387,2014-06-15,PRO
14736685,62013044,2014-06-17,PRO
14736689,61948645,2014-03-06,PRO
14736689,14474555,2014-09-02,CIP
14736690,62011315,2014-06-12,PRO
14736691,61998377,2014-06-27,PRO
14736693,60759788,2006-01-19,PRO
14736693,60786033,2006-03-27,PRO
14736693,11549064,2006-10-12,CON
14736693,13605539,2012-09-06,CON
14736695,12545116,2009-08-21,DIV
14736695,13408187,2012-02-29,DIV
14736697,62011522,2014-06-12,PRO
14736698,13343190,2012-01-04,CIP
14736698,13828650,2013-03-14,DIV
14736710,PCT/JP2014/053876,2014-02-19,CON
14736711,14359269,2014-05-19,CON
14736711,PCT/JP2012/080219,2012-11-21,NST
14736712,60974267,2007-09-21,PRO
14736712,12235362,2008-09-22,DIV
14736712,12622827,2009-11-20,CIP
14736712,61265942,2009-12-02,PRO
14736712,61308045,2010-02-25,PRO
14736712,12758900,2010-04-13,CIP
14736712,12946082,2010-11-15,CIP
14736712,13089473,2011-04-19,CIP
14736712,13089672,2011-04-19,CIP
14736712,13090286,2011-04-20,CIP
14736712,13331047,2011-12-20,CIP
14736712,13484975,2012-05-31,CON
14736715,60857706,2006-11-08,PRO
14736715,11936738,2007-11-07,CON
14736715,13268235,2011-10-07,CON
14736715,13873049,2013-04-29,CON
14736716,13210507,2011-08-16,CON
14736720,60687285,2005-06-03,PRO
14736720,60687626,2005-06-03,PRO
14736720,11313970,2005-12-20,CON
14736720,11313588,2005-12-20,CIP
14736723,PCT/JP2013/084171,2013-12-13,CON
14736725,13032482,2011-02-22,CON
14736730,62030194,2014-07-29,PRO
14736732,14271735,2014-05-07,CON
14736734,62010573,2014-06-11,PRO
14736735,62010553,2014-06-11,PRO
14736736,62010498,2014-06-11,PRO
14736738,12644559,2009-12-22,DIV
14736739,PCT/JP2013/081568,2013-11-23,CON
14736745,62010653,2014-06-11,PRO
14736745,62145649,2015-04-10,PRO
14736751,61498596,2011-06-19,PRO
14736751,13527436,2012-06-19,DIV
14736752,62010648,2014-06-11,PRO
14736755,PCT/KR2015/001506,2015-02-13,CON
14736761,09615473,2000-07-13,CON
14736761,10411792,2003-04-11,CON
14736761,11601265,2006-11-17,CON
14736765,62010533,2014-06-11,PRO
14736768,61322605,2010-04-09,PRO
14736768,PCT/US11/31823,2011-04-08,NST
14736768,13637897,2012-10-24,DIV
14736771,PCT/EP2014/060587,2014-05-22,CON
14736773,60346705,2002-01-08,PRO
14736773,10338965,2003-01-08,CON
14736773,12027196,2008-02-06,CON
14736773,13209259,2011-08-12,CON
14736773,13486759,2012-06-01,CON
14736773,14012430,2013-08-28,CON
14736773,14511643,2014-10-10,CON
14736775,62011345,2014-06-12,PRO
14736775,62147065,2015-04-14,PRO
14736777,61728495,2012-11-20,PRO
14736777,61728948,2012-11-21,PRO
14736777,14085738,2013-11-20,CON
14736780,62011159,2014-06-12,PRO
14736781,13490394,2012-06-06,CIP
14736781,13760692,2013-02-06,CON
14736782,13870916,2013-04-25,DIV
14736786,61999353,2014-07-24,PRO
14736787,13469620,2012-05-11,CIP
14736789,PCT/KR2013/011357,2013-12-09,CON
14736791,62024542,2014-07-15,PRO
14736791,62140664,2015-03-31,PRO
14736792,13276099,2011-10-18,DIV
14736793,13844749,2013-03-15,DIV
14736801,14058939,2013-10-21,CON
14736802,11024888,2004-12-29,CON
14736802,13300535,2011-11-18,DIV
14736802,14223393,2014-03-24,CON
14736803,13395700,2012-06-14,DIV
14736803,14045269,2013-10-03,DIV
14736803,PCT/US2010/048227,2010-09-09,NST
14736804,PCT/KR2015/001506,2015-02-13,CON
14736805,13839844,2013-03-15,CIP
14736807,62010711,2014-06-11,PRO
14736808,13646086,2012-10-05,DIV
14736810,10151635,2002-05-20,CIP
14736810,10665642,2003-09-19,CON
14736810,11818295,2007-06-14,CON
14736816,62011709,2014-06-13,PRO
14736818,13689905,2012-11-30,CON
14736818,14494791,2014-09-24,CON
14736820,61695448,2012-08-31,PRO
14736820,14014481,2013-08-30,CIP
14736827,60474843,2003-06-02,PRO
14736827,10856632,2004-05-28,CON
14736827,12456657,2009-06-19,CON
14736827,13269017,2011-10-07,CON
14736827,13690752,2012-11-30,CON
14736827,14338700,2014-07-23,CON
14736830,62011173,2014-06-12,PRO
14736832,61948660,2014-03-06,PRO
14736832,14474639,2014-09-02,CIP
14736833,62011434,2014-06-12,PRO
14736834,62011103,2014-06-12,PRO
14736838,61160590,2009-03-16,PRO
14736838,PCT/US10/27440,2010-03-16,CON
14736838,13234654,2011-09-16,CON
14736838,13870603,2013-04-25,CON
14736841,13222496,2011-08-31,DIV
14736844,12552761,2009-09-02,CON
14736844,13887784,2013-05-06,CON
14736848,14371989,2014-07-11,CON
14736848,PCT/US2013/021769,2013-01-16,NST
14736853,61985946,2014-04-29,PRO
14736853,14311605,2014-06-23,CON
14736853,14577705,2014-12-19,CON
14736856,62013013,2014-06-17,PRO
14736859,PCT/JP2013/081099,2013-11-19,CON
14736861,61705551,2012-09-25,PRO
14736861,13842342,2013-03-15,CIP
14736861,14492905,2014-09-22,CIP
14736863,PCT/EP2013/071576,2013-10-16,CON
14736867,62012231,2014-06-13,PRO
14736868,12746360,2010-08-20,CON
14736868,14067525,2013-10-30,CON
14736868,PCT/CA2008/002112,2008-12-05,NST
14736869,62010875,2014-06-11,PRO
14736871,13411143,2012-03-02,CON
14736873,62010686,2014-06-11,PRO
14736875,PCT/CN2014/070011,2014-01-02,CON
14736877,14248682,2014-04-09,CIP
14736883,13933452,2013-07-02,CON
14736885,10758933,2004-01-15,CIP
14736885,11604950,2006-11-28,CIP
14736885,12840952,2010-07-21,CON
14736885,13209636,2011-08-15,CIP
14736885,13461149,2012-05-01,DIV
14736886,62037638,2014-08-15,PRO
14736896,61683508,2012-08-15,PRO
14736896,13778642,2013-02-27,DIV
14736897,60528706,2003-12-12,PRO
14736897,11008958,2004-12-13,DIV
14736900,62011281,2014-06-12,PRO
14736901,12682624,2010-04-12,CON
14736901,PCT/EP2008/063544,2008-10-09,NST
14736902,PCT/US2013/075323,2013-12-16,CON
14736903,61734406,2012-12-07,PRO
14736903,14099295,2013-12-06,CON
14736904,13602968,2012-09-04,CIP
14736904,13790016,2013-03-08,CIP
14736904,14013746,2013-08-29,CON
14736905,12326300,2008-12-02,CON
14736906,62011561,2014-06-12,PRO
14736907,62011249,2014-06-12,PRO
14736909,12148444,2008-04-18,CIP
14736909,13071661,2011-03-25,CIP
14736909,13328416,2011-12-16,CON
14736911,62011807,2014-06-13,PRO
14736912,12602456,2010-03-31,CON
14736912,PCT/AU2008/000778,2008-05-30,NST
14736915,13347625,2012-01-10,CON
14736916,09462805,2000-01-14,DIV
14736916,10669729,2003-09-25,CON
14736916,11649275,2007-01-04,CON
14736916,13948057,2013-07-22,CON
14736916,14164875,2014-01-27,CON
14736916,14560572,2014-12-04,CON
14736916,14665863,2015-03-23,CON
14736916,PCT/KR98/00169,1998-06-18,NST
14736917,62010781,2014-06-11,PRO
14736918,62037719,2014-08-15,PRO
14736921,62010969,2014-06-11,PRO
14736922,14318925,2014-06-30,CON
14736926,62012058,2014-06-13,PRO
14736927,61659260,2012-06-13,PRO
14736927,61702218,2012-09-17,PRO
14736927,13916565,2013-06-12,CIP
14736927,13965974,2013-08-13,CON
14736932,62011969,2014-06-13,PRO
14736934,62017555,2014-06-26,PRO
14736935,62019649,2014-07-01,PRO
14736937,11627354,2007-01-25,CON
14736938,62010631,2014-06-11,PRO
14736939,61168926,2009-04-13,PRO
14736939,61243502,2009-09-17,PRO
14736939,12759273,2010-04-13,CIP
14736939,12868441,2010-08-25,CON
14736939,14134244,2013-12-19,CON
14736941,61445898,2011-02-23,PRO
14736941,13401601,2012-02-21,CIP
14736942,14032998,2013-09-20,CON
14736946,62023794,2014-07-11,PRO
14736947,62015158,2014-06-20,PRO
14736948,10840190,2004-05-06,CON
14736948,11853230,2007-09-11,CON
14736948,13089166,2011-04-18,CON
14736949,60878304,2007-01-01,PRO
14736949,60979541,2007-10-12,PRO
14736949,11981429,2007-10-31,DIV
14736950,12148144,2008-04-16,CIP
14736950,13198072,2011-08-04,CON
14736950,14245151,2014-04-04,CON
14736951,PCT/EP2013/076020,2013-12-10,CON
14736952,12891318,2010-09-27,DIV
14736952,PCT/JP2009/056912,2009-03-27,CON
14736955,61734038,2012-12-06,PRO
14736955,14097662,2013-12-05,CIP
14736961,13350987,2012-01-16,CON
14736962,62010527,2014-06-11,PRO
14736966,14076214,2013-11-10,DIV
14736966,14194797,2014-03-02,DIV
14736966,PCT/CN2013/083467,2013-09-13,CON
14736967,13746979,2013-01-22,CON
14736971,13332624,2011-12-21,CON
14736972,13289092,2011-11-04,CON
14736973,62013743,2014-06-18,PRO
14736975,61784049,2013-03-14,PRO
14736975,61874432,2013-09-06,PRO
14736975,14208802,2014-03-13,CON
14736977,62010866,2014-06-11,PRO
14736978,61160052,2009-03-13,PRO
14736978,61255339,2009-10-27,PRO
14736978,12723431,2010-03-12,DIV
14736982,13504911,2012-04-27,CON
14736982,PCT/US2010/055025,2010-11-02,NST
14736983,PCT/CN2012/086358,2012-12-11,CON
14736984,11922014,2008-03-06,DIV
14736984,PCT/IS2006/000013,2006-06-14,NST
14736986,61942849,2014-02-21,PRO
14736986,14518519,2014-10-20,CON
14736992,61652796,2012-05-29,PRO
14736992,13524997,2012-06-15,DIV
14736994,12404879,2009-03-16,DIV
14736997,61464515,2011-03-04,CIP
14736997,13385697,2012-03-02,CIP
14736997,14070925,2013-11-04,CIP
14736997,14512171,2014-10-10,CON
14736999,62011939,2014-06-13,PRO
14737001,62010698,2014-06-11,PRO
14737003,61829915,2013-05-31,PRO
14737003,13927836,2013-06-26,CON
14737004,13470639,2012-05-14,CON
14737005,62011420,2014-06-12,PRO
14737007,61287124,2009-12-16,PRO
14737007,12861609,2010-08-23,CON
14737007,14464034,2014-08-20,CON
14737008,14049086,2013-10-08,CON
14737008,14593881,2015-01-09,CON
14737009,12827618,2010-06-30,CIP
14737009,12963275,2010-12-08,CON
14737011,61761020,2013-02-05,PRO
14737011,61793006,2013-03-15,PRO
14737011,61909929,2013-11-27,PRO
14737011,14172562,2014-02-04,CON
14737012,14150377,2014-01-08,CON
14737013,13232753,2011-09-14,CON
14737018,PCT/JP2013/073853,2013-09-04,CON
14737020,12819641,2010-06-21,CON
14737020,14203842,2014-03-11,CON
14737021,PCT/EP2013/076018,2013-12-10,CON
14737022,62012497,2014-06-16,PRO
14737024,62010512,2014-06-11,PRO
14737025,62011067,2014-06-12,PRO
14737026,61648499,2012-05-17,PRO
14737026,13897289,2013-05-17,CON
14737027,62010537,2014-06-11,PRO
14737028,62012102,2014-06-13,PRO
14737032,62012509,2014-06-16,PRO
14737034,61399113,2010-07-07,PRO
14737034,13135451,2011-07-06,DIV
14737035,62014056,2014-06-18,PRO
14737044,PCT/EP2013/063121,2013-06-24,CON
14737048,62012548,2014-06-16,PRO
14737049,60656897,2005-03-01,PRO
14737049,11362846,2006-02-28,CON
14737049,13016065,2011-01-28,CON
14737049,13549865,2012-07-16,CON
14737049,14164642,2014-01-27,CON
14737050,13643646,2012-10-26,CON
14737050,PCT/US2010/035697,2010-05-21,NST
14737051,14220231,2014-03-20,CIP
14737053,14302348,2014-06-11,CIP
14737053,PCT/US2013/074766,2013-12-12,CIP
14737054,12616043,2009-11-10,CON
14737060,14080465,2013-11-14,CON
14737061,11835673,2007-08-08,CON
14737062,12268877,2008-11-11,CON
14737062,13342693,2012-01-03,CON
14737062,13763209,2013-02-08,CON
14737062,14257304,2014-04-21,CON
14737063,61102234,2008-10-02,PRO
14737063,12568066,2009-09-28,CON
14737063,13915596,2013-06-11,CON
14737065,PCT/JP2013/083215,2013-12-11,CON
14737067,13968296,2013-08-15,CON
14737068,PCT/EP2013/076119,2013-12-10,CON
14737070,61864156,2013-08-09,PRO
14737070,61915257,2013-12-12,PRO
14737070,14453209,2014-08-06,CON
14737071,62014951,2014-06-20,PRO
14737073,62033774,2014-08-06,PRO
14737075,62010716,2014-06-11,PRO
14737076,61868441,2013-08-21,PRO
14737076,14463708,2014-08-20,CIP
14737077,62011175,2014-06-12,PRO
14737078,12840941,2010-07-21,DIV
14737078,14166617,2014-01-28,DIV
14737081,62014605,2014-06-19,PRO
14737082,62038071,2014-08-15,PRO
14737083,13807507,2013-01-31,CON
14737083,PCT/NL2011/050475,2011-07-01,NST
14737084,62011393,2014-06-12,PRO
14737087,10470094,2004-03-24,CON
14737087,12954814,2010-11-26,CON
14737087,PCT/CA2002/000107,2002-01-25,NST
14737088,61302913,2010-02-09,PRO
14737088,12821276,2010-06-23,CON
14737088,13892914,2013-05-13,CON
14737090,61652549,2012-05-29,PRO
14737090,13904587,2013-05-29,CON
14737092,10639162,2003-08-11,CIP
14737092,10735030,2003-12-12,CIP
14737092,10840950,2004-05-07,CIP
14737092,11070863,2005-03-01,CIP
14737092,61038487,2008-03-21,PRO
14737092,12409335,2009-03-23,CON
14737092,13479991,2012-05-24,CON
14737092,13480210,2012-05-24,CON
14737095,13953336,2013-07-29,CON
14737095,14015291,2013-08-30,CON
14737096,PCT/EP2013/076303,2013-12-12,CON
14737097,62028905,2014-07-25,PRO
14737098,12116323,2008-05-07,CON
14737098,14286264,2014-05-23,CON
14737103,PCT/JP2013/072949,2013-08-28,CON
14737104,62012830,2014-06-16,PRO
14737105,61464922,2011-03-14,PRO
14737105,13420542,2012-03-14,CIP
14737105,13738650,2013-01-10,CIP
14737105,62150070,2015-04-20,PRO
14737107,13520870,2014-02-27,CON
14737107,PCT/JP12/03546,2012-05-30,NST
14737109,60975097,2007-09-25,PRO
14737109,12130894,2008-05-30,CON
14737109,13631221,2012-09-28,CON
14737111,13237788,2011-09-20,DIV
14737112,61423497,2010-12-15,PRO
14737112,13327514,2011-12-15,CON
14737114,62014063,2014-06-18,PRO
14737115,62010847,2014-06-11,PRO
14737115,62077478,2014-11-10,PRO
14737116,61868950,2013-08-22,PRO
14737116,61988651,2014-05-05,PRO
14737116,14466588,2014-08-22,CON
14737117,61580951,2011-12-28,PRO
14737117,13719933,2012-12-19,CON
14737120,10644276,2003-08-20,CON
14737120,12982805,2010-12-30,REI
14737122,13328272,2011-12-16,CON
14737124,13437125,2012-04-02,CON
14737129,60298482,2001-06-15,PRO
14737129,10174432,2002-06-17,CON
14737129,12782381,2010-05-18,CON
14737129,13951732,2013-07-26,CON
14737129,14617657,2015-02-09,CON
14737131,09725352,2000-11-29,CIP
14737131,09994537,2001-11-27,CIP
14737131,10144504,2002-05-13,CON
14737131,11051283,2005-02-04,CON
14737131,13177438,2011-07-06,CON
14737132,62010842,2014-06-11,PRO
14737133,13928133,2013-06-26,CON
14737133,14632710,2015-02-26,CON
14737134,61157002,2009-03-03,PRO
14737134,12710328,2010-02-22,CIP
14737134,13471050,2012-05-14,CIP
14737136,62010569,2014-06-11,PRO
14737138,13520870,2014-02-27,CON
14737138,PCT/JP2012/003546,2012-05-30,NST
14737141,62010770,2014-06-11,PRO
14737143,61785233,2013-03-14,PRO
14737143,14097511,2013-12-05,DIV
14737147,62013312,2014-06-17,PRO
14737150,13761041,2013-02-06,CON
14737152,62015786,2014-06-23,PRO
14737153,10689407,2003-10-20,CIP
14737153,11468946,2006-08-31,CIP
14737153,11686755,2007-03-15,CIP
14737153,11897532,2007-08-30,CON
14737153,13964242,2013-08-12,CON
14737154,61266948,2009-12-04,PRO
14737154,12958570,2010-12-02,CON
14737154,13762703,2013-02-08,CON
14737154,14201539,2014-03-07,CON
14737154,14617437,2015-02-09,CON
14737156,62010940,2014-06-11,PRO
14737157,PCT/EP2013/076016,2013-12-10,CON
14737158,13549968,2012-07-16,CON
14737158,14335593,2014-07-18,CON
14737159,60952514,2007-07-27,PRO
14737159,60952528,2007-07-27,PRO
14737159,12180413,2008-07-25,CON
14737159,13315162,2011-12-08,CON
14737159,14165352,2014-01-27,CON
14737161,61464515,2011-03-04,CIP
14737161,13385697,2012-03-02,CIP
14737161,14070925,2013-11-04,CIP
14737161,14512171,2014-10-10,CON
14737164,62010860,2014-06-11,PRO
14737167,13378522,2011-12-15,CON
14737167,PCT/KR2010/001363,2010-03-04,NST
14737172,61349016,2010-05-27,PRO
14737172,13084247,2011-04-11,DIV
14737173,62014380,2014-06-19,PRO
14737174,61725355,2012-11-12,PRO
14737174,14078103,2013-11-12,CON
14737178,10689407,2003-10-20,CIP
14737178,11468946,2006-08-31,CIP
14737178,11686755,2007-03-15,CIP
14737178,11897532,2007-08-30,CON
14737178,13964242,2013-08-12,CON
14737179,62010938,2014-06-11,PRO
14737180,12920944,2011-02-14,CON
14737180,PCT/US2009/036068,2009-03-04,NST
14737183,62011543,2014-06-12,PRO
14737184,62010800,2014-06-11,PRO
14737187,62010798,2014-06-11,PRO
14737188,14539332,2014-11-12,CON
14737188,PCT/CN2013/085823,2013-10-23,CON
14737189,13377454,2012-03-09,DIV
14737189,PCT/EP2010/057463,2010-05-28,NST
14737190,PCT/US2013/074368,2013-12-11,CON
14737191,62010804,2014-06-11,PRO
14737192,13490107,2012-06-06,CON
14737193,62024286,2014-07-14,PRO
14737194,62010831,2014-06-11,PRO
14737195,62012007,2014-06-13,PRO
14737196,61496930,2011-06-14,PRO
14737196,61603864,2012-02-27,PRO
14737196,13495844,2012-06-13,CIP
14737196,14026922,2013-09-13,CON
14737196,14607639,2015-01-28,CON
14737198,13242651,2011-09-23,CON
14737201,10745168,2003-12-23,CON
14737201,12609415,2009-10-30,CON
14737201,13690777,2012-11-30,CON
14737201,14038187,2013-09-26,CON
14737201,14281476,2014-05-19,CON
14737202,62010954,2014-06-11,PRO
14737205,PCT/CN2012/086679,2012-12-14,CON
14737207,62011569,2014-06-12,PRO
14737210,14334217,2014-07-17,CIP
14737210,62132643,2015-03-13,PRO
14737212,61883004,2013-09-26,PRO
14737212,14495378,2014-09-24,CIP
14737216,62012057,2014-06-13,PRO
14737217,61695907,2012-08-31,PRO
14737217,13815827,2013-03-15,DIV
14737218,62025457,2014-07-16,PRO
14737219,61668885,2012-07-06,PRO
14737219,13804896,2013-03-14,CON
14737227,PCT/CN2012/086641,2012-12-14,CON
14737230,62010938,2014-06-11,PRO
14737232,62011981,2014-06-13,PRO
14737233,12353677,2009-01-14,REI
14737236,14475218,2014-09-02,CON
14737236,PCT/US2012/027597,2012-03-02,CON
14737237,62011013,2014-06-11,PRO
14737239,14076921,2013-11-11,DIV
14737240,61481600,2011-05-02,PRO
14737240,13434349,2012-03-29,CIP
14737241,62011343,2014-06-12,PRO
14737243,09565565,2000-05-04,CIP
14737243,10426279,2003-04-30,DIV
14737243,11948965,2007-11-30,CON
14737243,12821119,2010-06-22,CON
14737243,13905036,2013-05-29,CON
14737248,62012083,2014-06-13,PRO
14737248,62012093,2014-06-13,PRO
14737248,62128816,2015-03-05,PRO
14737249,62011934,2014-06-13,PRO
14737249,62080724,2014-11-17,PRO
14737251,61429093,2010-12-31,PRO
14737251,13342156,2012-01-02,CON
14737253,62010951,2014-06-11,PRO
14737254,60370190,2002-04-08,PRO
14737254,60415575,2002-10-03,PRO
14737254,60442970,2003-01-29,PRO
14737254,10408665,2003-04-08,CIP
14737254,60616254,2004-10-05,PRO
14737254,60624793,2004-11-02,PRO
14737254,11129765,2005-05-13,CIP
14737254,11189563,2005-07-25,CIP
14737254,60816999,2006-06-28,PRO
14737254,11504117,2006-08-14,CIP
14737254,11599723,2006-11-14,CON
14737254,13046595,2011-03-11,CON
14737254,14094330,2013-12-02,CON
14737255,62012144,2014-06-13,PRO
14737257,62014485,2014-06-19,PRO
14737261,61570730,2011-12-14,PRO
14737261,13694542,2012-12-12,CIP
14737262,PCT/JP2013/084695,2013-12-25,CON
14737263,62012422,2014-06-16,PRO
14737264,14020718,2013-09-06,CON
14737265,62012162,2014-06-13,PRO
14737266,62012005,2014-06-13,PRO
14737267,PCT/US2015/033214,2015-05-29,CON
14737269,61007184,2007-12-10,PRO
14737269,12316105,2008-12-09,DIV
14737269,13872531,2013-04-29,CON
14737272,62010758,2014-06-11,PRO
14737273,62010787,2014-06-11,PRO
14737273,62027525,2014-07-22,PRO
14737273,62034502,2014-08-07,PRO
14737273,62041858,2014-08-26,PRO
14737273,62051089,2014-09-16,PRO
14737273,62087083,2014-12-03,PRO
14737273,62094825,2014-12-19,PRO
14737273,62148456,2015-04-16,PRO
14737273,62168652,2015-05-29,PRO
14737274,62011964,2014-06-13,PRO
14737276,13589455,2012-08-20,CIP
14737276,13787131,2013-03-06,CON
14737276,14066642,2013-10-29,CIP
14737278,61160683,2009-03-16,PRO
14737278,12479586,2009-06-05,CON
14737279,10900174,2004-07-28,DIV
14737279,12574773,2009-10-07,DIV
14737279,13299772,2011-11-18,DIV
14737281,13189776,2011-07-25,DIV
14737288,62011556,2014-06-12,PRO
14737289,PCT/JP2013/084702,2013-12-25,CON
14737290,PCT/JP2013/006673,2013-11-13,CON
14737293,61569142,2011-12-09,PRO
14737293,13708863,2012-12-07,CON
14737295,12757261,2010-04-09,CON
14737296,13256433,2011-12-20,CON
14737296,PCT/JP2010/054114,2010-03-11,NST
14737297,62010452,2014-06-11,PRO
14737297,62061152,2014-10-08,PRO
14737298,13952080,2013-07-26,DIV
14737301,62013366,2014-06-17,PRO
14737304,10384339,2003-03-07,CON
14737304,12894018,2010-09-29,CON
14737304,14012994,2013-08-28,CON
14737304,PCT/EP02/00152,2002-01-09,CIP
14737306,62010773,2014-06-11,PRO
14737309,62010851,2014-06-11,PRO
14737311,61810641,2013-04-10,PRO
14737311,14031969,2013-09-19,DIV
14737316,62010787,2014-06-11,PRO
14737316,62027525,2014-07-22,PRO
14737316,62034502,2014-08-07,PRO
14737316,62041858,2014-08-26,PRO
14737316,62051089,2014-09-16,PRO
14737316,62087083,2014-12-03,PRO
14737316,62094825,2014-12-19,PRO
14737316,62148456,2015-04-16,PRO
14737316,62168652,2015-05-29,PRO
14737318,62010808,2014-06-11,PRO
14737320,PCT/US2013/007717,2013-12-20,CON
14737320,PCT/US2013/077162,2013-12-20,CON
14737320,PCT/US2013/077192,2013-12-20,CON
14737321,62010971,2014-06-11,PRO
14737323,62010974,2014-06-11,PRO
14737325,PCT/US2013/075045,2013-12-13,CIP
14737327,13473161,2012-05-16,CON
14737333,62011019,2014-06-11,PRO
14737333,14649910,2015-06-04,CIP
14737333,PCT/US2013/073751,2013-12-06,NST
14737339,62011443,2014-06-12,PRO
14737339,62139517,2015-03-27,PRO
14737340,PCT/EP2013/076447,2013-12-12,CON
14737342,62011478,2014-06-12,PRO
14737342,62015969,2014-06-23,PRO
14737344,62010880,2014-06-11,PRO
14737347,62011478,2014-06-12,PRO
14737347,62015969,2014-06-23,PRO
14737348,62010720,2014-06-11,PRO
14737349,13282066,2011-10-26,DIV
14737350,PCT/EP2013/003711,2013-12-09,CON
14737353,62012137,2014-06-13,PRO
14737354,13870733,2013-04-25,DIV
14737356,61638461,2012-04-25,PRO
14737356,13591051,2012-08-21,CON
14737360,62010838,2014-06-11,PRO
14737360,62069624,2014-10-28,PRO
14737363,62012005,2014-06-13,PRO
14737366,62010520,2014-06-11,PRO
14737369,62010602,2014-06-11,PRO
14737370,14118788,2013-11-19,CON
14737370,PCT/JP2013/053324,2013-02-13,NST
14737375,10981365,2004-11-03,CON
14737375,14065806,2013-10-29,CON
14737377,13648183,2012-10-09,CON
14737381,13201061,2012-04-04,CON
14737381,PCT/US2010/024407,2010-02-17,NST
14737382,62010676,2014-06-11,PRO
14737386,14346657,2014-06-16,CON
14737386,PCT/EP11/04779,2011-09-23,NST
14737387,61490118,2011-05-26,PRO
14737387,13299783,2011-11-18,CON
14737388,13174180,2011-06-30,CON
14737388,14155168,2014-01-14,CON
14737392,62011555,2014-06-12,PRO
14737394,12831180,2010-07-06,CON
14737395,61699176,2012-09-10,PRO
14737395,13710318,2012-12-10,DIV
14737397,62011216,2014-06-12,PRO
14737398,62010909,2014-06-11,PRO
14737406,13311429,2011-12-05,DIV
14737408,62010680,2014-06-11,PRO
14737411,14684302,2015-04-10,CIP
14737411,14695436,2015-04-24,CIP
14737411,62161616,2015-05-14,PRO
14737411,14724702,2015-05-28,CIP
14737411,14724723,2015-05-28,CIP
14737411,14726517,2015-05-30,CIP
14737417,14237826,2014-02-07,CON
14737417,PCT/JP2012/074806,2012-09-26,NST
14737420,12515250,2010-01-05,REI
14737420,PCT/AU2007/001761,2007-11-15,NST
14737421,PCT/CN2013/083098,2013-09-09,CON
14737422,62013686,2014-06-18,PRO
14737423,61833880,2013-06-11,PRO
14737423,61872115,2013-08-30,PRO
14737423,14278714,2014-05-15,CIP
14737423,62011528,2014-06-12,PRO
14737424,13406338,2012-02-27,CON
14737432,12515250,2010-01-05,REI
14737432,PCT/AU2007/001761,2007-11-15,NST
14737434,12292153,2008-11-12,DIV
14737434,12834435,2010-07-12,CIP
14737434,12948953,2010-11-18,CIP
14737437,61222984,2009-07-03,PRO
14737437,12567540,2009-09-25,CON
14737439,12162816,2009-09-23,CON
14737439,13662178,2012-10-26,CIP
14737439,PCT/US2007/002615,2007-01-31,CIP
14737442,61799695,2013-03-15,PRO
14737442,14069359,2013-10-31,CIP
14737442,61977045,2014-04-08,PRO
14737442,62011011,2014-06-11,PRO
14737442,62031756,2014-07-31,PRO
14737442,62066891,2014-10-21,PRO
14737442,14639045,2015-03-04,CIP
14737442,14639047,2015-03-04,CIP
14737443,62012232,2014-06-13,PRO
14737444,61799695,2013-03-15,PRO
14737444,14069359,2013-10-31,CIP
14737444,61977045,2014-04-08,PRO
14737444,62011011,2014-06-11,PRO
14737444,62031756,2014-07-31,PRO
14737444,62066891,2014-10-21,PRO
14737444,14639045,2015-03-04,CIP
14737444,14639047,2015-03-04,CIP
14737445,62010967,2014-06-11,PRO
14737446,62010967,2014-06-11,PRO
14737448,62010848,2014-06-11,PRO
14737449,14018305,2013-09-04,CON
14737450,13778016,2013-02-26,CIP
14737451,62016051,2014-06-23,PRO
14737453,62011148,2014-06-12,PRO
14737453,62011150,2014-06-12,PRO
14737455,62011148,2014-06-12,PRO
14737455,62011150,2014-06-12,PRO
14737461,62010590,2014-06-11,PRO
14737462,12623797,2009-11-23,DIV
14737463,62010761,2014-06-11,PRO
14737465,62011502,2014-06-12,PRO
14737467,62011269,2014-06-12,PRO
14737468,62010518,2014-06-11,PRO
14737469,62011015,2014-06-11,PRO
14737473,62011553,2014-06-12,PRO
14737474,62011010,2014-06-11,PRO
14737474,62148623,2015-04-16,PRO
14737477,62010665,2014-06-11,PRO
14737478,13135424,2011-07-05,CON
14737482,62011051,2014-06-12,PRO
14737486,62011594,2014-06-13,PRO
14737486,62105299,2015-01-20,PRO
14737488,61122482,2008-12-15,PRO
14737488,61210566,2009-03-18,PRO
14737488,61168753,2009-04-13,PRO
14737488,61218136,2009-06-18,PRO
14737488,61249135,2009-10-06,PRO
14737488,61261776,2009-11-17,PRO
14737488,12637942,2009-12-15,DIV
14737488,12949846,2010-11-19,CON
14737488,13690585,2012-11-30,CON
14737490,62011525,2014-06-12,PRO
14737494,62010458,2014-06-11,PRO
14737502,62012321,2014-06-14,PRO
14737504,62012993,2014-06-17,PRO
14737509,60882897,2006-12-29,PRO
14737509,11966735,2007-12-28,CON
14737512,62011587,2014-06-13,PRO
14737514,PCT/CN2015/070162,2015-01-06,CIP
14737515,13817144,2013-03-22,CON
14737515,PCT/KR2011/005806,2011-08-09,NST
14737516,13697523,2012-12-04,CON
14737516,PCT/KR2011/003509,2011-05-12,NST
14737517,13400726,2012-02-21,CON
14737518,62011156,2014-06-12,PRO
14737522,62013562,2014-06-18,PRO
14737526,62011849,2014-06-13,PRO
14737530,62028851,2014-07-25,PRO
14737534,61170150,2009-04-17,PRO
14737534,12752860,2010-04-01,CON
14737534,13569373,2012-08-08,CON
14737534,14060638,2013-10-23,CON
14737536,13718220,2012-12-18,DIV
14737536,14484477,2014-09-12,DIV
14737538,62011079,2014-06-12,PRO
14737543,62011227,2014-06-12,PRO
14737547,62011227,2014-06-12,PRO
14737548,62011384,2014-06-12,PRO
14737554,13499833,2012-06-26,CON
14737554,PCT/EP2010/064602,2010-09-30,NST
14737556,13885580,2013-05-15,DIV
14737556,PCT/US2012/051261,2012-08-17,NST
14737558,61438012,2011-01-31,PRO
14737558,13362805,2012-01-31,CON
14737561,PCT/CN2013/089753,2013-12-18,CON
14737562,13704698,2013-02-18,DIV
14737562,PCT/DE2011/001346,2011-06-16,NST
14737563,13222028,2011-08-31,CON
14737564,62011873,2014-06-13,PRO
14737565,61407813,2010-10-28,PRO
14737565,13280939,2011-10-25,DIV
14737567,62017049,2014-06-25,PRO
14737569,13455179,2012-04-25,DIV
14737571,PCT/SE2014/051332,2014-11-10,CON
14737573,13245320,2011-09-26,CON
14737573,PCT/EP2010/064310,2010-09-28,CON
14737576,62011178,2014-06-12,PRO
14737578,62011804,2014-06-13,PRO
14737578,62020550,2014-07-03,PRO
14737579,14001540,2013-08-26,CON
14737579,PCT/JP2012/001280,2012-02-24,NST
14737580,62022238,2014-07-09,PRO
14737581,13742470,2013-01-16,CON
14737588,62014774,2014-06-20,PRO
14737589,PCT/CN2013/001550,2013-12-11,CIP
14737590,13473529,2012-05-16,DIV
14737591,62011294,2014-06-12,PRO
14737595,14360725,2014-05-27,CON
14737595,PCT/JP2012/080769,2012-11-28,NST
14737596,13351852,2012-01-17,CON
14737599,62012701,2014-06-16,PRO
14737600,14349230,2014-04-02,DIV
14737600,PCT/US2012/058433,2012-10-02,NST
14737607,PCT/EP2014/066803,2014-08-05,CON
14737608,14130597,2014-02-20,DIV
14737608,PCT/FR2012/051613,2012-07-09,NST
14737614,PCT/CN2013/090046,2013-12-20,CON
14737617,13488483,2012-06-05,CON
14737618,62011113,2014-06-12,PRO
14737622,60854339,2006-10-24,PRO
14737622,11923571,2007-10-24,CON
14737622,13165333,2011-06-21,CON
14737622,13361072,2012-01-30,CIP
14737622,13547469,2012-07-12,CON
14737622,14013359,2013-08-29,CON
14737622,14149321,2014-01-07,CON
14737623,61250051,2009-10-09,PRO
14737623,61298243,2010-01-26,PRO
14737623,61298252,2010-01-26,PRO
14737623,12923807,2010-10-08,CON
14737623,13313538,2011-12-07,CIP
14737625,PCT/CN2013/087791,2013-11-25,CON
14737627,PCT/JP2013/083373,2013-12-12,CON
14737631,61615474,2012-03-26,PRO
14737631,13850443,2013-03-26,CON
14737632,13663811,2012-10-30,DIV
14737633,62019478,2014-07-01,PRO
14737635,12852468,2010-08-07,CIP
14737635,13162896,2011-06-17,CON
14737637,PCT/EP2013/076566,2013-12-13,CON
14737638,09955217,2001-09-19,CON
14737638,13848081,2013-03-21,CON
14737638,14280709,2014-05-19,CON
14737640,61475125,2011-04-13,PRO
14737640,13446628,2012-04-13,CON
14737643,13456001,2012-04-25,CON
14737645,PCT/JP2013/078052,2013-10-16,CON
14737646,13246293,2011-09-27,CON
14737646,PCT/JP2010/056134,2010-03-30,CON
14737647,62011239,2014-06-12,PRO
14737650,10501824,2004-07-19,CON
14737650,11681953,2007-03-05,CON
14737650,12465747,2009-05-14,CON
14737650,14220241,2014-03-20,DIV
14737650,PCT/IB2002/005413,2002-12-12,NST
14737655,PCT/JP2013/084675,2013-12-25,CON
14737656,13647435,2012-10-09,CON
14737656,14266889,2014-05-01,CON
14737657,10448275,2003-05-30,CON
14737657,12176660,2008-07-21,CON
14737657,12846329,2010-07-29,CON
14737657,13453920,2012-04-23,CON
14737670,62019452,2014-07-01,PRO
14737671,62011894,2014-06-13,PRO
14737672,09566735,2000-05-09,DIV
14737672,10144067,2002-05-14,DIV
14737672,10852260,2004-05-25,DIV
14737672,11387800,2006-03-24,CIP
14737672,12222687,2008-08-14,CON
14737672,12789382,2010-05-27,CON
14737672,13488926,2012-06-05,CON
14737672,14082659,2013-11-18,CON
14737673,62011342,2014-06-12,PRO
14737674,61951236,2014-03-11,PRO
14737674,14640182,2015-03-06,CIP
14737677,62011541,2014-06-12,PRO
14737680,PCT/JP2013/084174,2013-12-13,CON
14737683,12192732,2008-08-15,CON
14737683,13284159,2011-10-28,CON
14737683,14181963,2014-02-17,CON
14737691,60404410,2002-08-20,PRO
14737691,PCT/US03/25761,2003-08-15,CON
14737691,11059118,2005-02-16,CON
14737691,13863679,2013-04-16,CON
14737694,13907054,2013-05-31,CON
14737694,14271569,2014-05-07,DIV
14737697,62011773,2014-06-13,PRO
14737697,62042030,2014-08-26,PRO
14737697,62087483,2014-12-04,PRO
14737699,13421308,2012-03-15,CON
14737700,62012126,2014-06-13,PRO
14737701,62014372,2014-06-19,PRO
14737703,62011603,2014-06-13,PRO
14737706,13205841,2011-08-09,DIV
14737708,12604628,2009-10-23,CON
14737708,14061855,2013-10-24,CON
14737709,PCT/JP2013/007395,2013-12-17,CON
14737712,PCT/EP2013/076114,2013-12-10,CON
14737713,PCT/JP2013/080384,2013-11-11,CON
14737716,13017946,2011-01-31,CON
14737717,13705472,2012-12-05,DIV
14737722,13987433,2013-07-24,CON
14737724,62011881,2014-06-13,PRO
14737726,PCT/JP2013/007396,2013-12-17,CON
14737730,61824442,2013-05-17,PRO
14737730,14277870,2014-05-15,CON
14737731,13906695,2013-05-31,CON
14737732,PCT/EP2013/077567,2013-12-20,CON
14737734,62011682,2014-06-13,PRO
14737735,60606172,2004-08-31,PRO
14737735,11217061,2005-08-31,CIP
14737735,11421098,2006-05-31,DIV
14737735,13270501,2011-10-11,CIP
14737735,14281350,2014-05-19,DIV
14737735,14508035,2014-10-07,CIP
14737740,12741742,2010-06-30,CON
14737740,PCT/CA08/01987,2008-11-10,NST
14737741,61209385,2009-03-06,PRO
14737741,12660876,2010-03-05,DIV
14737741,13936585,2013-07-08,CON
14737742,61118975,2008-12-01,PRO
14737742,61182282,2009-05-29,PRO
14737742,61187960,2009-06-17,PRO
14737742,12629037,2009-12-01,DIV
14737742,13911329,2013-06-06,CON
14737744,14025989,2013-09-13,DIV
14737745,13267963,2011-10-07,CON
14737746,14450178,2014-08-01,CON
14737747,62011248,2014-06-12,PRO
14737749,62011191,2014-06-12,PRO
14737750,13891691,2013-05-10,CIP
14737750,14281980,2014-05-20,CON
14737754,61177520,2009-05-12,PRO
14737754,12777943,2010-05-11,DIV
14737755,62014398,2014-06-19,PRO
14737757,61372974,2010-08-12,PRO
14737757,61378299,2010-08-30,PRO
14737757,13209346,2011-08-12,CON
14737757,14091271,2013-11-26,CON
14737759,62011817,2014-06-13,PRO
14737759,62084723,2014-11-26,PRO
14737766,62011171,2014-06-12,PRO
14737771,PCT/EP2013/063027,2013-06-21,CON
14737773,11842732,2007-08-21,CON
14737778,PCT/EP2013/063025,2013-06-21,CON
14737779,14082824,2013-11-18,DIV
14737779,14624845,2015-02-18,CIP
14737784,62011839,2014-06-13,PRO
14737785,62011238,2014-06-12,PRO
14737792,61032351,2008-02-28,PRO
14737792,61032352,2008-02-28,PRO
14737792,61045502,2008-04-16,PRO
14737792,PCT/US09/35561,2009-02-27,NST
14737792,12919840,2010-08-27,DIV
14737792,13972095,2013-08-21,CON
14737796,14157831,2014-01-17,CON
14737798,62011971,2014-06-13,PRO
14737799,62020370,2014-07-02,PRO
14737800,14084730,2013-11-20,DIV
14737802,12568575,2009-09-28,CON
14737802,13968507,2013-08-16,CON
14737804,61587245,2012-01-17,PRO
14737804,61704288,2012-09-21,PRO
14737804,13737689,2013-01-09,CON
14737808,13316068,2011-12-09,CON
14737809,62011205,2014-06-12,PRO
14737809,62078471,2014-11-12,PRO
14737810,PCT/SE2013/051595,2013-12-20,CON
14737811,12818285,2010-06-18,CON
14737811,13962451,2013-08-08,REI
14737812,13519712,2012-06-28,CON
14737812,PCT/US2011/021999,2011-01-21,NST
14737815,14325563,2014-07-08,CIP
14737819,62012013,2014-06-13,PRO
14737823,62011210,2014-06-12,PRO
14737827,62011838,2014-06-13,PRO
14737831,PCT/CN2012/086509,2012-12-13,CON
14737833,13492163,2012-06-08,CON
14737837,62011133,2014-06-12,PRO
14737838,13379179,2012-03-13,CON
14737838,PCT/EP10/55540,2010-04-26,NST
14737839,62020003,2014-07-02,PRO
14737839,62032300,2014-08-01,PRO
14737839,62083217,2014-11-22,PRO
14737845,62017785,2014-06-26,PRO
14737846,61586547,2012-01-13,PRO
14737846,13738790,2013-01-10,DIV
14737850,62012154,2014-06-13,PRO
14737851,62011841,2014-06-13,PRO
14737852,62037733,2014-08-15,PRO
14737853,60136703,1999-05-28,PRO
14737853,09584327,2000-05-30,CON
14737853,10759741,2004-01-15,CON
14737853,11234634,2005-09-22,DIV
14737858,62011460,2014-06-12,PRO
14737860,12828451,2010-07-01,CON
14737860,13653908,2012-10-17,CON
14737865,60925357,2007-04-19,PRO
14737865,PCT/US08/05009,2008-04-18,NST
14737865,12595107,2010-05-18,CON
14737865,14070953,2013-11-04,CON
14737866,12225874,2008-10-01,CON
14737866,PCT/EP2007/053109,2007-03-30,NST
14737868,62011254,2014-06-12,PRO
14737871,13557526,2012-07-25,DIV
14737872,PCT/EP2013/073850,2013-11-14,CON
14737873,62011094,2014-06-12,PRO
14737875,11647591,2006-12-29,CON
14737875,13015643,2011-01-28,CON
14737875,13889766,2013-05-08,CON
14737877,61187975,2009-06-17,PRO
14737877,12580515,2009-10-16,CON
14737877,13492322,2012-06-08,CON
14737877,14186529,2014-02-21,CON
14737878,61838578,2013-06-24,PRO
14737878,61841624,2013-07-01,PRO
14737878,61914491,2013-12-11,PRO
14737878,61914538,2013-12-11,PRO
14737878,61924884,2014-01-08,PRO
14737878,61925311,2014-01-09,PRO
14737878,61928133,2014-01-16,PRO
14737878,61928644,2014-01-17,PRO
14737878,61929731,2014-01-21,PRO
14737878,61929874,2014-01-21,PRO
14737878,61933442,2014-01-30,PRO
14737878,62007004,2014-06-03,PRO
14737878,62008275,2014-06-05,PRO
14737878,14313960,2014-06-24,CON
14737878,14479857,2014-09-08,CON
14737878,14714809,2015-05-18,CON
14737879,13646785,2012-10-08,CIP
14737880,61824744,2013-05-17,PRO
14737880,14278276,2014-05-15,CIP
14737881,PCT/EP2013/075953,2013-12-09,CON
14737882,62023374,2014-07-11,PRO
14737884,14056426,2013-10-17,CIP
14737885,62012111,2014-06-13,PRO
14737885,62090187,2014-12-10,PRO
14737888,12745849,2010-09-15,DIV
14737888,PCT/US2008/086209,2008-12-10,NST
14737889,60941385,2007-06-01,PRO
14737889,12130116,2008-05-30,DIV
14737892,62014393,2014-06-19,PRO
14737893,60963221,2007-08-03,PRO
14737893,PCT/US08/09364,2008-08-04,NST
14737893,12672050,,CON
14737893,13226107,2011-09-06,CON
14737894,62011497,2014-06-12,PRO
14737895,61185245,2009-06-09,PRO
14737895,61246618,2009-09-29,PRO
14737895,12751550,2010-03-31,CON
14737897,60588448,2004-07-15,PRO
14737897,11183066,2005-07-15,CON
14737897,12252823,2008-10-16,DIV
14737897,13540446,2012-07-02,DIV
14737897,14268753,2014-05-02,CON
14737898,62016549,2014-06-24,PRO
14737899,62011735,2014-06-13,PRO
14737908,13837386,2013-03-15,CON
14737909,PCT/EP2013/076050,2013-12-10,CON
14737911,PCT/US2013/077359,2013-12-22,CON
14737912,PCT/EP2013/076963,2013-12-17,CON
14737916,14323238,2014-07-03,CIP
14737917,PCT/JP2013/083791,2013-12-17,CON
14737918,61998009,2014-06-16,PRO
14737921,62012230,2014-06-13,PRO
14737922,61874055,2013-09-05,PRO
14737922,61874058,2013-09-05,PRO
14737922,14184351,2014-02-19,CON
14737924,60907869,2007-04-19,PRO
14737924,60960672,2007-10-09,PRO
14737924,12081412,2008-04-15,CON
14737924,13529399,2012-06-21,CON
14737928,61875804,2013-09-10,PRO
14737928,14197604,2014-03-05,CON
14737929,PCT/JP2012/082471,2012-12-14,CON
14737930,62011825,2014-06-13,PRO
14737934,62014870,2014-06-20,PRO
14737936,13595127,2012-08-27,CON
14737937,62011099,2014-06-12,PRO
14737940,62011837,2014-06-13,PRO
14737941,PCT/CN2013/081601,2013-08-16,CON
14737944,PCT/EP2013/075469,2013-12-04,CON
14737945,13263018,2012-01-09,CON
14737945,PCT/EP2010/051922,2010-02-16,NST
14737947,PCT/EP2013/076032,2013-12-10,CON
14737954,61213768,2009-07-13,PRO
14737954,12805079,2010-07-12,CON
14737954,13901760,2013-05-24,CON
14737957,62012616,2014-06-16,PRO
14737959,12993965,2010-11-22,CON
14737959,PCT/AU2009/000635,2009-05-22,NST
14737961,13567346,2012-08-06,CON
14737965,PCT/EP2014/050261,2014-01-09,CON
14737966,61374473,2010-08-17,PRO
14737966,13211467,2011-08-17,CON
14737970,13690365,2012-11-30,CON
14737971,12734228,2011-11-28,CON
14737971,PCT/EP2008/063228,2008-10-02,NST
14737972,62012284,2014-06-14,PRO
14737974,62013978,2014-06-18,PRO
14737974,62015225,2014-06-20,PRO
14737980,62011630,2014-06-13,PRO
14737982,62011762,2014-06-13,PRO
14737985,11529715,2006-09-26,CON
14737985,14093951,2013-12-02,CON
14737986,62011158,2014-06-12,PRO
14737986,62138043,2015-03-25,PRO
14737991,62012627,2014-06-16,PRO
14737994,13139262,2011-08-26,CIP
14737994,PCT/CA2009/001802,2009-12-10,NST
14737998,11665280,2007-05-21,DIV
14737998,PCT/IB05/03508,2005-10-12,NST
14737999,60707302,2005-08-10,PRO
14737999,11502829,2006-08-10,CON
14738000,62011616,2014-06-13,PRO
14738002,62012730,2014-06-16,PRO
14738004,61251925,2009-10-15,PRO
14738004,12891007,2010-09-27,CON
14738004,13626304,2012-09-25,CON
14738004,13925171,2013-06-24,DIV
14738004,14026389,2013-09-13,CON
14738006,12984264,2011-01-04,CON
14738007,62011803,2014-06-13,PRO
14738009,61701441,2012-09-14,PRO
14738009,13759799,2013-02-05,CON
14738009,14308937,2014-06-19,CON
14738010,PCT/JP2013/082437,2013-12-03,CON
14738013,62011837,2014-06-13,PRO
14738014,13721376,2012-12-20,CON
14738015,PCT/JP2014/005412,2014-10-27,CON
14738016,62012107,2014-06-13,PRO
14738019,62011470,2014-06-12,PRO
14738021,61102234,2008-10-02,PRO
14738021,12568066,2009-09-28,CON
14738021,13915596,2013-06-11,CON
14738024,61736306,2012-12-12,PRO
14738024,PCT/US13/74603,2013-12-12,CIP
14738024,62120969,2015-02-26,PRO
14738025,14132195,2013-12-18,DIV
14738025,14547504,2014-11-19,CON
14738029,62011302,2014-06-12,PRO
14738033,62011068,2014-06-12,PRO
14738036,61560243,2011-11-15,PRO
14738036,13677197,2012-11-14,DIV
14738038,13246936,2011-09-28,CON
14738038,14336188,2014-07-21,CON
14738039,62140248,2015-03-30,PRO
14738043,PCT/GB2013/053235,2013-12-09,NST
14738044,62012843,2014-06-16,PRO
14738045,62011756,2014-06-13,PRO
14738046,PCT/JP2013/081675,2013-11-25,CON
14738047,13966336,2013-08-14,DIV
14738048,PCT/JP2014/051870,2014-01-21,CON
14738049,11173227,2005-07-01,CON
14738049,13862950,2013-04-15,CON
14738049,14205467,2014-03-12,CON
14738050,62021730,2014-07-08,PRO
14738055,PCT/JP2012/082844,2012-12-18,CON
14738057,62012202,2014-06-13,PRO
14738059,62011772,2014-06-13,PRO
14738062,PCT/CN2013/080866,2013-08-06,CON
14738063,62012755,2014-06-16,PRO
14738064,61602297,2012-02-23,PRO
14738064,13769949,2013-02-19,CIP
14738065,13656389,2012-10-19,CON
14738069,14304855,2014-06-13,CON
14738071,62012163,2014-06-13,PRO
14738079,62011853,2014-06-13,PRO
14738080,62013886,2014-06-18,PRO
14738083,12294641,2010-04-12,CON
14738083,14250517,2014-04-11,CON
14738083,14315703,2014-06-26,CON
14738083,14561426,2014-12-05,CON
14738084,PCT/JP2012/082344,2012-12-13,CON
14738085,62011891,2014-06-13,PRO
14738089,62012063,2014-06-13,PRO
14738095,12392683,2009-02-25,CON
14738095,13149299,2011-05-31,DIV
14738096,13712480,2012-12-12,CON
14738098,13074235,2011-03-29,CON
14738104,61933405,2014-01-30,PRO
14738104,14608786,2015-01-29,CON
14738105,62011483,2014-06-12,PRO
14738105,62174330,2015-06-11,PRO
14738107,62035751,2014-08-11,PRO
14738107,62035764,2014-08-11,PRO
14738110,61249941,2009-10-08,PRO
14738110,12901388,2010-10-08,CON
14738111,13264868,2011-12-23,CON
14738111,14507078,2014-10-06,CON
14738111,PCT/KR2010/002394,2010-04-16,NST
14738112,13955904,2013-07-31,CON
14738114,61815437,2013-04-24,PRO
14738114,61955572,2014-03-19,PRO
14738114,14253972,2014-04-16,CON
14738115,12669147,2010-01-14,CON
14738115,13476503,2012-05-21,CON
14738115,PCT/EP09/05579,2009-07-31,NST
14738116,12600618,2009-11-17,CON
14738116,PCT/JP2009/051940,2009-02-05,NST
14738121,61933405,2014-01-30,PRO
14738121,14608786,2015-01-29,CON
14738123,61850415,2013-02-14,PRO
14738123,14180724,2014-02-14,CON
14738124,61268186,2009-06-08,PRO
14738124,12549338,2009-08-27,CON
14738124,14141095,2013-12-26,CON
14738130,62026905,2014-07-21,PRO
14738131,62011323,2014-06-12,PRO
14738133,62011214,2014-06-12,PRO
14738134,PCT/JP2013/076801,2013-10-02,CON
14738137,12259707,2008-10-28,CON
14738137,13437637,2012-04-02,CON
14738137,14470636,2014-08-27,CON
14738137,14576914,2014-12-19,CON
14738137,14598563,2015-01-16,CON
14738139,13827192,2013-03-14,DIV
14738143,61816024,2013-04-25,PRO
14738143,14261870,2014-04-25,CON
14738145,62030890,2014-07-30,PRO
14738146,61578718,2011-12-21,PRO
14738146,61614818,2012-03-23,PRO
14738146,13725098,2012-12-21,CON
14738147,13317377,2011-10-17,CON
14738148,14371046,2014-07-08,DIV
14738148,PCT/EP2013/050381,2013-01-10,NST
14738149,13317557,2011-10-21,CON
14738152,13264868,2011-12-23,CON
14738152,14507078,2014-10-06,CON
14738152,PCT/KR2010/002394,2010-04-16,NST
14738153,14242616,2014-04-01,CON
14738154,62011319,2014-06-12,PRO
14738155,13765498,2013-02-12,DIV
14738155,14510520,2014-10-09,CON
14738156,62011985,2014-06-13,PRO
14738156,62121759,2015-02-27,PRO
14738159,PCT/CN2013/088310,2013-12-02,CON
14738162,14261629,2014-04-25,CIP
14738164,14481216,2014-09-09,CON
14738164,PCT/CN2014/070869,2014-01-20,CON
14738165,PCT/CN2015/074610,2015-03-19,CON
14738166,62011293,2014-06-12,PRO
14738173,13145816,2011-08-22,CON
14738173,PCT/EP2010/000084,2010-01-11,NST
14738174,62011380,2014-06-12,PRO
14738176,12294641,2010-04-12,CON
14738176,14250517,2014-04-11,CON
14738176,14315703,2014-06-26,CON
14738176,14561426,2014-12-05,CON
14738179,62011491,2014-06-12,PRO
14738179,62146466,2015-04-13,PRO
14738182,62011673,2014-06-13,PRO
14738183,62011875,2014-06-13,PRO
14738183,62079348,2014-11-13,PRO
14738184,12954701,2010-11-26,CON
14738186,13213780,2011-08-19,CON
14738187,62018068,2014-06-27,PRO
14738189,62011072,2014-06-12,PRO
14738191,61218552,2009-06-19,PRO
14738191,12610296,2009-10-31,CON
14738194,11480773,2006-06-30,CON
14738195,10789149,2004-02-27,DIV
14738195,12220185,2008-07-22,CON
14738195,12584413,2009-09-04,CON
14738195,13374932,2012-01-24,CON
14738195,13573660,2012-10-02,CON
14738197,60808430,2006-05-25,PRO
14738197,11805667,2007-05-24,DIV
14738197,12472906,2009-05-27,CON
14738197,13178668,2011-07-08,CON
14738197,13529851,2012-06-21,CON
14738197,14191044,2014-02-26,CON
14738199,62012682,2014-06-16,PRO
14738199,62034574,2014-08-07,PRO
14738199,62081823,2014-11-19,PRO
14738200,PCT/CN2013/071801,2013-02-22,CON
14738201,62035751,2014-08-11,PRO
14738201,62035764,2014-08-11,PRO
14738202,12976662,2010-12-22,CON
14738203,62011265,2014-06-12,PRO
14738203,62105038,2015-01-19,PRO
14738204,61861869,2013-08-02,PRO
14738204,14066131,2013-10-29,CIP
14738204,PCT/US14/38313,2014-05-16,CIP
14738207,PCT/JP2013/083445,2013-12-13,CON
14738208,62011742,2014-06-13,PRO
14738210,61243819,2009-09-18,PRO
14738210,61243862,2009-09-18,PRO
14738210,61250811,2009-10-12,PRO
14738210,12884483,2010-09-17,CON
14738210,14133733,2013-12-19,CON
14738211,62028082,2014-07-23,PRO
14738213,61598466,2012-02-14,PRO
14738213,61603459,2012-02-27,PRO
14738213,61607694,2012-03-07,PRO
14738213,13767447,2013-02-14,CON
14738216,61668278,2012-07-05,PRO
14738216,13692200,2012-12-03,CON
14738217,61451748,2011-03-11,PRO
14738217,13417118,2012-03-09,DIV
14738218,61491692,2011-05-31,PRO
14738218,13485438,2012-05-31,CON
14738219,13312604,2011-12-06,CIP
14738221,13995261,2013-08-30,DIV
14738221,PCT/EP2011/073601,2011-12-21,NST
14738222,62012016,2014-06-13,PRO
14738230,62011196,2014-06-12,PRO
14738230,62054740,2014-09-24,PRO
14738233,61430971,2011-01-08,PRO
14738233,13346601,2012-01-09,CON
14738233,14180732,2014-02-14,CON
14738233,14504852,2014-10-02,CON
14738236,62012250,2014-06-13,PRO
14738238,11315301,2005-12-23,DIV
14738239,62012565,2014-06-16,PRO
14738241,62012056,2014-06-13,PRO
14738246,62011247,2014-06-12,PRO
14738248,62011057,2014-06-12,PRO
14738249,12394539,2009-02-27,DIV
14738252,12034203,2008-02-20,DIV
14738252,13182141,2011-07-13,DIV
14738252,13540885,2012-07-03,CON
14738252,14047734,2013-10-07,CON
14738255,12216811,2008-07-10,CON
14738255,13553972,2012-07-20,CON
14738255,14024985,2013-09-12,CON
14738256,12294641,2010-04-12,CON
14738256,14250517,2014-04-11,CON
14738256,14315703,2014-06-26,CON
14738256,14561426,2014-12-05,CON
14738257,61510700,2011-07-22,PRO
14738257,13548773,2012-07-13,DIV
14738266,13213780,2011-08-19,CON
14738268,62011196,2014-06-12,PRO
14738268,62054740,2014-09-24,PRO
14738269,60497769,2003-08-26,PRO
14738269,10927769,2004-08-26,CON
14738269,12426693,2009-04-20,CON
14738271,13797440,2013-03-12,DIV
14738272,62015862,2014-06-23,PRO
14738272,62082327,2014-11-20,PRO
14738272,62107016,2015-01-23,PRO
14738273,60913043,2007-04-20,PRO
14738273,60947757,2007-07-03,PRO
14738273,PCT/US08/61060,2008-04-21,NST
14738273,12596345,2010-08-20,CON
14738274,61474498,2011-04-12,PRO
14738274,61557734,2011-11-09,PRO
14738274,13444653,2012-04-11,CON
14738276,PCT/JP2013/083701,2013-12-17,CON
14738277,13780790,2013-02-28,DIV
14738279,62012061,2014-06-13,PRO
14738279,62149487,2015-04-17,PRO
14738283,62011821,2014-06-13,PRO
14738286,10729123,2003-12-05,CON
14738286,13013792,2011-01-25,CON
14738286,13400412,2012-02-20,CON
14738287,62016830,2014-06-25,PRO
14738291,13802845,2013-03-14,CIP
14738293,PCT/KR2013/006587,2013-07-23,CON
14738294,62011512,2014-06-12,PRO
14738295,62011457,2014-06-12,PRO
14738295,62097636,2014-12-30,PRO
14738296,12937843,2011-03-01,DIV
14738296,PCT/US2009/041142,2009-04-20,NST
14738297,62011111,2014-06-12,PRO
14738300,12442951,2010-01-04,DIV
14738300,13732823,2013-01-02,DIV
14738300,14541645,2014-11-14,DIV
14738300,PCT/US2007/081070,2007-10-11,NST
14738301,62011383,2014-06-12,PRO
14738303,PCT/JP2013/085025,2013-12-19,CON
14738304,09157256,1998-09-17,CON
14738304,10383281,2003-03-05,CON
14738304,13041707,2011-03-07,CON
14738304,13335649,2011-12-22,CON
14738304,13867758,2013-04-22,CON
14738304,13888044,2013-05-06,CON
14738304,14029287,2013-09-17,CON
14738304,14525934,2014-10-28,CON
14738305,13531756,2012-06-25,CON
14738308,PCT/US2014/071212,2014-12-18,CIP
14738309,62011452,2014-06-12,PRO
14738310,62011927,2014-06-13,PRO
14738312,62012087,2014-06-13,PRO
14738312,62022109,2014-07-08,PRO
14738313,13839000,2013-03-15,CON
14738313,14540679,2014-11-13,DIV
14738315,62012079,2014-06-13,PRO
14738315,62083793,2014-11-24,PRO
14738317,12578929,2009-10-14,CON
14738318,62012412,2014-06-15,PRO
14738319,13973757,2013-08-22,CON
14738319,14517408,2014-10-17,CIP
14738319,14598539,2015-01-16,CON
14738323,62028223,2014-07-23,PRO
14738324,61366462,2010-07-21,PRO
14738324,13184562,2011-07-17,DIV
14738325,61642875,2012-05-04,PRO
14738325,61665527,2012-06-28,PRO
14738325,13788820,2013-03-07,CON
14738326,62011096,2014-06-12,PRO
14738326,62025725,2014-07-17,PRO
14738328,PCT/JP2012/083094,2012-12-20,CON
14738329,13069571,2011-03-23,DIV
14738331,62012894,2014-06-16,PRO
14738332,61787004,2013-03-15,PRO
14738332,61787169,2013-03-15,PRO
14738332,14211318,2014-03-14,CIP
14738332,62011736,2014-06-13,PRO
14738333,62014374,2014-06-19,PRO
14738334,PCT/JP2013/082506,2013-12-03,CON
14738335,62011146,2014-06-12,PRO
14738335,62138043,2015-03-25,PRO
14738336,13364850,2012-02-02,CON
14738336,13613747,2012-09-13,DIV
14738337,PCT/US2013/074797,2013-12-12,CON
14738341,PCT/CN2014/079949,2014-06-16,CON
14738344,13686504,2012-11-27,CON
14738345,13542286,2012-07-05,CON
14738348,13778445,2013-02-27,DIV
14738349,61091071,2008-08-22,PRO
14738349,12545623,2009-08-21,CON
14738349,13244812,2011-09-26,DIV
14738350,12294641,2010-04-12,CON
14738350,14250517,2014-04-11,CON
14738350,14315703,2014-06-26,CON
14738350,14561426,2014-12-05,CON
14738351,13735481,2013-01-07,CON
14738352,61053712,2008-05-16,PRO
14738352,12437611,2009-05-08,CON
14738352,13589314,2012-08-20,CON
14738353,13665117,2012-10-31,CON
14738354,13773535,2013-02-21,CON
14738355,61672476,2012-07-17,PRO
14738355,13632705,2012-10-01,CON
14738357,12669463,2010-06-21,CON
14738357,13906125,2013-05-30,CON
14738357,PCT/EP08/58332,2008-06-27,NST
14738361,61088209,2008-08-12,PRO
14738361,PCT/US09/53573,2009-08-12,NST
14738361,13058782,2011-02-11,CON
14738364,13121408,2011-06-16,DIV
14738364,PCT/JP2009/067032,2009-09-30,NST
14738365,13144390,2011-07-13,DIV
14738365,PCT/JP2010/051161,2010-01-28,NST
14738367,62012028,2014-06-13,PRO
14738369,12470500,2009-05-22,CON
14738369,12962128,2010-12-07,CON
14738369,13230252,2011-09-12,CON
14738369,13571969,2012-08-10,CON
14738369,13872451,2013-04-29,CON
14738369,14287795,2014-05-27,CON
14738370,13773549,2013-02-21,CON
14738371,13318309,2012-02-15,DIV
14738371,14451330,2014-08-04,CON
14738371,PCT/AU2010/000511,2010-05-03,NST
14738372,62011276,2014-06-12,PRO
14738373,14032722,2013-09-20,CON
14738375,13780790,2013-02-28,DIV
14738376,62011786,2014-06-13,PRO
14738377,12596823,2010-02-17,CON
14738377,14148987,2014-01-07,CON
14738377,PCT/IL08/00523,2008-04-17,NST
14738378,61593073,2012-01-31,PRO
14738378,13755239,2013-01-31,CIP
14738379,14019363,2013-09-05,DIV
14738382,61545147,2011-10-08,PRO
14738382,13342301,2012-01-03,CIP
14738382,13351822,2012-01-17,CIP
14738382,13408986,2012-02-29,CIP
14738382,13436557,2012-03-30,CON
14738383,62011923,2014-06-13,PRO
14738383,62060973,2014-10-07,PRO
14738385,61622213,2012-04-10,PRO
14738385,13829185,2013-03-14,CON
14738386,14101854,2013-12-10,CON
14738386,PCT/KR2012/005107,2012-06-28,CON
14738391,PCT/US2014/049986,2014-08-06,CIP
14738392,62011435,2014-06-12,PRO
14738393,11304162,2005-12-15,CON
14738393,11402624,2006-04-12,CIP
14738393,12571968,2009-10-01,CON
14738393,12946601,2010-11-15,CON
14738393,13568784,2012-08-07,CON
14738393,13898940,2013-05-21,CIP
14738393,14157031,2014-01-16,CON
14738393,14643584,2015-03-10,CIP
14738395,61822694,2013-05-13,PRO
14738395,14276939,2014-05-13,CIP
14738397,12219853,2008-07-29,CON
14738397,13960385,2013-08-06,CON
14738398,PCT/US2013/074736,2013-12-12,CIP
14738399,13107503,2011-05-13,CON
14738400,12352667,2009-01-13,CIP
14738400,13212025,2011-08-17,CIP
14738400,13547649,2012-07-12,CON
14738407,61576663,2011-12-16,PRO
14738407,13399502,2012-02-17,DIV
14738411,62011475,2014-06-12,PRO
14738411,62020902,2014-07-03,PRO
14738411,62028208,2014-07-23,PRO
14738412,12596823,2010-02-17,CON
14738412,14148987,2014-01-07,CON
14738412,PCT/IL08/00523,2008-04-17,NST
14738413,62011401,2014-06-12,PRO
14738414,14581486,2014-12-23,CON
14738414,PCT/US2014/065304,2014-11-12,CON
14738415,62011313,2014-06-12,PRO
14738416,12485877,2009-06-16,CON
14738417,60709200,2005-08-17,PRO
14738417,11506148,2006-08-17,CON
14738417,12618099,2009-11-13,CON
14738418,62011200,2014-06-12,PRO
14738419,62011378,2014-06-12,PRO
14738420,62012266,2014-06-13,PRO
14738423,11938726,2007-11-12,CON
14738423,13610492,2012-09-11,CON
14738423,14256634,2014-04-18,CON
14738424,62011887,2014-06-13,PRO
14738425,62011938,2014-06-13,PRO
14738426,62011542,2014-06-12,PRO
14738427,62012743,2014-06-16,PRO
14738427,62117931,2015-02-18,PRO
14738428,61997876,2014-06-12,PRO
14738429,PCT/EP2013/076980,2013-12-17,CON
14738431,62012097,2014-06-13,PRO
14738433,12112876,2008-04-30,CON
14738433,13776431,2013-02-25,CON
14738436,PCT/CN2013/084128,2013-09-24,CON
14738438,61598248,2012-02-13,PRO
14738438,13765386,2013-02-12,CON
14738440,PCT/JP2012/084098,2012-12-28,CON
14738441,62011428,2014-06-12,PRO
14738442,14315936,2014-06-26,CON
14738443,62011290,2014-06-12,PRO
14738443,62097304,2014-12-29,PRO
14738446,61266435,2009-12-03,PRO
14738446,61266439,2009-12-03,PRO
14738446,12959876,2010-12-03,CON
14738446,12959926,2010-12-03,DIV
14738448,62020367,2014-07-02,PRO
14738449,61819363,2013-05-03,PRO
14738449,13907614,2013-05-31,CON
14738451,61783067,2013-03-14,PRO
14738451,14205572,2014-03-12,CON
14738452,PCT/EP2013/002947,2013-10-01,CIP
14738453,12849864,2010-08-04,CON
14738453,14066308,2013-10-29,DIV
14738457,62019313,2014-06-30,PRO
14738459,61593485,2012-02-01,PRO
14738459,13757520,2013-02-01,CON
14738461,13876935,2013-06-27,CON
14738461,PCT/AU2011/001252,2011-09-30,NST
14738462,13910560,2013-06-05,CON
14738463,13496859,2012-05-09,CON
14738463,13946998,2013-07-19,CON
14738463,PCT/KR2010/006444,2010-09-17,NST
14738465,61245147,2009-09-23,PRO
14738465,61245260,2009-09-23,PRO
14738465,12889323,2010-09-23,CON
14738465,13791559,2013-03-08,DIV
14738466,61419143,2010-12-02,PRO
14738466,13301384,2011-11-21,DIV
14738467,14310307,2014-06-20,CON
14738467,PCT/GB2013/052745,2013-10-22,CON
14738469,62011412,2014-06-12,PRO
14738472,62018792,2014-06-30,PRO
14738476,62012252,2014-06-13,PRO
14738478,61541008,2011-09-29,PRO
14738478,13631079,2012-09-28,CON
14738479,61596214,2012-02-07,PRO
14738479,61596219,2012-02-07,PRO
14738479,13691579,2012-11-30,CON
14738483,PCT/US2013/074812,2013-12-12,CIP
14738485,13555635,2012-07-23,CIP
14738485,13628702,2012-09-27,CIP
14738485,13768962,2013-02-15,CIP
14738485,62012153,2014-06-13,PRO
14738485,62012165,2014-06-13,PRO
14738485,62139323,2015-03-27,PRO
14738489,10841379,2004-05-07,CON
14738489,12572844,2009-10-02,CON
14738489,13586352,2012-08-15,CON
14738490,62012281,2014-06-14,PRO
14738490,62013503,2014-06-17,PRO
14738490,62077329,2014-11-10,PRO
14738493,61637574,2012-04-24,PRO
14738493,61780490,2013-03-13,PRO
14738493,13867542,2013-04-22,DIV
14738494,62012166,2014-06-13,PRO
14738495,62011991,2014-06-13,PRO
14738496,62011357,2014-06-12,PRO
14738499,60459711,2003-04-02,PRO
14738499,10606204,2003-06-25,CON
14738499,11856521,2007-09-17,CIP
14738499,12122228,2008-05-16,CIP
14738499,12143624,2008-06-20,CIP
14738499,12255178,2008-10-21,CIP
14738499,12466331,2009-05-14,CIP
14738499,12580170,2009-10-15,CIP
14738499,12817063,2010-06-16,CON
14738499,14092612,2013-11-27,CON
14738499,14523592,2014-10-24,CON
14738509,62011612,2014-06-13,PRO
14738509,62069344,2014-10-28,PRO
14738509,62114137,2015-02-10,PRO
14738511,62017448,2014-06-26,PRO
14738514,61566730,2011-12-05,PRO
14738514,13617188,2012-09-14,CON
14738519,13503740,2012-04-24,CON
14738519,14313848,2014-06-24,CON
14738519,PCT/KR2010/007274,2010-10-22,NST
14738521,62011332,2014-06-12,PRO
14738521,62044838,2014-09-02,PRO
14738521,62112959,2015-02-06,PRO
14738522,13616988,2012-09-14,CON
14738523,13108253,2011-05-16,CON
14738531,14143454,2013-12-30,CON
14738532,13654724,2012-10-18,CON
14738533,12833745,2010-07-09,DIV
14738533,13607483,2012-09-07,DIV
14738534,62012036,2014-06-13,PRO
14738536,13488356,2012-06-04,DIV
14738537,61592309,2012-01-30,PRO
14738537,13750988,2013-01-25,CON
14738541,13323043,2011-12-12,DIV
14738545,13977138,2014-02-25,CON
14738545,PCT/US2012/020056,2012-01-03,NST
14738547,62011995,2014-06-13,PRO
14738549,12089296,2009-12-22,DIV
14738549,14312446,2014-06-23,CON
14738549,PCT/US2006/039181,2006-10-06,NST
14738550,62011936,2014-06-13,PRO
14738552,62012021,2014-06-13,PRO
14738554,13525108,2012-06-15,CIP
14738554,PCT/US2010/061940,2010-12-22,CON
14738559,62011793,2014-06-13,PRO
14738560,12601800,2010-06-07,CON
14738560,PCT/EP2008/056433,2008-05-26,NST
14738561,60741631,2005-12-02,PRO
14738561,11607832,2006-12-01,CON
14738561,13647737,2012-10-09,CON
14738562,13609271,2012-09-11,CON
14738565,62012893,2014-06-16,PRO
14738566,61998598,2014-07-01,PRO
14738567,13561300,2012-07-30,DIV
14738567,14206480,2014-03-12,CON
14738569,12995755,2011-02-15,CON
14738569,PCT/NL2009/050302,2009-06-02,NST
14738571,62011361,2014-06-12,PRO
14738573,60471151,2003-05-16,PRO
14738573,60502851,2003-09-12,PRO
14738573,10848224,2004-05-17,CON
14738573,12397295,2009-03-03,CON
14738573,13236505,2011-09-19,CON
14738574,61830588,2013-06-03,PRO
14738574,14295127,2014-06-03,CIP
14738576,11618285,2006-12-29,CON
14738577,62020324,2014-07-02,PRO
14738579,62016749,2014-06-25,PRO
14738581,13740031,2013-01-11,CON
14738584,12993919,2011-03-07,CON
14738584,PCT/DK2009/050115,2009-05-20,NST
14738586,61688951,2012-05-25,PRO
14738586,13901095,2013-05-23,CON
14738588,PCT/EP2013/003759,2013-12-12,CON
14738590,62011387,2014-06-12,PRO
14738591,11989169,2008-12-22,CON
14738591,13450920,2012-04-19,CON
14738591,14166670,2014-01-28,CON
14738591,PCT/GB2006/002687,2006-07-20,NST
14738592,62012312,2014-06-14,PRO
14738593,13145873,2011-09-07,DIV
14738593,PCT/NL2010/050036,2010-01-26,NST
14738594,62011942,2014-06-13,PRO
14738595,14229202,2014-03-28,DIV
14738597,60422987,2002-11-01,PRO
14738597,60428483,2002-11-22,PRO
14738597,60430857,2002-12-03,PRO
14738597,60437513,2002-12-30,PRO
14738597,60448817,2003-02-21,PRO
14738597,60480485,2003-06-21,PRO
14738597,10698148,2003-10-31,CON
14738599,12359585,2009-01-26,CON
14738599,13235274,2011-09-16,CON
14738599,14073840,2013-11-06,CON
14738600,62011500,2014-06-12,PRO
14738603,62012179,2014-06-13,PRO
14738604,61142862,2009-01-06,PRO
14738604,61158988,2009-03-10,PRO
14738604,61158993,2009-03-10,PRO
14738604,61160218,2009-03-13,PRO
14738604,61160222,2009-03-13,PRO
14738604,12651755,2010-01-04,CON
14738606,61096568,2008-09-12,PRO
14738606,12405616,2009-03-17,CON
14738606,13205097,2011-08-08,CON
14738606,14297110,2014-06-05,CON
14738606,14725694,2015-05-29,CON
14738610,62020186,2014-07-02,PRO
14738612,13643067,2012-11-29,CON
14738612,PCT/GB2011/050837,2011-04-27,NST
14738613,13690783,2012-11-30,DIV
14738615,11854420,2007-09-12,CON
14738617,62012204,2014-06-13,PRO
14738618,62011291,2014-06-12,PRO
14738620,62011475,2014-06-12,PRO
14738620,62020902,2014-07-03,PRO
14738620,62028208,2014-07-23,PRO
14738623,13705648,2012-12-05,CON
14738624,09507474,2000-02-17,CON
14738624,10357803,2003-02-03,CON
14738624,11692817,2007-03-28,CON
14738624,12417375,2009-04-02,CIP
14738624,13084269,2011-04-11,CON
14738625,62011185,2014-06-12,PRO
14738626,61342016,2010-04-08,PRO
14738626,13081411,2011-04-06,DIV
14738626,14231600,2014-03-31,CON
14738628,61802490,2013-03-16,PRO
14738628,61917334,2013-12-17,PRO
14738628,61930672,2014-01-23,PRO
14738628,14215060,2014-03-17,CIP
14738628,PCT/US2015/030043,2015-05-08,CON
14738629,62015379,2014-06-20,PRO
14738632,61881351,2013-09-23,PRO
14738632,14490565,2014-09-18,CON
14738634,62012098,2014-06-13,PRO
14738638,60900714,2007-02-09,PRO
14738638,12069314,2008-02-08,CON
14738639,60740971,2005-11-29,PRO
14738639,60781483,2006-03-10,PRO
14738639,11606634,2006-11-29,DIV
14738639,12370972,2009-02-13,CON
14738643,62011475,2014-06-12,PRO
14738643,62020902,2014-07-03,PRO
14738643,62028208,2014-07-23,PRO
14738646,60627171,2004-11-12,PRO
14738646,60649634,2005-02-03,PRO
14738646,60683736,2005-05-23,PRO
14738646,11273640,2005-11-14,DIV
14738646,13299255,2011-11-17,CON
14738646,13887008,2013-05-03,CON
14738646,14712591,2015-05-14,CON
14738647,14329858,2014-07-11,CON
14738648,61078337,2008-07-03,PRO
14738648,12240964,2008-09-29,CON
14738648,13936980,2013-07-08,DIV
14738648,14155063,2014-01-14,DIV
14738648,14275527,2014-05-12,DIV
14738649,62012201,2014-06-13,PRO
14738652,62014016,2014-06-18,PRO
14738655,62011300,2014-06-12,PRO
14738658,62011643,2014-06-13,PRO
14738663,13220462,2011-08-29,DIV
14738663,14305387,2014-06-16,CON
14738665,61392736,2010-10-13,PRO
14738665,13272747,2011-10-13,DIV
14738665,13272762,2011-10-13,DIV
14738667,62011398,2014-06-12,PRO
14738667,62011417,2014-06-12,PRO
14738669,13486774,2012-06-01,CON
14738672,62011531,2014-06-12,PRO
14738672,62108990,2015-01-28,PRO
14738672,62165171,2015-05-21,PRO
14738672,14732618,2015-06-05,CIP
14738672,62171987,2015-06-05,PRO
14738673,13820494,2013-03-01,CON
14738673,PCT/US2011/050218,2011-09-01,NST
14738675,13708612,2012-12-07,CON
14738678,10506827,2004-09-07,CIP
14738678,11208933,2005-08-23,CON
14738678,11706167,2007-02-15,CIP
14738678,12174494,2008-07-16,DIV
14738678,13478295,2012-05-23,CON
14738678,61997937,2014-06-13,PRO
14738678,14705238,2015-05-06,CIP
14738678,PCT/CA03/00311,2003-03-06,NST
14738681,61790087,2013-03-15,PRO
14738681,61874943,2013-09-06,PRO
14738681,14102059,2013-12-10,CON
14738681,14202649,2014-03-10,CON
14738684,60741631,2005-12-02,PRO
14738684,11607832,2006-12-01,CON
14738684,13647737,2012-10-09,CON
14738685,09975074,2001-10-09,CIP
14738685,10649351,2003-08-26,CIP
14738685,10815560,2004-03-31,CIP
14738685,11265531,2005-11-01,CIP
14738685,60904015,2007-02-27,PRO
14738685,12030645,2008-02-13,CON
14738685,13095734,2011-04-27,CIP
14738685,13633502,2012-10-02,CON
14738688,10506827,2004-09-07,CIP
14738688,11208933,2005-08-23,CON
14738688,11706167,2007-02-15,CIP
14738688,12174494,2008-07-16,DIV
14738688,13478295,2012-05-23,CON
14738688,61997938,2014-06-13,PRO
14738688,14705238,2015-05-06,CIP
14738688,PCT/CA03/00311,2003-03-06,NST
14738690,62012184,2014-06-13,PRO
14738695,13283323,2011-10-27,DIV
14738697,13803088,2013-03-14,CON
14738702,62011469,2014-06-12,PRO
14738704,62013450,2014-06-17,PRO
14738705,61493307,2011-06-03,PRO
14738705,13487010,2012-06-01,CON
14738706,60627171,2004-11-12,PRO
14738706,60649634,2005-02-03,PRO
14738706,60683736,2005-05-23,PRO
14738706,11273640,2005-11-14,DIV
14738706,13299255,2011-11-17,CON
14738706,13887008,2013-05-03,CON
14738706,14712591,2015-05-14,CON
14738708,62011424,2014-06-12,PRO
14738708,62011441,2014-06-12,PRO
14738709,12518097,2010-07-23,CON
14738709,PCT/GB07/04657,2007-12-05,NST
14738712,09316518,1999-05-21,CON
14738712,09859561,2001-05-16,CON
14738712,11170392,2005-06-29,CON
14738712,12645937,2009-12-23,CON
14738712,12645937,2009-12-23,DIV
14738712,13089075,2011-04-18,DIV
14738712,13649986,2012-10-11,CON
14738712,14139159,2013-12-23,DIV
14738712,14170271,2014-01-31,CON
14738712,14338103,2014-07-22,CON
14738712,14523573,2014-10-24,CON
14738712,14523755,2014-10-24,CON
14738715,11571746,2007-04-02,CON
14738716,60627171,2004-11-12,PRO
14738716,60649634,2005-02-03,PRO
14738716,60683736,2005-05-23,PRO
14738716,11273640,2005-11-14,DIV
14738716,13299255,2011-11-17,CON
14738716,13887008,2013-05-03,CON
14738716,14712591,2015-05-14,CON
14738717,10111628,2002-08-23,CON
14738717,11641953,2006-12-20,CON
14738717,13096387,2011-04-28,CON
14738717,13925271,2013-06-24,CON
14738717,PCT/FI2000/000935,2000-10-27,NST
14738722,09316518,1999-05-21,CON
14738722,09859561,2001-05-16,CON
14738722,11170392,2005-06-29,CON
14738722,12645937,2009-12-23,CON
14738722,12645937,2009-12-23,DIV
14738722,13089075,2011-04-18,DIV
14738722,13649986,2012-10-11,CON
14738722,14139159,2013-12-23,DIV
14738722,14170271,2014-01-31,CON
14738722,14338103,2014-07-22,CON
14738722,14523573,2014-10-24,CON
14738722,14523755,2014-10-24,CON
14738724,61998139,2014-06-19,PRO
14738725,14247039,2014-04-07,CON
14738726,60093041,1997-11-10,PRO
14738726,09182898,1998-10-30,DIV
14738726,11165587,2005-06-24,CON
14738726,13303107,2011-11-22,CON
14738726,13872913,2013-04-29,CON
14738728,60627171,2004-11-12,PRO
14738728,60649634,2005-02-03,PRO
14738728,60683736,2005-05-23,PRO
14738728,11273640,2005-11-14,DIV
14738728,13299255,2011-11-17,CON
14738728,13887008,2013-05-03,CON
14738728,14712591,2015-05-14,CON
14738731,14015172,2013-08-30,CIP
14738733,60741631,2005-12-02,PRO
14738733,11607832,2006-12-01,CON
14738733,13647737,2012-10-09,CON
14738734,60627171,2004-11-12,PRO
14738734,60649634,2005-02-03,PRO
14738734,60683736,2005-05-23,PRO
14738734,11273640,2005-11-14,DIV
14738734,13299255,2011-11-17,CON
14738734,13887008,2013-05-03,CON
14738734,14712591,2015-05-14,CON
14738748,62011423,2014-06-12,PRO
14738749,13168581,2011-06-24,DIV
14738749,14083249,2013-11-18,CON
14738750,62011943,2014-06-13,PRO
14738751,14465574,2014-08-21,DIV
14738754,09316518,1999-05-21,CON
14738754,09859561,2001-05-16,CON
14738754,11170392,2005-06-29,CON
14738754,12645937,2009-12-23,CON
14738754,12645937,2009-12-23,DIV
14738754,13089075,2011-04-18,DIV
14738754,13649986,2012-10-11,CON
14738754,14139159,2013-12-23,DIV
14738754,14170271,2014-01-31,CON
14738754,14338103,2014-07-22,CON
14738754,14523573,2014-10-24,CON
14738754,14523755,2014-10-24,CON
14738756,14229698,2014-03-28,CON
14738757,62011571,2014-06-12,PRO
14738758,62011501,2014-06-12,PRO
14738760,PCT/CN2013/086393,2013-10-17,CON
14738761,62012109,2014-06-13,PRO
14738761,62045808,2014-09-04,PRO
14738764,12656060,2010-01-14,CON
14738764,13465826,2012-05-07,CON
14738764,13621061,2012-09-15,DIV
14738764,13832448,2013-03-15,CON
14738764,14518797,2014-10-20,CON
14738766,61798358,2013-03-15,PRO
14738766,14092882,2013-11-27,CON
14738766,14507735,2014-10-06,CIP
14738768,61970855,2014-03-26,PRO
14738768,61991505,2014-05-10,PRO
14738768,62012403,2014-06-15,PRO
14738768,14668970,2015-03-25,CIP
14738768,14708038,2015-05-08,CIP
14738769,62011028,2014-06-12,PRO
14738772,13832407,2013-03-15,CON
14738773,62011473,2014-06-12,PRO
14738774,62018575,2014-06-28,PRO
14738776,13216495,2011-08-24,CIP
14738776,13294439,2011-11-11,CIP
14738776,13342521,2012-01-03,CON
14738777,62011549,2014-06-12,PRO
14738779,62018575,2014-06-28,PRO
14738785,62013433,2014-06-17,PRO
14738785,62013440,2014-06-17,PRO
14738785,62021390,2014-07-07,PRO
14738785,62021563,2014-07-07,PRO
14738785,62037494,2014-08-14,PRO
14738785,62044165,2014-08-29,PRO
14738785,62092721,2014-12-16,PRO
14738786,62011430,2014-06-12,PRO
14738787,61441396,2011-02-10,PRO
14738787,13366148,2012-02-03,DIV
14738792,61704405,2012-09-21,PRO
14738792,14033227,2013-09-20,CIP
14738792,14685547,2015-04-13,CIP
14738794,62015514,2014-06-22,PRO
14738794,62015516,2014-06-22,PRO
14738794,14538765,2014-11-11,CIP
14738795,62012055,2014-06-13,PRO
14738796,14201864,2014-03-09,CON
14738796,14526443,2014-10-28,CON
14738802,62012212,2014-06-13,PRO
14738804,14465797,2014-08-21,CIP
14738805,11432608,2006-05-11,DIV
14738805,12250212,2008-10-13,CON
14738805,13705169,2012-12-05,CON
14738805,14064510,2013-10-28,DIV
14738807,60585491,2004-07-02,PRO
14738807,60585492,2004-07-02,PRO
14738807,11174023,2005-07-01,CON
14738807,12387084,2009-04-27,CON
14738812,61973227,2014-03-31,PRO
14738812,62011567,2014-06-12,PRO
14738812,14675735,2015-03-31,CIP
14738813,11021270,2004-12-23,CIP
14738813,11120005,2005-05-02,CIP
14738813,11790238,2007-04-24,CIP
14738813,11812031,2007-06-14,CIP
14738813,11889602,2007-08-15,CIP
14738813,13745916,2013-01-21,CON
14738819,13968118,2013-08-15,CON
14738820,62011031,2014-06-12,PRO
14738821,13612314,2012-09-12,CON
14738821,14073877,2013-11-07,CON
14738822,60735862,2005-11-14,PRO
14738822,60799677,2006-05-12,PRO
14738822,11558568,2006-11-10,DIV
14738822,13336290,2011-12-23,CON
14738823,62011506,2014-06-12,PRO
14738824,12600627,2010-04-13,CON
14738824,PCT/US2008/063832,2008-05-16,NST
14738830,61618622,2012-03-30,PRO
14738830,13851854,2013-03-27,CON
14738831,61706043,2012-09-26,PRO
14738831,14037302,2013-09-25,CON
14738832,PCT/CA2013/050958,2013-12-12,CON
14738834,PCT/CA2013/050909,2013-11-27,CON
14738835,PCT/CA2013/050977,2013-12-17,CON
14738837,PCT/CA2013/050975,2013-12-17,CON
14738838,PCT/CA2013/050956,2013-12-12,CON
14738841,61878091,2013-09-16,PRO
14738841,14487590,2014-09-16,DIV
14738842,61878091,2013-09-16,PRO
14738842,14487590,2014-09-16,DIV
14738847,62018756,2014-06-30,PRO
14738851,62018551,2014-06-28,PRO
14738851,62033420,2014-08-05,PRO
14738855,13687578,2012-11-28,CIP
14738855,14498676,2014-09-26,CIP
14738856,61414931,2010-11-18,PRO
14738856,13226699,2011-09-07,DIV
14738856,14181657,2014-02-15,CON
14738857,61390217,2010-10-06,PRO
14738857,13226735,2011-09-07,DIV
14738857,14176128,2014-02-09,CON
14738861,62012194,2014-06-13,PRO
14738862,13705552,2012-12-05,CON
14738863,61287077,2009-12-16,PRO
14738863,12970604,2010-12-16,CON
14738863,13726147,2012-12-23,DIV
14738867,61332381,2010-05-07,PRO
14738867,13102638,2011-05-06,CON
14738867,14476222,2014-09-03,CIP
14738869,62011647,2014-06-13,PRO
14738869,62011662,2014-06-13,PRO
14738873,60967153,2007-08-31,PRO
14738873,12202893,2008-09-02,CON
14738874,62012296,2014-06-14,PRO
14738877,62012273,2014-06-14,PRO
14738877,14331218,2014-07-14,CIP
14738878,62012216,2014-06-13,PRO
14738881,61759314,2013-01-31,PRO
14738881,61759317,2013-01-31,PRO
14738881,61844350,2013-07-09,PRO
14738881,61844353,2013-07-09,PRO
14738881,61844355,2013-07-09,PRO
14738881,14169058,2014-01-30,CIP
14738881,14169060,2014-01-30,CIP
14738881,62011574,2014-06-13,PRO
14738881,14327543,2014-07-09,CIP
14738881,14603227,2015-01-22,CIP
14738881,14640865,2015-03-06,CIP
14738883,62018534,2014-06-28,PRO
14738889,62011676,2014-06-13,PRO
14738892,12285299,2008-10-01,CON
14738892,PCT/IL2007/000463,2007-04-10,CIP
14738894,PCT/IL2013/051099,2013-12-31,CIP
14738899,62012417,2014-06-15,PRO
14738899,62024880,2014-07-15,PRO
14738901,PCT/CN2014/071001,2014-01-21,CON
14738902,62013934,2014-06-18,PRO
14738904,61092918,2008-08-29,PRO
14738904,61092921,2008-08-29,PRO
14738904,PCT/US09/55460,2009-08-28,NST
14738904,13061446,2011-03-17,DIV
14738905,13841558,2013-03-15,CIP
14738906,61913381,2013-12-08,PRO
14738906,14327559,2014-07-09,DIV
14738908,61316015,2010-03-22,PRO
14738908,13052543,2011-03-21,CON
14738910,12469182,2009-05-20,CON
14738910,13432976,2012-03-28,CON
14738910,14090433,2013-11-26,CON
14738913,14290835,2014-05-29,CON
14738914,13945104,2013-07-18,CON
14738916,13925771,2013-06-24,CON
14738916,PCT/EP2010/070503,2010-12-22,CIP
14738919,62013130,2014-06-17,PRO
14738920,11931026,2007-10-31,CIP
14738920,12351824,2009-01-10,CIP
14738920,PCT/CA2006/000120,2006-06-27,CIP
14738927,61945040,2014-02-26,PRO
14738932,61667433,2012-07-03,PRO
14738932,13933137,2013-07-02,CON
14738945,14002739,2013-09-03,DIV
14738945,PCT/CN2012/080092,2012-08-14,NST
14738953,PCT/JP2013/082616,2013-12-04,CON
14738957,62012999,2014-06-17,PRO
14738957,62013000,2014-06-17,PRO
14738957,62013002,2014-06-17,PRO
14738959,13810450,2013-01-16,CIP
14738959,PCT/IB2011/053253,2011-07-21,NST
14738960,62012994,2014-06-17,PRO
14738961,62012999,2014-06-17,PRO
14738961,62013000,2014-06-17,PRO
14738961,62013002,2014-06-17,PRO
14738962,61478117,2011-04-22,PRO
14738962,61533673,2011-09-12,PRO
14738962,13452990,2012-04-23,CON
14738967,14168025,2014-01-30,CON
14738968,14167191,2014-01-29,CIP
14738972,62013586,2014-06-18,PRO
14738977,13321981,2011-11-22,CON
14738977,PCT/AU2010/000684,2010-06-02,NST
14738979,PCT/JP2014/051301,2014-01-22,CON
14738982,11889395,2007-08-13,CON
14738985,62013046,2014-06-17,PRO
14738987,62011931,2014-06-13,PRO
14738988,13987647,2013-08-19,CON
14738991,61996965,2014-07-09,PRO
14738992,13858680,2013-04-08,CON
14738995,13878569,2013-05-02,DIV
14738995,PCT/EP2011/067535,2011-10-07,NST
14738996,13724044,2012-12-21,CIP
14738997,61565099,2011-11-30,PRO
14738997,13408387,2012-02-29,DIV
14738997,14072825,2013-11-06,DIV
14739007,62012451,2014-06-16,PRO
14739012,13147732,2011-10-18,DIV
14739012,PCT/AU2009/000140,2009-02-05,NST
14739013,13321881,2012-03-02,DIV
14739013,PCT/CA2010/001173,2010-07-30,NST
14739021,12494427,2009-06-30,DIV
14739021,13648327,2012-10-10,DIV
14739023,13858298,2013-04-08,CON
14739029,PCT/JP2014/000781,2014-02-17,CON
14739031,11811578,2007-06-11,CIP
14739034,PCT/JP2014/000782,2014-02-17,CON
14739038,62014577,2014-06-19,PRO
14739039,13950340,2013-07-25,DIV
14739043,62011755,2014-06-13,PRO
14739045,14028799,2013-09-17,DIV
14739047,61804524,2013-03-22,PRO
14739047,13965142,2013-08-12,CON
14739049,14104169,2013-12-12,CON
14739050,PCT/EP2013/074368,2013-11-21,CON
14739053,12526920,2009-08-12,CON
14739053,12795957,2010-06-08,CON
14739053,13494811,2012-06-12,CON
14739053,PCT/SE2008/000119,2008-02-13,NST
14739055,62011997,2014-06-13,PRO
14739057,13129316,2011-05-13,CON
14739057,14242358,2014-04-01,CON
14739057,PCT/CA2009/001627,2009-11-12,NST
14739058,61082029,2008-07-18,PRO
14739058,12505167,2009-07-17,DIV
14739061,13339072,2011-12-28,DIV
14739061,14569821,2014-12-15,CON
14739076,61197732,2008-10-30,PRO
14739076,12609062,2009-10-30,CON
14739076,13790134,2013-03-08,CON
14739077,62012662,2014-06-16,PRO
14739078,14144534,2013-12-30,DIV
14739082,PCT/CN2013/087554,2013-11-21,CON
14739083,60643459,2005-01-12,PRO
14739083,11329979,2006-01-10,CON
14739088,13728646,2012-12-27,CON
14739091,61721170,2012-11-01,PRO
14739091,14058366,2013-10-21,CON
14739092,62013146,2014-06-17,PRO
14739093,60600664,2004-08-11,PRO
14739093,11202283,2005-08-11,CON
14739094,62012557,2014-06-16,PRO
14739098,60524782,2003-11-24,PRO
14739098,60559204,2004-04-01,PRO
14739098,10997767,2004-11-24,CIP
14739098,11074541,2005-03-08,CON
14739098,12907524,2010-10-19,CON
14739098,14051750,2013-10-11,CON
14739100,PCT/EP2013/076638,2013-12-16,CON
14739101,62013596,2014-06-18,PRO
14739101,62081549,2014-11-18,PRO
14739105,14144534,2013-12-30,DIV
14739108,61776457,2013-03-11,PRO
14739108,13833958,2013-03-15,CIP
14739108,14325868,2014-07-08,DIV
14739110,12085857,2009-09-14,CON
14739110,13856684,2013-04-04,CON
14739110,PCT/US2006/045965,2006-11-30,NST
14739111,13061150,2011-02-27,CIP
14739111,PCT/FR2009/001045,2009-08-28,NST
14739115,62012517,2014-06-16,PRO
14739122,12612159,2009-11-04,CON
14739129,13424567,2012-03-20,DIV
14739130,61363203,2010-07-09,PRO
14739130,61411906,2010-11-09,PRO
14739130,13179370,2011-07-08,DIV
14739131,12956526,2010-11-30,CON
14739131,14282083,2014-05-20,CON
14739131,14560333,2014-12-04,CON
14739132,61524678,2011-08-17,PRO
14739132,13587269,2012-08-16,CON
14739133,13891255,2013-05-10,CON
14739134,14182599,2014-02-18,CON
14739136,62017027,2014-06-25,PRO
14739136,62117364,2015-02-17,PRO
14739137,14010585,2013-08-27,CON
14739139,13424567,2012-03-20,DIV
14739140,13810917,2013-01-18,CON
14739140,PCT/JP2011/067906,2011-07-29,NST
14739141,62017051,2014-06-25,PRO
14739143,13241121,2011-09-22,CON
14739146,61679258,2012-08-03,PRO
14739146,61792251,2013-03-15,PRO
14739146,13958070,2013-08-02,CIP
14739146,14208293,2014-03-13,CON
14739152,13870372,2013-04-25,CON
14739153,13407121,2012-02-28,CON
14739154,13263434,2011-10-07,DIV
14739154,14136394,2013-12-20,CON
14739154,PCT/JP2010/056445,2010-04-09,NST
14739155,62014370,2014-06-19,PRO
14739156,62011708,2014-06-13,PRO
14739159,10011813,2001-12-11,DIV
14739159,11181923,2005-07-15,CON
14739159,12323724,2008-11-26,CON
14739159,13792381,2013-03-11,CON
14739160,60912178,2007-04-17,PRO
14739160,12103824,2008-04-16,CIP
14739160,12103834,2008-04-16,DIV
14739160,12371096,2009-02-13,CIP
14739160,12483807,2009-06-12,CIP
14739160,61310752,2010-03-05,PRO
14739160,12872663,2010-08-31,DIV
14739160,13081618,2011-04-07,CIP
14739160,13766419,2013-02-13,CON
14739164,13392678,2012-02-27,DIV
14739164,PCT/JP2010/005145,2010-08-20,NST
14739167,11826165,2007-07-12,CON
14739167,14292261,2014-05-30,CON
14739170,11257647,2005-10-25,CIP
14739170,11293438,2005-12-02,CIP
14739170,60884581,2007-01-11,PRO
14739170,60912273,2007-04-17,PRO
14739170,11934604,2007-11-02,CIP
14739170,12013351,2008-01-11,CIP
14739170,12020282,2008-01-25,DIV
14739172,13522995,2012-07-19,CON
14739172,PCT/CN2011/070458,2011-01-21,NST
14739177,62012027,2014-06-13,PRO
14739179,61875188,2013-09-09,PRO
14739179,14460486,2014-08-15,CIP
14739180,62011753,2014-06-13,PRO
14739184,62012090,2014-06-13,PRO
14739187,13525654,2012-06-18,CON
14739191,60680384,2005-05-12,PRO
14739191,PCT/US06/18777,2006-05-12,NST
14739191,11920195,2007-11-09,CON
14739192,62011747,2014-06-13,PRO
14739197,13818576,2013-02-22,DIV
14739197,PCT/EP2011/064411,2011-08-22,NST
14739201,62012268,2014-06-13,PRO
14739201,62030981,2014-07-30,PRO
14739202,PCT/EP2013/076954,2013-12-17,CON
14739203,61495682,2011-06-10,PRO
14739203,13491921,2012-06-08,CON
14739207,60978258,2007-10-08,PRO
14739207,60978312,2007-10-08,PRO
14739207,12247033,2008-10-07,CON
14739207,14031905,2013-09-19,CON
14739209,62014330,2014-06-19,PRO
14739210,12135243,2008-06-09,CON
14739211,61469989,2011-03-31,PRO
14739211,61478358,2011-04-22,PRO
14739211,13421317,2012-03-15,CON
14739214,62012490,2014-06-16,PRO
14739215,13631811,2012-09-28,DIV
14739217,PCT/JP2013/083519,2013-12-13,CON
14739220,14683169,2015-04-10,DIV
14739222,61646925,2012-05-15,PRO
14739222,13893632,2013-05-14,CON
14739225,13798799,2013-03-13,CON
14739227,61417948,2010-11-30,PRO
14739227,13110330,2011-05-18,DIV
14739227,14471055,2014-08-28,CON
14739228,13229712,2011-09-10,CON
14739232,13061262,2011-09-20,CON
14739232,PCT/JP2009/065197,2009-08-31,NST
14739234,12899042,2010-10-06,CON
14739236,13228978,2011-09-09,DIV
14739237,14158991,2014-01-20,CIP
14739238,PCT/JP2013/083456,2013-12-13,CON
14739239,62013976,2014-06-18,PRO
14739240,13916627,2013-06-13,CON
14739242,61243019,2009-09-16,PRO
14739242,12882794,2010-09-15,DIV
14739245,13276920,2011-10-19,CON
14739248,60693366,2005-06-22,PRO
14739248,60701538,2005-07-20,PRO
14739248,11472793,2006-06-22,CON
14739248,13914113,2013-06-10,CON
14739249,62011700,2014-06-13,PRO
14739251,62012239,2014-06-13,PRO
14739253,12546395,2009-08-24,CON
14739253,14539184,2014-11-12,CON
14739256,62016929,2014-06-25,PRO
14739257,13416584,2012-03-09,DIV
14739258,62029716,2014-07-28,PRO
14739260,60585343,2004-07-02,PRO
14739260,10941742,2004-09-15,CON
14739260,13963022,2013-08-09,CON
14739262,14034594,2013-09-24,DIV
14739266,13271373,2011-10-12,CON
14739272,13555104,2012-07-21,DIV
14739277,60205402,2000-05-19,PRO
14739277,09863199,2001-05-21,CON
14739277,11614860,2006-12-21,CON
14739277,12147264,2008-06-26,DIV
14739277,13074788,2011-03-29,DIV
14739277,14071586,2013-11-04,CON
14739278,12855951,2010-08-13,CON
14739278,13490351,2012-06-06,CON
14739278,13745652,2013-01-18,CON
14739278,14251308,2014-04-11,CON
14739281,62012072,2014-06-13,PRO
14739282,PCT/JP2012/008137,2012-12-19,CON
14739283,12748776,2010-03-29,CON
14739283,13938617,2013-07-10,CON
14739290,PCT/IB2013/060573,2013-02-12,CON
14739297,62012603,2014-06-16,PRO
14739299,12093321,2008-09-09,CON
14739299,13766914,2013-02-14,CON
14739299,PCT/EP06/68313,2006-11-09,NST
14739301,PCT/JP2013/081569,2013-11-23,CON
14739306,13413730,2012-03-07,CIP
14739307,61751418,2013-01-11,PRO
14739307,14152347,2014-01-10,CON
14739308,12118535,2008-05-09,CON
14739308,13750087,2013-01-25,CON
14739311,62015329,2014-06-20,PRO
14739312,60953789,2007-08-03,PRO
14739312,12184186,2008-07-31,CON
14739312,13095753,2011-04-27,DIV
14739312,13952411,2013-07-26,CON
14739314,PCT/EP2012/075771,2012-12-17,CON
14739315,62017820,2014-06-26,PRO
14739316,13410748,2012-03-02,CON
14739318,62013456,2014-06-17,PRO
14739319,12040701,2008-02-29,CON
14739319,13098746,2011-05-02,CON
14739319,13938519,2013-07-10,CON
14739323,13352546,2012-01-18,CIP
14739330,12908904,2010-10-21,CON
14739330,14231843,2014-04-01,DIV
14739332,PCT/CN2014/082342,2014-07-16,CON
14739333,12291639,2008-11-12,CIP
14739333,PCT/US2008/006021,2008-05-12,CIP
14739334,14008004,2013-09-27,CON
14739334,PCT/US2012/031084,2012-03-29,NST
14739337,61108987,2008-10-28,PRO
14739337,12606793,2009-10-27,CON
14739339,60355764,2002-02-12,PRO
14739339,10364383,2003-02-12,CIP
14739339,10684203,2003-10-10,CIP
14739339,10918199,2004-08-13,CON
14739339,11196921,2005-08-03,CON
14739339,12073424,2008-03-05,CON
14739339,12114602,2008-05-02,CON
14739339,12893692,2010-09-29,CON
14739339,13566632,2012-08-03,CON
14739341,13581846,2012-08-30,DIV
14739341,PCT/US2011/026806,2011-03-02,NST
14739342,62013235,2014-06-17,PRO
14739345,13937764,2013-07-09,CON
14739348,62021508,2014-07-07,PRO
14739351,PCT/DK2013/000086,2013-12-09,CON
14739353,PCT/EP2013/066836,2013-08-12,CON
14739357,13611631,2012-09-12,CON
14739359,13636602,2012-10-01,CON
14739359,PCT/EP2011/055146,2011-04-01,NST
14739360,13678858,2012-11-16,CON
14739363,62013718,2014-06-18,PRO
14739366,12908904,2010-10-21,CON
14739366,14231843,2014-04-01,DIV
14739367,12324078,2008-11-26,CON
14739372,PCT/EP2012/076565,2012-12-21,CIP
14739373,62014995,2014-06-20,PRO
14739374,61644285,2012-05-08,PRO
14739374,61644291,2012-05-08,PRO
14739374,13890116,2013-05-08,DIV
14739376,61739437,2012-12-19,PRO
14739376,14132117,2013-12-18,DIV
14739377,PCT/CN2012/086702,2012-12-14,CON
14739378,PCT/CN2014/082605,2014-07-21,CON
14739380,13428055,2012-03-23,DIV
14739382,62012658,2014-06-16,PRO
14739383,13693117,2012-12-04,CON
14739384,PCT/EP2013/076377,2013-12-12,CON
14739387,13703961,2012-12-13,CON
14739387,PCT/JP2011/061436,2011-05-18,NST
14739390,PCT/EP2012/075397,2012-12-13,CON
14739391,13536266,2012-06-28,DIV
14739394,62013068,2014-06-17,PRO
14739397,11806285,2007-05-31,CON
14739398,PCT/US2013/075498,2013-12-16,CIP
14739406,62015344,2014-06-20,PRO
14739407,13789944,2013-03-08,CON
14739408,14041400,2013-09-30,CON
14739411,60582280,2004-06-22,PRO
14739411,60656642,2005-02-25,PRO
14739411,60673022,2005-04-19,PRO
14739411,11152684,2005-06-13,CON
14739411,12211620,2008-09-16,CON
14739413,14151158,2014-01-09,DIV
14739420,13798491,2013-03-13,CON
14739422,14364835,2014-06-12,CIP
14739422,PCT/US2013/057876,2013-09-03,NST
14739423,61319168,2010-03-30,PRO
14739423,13075813,2011-03-30,CON
14739424,PCT/JP2013/075783,2013-09-25,CON
14739425,13500939,2012-04-09,DIV
14739425,PCT/JP2010/065880,2010-09-08,NST
14739426,62012437,2014-06-16,PRO
14739429,62012156,2014-06-13,PRO
14739433,61523605,2011-08-15,PRO
14739433,13584978,2012-08-14,CON
14739434,61557108,2011-11-08,PRO
14739434,13399371,2012-02-17,CIP
14739434,13630485,2012-09-28,CIP
14739434,13838740,2013-03-15,CIP
14739434,61793130,2013-03-15,PRO
14739434,14210665,2014-03-14,CIP
14739435,62012032,2014-06-13,PRO
14739438,62014895,2014-06-20,PRO
14739439,62012888,2014-06-16,PRO
14739440,61102234,2008-10-02,PRO
14739440,12568066,2009-09-28,CON
14739440,13915596,2013-06-11,CON
14739443,PCT/US12/69307,2012-12-12,NST
14739443,13878126,2013-04-05,CON
14739444,14007221,2013-09-24,CON
14739444,PCT/US2012/033580,2012-04-13,NST
14739447,14012429,2013-08-28,CON
14739451,61523598,2011-08-15,PRO
14739451,61536008,2011-09-18,PRO
14739451,61591925,2012-01-29,PRO
14739451,61591927,2012-01-29,PRO
14739451,13585626,2012-08-14,DIV
14739452,14038164,2013-09-26,DIV
14739454,PCT/EP2013/076151,2013-12-11,CON
14739455,62012721,2014-06-16,PRO
14739458,13292570,2011-11-09,CON
14739460,62012624,2014-06-16,PRO
14739465,61319623,2010-03-31,PRO
14739465,13076002,2011-03-30,CON
14739465,14190701,2014-02-26,CON
14739467,11994812,2008-01-04,CON
14739467,13400752,2012-02-21,CON
14739467,13682246,2012-11-20,CON
14739467,14293288,2014-06-02,CON
14739467,PCT/EP2006/063761,2006-06-30,NST
14739472,62012438,2014-06-16,PRO
14739475,12544001,2009-08-19,CON
14739478,13964382,2013-08-12,CIP
14739482,PCT/CN2013/086263,2013-10-30,CON
14739483,13085128,2011-04-12,DIV
14739484,61585052,2012-01-10,PRO
14739484,61603673,2012-02-27,PRO
14739484,61620813,2012-04-05,PRO
14739484,61651263,2012-05-24,PRO
14739484,13736875,2013-01-08,CON
14739486,61291126,2009-12-30,PRO
14739486,12979643,2010-12-28,DIV
14739489,PCT/EP2013/076346,2013-12-12,CON
14739492,12060254,2008-03-31,DIV
14739492,13541280,2012-07-03,DIV
14739494,13822968,2013-04-16,CON
14739494,PCT/EP2011/004915,2011-10-04,NST
14739496,61837898,2013-06-21,PRO
14739496,14310755,2014-06-20,CON
14739497,PCT/CN2013/083704,2013-09-18,CON
14739498,61578635,2011-12-21,PRO
14739498,13722579,2012-12-20,CON
14739499,11806285,2007-05-31,CON
14739500,PCT/EP2013/076349,2013-12-12,CON
14739503,PCT/CN2013/078712,2013-07-03,CON
14739504,PCT/JP2013/084532,2013-12-24,CON
14739505,61120728,2008-12-08,PRO
14739505,12628743,2009-12-01,DIV
14739505,13652197,2012-10-15,CON
14739505,14173173,2014-02-05,DIV
14739506,62013027,2014-06-17,PRO
14739510,61529632,2011-08-31,PRO
14739510,61618604,2012-03-30,PRO
14739510,13491327,2012-06-07,CON
14739510,14486618,2014-09-15,CON
14739511,61431370,2011-01-10,PRO
14739511,13346081,2012-01-09,DIV
14739512,61192411,2008-09-17,PRO
14739512,PCT/US09/57254,2009-09-17,NST
14739512,13063426,2011-03-10,CON
14739514,61799113,2013-03-15,PRO
14739514,14143848,2013-12-30,CON
14739518,62012527,2014-06-16,PRO
14739519,12198236,2008-08-26,CON
14739521,13520608,2012-09-26,CON
14739521,PCT/DK2011/000044,2011-05-06,NST
14739523,PCT/EP2013/003492,2013-11-19,CON
14739525,13482089,2012-05-29,CON
14739526,13750961,2013-01-25,DIV
14739528,12737039,2011-02-21,CON
14739528,14289553,2014-05-28,CON
14739528,PCT/AU2009/000714,2009-06-05,NST
14739532,13866134,2013-04-19,DIV
14739534,62013140,2014-06-17,PRO
14739541,60333767,2001-11-29,PRO
14739541,60333763,2001-11-29,PRO
14739541,60394312,2002-07-09,PRO
14739541,10451628,2003-07-08,CON
14739541,11433464,2006-05-15,CON
14739541,11929416,2007-10-30,CON
14739541,PCT/JP02/12488,2002-11-29,NST
14739542,60995535,2007-09-27,PRO
14739542,12238532,2008-09-26,CON
14739542,12985601,2011-01-06,CON
14739544,12314227,2008-12-05,DIV
14739545,13369811,2012-02-09,CON
14739550,PCT/JP2013/084542,2013-12-24,CON
14739556,62012421,2014-06-16,PRO
14739561,62013780,2014-06-18,PRO
14739562,12620234,2009-11-17,DIV
14739562,13602118,2012-09-01,DIV
14739565,60926010,2007-04-23,PRO
14739565,60926023,2007-04-23,PRO
14739565,60925918,2007-04-23,PRO
14739565,12150236,2008-04-23,CON
14739565,14046230,2013-10-04,CON
14739566,61637527,2012-04-24,PRO
14739566,61764341,2013-02-13,PRO
14739566,13830806,2013-03-14,CON
14739566,14531682,2014-11-03,CON
14739567,11927838,2007-10-30,CON
14739567,14518229,2014-10-20,CON
14739570,10816465,2004-04-01,CON
14739570,13969862,2013-08-19,DIV
14739570,PCT/DE02/03798,2002-10-02,CIP
14739573,62014924,2014-06-20,PRO
14739575,60781102,2006-03-10,PRO
14739575,11561663,2006-11-20,CON
14739575,12623817,2009-11-23,CON
14739580,12915890,2010-10-29,CON
14739588,62012614,2014-06-16,PRO
14739600,13660119,2012-10-25,DIV
14739609,62012777,2014-06-16,PRO
14739612,62013329,2014-06-17,PRO
14739614,13637522,2012-10-16,CON
14739614,PCT/EP2011/054714,2011-03-28,NST
14739616,62012305,2014-06-14,PRO
14739617,12318934,2009-01-13,REI
14739617,13911788,2013-06-06,REI
14739618,11664063,2008-04-18,CON
14739618,14330721,2014-07-14,CON
14739618,PCT/EP2005/054896,2005-09-28,NST
14739623,62011928,2014-06-13,PRO
14739627,12620234,2009-11-17,DIV
14739627,13602118,2012-09-01,CON
14739631,11402504,2006-04-12,CON
14739632,62013448,2014-06-17,PRO
14739633,62011763,2014-06-13,PRO
14739640,13800625,2013-03-13,DIV
14739647,PCT/JP2013/007399,2013-12-17,CON
14739652,14123210,2013-11-30,CIP
14739653,14045240,2013-10-03,CON
14739657,61358456,2010-06-25,PRO
14739657,13167967,2011-06-24,CON
14739659,61552566,2011-10-28,PRO
14739659,13413916,2012-03-07,CON
14739665,62016005,2014-06-23,PRO
14739666,11806285,2007-05-31,CON
14739669,12620234,2009-11-17,DIV
14739669,13602118,2012-09-01,CON
14739670,62012617,2014-06-16,PRO
14739674,62012091,2014-06-13,PRO
14739676,60146336,1999-07-30,PRO
14739676,60211749,2000-06-14,PRO
14739676,09627465,2000-07-28,DIV
14739676,10743704,2003-12-22,DIV
14739676,12180184,2008-07-25,DIV
14739676,13087480,2011-04-15,DIV
14739676,13405525,2012-02-27,CON
14739676,14174444,2014-02-06,CON
14739677,61708136,2012-10-01,PRO
14739677,14039222,2013-09-27,DIV
14739680,12601154,2009-11-20,CON
14739680,PCT/JP2008/060770,2008-06-12,NST
14739681,12275812,2008-11-21,DIV
14739681,14146095,2014-01-02,CON
14739684,13883730,2013-08-02,CON
14739684,PCT/EP2011/073134,2011-12-16,NST
14739686,12620234,2009-11-17,DIV
14739686,13602118,2012-09-01,CON
14739687,60947160,2007-06-29,PRO
14739687,12163664,2008-06-27,CON
14739687,12831480,2010-07-07,CON
14739688,62011611,2014-06-13,PRO
14739691,60075659,1998-02-23,PRO
14739691,09128896,1998-08-04,CIP
14739691,10060800,2002-01-30,CON
14739691,11620967,2007-01-08,CON
14739691,13400245,2012-02-20,CON
14739693,61385751,2010-09-23,PRO
14739693,13112749,2011-05-20,CON
14739693,13962084,2013-08-08,CON
14739698,13778814,2013-02-27,DIV
14739698,PCT/JP2011/004919,2011-09-01,CON
14739701,60671481,2005-04-15,PRO
14739701,11404566,2006-04-14,DIV
14739701,12000701,2007-12-17,CON
14739701,12825022,2010-06-28,DIV
14739701,13012679,2011-01-24,DIV
14739703,12770254,2010-04-29,DIV
14739703,13614524,2012-09-13,DIV
14739707,13137565,2011-08-26,CON
14739708,62012623,2014-06-16,PRO
14739709,13720596,2012-12-19,CON
14739710,62012032,2014-06-13,PRO
14739712,62079295,2014-11-13,PRO
14739713,13716303,2012-12-17,DIV
14739715,PCT/JP2012/082709,2012-12-17,CON
14739716,12907211,2010-10-19,DIV
14739720,13600480,2012-08-31,CON
14739722,61077113,2008-06-30,PRO
14739722,12495705,2009-06-30,CON
14739722,13438436,2012-04-03,CON
14739722,13914478,2013-06-10,CON
14739724,12687972,2010-01-15,CON
14739724,13668920,2012-11-05,CON
14739724,14069122,2013-10-31,CON
14739729,62012866,2014-06-16,PRO
14739730,11843289,2007-08-22,CON
14739733,13113662,2011-05-23,CON
14739733,14330518,2014-07-14,CON
14739736,13933642,2013-07-02,DIV
14739737,12310959,2009-11-23,DIV
14739737,PCT/EP2007/006488,2007-07-20,NST
14739738,13583606,2012-09-07,CON
14739738,PCT/US2011/027465,2011-03-08,NST
14739739,62011650,2014-06-13,PRO
14739740,14051911,2013-10-11,DIV
14739744,11148748,2005-06-08,CON
14739744,12632207,2009-12-07,CON
14739744,13293664,2011-11-10,CON
14739744,13673461,2012-11-09,CON
14739744,14168169,2014-01-30,CON
14739745,13550900,2012-07-17,CIP
14739745,14055550,2013-10-16,CIP
14739748,13807282,2012-12-27,DIV
14739748,PCT/JP2010/060985,2010-06-28,NST
14739750,13186992,2011-07-20,CON
14739751,61160151,2009-03-13,PRO
14739751,61168359,2009-04-10,PRO
14739751,12721867,2010-03-11,CON
14739755,62012626,2014-06-16,PRO
14739757,62012650,2014-06-16,PRO
14739763,13861675,2013-04-12,DIV
14739764,61334067,2010-05-12,PRO
14739764,PCT/US11/36309,2011-05-12,NST
14739764,13696778,2012-11-07,CON
14739765,12284868,2008-09-25,DIV
14739765,13291318,2011-11-08,CON
14739767,13306471,2011-11-29,CON
14739768,13132423,2011-08-16,DIV
14739768,PCT/EP2009/066290,2009-12-03,NST
14739769,62011968,2014-06-13,PRO
14739770,13861644,2013-04-12,DIV
14739771,13132423,2011-08-16,CON
14739771,PCT/EP2009/066290,2009-12-03,NST
14739773,62015857,2014-06-23,PRO
14739774,13668151,2012-11-02,CON
14739778,12988278,2010-11-19,CON
14739778,PCT/US2009/002406,2009-04-17,NST
14739779,13911481,2013-06-06,DIV
14739786,13736730,2013-01-08,CON
14739788,PCT/JP2014/062197,2014-05-02,CON
14739798,13269717,2011-10-10,DIV
14739800,13545598,2012-07-10,DIV
14739802,12753689,2010-04-02,DIV
14739802,PCT/US2009/041142,2009-04-20,CIP
14739804,60789297,2006-04-03,PRO
14739804,11728973,2007-03-27,CON
14739806,13758666,2013-02-04,DIV
14739807,14106141,2013-12-13,CON
14739809,62012029,2014-06-13,PRO
14739810,12499919,2009-07-09,CON
14739810,14187965,2014-02-24,CON
14739810,14224777,2014-03-25,CON
14739812,13577216,2012-08-03,CON
14739812,PCT/US2011/000211,2011-02-04,NST
14739813,12753689,2010-04-02,CON
14739813,PCT/US2009/041142,2009-04-20,CIP
14739815,61829968,2013-05-31,PRO
14739815,14108648,2013-12-17,CON
14739817,60250930,2000-11-30,PRO
14739817,09996658,2001-11-29,CON
14739817,13367017,2012-02-06,CON
14739817,14099744,2013-12-06,CON
14739818,09692450,2000-10-20,CON
14739818,10405615,2003-04-03,DIV
14739818,11028208,2005-01-04,CON
14739818,11410949,2006-04-26,CON
14739818,11602178,2006-11-21,CON
14739818,11948626,2007-11-30,CON
14739818,12757364,2010-04-09,CON
14739818,13467075,2012-05-09,CON
14739818,14059873,2013-10-22,CON
14739819,13551770,2012-07-18,CIP
14739822,62011649,2014-06-13,PRO
14739824,61416544,2010-11-23,PRO
14739824,13303921,2011-11-23,CON
14739825,13674651,2012-11-12,CON
14739825,14579146,2014-12-22,CON
14739826,62012207,2014-06-13,PRO
14739830,13194380,2011-07-29,CON
14739832,62011705,2014-06-13,PRO
14739833,13146645,2011-11-10,CON
14739833,PCT/GB2010/050125,2010-01-27,NST
14739840,62012756,2014-06-16,PRO
14739841,61203371,2008-12-22,PRO
14739841,61270979,2009-07-15,PRO
14739841,12643574,2009-12-21,CON
14739841,13550961,2012-07-17,CON
14739841,14288984,2014-05-28,CON
14739842,62012110,2014-06-13,PRO
14739844,12012019,2008-01-30,CON
14739846,62012824,2014-06-16,PRO
14739847,62012800,2014-06-16,PRO
14739848,12610817,2009-11-02,CON
14739851,62033335,2014-08-05,PRO
14739855,13372374,2012-02-13,CON
14739857,12685346,2010-01-11,CON
14739857,13916114,2013-06-12,CON
14739857,14337722,2014-07-22,CON
14739858,61106039,2008-10-16,PRO
14739858,12351684,2009-01-09,DIV
14739859,61052813,2008-05-13,PRO
14739859,12465483,2009-05-13,CON
14739859,13487794,2012-06-04,CON
14739859,13892923,2013-05-13,CON
14739859,14254563,2014-04-16,CON
14739862,13578367,2013-01-18,DIV
14739862,PCT/US2011/024511,2011-02-11,NST
14739864,61140824,2008-12-24,PRO
14739864,12645393,2009-12-22,CON
14739864,13417093,2012-03-09,CON
14739864,13851621,2013-03-27,CON
14739864,14026793,2013-09-13,CON
14739864,14190270,2014-02-26,CON
14739867,62011801,2014-06-13,PRO
14739872,61513069,2011-07-29,PRO
14739872,13561998,2012-07-30,CON
14739872,14172349,2014-02-04,CON
14739872,14589025,2015-01-05,CON
14739873,13330238,2011-12-19,CON
14739875,PCT/KR2014/001223,2014-02-14,CON
14739878,62013846,2014-06-18,PRO
14739882,13039077,2011-03-02,CON
14739882,14307361,2014-06-17,CON
14739884,13513122,2012-05-31,CON
14739884,14675391,2015-03-31,CON
14739884,PCT/KR2010/008563,2010-12-01,NST
14739885,12907232,2010-10-19,CON
14739886,61071704,2008-05-14,PRO
14739886,12463679,2009-05-11,CON
14739887,62012936,2014-06-16,PRO
14739888,61735840,2012-12-11,PRO
14739888,13803785,2013-03-14,DIV
14739892,61535107,2011-09-15,PRO
14739892,13618030,2012-09-14,CON
14739894,62014301,2014-06-19,PRO
14739896,62012710,2014-06-16,PRO
14739897,PCT/EP2012/076842,2012-12-21,CON
14739899,61538238,2011-09-23,PRO
14739899,13624799,2012-09-21,CON
14739901,13991771,2013-06-05,DIV
14739901,PCT/JP2011/078354,2011-12-07,NST
14739902,13219206,2011-08-26,CON
14739903,62012121,2014-06-13,PRO
14739906,09138830,1998-08-24,CON
14739906,10626007,2003-07-24,CON
14739906,11724075,2007-03-13,CON
14739906,11931463,2007-10-31,CON
14739906,12853864,2010-08-10,CON
14739906,13182805,2011-07-14,CON
14739907,61728589,2012-11-20,PRO
14739907,13729792,2012-12-28,CON
14739908,13818432,2013-05-13,CON
14739908,PCT/US2011/048793,2011-08-23,NST
14739909,61539675,2011-09-27,PRO
14739909,13626578,2012-09-25,CON
14739909,14481477,2014-09-09,CON
14739910,61736503,2012-12-12,PRO
14739910,14104618,2013-12-12,CIP
14739910,62012197,2014-06-13,PRO
14739912,62012906,2014-06-16,PRO
14739914,12340977,2008-12-22,CON
14739914,13625814,2012-09-24,CON
14739916,62011748,2014-06-13,PRO
14739917,61785477,2013-03-14,PRO
14739917,14212457,2014-03-14,DIV
14739917,14618804,2015-02-10,CON
14739920,60585330,2004-07-02,PRO
14739920,11175990,2005-07-05,CON
14739922,60993907,2007-09-14,PRO
14739922,12210994,2008-09-15,DIV
14739922,13556090,2012-07-23,CON
14739924,60555118,2004-03-22,PRO
14739924,11080298,2005-03-15,CIP
14739924,11541853,2006-10-02,CON
14739924,12908119,2010-10-20,CON
14739924,14087830,2013-11-22,DIV
14739925,13495431,2012-06-13,CON
14739929,62012908,2014-06-16,PRO
14739930,61235328,2009-08-19,PRO
14739930,12859529,2010-08-19,CIP
14739930,61481549,2011-05-02,PRO
14739930,13462192,2012-05-02,CON
14739930,14070063,2013-11-01,CON
14739932,09571326,2000-05-15,CON
14739932,10705982,2003-11-13,CON
14739932,11025111,2004-12-30,CON
14739932,13424684,2012-03-20,CON
14739932,13758067,2013-02-04,CON
14739933,62015068,2014-06-20,PRO
14739935,13262622,2012-01-26,DIV
14739935,PCT/EP2010/002111,2010-04-01,NST
14739938,13676951,2012-11-14,CON
14739939,PCT/KR2013/011860,2013-12-19,CON
14739940,61553816,2011-10-31,PRO
14739940,13633532,2012-10-02,CON
14739941,13538881,2012-06-29,CON
14739942,61557821,2011-11-09,PRO
14739942,61656230,2012-06-06,PRO
14739942,13673985,2012-11-09,CON
14739942,14252985,2014-04-15,CON
14739942,14548572,2014-11-20,CIP
14739943,13296993,2011-11-15,CON
14739946,13624777,2012-09-21,CON
14739947,12825890,2010-06-29,CIP
14739949,11899333,2007-09-05,CIP
14739949,12380738,2009-03-03,DIV
14739949,13323117,2011-12-12,CIP
14739949,13350186,2012-01-13,CIP
14739949,62103189,2015-01-14,PRO
14739950,60348476,2001-11-07,PRO
14739950,10290113,2002-11-07,CIP
14739950,11109502,2005-04-19,CIP
14739950,11246896,2005-10-07,CON
14739950,12723974,2010-03-15,CIP
14739950,13682433,2012-11-20,CON
14739951,61711388,2012-10-09,PRO
14739951,61803770,2013-03-20,PRO
14739951,14045518,2013-10-03,CON
14739955,61659626,2012-06-14,PRO
14739955,61684672,2012-08-17,PRO
14739955,61697710,2012-09-06,PRO
14739955,61700182,2012-09-12,PRO
14739955,61702650,2012-09-18,PRO
14739955,61736692,2012-12-13,PRO
14739955,61798821,2013-03-15,PRO
14739955,61804942,2013-03-25,PRO
14739955,61804971,2013-03-25,PRO
14739955,61804990,2013-03-25,PRO
14739955,61804998,2013-03-25,PRO
14739955,61805003,2013-03-25,PRO
14739955,61805027,2013-03-25,PRO
14739955,61805030,2013-03-25,PRO
14739955,61805038,2013-03-25,PRO
14739955,61805042,2013-03-25,PRO
14739955,61805053,2013-03-25,PRO
14739955,13863814,2013-04-16,CON
14739957,14023188,2013-09-10,CON
14739959,60915051,2007-04-30,PRO
14739959,12596835,2010-05-17,DIV
14739959,PCT/US2008/062088,2008-04-30,NST
14739962,62013835,2014-06-18,PRO
14739964,62012831,2014-06-16,PRO
14739966,61288133,2009-12-18,PRO
14739966,12973829,2010-12-20,CON
14739967,14201465,2014-03-07,CON
14739969,62011967,2014-06-13,PRO
14739974,62012685,2014-06-16,PRO
14739976,61240578,2009-09-08,PRO
14739976,61359265,2010-06-28,PRO
14739976,12876840,2010-09-07,CON
14739976,14088844,2013-11-25,CON
14739978,61697682,2012-09-06,PRO
14739978,14017860,2013-09-04,DIV
14739985,10488786,2005-02-25,DIV
14739985,13366252,2012-02-03,DIV
14739985,14305979,2014-06-16,CON
14739985,PCT/IB2002/003904,2002-09-06,NST
14739989,13037270,2011-02-28,CON
14739990,61287341,2009-12-17,PRO
14739990,61324649,2010-04-15,PRO
14739990,PCT/US10/61065,2010-12-17,CON
14739990,13491343,2012-06-07,CON
14739990,14245911,2014-04-04,CON
14739992,60254609,2000-12-11,PRO
14739992,60292572,2001-05-22,PRO
14739992,10013827,2001-12-11,CON
14739994,PCT/US11/66134,2011-12-20,NST
14739994,13976075,2013-06-26,CON
14739997,12210701,2008-09-15,CON
14739997,13620221,2012-09-14,CON
14740001,61596801,2012-02-09,PRO
14740001,13763466,2013-02-08,CIP
14740001,14466604,2014-08-22,DIV
14740002,61433408,2011-01-17,PRO
14740002,13352082,2012-01-17,CON
14740005,13626340,2012-09-25,CON
14740005,14511628,2014-10-10,CON
14740006,13886098,2013-05-02,CON
14740006,14289212,2014-05-28,CON
14740006,PCT/KR2011/008280,2011-11-02,CON
14740012,61153193,2009-02-17,PRO
14740012,12707616,2010-02-17,CON
14740014,62011671,2014-06-13,PRO
14740016,13304830,2011-11-28,CON
14740018,14090864,2013-11-26,CON
14740021,62011957,2014-06-13,PRO
14740022,61493891,2011-06-06,PRO
14740022,13370159,2012-02-09,CON
14740027,13538650,2012-06-29,DIV
14740027,14242717,2014-04-01,DIV
14740029,61657862,2012-06-10,PRO
14740029,13913494,2013-06-09,CON
14740030,12969491,2010-12-15,CON
14740031,62012205,2014-06-13,PRO
14740031,62012219,2014-06-13,PRO
14740033,10911079,2004-08-03,CON
14740033,11461373,2006-07-31,CIP
14740033,60891478,2007-02-23,PRO
14740033,12036134,2008-02-22,DIV
14740033,12037898,2008-02-26,CON
14740033,13418190,2012-03-12,CON
14740039,11996443,2008-10-01,DIV
14740039,13652973,2012-10-16,DIV
14740039,PCT/US2006/028951,2006-07-27,NST
14740040,13236923,2011-09-20,CON
14740041,12763355,2010-04-20,CIP
14740041,13084697,2011-04-12,CIP
14740041,61555856,2011-11-04,PRO
14740041,13665886,2012-10-31,CON
14740044,62012150,2014-06-13,PRO
14740048,61428478,2010-12-30,PRO
14740048,61521868,2011-08-10,PRO
14740048,13339884,2011-12-29,DIV
14740054,13205681,2011-08-09,CON
14740056,61617534,2012-03-29,PRO
14740056,13802622,2013-03-13,CON
14740058,62012965,2014-06-16,PRO
14740058,62133876,2015-03-16,PRO
14740061,61273045,2009-07-30,PRO
14740061,12804903,2010-07-30,CON
14740062,61117502,2008-11-24,PRO
14740062,12352457,2009-01-12,CIP
14740062,61148803,2009-01-30,PRO
14740062,12625365,2009-11-24,CON
14740062,12696947,2010-01-29,CIP
14740062,61555400,2011-11-03,PRO
14740062,61615802,2012-03-26,PRO
14740062,61621926,2012-04-09,PRO
14740062,13541446,2012-07-03,CIP
14740062,13571294,2012-08-09,CIP
14740062,13627883,2012-09-26,CIP
14740062,13764008,2013-02-11,CIP
14740062,62012196,2014-06-13,PRO
14740062,14523778,2014-10-24,CIP
14740063,61619231,2012-04-02,PRO
14740063,13855638,2013-04-02,DIV
14740064,62012996,2014-06-17,PRO
14740065,PCT/JP2014/002544,2014-05-14,CON
14740069,62011903,2014-06-13,PRO
14740069,62013436,2014-06-17,PRO
14740070,62012880,2014-06-16,PRO
14740072,13451316,2012-04-19,DIV
14740074,14041585,2013-09-30,CON
14740078,61631525,2012-01-05,PRO
14740078,PCT/US13/20588,2013-01-07,CON
14740078,14174813,2014-02-06,CON
14740080,14080758,2013-11-14,DIV
14740083,14329943,2014-07-13,CON
14740083,14580234,2014-12-23,CON
14740084,62011733,2014-06-13,PRO
14740084,62048333,2014-09-10,PRO
14740087,61603853,2012-02-27,PRO
14740087,61667108,2012-07-02,PRO
14740087,13779543,2013-02-27,CIP
14740087,61911402,2013-12-03,PRO
14740087,14559827,2014-12-03,CIP
14740088,60917653,2007-05-12,PRO
14740088,60976436,2007-09-30,PRO
14740088,61017177,2007-12-28,PRO
14740088,61024561,2008-01-30,PRO
14740088,61028226,2008-02-13,PRO
14740088,PCT/IL08/00519,2008-04-16,NST
14740088,12597494,2009-10-25,CON
14740088,13860211,2013-04-10,CON
14740088,14306764,2014-06-17,CON
14740091,61136005,2008-08-05,PRO
14740091,12533776,2009-07-31,CON
14740092,10950112,2004-09-24,CON
14740092,60616755,2004-10-06,PRO
14740092,60616754,2004-10-06,PRO
14740092,11163148,2005-10-06,CIP
14740092,11163151,2005-10-06,CIP
14740092,60826199,2006-09-19,PRO
14740092,11857989,2007-09-19,CIP
14740092,12028636,2008-02-08,CIP
14740092,12437726,2009-05-08,CIP
14740092,13494856,2012-06-12,CON
14740092,13835635,2013-03-15,CON
14740092,13965741,2013-08-13,CON
14740094,12447173,2009-04-24,CON
14740094,PCT/US2007/082211,2007-10-23,NST
14740096,12671669,2010-03-17,CON
14740096,PCT/EP2008/006428,2008-08-05,NST
14740097,11570691,2008-01-15,CON
14740097,12837359,2010-07-15,CON
14740097,13168857,2011-06-24,CON
14740097,13741150,2013-01-14,CON
14740097,PCT/AU2005/000943,2005-06-28,NST
14740099,61602050,2012-02-22,PRO
14740099,13775112,2013-02-22,CON
14740108,61129526,2008-07-02,PRO
14740108,61129859,2008-07-24,PRO
14740108,12497088,2009-07-02,CIP
14740108,13205672,2011-08-09,DIV
14740108,14306123,2014-06-16,CON
14740110,60621271,2004-10-21,PRO
14740110,11256497,2005-10-21,CIP
14740110,60833117,2006-07-24,PRO
14740110,11881617,2007-07-24,DIV
14740110,13694782,2013-01-03,CON
14740111,13140385,2011-08-16,CON
14740111,PCT/NZ2009/000289,2009-12-16,NST
14740112,62012242,2014-06-13,PRO
14740113,PCT/JP2013/005833,2013-10-01,CON
14740114,12941882,2010-11-08,CON
14740114,13431729,2012-03-27,CON
14740115,61104748,2008-10-12,PRO
14740115,12577326,2009-10-12,CIP
14740115,PCT/US09/60386,2009-10-12,CON
14740115,61365290,2010-07-16,PRO
14740115,61376725,2010-08-25,PRO
14740115,13184332,2011-07-15,CIP
14740115,13219683,2011-08-28,CIP
14740115,13423413,2012-03-19,CIP
14740115,61640530,2012-04-30,PRO
14740115,61646348,2012-05-13,PRO
14740115,13832575,2013-03-15,CON
14740115,14341804,2014-07-26,CON
14740123,14385679,2014-09-16,DIV
14740123,PCT/US2012/029677,2012-03-19,NST
14740124,61307079,2010-02-23,PRO
14740124,PCT/IB11/50726,2011-02-22,NST
14740124,13579934,2012-11-04,CON
14740125,62012895,2014-06-16,PRO
14740125,62039788,2014-08-20,PRO
14740126,62012035,2014-06-13,PRO
14740127,11314119,2005-12-21,CON
14740128,14739461,2015-06-15,CON
14740129,61941306,2014-02-18,PRO
14740129,61949234,2014-03-06,PRO
14740129,61949239,2014-03-07,PRO
14740129,14280523,2014-05-16,CIP
14740129,14577839,2014-12-19,CIP
14740130,62012347,2014-06-14,PRO
14740131,PCT/KR2013/011459,2013-12-11,CIP
14740133,12928519,2010-12-13,CON
14740135,PCT/CA2013/050982,2013-12-17,CON
14740136,12521688,2009-06-29,CON
14740136,13164693,2011-06-20,CON
14740136,13970310,2013-08-19,CON
14740136,14198413,2014-03-05,CON
14740136,PCT/EP2007/001142,2007-12-27,NST
14740137,14329946,2014-07-13,CON
14740137,14583087,2014-12-24,CON
14740143,61745246,2012-12-21,PRO
14740143,61785380,2013-03-14,PRO
14740143,14139197,2013-12-23,DIV
14740143,14592830,2015-01-08,CON
14740145,13473560,2012-05-16,CON
14740147,62011679,2014-06-13,PRO
14740148,61998036,2014-06-16,PRO
14740150,PCT/JP2013/080512,2013-11-12,CON
14740153,62012845,2014-06-16,PRO
14740155,PCT/JP2013/080514,2013-11-12,CON
14740158,PCT/IB2015/000674,2015-03-17,CON
14740160,PCT/JP2013/080513,2013-11-12,CON
14740161,61883934,2013-09-27,PRO
14740161,14494399,2014-09-23,CON
14740162,62019834,2014-07-01,PRO
14740164,PCT/CN2015/070715,2015-01-14,CON
14740170,62023126,2014-07-10,PRO
14740170,62043916,2014-08-29,PRO
14740170,62083771,2014-11-24,PRO
14740174,12269830,2008-11-12,CON
14740179,29417184,2012-03-30,CIP
14740179,61639968,2012-04-29,PRO
14740179,29430245,2012-08-23,CIP
14740179,13872157,2013-04-29,CON
14740179,14182645,2014-02-18,CON
14740179,62012334,2014-06-14,PRO
14740179,14503467,2014-10-01,CON
14740179,14711735,2015-05-13,CIP
14740179,PCT/US2013/038599,2013-04-29,CON
14740184,11186840,2005-07-22,CON
14740184,11905869,2007-10-05,CON
14740184,13533251,2012-06-26,CON
14740184,14083377,2013-11-18,CON
14740185,62012255,2014-06-13,PRO
14740190,62012712,2014-06-16,PRO
14740191,PCT/CN2013/086731,2013-11-08,CON
14740193,62011788,2014-06-13,PRO
14740194,PCT/IB2015/000674,2015-03-17,CON
14740195,62011903,2014-06-13,PRO
14740199,62016050,2014-06-23,PRO
14740199,62016053,2014-06-23,PRO
14740199,62016057,2014-06-23,PRO
14740199,14612376,2015-02-03,CIP
14740199,62135133,2015-03-18,PRO
14740199,14724702,2015-05-28,CIP
14740199,14724723,2015-05-28,CIP
14740200,13685656,2012-11-26,CON
14740201,14042413,2013-09-30,DIV
14740202,13863948,2013-04-16,CIP
14740204,62012256,2014-06-13,PRO
14740211,62012267,2014-06-13,PRO
14740212,61529835,2011-08-31,PRO
14740212,13597203,2012-08-28,CON
14740214,13863354,2013-04-15,CON
14740222,62012914,2014-06-16,PRO
14740224,13506852,2012-05-21,CIP
14740227,62011901,2014-06-13,PRO
14740228,62013421,2014-06-17,PRO
14740234,14117369,2013-11-12,CON
14740234,PCT/KR2013/007475,2013-08-20,NST
14740237,62011664,2014-06-13,PRO
14740237,62015996,2014-06-23,PRO
14740237,62087124,2014-12-03,PRO
14740238,11968988,2008-01-03,CON
14740238,13024119,2011-02-09,CON
14740238,13729688,2012-12-28,CON
14740239,62011664,2014-06-13,PRO
14740239,62015996,2014-06-23,PRO
14740239,62087124,2014-12-03,PRO
14740241,13831334,2013-03-14,CON
14740242,13270163,2011-10-10,CON
14740243,62011664,2014-06-13,PRO
14740243,62015996,2014-06-23,PRO
14740243,62087124,2014-12-03,PRO
14740244,61507117,2011-07-12,PRO
14740244,13548189,2012-07-12,CON
14740245,61570247,2011-12-13,PRO
14740245,61570253,2011-12-13,PRO
14740245,61570258,2011-12-13,PRO
14740245,13455608,2012-04-25,CON
14740245,14694737,2015-04-23,CIP
14740246,62011664,2014-06-13,PRO
14740246,62015996,2014-06-23,PRO
14740246,62087124,2014-12-03,PRO
14740247,11679059,2007-02-26,CIP
14740247,12631108,2009-12-04,CIP
14740247,12631132,2009-12-04,CIP
14740247,12631158,2009-12-04,CIP
14740247,12631171,2009-12-04,CIP
14740247,13843049,2013-03-15,CON
14740248,62012378,2014-06-15,PRO
14740252,62011664,2014-06-13,PRO
14740252,62015996,2014-06-23,PRO
14740252,62087124,2014-12-03,PRO
14740253,62011664,2014-06-13,PRO
14740253,62015996,2014-06-23,PRO
14740253,62087124,2014-12-03,PRO
14740257,61694763,2012-08-29,PRO
14740257,13828875,2013-03-14,DIV
14740258,62015996,2014-06-23,PRO
14740258,62087124,2014-12-03,PRO
14740258,14740253,2015-06-15,CON
14740260,62013705,2014-06-18,PRO
14740261,PCT/JP2013/084774,2013-12-18,CON
14740262,PCT/JP2013/084775,2013-12-18,CON
14740264,62041183,2014-08-25,PRO
14740268,62014125,2014-06-19,PRO
14740276,10398992,2003-04-11,CON
14740276,11199061,2005-08-08,CIP
14740276,12072901,2008-02-28,CIP
14740276,13402978,2012-02-23,CON
14740276,14151873,2014-01-10,CON
14740276,PCT/GB01/04554,2001-10-12,NST
14740281,13803108,2013-03-14,CON
14740285,14023557,2013-09-11,CON
14740286,13423264,2012-03-18,CON
14740286,14062899,2013-10-25,CON
14740286,14666322,2015-03-24,CIP
14740292,14148727,2014-01-07,DIV
14740295,62037585,2014-08-14,PRO
14740297,62017366,2014-06-26,PRO
14740297,62028287,2014-07-23,PRO
14740301,13407858,2012-02-29,DIV
14740303,62012435,2014-06-16,PRO
14740304,13755620,2013-01-31,CON
14740306,14306326,2014-06-17,CON
14740306,14689589,2015-04-17,CIP
14740307,62013288,2014-06-17,PRO
14740309,62012594,2014-06-16,PRO
14740312,62013109,2014-06-17,PRO
14740316,62014757,2014-06-20,PRO
14740322,13459452,2012-04-30,DIV
14740323,62012436,2014-06-16,PRO
14740324,62013523,2014-06-17,PRO
14740326,62014916,2014-06-20,PRO
14740328,61645904,2012-05-11,PRO
14740328,13891226,2013-05-10,CON
14740329,62015674,2014-06-23,PRO
14740330,61044203,2008-04-11,PRO
14740330,61044207,2008-04-11,PRO
14740330,12411429,2009-03-26,DIV
14740331,12977390,2010-12-23,DIV
14740334,13265299,2012-01-11,CON
14740334,PCT/EP2009/054291,2009-04-09,NST
14740335,61682554,2012-08-13,PRO
14740335,13966170,2013-08-13,DIV
14740338,PCT/EP2013/075942,2013-12-09,CON
14740340,60484100,2003-07-01,PRO
14740340,10846650,2004-05-17,CIP
14740340,60821028,2006-08-01,PRO
14740340,11779386,2007-07-18,CON
14740344,12022367,2008-01-30,CON
14740344,13609673,2012-09-11,CON
14740345,12868185,2010-08-25,CON
14740345,13860818,2013-04-11,CON
14740348,61527677,2011-08-26,PRO
14740348,13592524,2012-08-23,DIV
14740350,62013525,2014-06-17,PRO
14740351,62013075,2014-06-17,PRO
14740353,62021298,2014-07-07,PRO
14740354,61481048,2011-04-29,PRO
14740354,13458518,2012-04-27,CON
14740355,62012493,2014-06-16,PRO
14740356,62013188,2014-06-17,PRO
14740356,62014215,2014-06-19,PRO
14740364,13868206,2013-04-23,CON
14740365,62013695,2014-06-18,PRO
14740366,14034455,2013-09-23,REI
14740370,61101611,2008-09-30,PRO
14740370,12506460,2009-07-21,CIP
14740370,61293516,2010-01-08,PRO
14740370,12851749,2010-08-06,CON
14740370,12986399,2011-01-07,CON
14740370,13709292,2012-12-10,CON
14740370,13758057,2013-02-04,CON
14740370,14016339,2013-09-03,CON
14740370,14247919,2014-04-08,CON
14740372,62013683,2014-06-18,PRO
14740374,61916840,2013-12-17,PRO
14740374,14501338,2014-09-30,CON
14740380,13396784,2012-02-15,CIP
14740381,62016743,2014-06-25,PRO
14740382,PCT/EP2013/003790,2013-12-16,CON
14740387,61101611,2008-09-30,PRO
14740387,12506460,2009-07-21,CIP
14740387,61293516,2010-01-08,PRO
14740387,12851749,2010-08-06,CON
14740387,12986399,2011-01-07,CON
14740387,13709292,2012-12-10,CON
14740387,13758057,2013-02-04,CON
14740387,14016339,2013-09-03,CON
14740387,14247919,2014-04-08,CON
14740390,61314955,2010-03-17,PRO
14740390,61417254,2010-11-25,PRO
14740390,13050826,2011-03-17,CON
14740394,PCT/JP2013/073034,2013-08-28,CON
14740395,62017019,2014-06-25,PRO
14740396,62028155,2014-07-23,PRO
14740397,12866288,2010-08-05,CON
14740399,61350803,2010-06-02,PRO
14740399,13151669,2011-06-02,CON
14740406,13550152,2012-07-16,CON
14740413,PCT/JP2014/062742,2014-05-13,CON
14740416,PCT/JP2013/083947,2013-12-18,CON
14740417,13752925,2013-01-29,CON
14740422,10482888,2004-06-14,CON
14740422,13243413,2011-09-23,CON
14740422,13545604,2012-07-10,CON
14740422,13857844,2013-04-05,CON
14740422,14521184,2014-10-22,CON
14740422,PCT/AU02/00897,2002-07-05,NST
14740428,10265740,2002-10-08,CON
14740428,12007949,2008-01-17,CON
14740429,13255323,2011-11-03,DIV
14740429,PCT/EP10/53843,2010-03-24,NST
14740431,14022317,2013-09-10,DIV
14740436,13754063,2013-01-30,DIV
14740438,14022317,2013-09-10,DIV
14740439,62013410,2014-06-17,PRO
14740439,62156533,2015-05-04,PRO
14740440,13258688,2011-09-22,DIV
14740440,PCT/JP2010/058807,2010-05-25,NST
14740441,62014896,2014-06-20,PRO
14740443,62013319,2014-06-17,PRO
14740449,13605218,2012-09-06,DIV
14740451,62012501,2014-06-16,PRO
14740460,PCT/EP2013/076866,2013-12-17,CON
14740463,12630159,2009-12-03,CON
14740464,13046036,2011-03-11,CON
14740465,PCT/JP2013/084394,2013-12-17,CON
14740466,62028522,2014-07-24,PRO
14740469,62024080,2014-07-14,PRO
14740475,14419653,2015-02-04,CIP
14740475,PCT/US2013/053562,2013-08-05,NST
14740475,PCT/US2014/014968,2014-02-05,CIP
14740476,13940721,2013-07-12,CON
14740476,14561788,2014-12-05,CON
14740477,13878985,2013-06-24,DIV
14740477,PCT/JP2011/073436,2011-10-12,NST
14740478,61981699,2014-04-18,PRO
14740478,14690389,2015-04-18,CON
14740483,62013840,2014-06-18,PRO
14740485,13927551,2013-06-26,DIV
14740487,11868502,2007-10-07,DIV
14740487,14133335,2013-12-18,DIV
14740487,PCT/CN2005/001467,2005-09-13,CON
14740488,13428972,2012-03-23,DIV
14740488,14221406,2014-03-21,DIV
14740489,13937805,2013-07-09,CON
14740491,14509109,2014-10-08,DIV
14740495,13974762,2013-08-23,CON
14740496,13719955,2012-12-19,CON
14740498,13647205,2012-10-08,CON
14740501,61385399,2010-09-22,PRO
14740501,13238457,2011-09-21,CON
14740502,61998049,2014-06-16,PRO
14740503,14290016,2014-05-29,CON
14740504,62015017,2014-06-20,PRO
14740511,14107163,2013-12-16,CON
14740512,13369142,2012-02-08,CON
14740513,61499954,2011-06-22,PRO
14740513,13471665,2012-05-15,DIV
14740514,61288031,2009-12-18,PRO
14740514,12971774,2010-12-17,CON
14740518,14178675,2014-02-12,CON
14740519,10867190,2004-06-14,CON
14740519,12847805,2010-07-30,CON
14740519,13194657,2011-07-29,CON
14740519,14027964,2013-09-16,CON
14740520,61828335,2013-05-29,PRO
14740520,14287109,2014-05-26,CON
14740521,62013301,2014-06-17,PRO
14740523,62023090,2014-07-10,PRO
14740528,60912243,2007-04-17,PRO
14740528,12105143,2008-04-17,CIP
14740528,61166579,2009-04-03,PRO
14740528,12798487,2010-04-05,CON
14740528,61410395,2010-11-05,PRO
14740528,13290439,2011-11-07,CIP
14740528,61732326,2012-12-01,PRO
14740528,13919751,2013-06-17,CIP
14740528,14093229,2013-11-29,CIP
14740529,60541990,2004-02-05,PRO
14740529,60578494,2004-06-10,PRO
14740529,60617857,2004-10-12,PRO
14740529,11052547,2005-02-07,CON
14740529,12391745,2009-02-24,CON
14740529,13019869,2011-02-02,CON
14740529,13188870,2011-07-22,CON
14740529,14042022,2013-09-30,CON
14740529,14293645,2014-06-02,CON
14740530,PCT/KR2013/009723,2013-10-30,CIP
14740531,62012455,2014-06-16,PRO
14740537,60990542,2007-11-27,PRO
14740537,12271109,2008-11-14,CON
14740547,61618455,2012-03-30,PRO
14740547,13541508,2012-07-03,CON
14740554,62012674,2014-06-16,PRO
14740554,62012735,2014-06-16,PRO
14740556,12740977,2010-04-30,DIV
14740556,14590282,2015-01-06,CON
14740556,PCT/IB2008/002810,2008-10-21,NST
14740557,14728259,2015-06-02,CON
14740558,12496165,2009-07-01,CIP
14740559,13469842,2012-05-11,DIV
14740561,62012973,2014-06-16,PRO
14740567,61586979,2012-01-16,PRO
14740567,13737199,2013-01-09,DIV
14740569,13058333,2011-02-10,DIV
14740569,PCT/JP2009/004464,2009-09-09,NST
14740573,62013471,2014-06-17,PRO
14740575,PCT/JP2014/051800,2014-01-28,CON
14740577,62012526,2014-06-16,PRO
14740579,09819965,2001-03-28,DIV
14740579,11609352,2006-12-12,CON
14740579,12891863,2010-09-28,CON
14740579,14269595,2014-05-05,CON
14740581,62012559,2014-06-16,PRO
14740584,13647959,2012-10-09,CON
14740586,61591796,2012-01-27,PRO
14740586,13751882,2013-01-28,CON
14740589,10177503,2002-06-19,CON
14740589,13939305,2013-07-11,CON
14740590,14133867,2013-12-19,DIV
14740591,PCT/EP2013/003896,2013-12-20,CON
14740593,61672425,2012-07-17,PRO
14740593,13933460,2013-07-02,CON
14740595,61448935,2011-03-03,PRO
14740595,PCT/US12/27222,2012-03-01,NST
14740595,14002164,2013-08-29,DIV
14740595,14486040,2014-09-15,DIV
14740596,14287096,2014-05-26,CON
14740598,12521713,2010-09-07,DIV
14740598,13590261,2012-08-21,DIV
14740598,14481847,2014-09-09,CON
14740598,PCT/EP2007/064622,2007-12-28,NST
14740599,12959989,2010-12-03,CON
14740599,13594934,2012-08-27,CON
14740599,14154534,2014-01-14,CON
14740602,PCT/US2013/076361,2013-12-19,CON
14740603,10726275,2003-12-02,DIV
14740603,11099255,2005-04-05,CON
14740603,11456354,2006-07-10,CON
14740603,12852826,2010-08-09,CON
14740603,13714991,2012-12-14,CON
14740610,62017417,2014-06-26,PRO
14740611,62014958,2014-06-20,PRO
14740614,62013641,2014-06-18,PRO
14740615,13080063,2011-04-05,CON
14740615,14176234,2014-02-10,CON
14740616,13599005,2012-08-30,CON
14740620,12748341,2010-03-26,CON
14740623,PCT/US2014/014894,2014-02-05,CON
14740624,PCT/EP2012/076040,2012-12-18,CON
14740627,62014346,2014-06-19,PRO
14740628,12942401,2010-11-09,CON
14740630,09607502,2000-06-28,CON
14740630,11394540,2006-03-31,CON
14740630,12952083,2010-11-22,CON
14740630,13118351,2011-05-27,CON
14740630,13475900,2012-05-18,CON
14740630,13597200,2012-08-28,CON
14740630,13869942,2013-04-24,CON
14740630,14262682,2014-04-25,CON
14740634,13756896,2013-02-01,CON
14740637,13882842,2013-05-01,DIV
14740637,PCT/JP11/74671,2011-10-26,NST
14740640,61203403,2008-12-22,PRO
14740640,61264935,2009-11-30,PRO
14740640,12639516,2009-12-16,CIP
14740640,12952230,2010-11-23,CIP
14740640,61440895,2011-02-09,PRO
14740640,13368778,2012-02-08,CIP
14740640,13424512,2012-03-20,CIP
14740646,12223730,2008-08-07,DIV
14740646,PCT/EP2007/001222,2007-02-13,NST
14740648,13869077,2013-04-24,CON
14740649,12368601,2009-02-10,CIP
14740649,12536103,2009-08-05,CON
14740649,14307667,2014-06-18,CIP
14740650,62013452,2014-06-17,PRO
14740651,13101171,2011-05-05,DIV
14740656,62014346,2014-06-19,PRO
14740657,61568939,2011-12-09,PRO
14740657,13709525,2012-12-10,DIV
14740658,62013062,2014-06-17,PRO
14740660,10500575,2004-07-01,DIV
14740660,13192790,2011-07-28,DIV
14740660,14046042,2013-10-04,DIV
14740660,14311524,2014-06-23,CON
14740660,PCT/JP2003/010894,2003-08-28,NST
14740668,62013286,2014-06-17,PRO
14740674,62012653,2014-06-16,PRO
14740675,12811528,2010-09-08,CON
14740675,14291037,2014-05-30,DIV
14740675,14700468,2015-04-30,CON
14740675,PCT/US2009/030079,2009-01-05,NST
14740676,61998366,2014-06-25,PRO
14740680,61657553,2012-06-08,PRO
14740680,13913184,2013-06-07,DIV
14740681,62013126,2014-06-17,PRO
14740682,13665686,2012-10-31,CIP
14740684,60678549,2005-05-06,PRO
14740684,11197754,2005-08-04,CIP
14740684,60773600,2006-02-15,PRO
14740684,11674969,2007-02-14,CON
14740684,12836465,2010-07-14,CON
14740684,14108033,2013-12-16,CON
14740684,PCT/US2005/029531,2005-08-18,CIP
14740686,62014355,2014-06-19,DIV
14740688,13195105,2011-08-01,CON
14740688,13861681,2013-04-12,CON
14740688,14552551,2014-11-25,CON
14740689,62013137,2014-06-17,PRO
14740690,61561657,2011-11-18,PRO
14740690,61577293,2011-12-19,PRO
14740690,61592576,2012-01-30,PRO
14740690,61621361,2012-04-06,PRO
14740690,61621363,2012-04-06,PRO
14740690,61621364,2012-04-06,PRO
14740690,61621366,2012-04-06,PRO
14740690,13459041,2012-04-27,DIV
14740692,PCT/JP2015/050147,2015-01-06,CON
14740693,10500575,2004-07-01,DIV
14740693,13192790,2011-07-28,DIV
14740693,14046042,2013-10-04,DIV
14740693,14311524,2014-06-23,CON
14740693,PCT/JP2003/010894,2003-08-28,NST
14740695,62013143,2014-06-17,PRO
14740696,11683543,2007-03-08,CON
14740696,14083813,2013-11-19,CON
14740698,11844883,2007-08-24,CON
14740698,13613426,2012-09-13,CON
14740698,14108879,2013-12-17,CON
14740709,61082078,2008-07-18,PRO
14740709,61162121,2009-03-20,PRO
14740709,12505166,2009-07-17,DIV
14740709,13415914,2012-03-09,CON
14740710,61308973,2010-02-28,PRO
14740710,61373791,2010-08-13,PRO
14740710,61382578,2010-09-14,PRO
14740710,61410983,2010-11-08,PRO
14740710,61429445,2011-01-03,PRO
14740710,61429447,2011-01-03,PRO
14740710,13037324,2011-02-28,CIP
14740710,13037335,2011-02-28,CIP
14740710,61472491,2011-04-06,PRO
14740710,61483400,2011-05-06,PRO
14740710,61487371,2011-05-18,PRO
14740710,61504513,2011-07-05,PRO
14740710,13232930,2011-09-14,CIP
14740710,61557289,2011-11-08,PRO
14740710,13341810,2011-12-30,CON
14740718,62014359,2014-06-19,PRO
14740719,62012635,2014-06-16,PRO
14740720,13039491,2011-03-03,DIV
14740720,14294556,2014-06-03,CON
14740723,62019518,2014-07-01,PRO
14740725,PCT/JP2013/083110,2013-12-10,CON
14740726,13339898,2011-12-29,DIV
14740728,13849165,2013-03-22,CON
14740731,13145234,2011-07-19,DIV
14740731,PCT/US2010/021438,2010-01-19,NST
14740733,13486923,2012-06-01,CON
14740735,62014365,2014-06-19,PRO
14740738,13350061,2012-01-13,DIV
14740745,PCT/JP2014/000780,2014-02-17,CON
14740746,62012572,2014-06-16,PRO
14740747,62012514,2014-06-16,PRO
14740748,13566460,2012-08-03,CON
14740749,62012674,2014-06-16,PRO
14740749,62012735,2014-06-16,PRO
14740750,14169226,2014-01-31,CON
14740760,61620398,2012-04-04,PRO
14740760,13856840,2013-04-04,CON
14740761,62013194,2014-06-17,PRO
14740763,62015707,2014-06-23,PRO
14740765,PCT/JP2014/050468,2014-01-14,CON
14740768,13633946,2013-01-02,DIV
14740768,PCT/EP2011/001710,2011-04-06,NST
14740772,13745824,2013-01-20,CON
14740777,13996962,2013-06-21,DIV
14740777,PCT/EP2011/006456,2011-12-21,NST
14740778,13114491,2011-05-24,CON
14740778,14178787,2014-02-12,DIV
14740779,13790573,2013-03-08,DIV
14740780,10651003,2003-08-28,CIP
14740780,10650910,2003-08-28,CON
14740780,10818555,2004-04-05,CIP
14740780,10986377,2004-11-10,CIP
14740780,11024543,2004-12-20,CIP
14740780,11140343,2005-05-27,CIP
14740780,11522503,2006-09-14,CIP
14740780,61000964,2007-10-30,PRO
14740780,12011048,2008-01-24,CIP
14740780,12290244,2008-10-29,CON
14740780,61279383,2009-10-20,PRO
14740780,12925342,2010-10-19,DIV
14740780,13068505,2011-05-12,CON
14740780,13694954,2013-01-22,CIP
14740781,62012752,2014-06-16,PRO
14740781,62095407,2014-12-22,PRO
14740783,61738583,2012-12-18,PRO
14740783,61766790,2013-02-20,PRO
14740783,14104481,2013-12-12,CIP
14740785,62013037,2014-06-17,PRO
14740789,11833703,2007-08-03,CON
14740790,62012473,2014-06-16,PRO
14740794,62012476,2014-06-16,PRO
14740795,61926773,2014-01-13,PRO
14740795,62012720,2014-06-16,PRO
14740795,14595866,2015-01-13,CIP
14740796,62012571,2014-06-16,PRO
14740797,14263422,2014-04-28,CON
14740798,13136548,2011-08-04,CIP
14740800,62013039,2014-06-17,PRO
14740801,62012916,2014-06-16,PRO
14740802,14661096,2015-03-18,DIV
14740804,61208567,2009-02-25,PRO
14740804,61208574,2009-02-25,PRO
14740804,61212444,2009-04-13,PRO
14740804,61274191,2009-08-14,PRO
14740804,12692807,2010-01-25,DIV
14740804,14159156,2014-01-20,CON
14740808,61425107,2010-12-20,PRO
14740808,13329532,2011-12-19,CON
14740811,62012762,2014-06-16,PRO
14740812,61700069,2012-09-12,PRO
14740812,13958115,2013-08-02,CON
14740813,62014206,2014-06-19,PRO
14740814,62012681,2014-06-16,PRO
14740816,61370600,2010-08-04,PRO
14740816,61383842,2010-09-17,PRO
14740816,61446669,2011-02-25,PRO
14740816,13198181,2011-08-04,CIP
14740816,13366906,2012-02-06,DIV
14740816,13895733,2013-05-16,CON
14740818,62012542,2014-06-16,PRO
14740820,14129794,2013-12-27,CON
14740820,PCT/JP2012/066817,2012-06-29,NST
14740821,61775598,2013-03-10,PRO
14740821,14203295,2014-03-10,CON
14740823,12841304,2010-07-22,REI
14740824,62013820,2014-06-18,PRO
14740827,PCT/JP2013/083660,2013-12-16,CON
14740828,61582265,2011-12-31,PRO
14740828,13732220,2012-12-31,DIV
14740833,60786636,2006-03-28,PRO
14740833,11692075,2007-03-27,CIP
14740833,11847509,2007-08-30,CIP
14740833,61118245,2008-11-26,PRO
14740833,61118257,2008-11-26,PRO
14740833,61150477,2009-02-06,PRO
14740833,61167556,2009-04-08,PRO
14740833,61167655,2009-04-08,PRO
14740833,61186097,2009-06-11,PRO
14740833,61234024,2009-08-14,PRO
14740833,61246362,2009-09-28,PRO
14740833,12626640,2009-11-26,CIP
14740833,12772563,2010-05-03,CIP
14740833,12827574,2010-06-30,CIP
14740833,61384080,2010-09-17,PRO
14740833,12903273,2010-10-13,CIP
14740833,61409099,2010-11-01,PRO
14740833,12942134,2010-11-09,CON
14740833,14468821,2014-08-26,CON
14740837,PCT/EP2012/076570,2012-12-21,CIP
14740838,60973024,2007-09-17,PRO
14740838,12212327,2008-09-17,DIV
14740838,13090075,2011-04-19,CON
14740838,13860954,2013-04-11,CON
14740840,62012567,2014-06-16,PRO
14740842,PCT/EP2013/076996,2013-12-17,CIP
14740845,PCT/EP2012/075806,2012-12-17,CON
14740846,13645647,2012-10-05,CON
14740851,13530921,2012-06-22,CON
14740851,14450897,2014-08-04,CON
14740852,13308632,2011-12-01,CON
14740853,10123445,2002-04-15,CON
14740853,13290656,2011-11-07,CON
14740862,61491014,2011-05-27,PRO
14740862,PCT/US12/38448,2012-05-17,NST
14740862,14003097,2013-09-04,CON
14740863,62012570,2014-06-16,PRO
14740865,62012785,2014-06-16,PRO
14740867,62012708,2014-06-16,PRO
14740868,PCT/JP2014/054671,2014-02-26,CON
14740869,13554517,2012-07-20,CIP
14740870,13383963,2012-02-15,DIV
14740874,61109107,2008-10-28,PRO
14740874,12607384,2009-10-28,DIV
14740874,13785343,2013-03-05,DIV
14740876,62013157,2014-06-17,PRO
14740877,62013313,2014-06-17,PRO
14740878,13554564,2012-07-20,CIP
14740881,11451678,2006-06-13,CON
14740887,62013669,2014-06-18,PRO
14740888,11915374,2009-06-01,CON
14740888,PCT/EP2006/004881,2006-05-23,NST
14740890,12090215,2008-09-25,DIV
14740890,PCT/ES06/70152,2006-10-11,NST
14740893,62012847,2014-06-16,PRO
14740894,PCT/CN2013/089622,2013-12-17,CON
14740896,62014464,2014-06-19,PRO
14740906,13850386,2013-03-26,DIV
14740907,14276650,2014-05-13,CON
14740909,61813027,2013-04-17,PRO
14740909,13965392,2013-08-13,CON
14740909,14271938,2014-05-07,CON
14740909,14538392,2014-11-11,CIP
14740911,13277511,2011-10-20,CON
14740914,62012582,2014-06-16,PRO
14740916,14022026,2013-09-09,CIP
14740916,62163255,2015-05-18,PRO
14740920,60655277,2005-02-23,PRO
14740920,11359185,2006-02-21,CON
14740920,12271564,2008-11-14,CON
14740920,13010985,2011-01-21,DIV
14740920,14176425,2014-02-10,CON
14740925,13054407,2011-03-15,CON
14740925,13899672,2013-05-22,CON
14740925,PCT/GB2009/050850,2009-07-14,NST
14740926,13112523,2011-05-20,CON
14740926,13663135,2012-10-29,CON
14740927,12182077,2008-07-29,CON
14740927,13325389,2011-12-14,CON
14740931,PCT/CN2013/075720,2013-05-16,CON
14740933,62012585,2014-06-16,PRO
14740934,12450859,2009-10-16,CON
14740934,PCT/US2008/060935,2008-04-18,NST
14740944,60565378,2004-04-26,PRO
14740944,11114400,2005-04-26,CON
14740944,12765177,2010-04-22,DIV
14740944,13551504,2012-07-17,CON
14740945,62013443,2014-06-17,PRO
14740946,61829418,2013-05-31,PRO
14740946,61841160,2013-06-28,PRO
14740946,14292134,2014-05-30,CIP
14740946,62015280,2014-06-20,PRO
14740947,61645885,2012-05-11,PRO
14740947,13873626,2013-04-30,CON
14740951,61738494,2012-12-18,PRO
14740951,PCT/US13/75938,2013-12-18,CON
14740954,62015081,2014-06-20,PRO
14740955,61429472,2011-01-04,PRO
14740955,13343576,2012-01-04,CON
14740959,13551233,2012-07-17,CON
14740961,13748008,2013-01-23,CON
14740964,61809167,2013-04-05,PRO
14740964,61891284,2013-10-15,PRO
14740964,14242396,2014-04-01,CON
14740966,61558729,2011-11-11,PRO
14740966,13674094,2012-11-11,CON
14740967,62012448,2014-06-16,PRO
14740967,62047571,2014-09-08,PRO
14740967,62158193,2015-05-07,PRO
14740968,61457888,2011-06-29,PRO
14740968,13537628,2012-06-29,DIV
14740970,PCT/CN2014/083008,2014-07-25,CON
14740975,61809167,2013-04-05,PRO
14740975,14242381,2014-04-01,CON
14740978,10693346,2003-10-24,CON
14740978,13164419,2011-06-20,CON
14740978,13951101,2013-07-25,CON
14740979,12747591,2010-08-16,DIV
14740979,PCT/IB09/50110,2009-01-12,NST
14740980,62012753,2014-06-16,PRO
14740986,09782360,2001-02-13,REI
14740988,62015209,2014-06-20,PRO
14740989,62012823,2014-06-16,PRO
14740994,61298974,2010-01-28,PRO
14740994,61328984,2010-04-28,PRO
14740994,61422621,2010-12-13,PRO
14740994,13016830,2011-01-28,CON
14740994,13097043,2011-04-28,CON
14740994,13283357,2011-10-27,CON
14740994,13919977,2013-06-17,CON
14740994,14028375,2013-09-16,CON
14740994,14096920,2013-12-04,CON
14740994,14188580,2014-02-24,CON
14740995,62012840,2014-06-16,PRO
14740997,62012559,2014-06-16,PRO
14740997,62013225,2014-06-17,PRO
14740997,62013917,2014-06-18,PRO
14741001,14155114,2014-01-14,CON
14741001,PCT/CN2012/073000,2012-03-26,CON
14741008,62013156,2014-06-17,PRO
14741014,62013191,2014-06-17,PRO
14741017,61914128,2013-12-10,PRO
14741017,62040750,2014-08-22,PRO
14741017,14564773,2014-12-09,CON
14741017,14628876,2015-02-23,CON
14741018,13927392,2013-06-26,CON
14741022,13262106,2011-09-29,CON
14741022,PCT/US2010/021715,2010-01-22,NST
14741027,61515047,2011-08-04,PRO
14741027,13564105,2012-08-01,CON
14741030,12817226,2010-06-17,CIP
14741030,13935179,2013-07-03,CIP
14741031,PCT/CN2012/087164,2012-12-21,CON
14741032,62012940,2014-06-16,PRO
14741036,62012772,2014-06-16,PRO
14741038,61811680,2013-04-12,PRO
14741038,61841864,2013-07-01,PRO
14741038,61869726,2013-08-25,PRO
14741038,14034286,2013-09-23,CIP
14741038,62013485,2014-06-17,PRO
14741038,14462324,2014-08-18,CIP
14741040,61428119,2010-12-29,PRO
14741040,13270131,2011-10-10,CIP
14741041,62013181,2014-06-17,PRO
14741041,62143443,2015-04-06,PRO
14741043,61584660,2012-01-09,PRO
14741043,13732193,2012-12-31,CON
14741047,62013057,2014-06-17,PRO
14741048,14056634,2013-10-17,CON
14741051,62017030,2014-06-25,PRO
14741052,13558375,2012-07-26,DIV
14741054,14013991,2013-08-29,CON
14741054,14634793,2015-02-28,CON
14741056,62012654,2014-06-16,PRO
14741057,61359748,2010-06-29,PRO
14741057,61363884,2010-07-13,PRO
14741057,61366343,2010-07-21,PRO
14741057,12908593,2010-10-20,CON
14741059,62017030,2014-06-25,PRO
14741062,60571818,2004-05-17,PRO
14741062,11130972,2005-05-17,DIV
14741064,60627171,2004-11-12,PRO
14741064,60649634,2005-02-03,PRO
14741064,60683736,2005-05-23,PRO
14741064,11273640,2005-11-14,DIV
14741064,13299255,2011-11-17,CON
14741064,13887008,2013-05-03,CON
14741064,14712591,2015-05-14,CON
14741066,61319348,2010-03-31,PRO
14741066,61325040,2010-04-16,PRO
14741066,13076327,2011-03-30,CON
14741066,14603137,2015-01-22,CON
14741070,11916914,2007-12-07,CON
14741070,PCT/JP2006/310440,2006-05-25,NST
14741072,62012904,2014-06-16,PRO
14741074,PCT/EP2013/077439,2013-12-19,CON
14741078,62017030,2014-06-25,PRO
14741079,13520983,2012-12-21,CON
14741079,PCT/GB2010/052008,2010-12-02,NST
14741080,62023024,2014-07-10,PRO
14741081,61735724,2012-12-11,PRO
14741081,14103127,2013-12-11,CON
14741083,PCT/US12/29975,2012-03-21,NST
14741083,14007487,2013-09-25,CIP
14741084,62014636,2014-06-19,PRO
14741084,62036303,2014-08-12,PRO
14741090,62017030,2014-06-25,PRO
14741093,PCT/JP2013/078728,2013-10-23,CON
14741094,61739346,2012-12-19,PRO
14741094,14134948,2013-12-19,CIP
14741095,14023120,2013-09-10,CON
14741096,62012790,2014-06-16,PRO
14741097,13828109,2013-03-14,DIV
14741098,PCT/US2014/016632,2014-02-14,CIP
14741104,60503161,2003-09-15,PRO
14741104,10941388,2004-09-15,CON
14741104,13863999,2013-04-16,DIV
14741107,12514787,2009-12-22,CON
14741107,13601814,2012-08-31,CON
14741107,14103548,2013-12-11,CON
14741107,PCT/US2007/024359,2007-11-21,NST
14741109,61436131,2011-01-25,PRO
14741109,13356546,2012-01-23,CON
14741109,14227583,2014-03-27,CON
14741112,61319348,2010-03-31,PRO
14741112,61325040,2010-04-16,PRO
14741112,13076327,2011-03-30,CON
14741112,14603137,2015-01-22,CON
14741113,13558375,2012-07-26,DIV
14741114,12740486,2010-04-29,DIV
14741114,PCT/JP2008/003052,2008-10-28,NST
14741117,61198644,2008-11-07,PRO
14741117,12614092,2009-11-06,CON
14741118,62012559,2014-06-16,PRO
14741118,62013225,2014-06-17,PRO
14741120,13262328,2011-09-30,CIP
14741120,13434970,2012-03-30,CIP
14741120,14015652,2013-08-30,CIP
14741120,PCT/US2010/054605,2010-10-29,NST
14741121,13627699,2012-09-26,CON
14741131,PCT/US2014/016622,2014-02-14,CON
14741132,61319348,2010-03-31,PRO
14741132,61325040,2010-04-16,PRO
14741132,13076327,2011-03-30,CON
14741132,14603137,2015-01-22,CON
14741133,62012798,2014-06-16,PRO
14741134,62013771,2014-06-18,PRO
14741135,62019832,2014-07-01,PRO
14741136,61340920,2010-03-24,PRO
14741136,61396334,2010-05-26,PRO
14741136,13117132,2011-05-26,CON
14741136,14150767,2014-01-09,CON
14741141,62012651,2014-06-16,PRO
14741142,10969066,2004-10-21,DIV
14741142,12659123,2010-02-25,CON
14741145,13229285,2011-09-09,CIP
14741145,14450104,2014-08-01,CIP
14741145,14526393,2014-10-28,CIP
14741145,14663244,2015-03-19,CIP
14741146,PCT/JP2013/083642,2013-12-16,CON
14741149,13976968,2013-06-27,CON
14741149,PCT/CN2012/086281,2012-12-10,NST
14741150,61319348,2010-03-31,PRO
14741150,61325040,2010-04-16,PRO
14741150,13076327,2011-03-30,CON
14741150,14603137,2015-01-22,CON
14741151,62012752,2014-06-16,PRO
14741151,62095407,2014-12-22,PRO
14741153,PCT/US2014/016622,2014-02-14,CIP
14741156,62013406,2014-06-17,PRO
14741161,62013397,2014-06-17,PRO
14741162,13022063,2011-02-07,CON
14741162,13923185,2013-06-20,CON
14741162,14299839,2014-06-09,DIV
14741163,62013401,2014-06-17,PRO
14741164,13695801,2012-11-02,DIV
14741164,PCT/US2011/021052,2011-01-13,NST
14741166,62013403,2014-06-17,PRO
14741169,13468576,2012-05-10,DIV
14741171,62013442,2014-06-17,PRO
14741172,62021608,2014-07-07,PRO
14741173,62012691,2014-06-16,PRO
14741175,62014406,2014-06-19,PRO
14741176,62034782,2014-08-08,PRO
14741176,62053722,2014-09-22,PRO
14741177,12881012,2010-09-13,CON
14741177,13942347,2013-07-15,CON
14741177,14247109,2014-04-07,CON
14741181,62012814,2014-06-16,PRO
14741182,61898088,2013-10-31,PRO
14741182,14521662,2014-10-23,CIP
14741189,62019019,2014-06-30,PRO
14741190,62012625,2014-06-16,PRO
14741193,60153475,1999-09-10,PRO
14741193,PCT/US00/18276,2000-06-30,CON
14741193,10094591,2002-03-07,CON
14741193,10922322,2004-08-19,DIV
14741193,11348035,2006-02-04,DIV
14741193,11753550,2007-05-24,DIV
14741193,11755639,2007-05-30,DIV
14741193,11758605,2007-06-05,DIV
14741193,12757897,2010-04-09,DIV
14741193,14185698,2014-02-20,DIV
14741194,62012604,2014-06-16,PRO
14741194,62012659,2014-06-16,PRO
14741194,62012666,2014-06-16,PRO
14741195,62015704,2014-06-23,PRO
14741197,61379525,2010-09-02,PRO
14741197,61384925,2010-09-21,PRO
14741197,61385671,2010-09-23,PRO
14741197,13224764,2011-09-02,CON
14741197,14248199,2014-04-08,CON
14741202,14305537,2014-06-16,CIP
14741202,14329246,2014-07-11,CIP
14741202,14555616,2014-11-27,CIP
14741203,62013798,2014-06-18,PRO
14741204,62013924,2014-06-18,PRO
14741204,62120245,2015-02-24,PRO
14741206,11460016,2006-07-26,CON
14741207,60208890,2000-06-02,PRO
14741207,60208889,2000-06-02,PRO
14741207,09681760,2001-05-31,CON
14741207,11729530,2007-03-29,CON
14741207,12905898,2010-10-15,CON
14741207,13708766,2012-12-07,CON
14741208,62013335,2014-06-17,PRO
14741209,61594496,2012-02-03,PRO
14741209,13749406,2013-01-24,CON
14741211,10432186,2003-10-20,CON
14741211,13111649,2011-05-19,CON
14741211,PCT/GB01/05100,2001-11-19,NST
14741212,13122887,2011-04-06,CON
14741212,PCT/US2009/058019,2009-09-23,NST
14741213,14540200,2014-11-13,CON
14741214,13218728,2011-08-26,DIV
14741214,14088981,2013-11-25,DIV
14741215,13599593,2012-08-30,CON
14741217,61413869,2010-11-15,PRO
14741217,PCT/US11/60879,2011-11-15,NST
14741217,13885371,2013-09-05,CON
14741218,12987590,2011-01-10,DIV
14741220,13614857,2012-09-13,CON
14741220,14271130,2014-05-06,CON
14741221,62012958,2014-06-16,PRO
14741223,61115607,2008-11-18,PRO
14741223,PCT/US09/64732,2009-11-17,NST
14741223,13128858,2011-06-15,DIV
14741226,PCT/CN2012/086818,2012-12-18,CON
14741228,62012604,2014-06-16,PRO
14741228,62012659,2014-06-16,PRO
14741228,62012666,2014-06-16,PRO
14741229,62049524,2014-09-12,PRO
14741230,61689394,2012-06-05,PRO
14741230,13910076,2013-06-04,CIP
14741230,14035821,2013-09-24,CON
14741232,12965575,2010-12-10,CIP
14741232,13420066,2012-03-14,CIP
14741232,14563187,2014-12-08,CIP
14741235,62018246,2014-06-27,PRO
14741238,62013493,2014-06-17,PRO
14741239,62013962,2014-06-18,PRO
14741243,62012500,2014-06-16,PRO
14741250,14309234,2014-06-19,CIP
14741251,62012941,2014-06-16,PRO
14741253,62015346,2014-06-20,PRO
14741254,13880875,2013-04-22,CON
14741254,PCT/US2011/058085,2011-10-27,NST
14741255,61147888,2009-01-28,PRO
14741255,12470325,2009-05-21,DIV
14741255,14023079,2013-09-10,CON
14741257,62012728,2014-06-16,PRO
14741258,60469031,2003-05-09,PRO
14741258,10837621,2004-05-04,CON
14741258,12351504,2009-01-09,CON
14741258,13742667,2013-01-16,CON
14741258,14188309,2014-02-24,DIV
14741259,62012604,2014-06-16,PRO
14741259,62012659,2014-06-16,PRO
14741259,62012666,2014-06-16,PRO
14741261,61428988,2010-12-31,PRO
14741261,13341921,2011-12-31,CON
14741264,PCT/US2014/016632,2014-02-14,CON
14741265,60900869,2007-02-12,PRO
14741265,PCT/US08/53757,2008-02-12,NST
14741265,12525437,2009-07-31,CON
14741267,11651013,2007-01-09,CON
14741270,PCT/JP2015/058311,2015-03-19,CON
14741271,60220648,2000-07-25,PRO
14741271,09911799,2001-07-25,CON
14741271,13118187,2011-05-27,CON
14741271,13316362,2011-12-09,CON
14741271,13615036,2012-09-13,CON
14741273,60910433,2007-04-05,PRO
14741273,12062988,2008-04-04,DIV
14741273,12684051,2010-01-07,DIV
14741273,13022803,2011-02-08,DIV
14741273,13474581,2012-05-17,DIV
14741276,62012881,2014-06-16,PRO
14741276,62089915,2014-12-10,PRO
14741276,62121270,2015-02-26,PRO
14741277,61945809,2014-02-27,PRO
14741277,14247840,2014-04-08,CON
14741279,62013965,2014-06-18,PRO
14741280,62013504,2014-06-17,PRO
14741284,PCT/JP2015/058314,2015-03-19,CON
14741289,62012953,2014-06-16,PRO
14741291,62013965,2014-06-18,PRO
14741292,61233410,2009-08-12,PRO
14741292,12855545,2010-08-12,CON
14741293,PCT/US2014/016632,2014-02-14,CON
14741295,61720857,2012-10-31,PRO
14741295,14069040,2013-10-31,CON
14741297,61354545,2010-06-14,PRO
14741297,13159788,2011-06-14,CON
14741298,62013965,2014-06-18,PRO
14741300,13250442,2011-09-30,DIV
14741301,PCT/JP2015/058317,2015-03-19,CON
14741302,13608132,2012-09-10,CIP
14741302,61809294,2013-04-05,PRO
14741302,14016215,2013-09-02,CIP
14741302,14231331,2014-03-31,CON
14741304,62015346,2014-06-20,PRO
14741311,13859569,2013-04-09,CON
14741311,13929179,2013-06-27,DIV
14741311,14255842,2014-04-17,CON
14741312,61904418,2013-11-14,PRO
14741312,14536653,2014-11-09,CON
14741313,PCT/AU2012/001575,2012-12-20,CIP
14741317,PCT/JP2015/058319,2015-03-19,CON
14741319,60381671,2002-05-17,PRO
14741319,60409152,2002-09-09,PRO
14741319,60450734,2003-02-28,PRO
14741319,10440852,2003-05-19,CON
14741319,12642009,2009-12-18,CON
14741320,61405472,2010-10-21,PRO
14741320,13279205,2011-10-21,CON
14741329,13217073,2011-08-24,DIV
14741329,14172782,2014-02-04,CON
14741330,62012946,2014-06-16,PRO
14741330,62097548,2014-12-29,PRO
14741330,62137742,2015-03-24,PRO
14741331,PCT/JP2015/058322,2015-03-19,CON
14741332,62012957,2014-06-16,PRO
14741335,14325029,2014-07-07,DIV
14741337,60171829,1999-12-21,PRO
14741337,10168839,2002-06-21,CON
14741337,11757958,2007-06-04,CON
14741337,13472369,2012-05-15,CON
14741342,62012592,2014-06-16,PRO
14741343,62012967,2014-06-16,PRO
14741345,62013424,2014-06-17,PRO
14741346,13332285,2011-12-20,DIV
14741348,62014071,2014-06-18,PRO
14741348,62027202,2014-07-21,PRO
14741350,62012876,2014-06-16,PRO
14741352,62012950,2014-06-16,PRO
14741353,13399263,2012-02-17,CIP
14741353,13841753,2013-03-15,CIP
14741356,62013418,2014-06-17,PRO
14741360,62012860,2014-06-16,PRO
14741362,62014559,2014-06-19,PRO
14741367,62013529,2014-06-17,PRO
14741376,62016381,2014-06-24,PRO
14741382,61419138,2010-12-02,PRO
14741382,13308264,2011-11-30,DIV
14741385,62012852,2014-06-16,PRO
14741389,10978966,2004-11-01,CON
14741389,13204333,2011-08-05,CON
14741392,62012586,2014-06-16,PRO
14741392,62012722,2014-06-16,PRO
14741396,62012865,2014-06-16,PRO
14741396,62118396,2015-02-19,PRO
14741397,62014646,2014-06-19,PRO
14741400,61903353,2013-11-12,PRO
14741400,62012959,2014-06-16,PRO
14741400,14539259,2014-11-12,CIP
14741404,62014091,2014-06-18,PRO
14741408,62012951,2014-06-16,PRO
14741411,14226857,2014-03-27,CIP
14741413,10423829,2003-04-24,REI
14741413,12493111,2009-06-26,CON
14741413,12493111,2009-06-26,REI
14741413,13341871,2011-12-30,CON
14741414,62012586,2014-06-16,PRO
14741414,62012722,2014-06-16,PRO
14741415,62012846,2014-06-16,PRO
14741416,12861536,2010-08-23,CON
14741417,61998003,2014-06-16,PRO
14741420,62012550,2014-06-16,PRO
14741422,12159831,2008-07-01,CON
14741422,13914544,2013-06-10,CON
14741422,PCT/US2007/016961,2007-07-30,NST
14741423,13906128,2013-05-30,DIV
14741423,14045741,2013-10-03,CON
14741424,10538698,2005-06-10,CON
14741424,11930136,2007-10-31,CON
14741430,13000423,2010-12-21,DIV
14741430,13708575,2012-12-07,DIV
14741430,PCT/CH2009/000220,2009-06-25,NST
14741433,62014635,2014-06-19,PRO
14741434,62013067,2014-06-17,PRO
14741436,61228303,2009-07-24,PRO
14741436,12540857,2009-08-13,CON
14741437,62013227,2014-06-17,PRO
14741442,62012618,2014-06-16,PRO
14741444,62127297,2015-03-03,PRO
14741445,62013227,2014-06-17,PRO
14741446,14254871,2014-04-16,DIV
14741448,14191437,2014-02-27,CIP
14741449,PCT/JP2014/002830,2014-05-28,CON
14741450,PCT/CN2013/085296,2013-10-16,CIP
14741451,14160377,2014-01-21,CIP
14741451,14163646,2014-01-24,CIP
14741451,14172901,2014-02-04,CIP
14741451,14178047,2014-02-11,CIP
14741451,14181459,2014-02-14,CIP
14741451,14296699,2014-06-05,CIP
14741451,14325991,2014-07-08,CIP
14741451,14489706,2014-09-18,CIP
14741451,14498765,2014-09-26,CIP
14741451,14504723,2014-10-02,CIP
14741451,14554044,2014-11-26,CIP
14741451,14561146,2014-12-04,CIP
14741451,14635390,2015-03-02,CON
14741455,62013380,2014-06-17,PRO
14741457,60917889,2007-05-14,PRO
14741457,12152636,2008-05-14,CON
14741457,13599847,2012-08-30,CON
14741457,14106000,2013-12-13,CON
14741458,61149639,2009-02-03,PRO
14741458,12698124,2010-02-01,CON
14741459,61149639,2009-02-03,PRO
14741459,12698124,2010-02-01,CON
14741460,14325381,2014-07-08,CON
14741465,PCT/JP2013/083908,2013-12-18,CON
14741469,14016136,2013-09-02,CON
14741470,62012989,2014-06-17,PRO
14741473,61487346,2011-05-18,PRO
14741473,61487347,2011-05-18,PRO
14741473,13301811,2011-11-22,CON
14741475,62013549,2014-06-18,PRO
14741476,62013549,2014-06-18,PRO
14741477,13377556,2011-12-11,DIV
14741477,PCT/IB2010/052545,2010-06-08,NST
14741480,PCT/JP2013/007227,2013-12-09,CON
14741483,62026607,2014-07-19,PRO
14741483,PCT/IL2013/050718,2013-08-26,CIP
14741486,62038676,2014-08-18,PRO
14741486,62097642,2014-12-30,PRO
14741489,61618913,2012-04-02,PRO
14741489,13832937,2013-03-15,CON
14741491,60875552,2006-12-19,PRO
14741491,11957086,2007-12-14,REI
14741491,13774606,2013-02-22,CON
14741493,13844339,2013-03-15,CON
14741495,13259582,2011-09-23,DIV
14741495,PCT/US2010/028773,2010-03-26,NST
14741496,13203489,2011-08-26,CON
14741496,PCT/US2010/025171,2010-02-24,NST
14741498,61377249,2010-08-26,PRO
14741498,13215384,2011-08-23,CON
14741498,14186397,2014-02-21,CON
14741498,14275066,2014-05-12,CON
14741499,61504351,2011-07-05,PRO
14741499,61636296,2012-04-20,PRO
14741499,13541504,2012-07-03,DIV
14741499,13940421,2013-07-12,DIV
14741499,14314158,2014-06-25,DIV
14741499,14570044,2014-12-15,DIV
14741500,62034464,2014-08-07,PRO
14741502,62021300,2014-07-07,PRO
14741503,13003193,2011-02-09,CON
14741503,PCT/US2009/050012,2009-07-09,NST
14741507,PCT/JP2013/080980,2013-11-18,CON
14741509,62013268,2014-06-17,PRO
14741510,62019373,2014-06-30,PRO
14741514,62013219,2014-06-17,PRO
14741514,62137897,2015-03-25,PRO
14741515,13959919,2013-08-06,CON
14741518,PCT/JP2015/050148,2015-01-06,CON
14741520,13509041,2012-05-10,CIP
14741520,61852108,2013-03-15,PRO
14741520,14079402,2014-06-24,CIP
14741520,14206628,2014-03-12,CIP
14741520,62014853,2014-06-20,PRO
14741520,PCT/US2011/000855,2011-05-13,CIP
14741520,PCT/US2011/002986,2010-11-17,CIP
14741521,62013219,2014-06-17,PRO
14741521,62137897,2015-03-25,PRO
14741523,14273280,2014-05-08,CON
14741523,PCT/IL2013/050028,2013-01-08,CON
14741525,14081071,2013-11-15,CON
14741528,13834019,2013-03-15,DIV
14741531,13903122,2013-05-28,CIP
14741533,61667057,2012-07-02,PRO
14741533,13933609,2013-07-02,CON
14741534,62013779,2014-06-18,PRO
14741538,13969197,2013-08-16,DIV
14741539,12674163,2010-10-13,DIV
14741539,PCT/GB2008/002821,2008-08-20,NST
14741540,62016220,2014-06-24,PRO
14741542,61833357,2013-06-10,PRO
14741542,14297827,2014-06-06,DIV
14741544,61440464,2011-02-08,PRO
14741544,13368959,2012-02-08,CIP
14741544,13796008,2013-03-12,CON
14741545,12566764,2009-09-25,DIV
14741545,13742681,2013-01-16,DIV
14741546,62016776,2014-06-25,PRO
14741547,13091194,2011-04-21,DIV
14741547,13965452,2013-08-13,CON
14741547,14184799,2014-02-20,CON
14741547,14542711,2014-11-17,CON
14741548,PCT/JP2013/074277,2013-09-09,CON
14741553,PCT/CN2013/089342,2013-12-13,CON
14741556,62013048,2014-06-17,PRO
14741557,12541205,2009-08-14,CON
14741557,12963777,2010-12-09,CON
14741562,62013627,2014-06-18,PRO
14741567,62033393,2014-08-05,PRO
14741570,13460446,2012-04-30,DIV
14741572,62013627,2014-06-18,PRO
14741574,61799858,2013-03-15,PRO
14741574,14214392,2014-03-14,CIP
14741576,62013489,2014-06-17,PRO
14741577,62013627,2014-06-18,PRO
14741578,61662656,2012-06-21,PRO
14741578,13788716,2013-03-07,DIV
14741582,12461934,2009-08-28,CON
14741582,13949833,2013-07-24,DIV
14741582,14614992,2015-02-05,CON
14741583,61562097,2011-11-21,PRO
14741583,13668342,2012-11-05,CON
14741583,14525394,2014-10-28,CON
14741584,62018743,2014-06-30,PRO
14741588,62016903,2014-06-25,PRO
14741596,61437862,2011-01-31,PRO
14741596,61482124,2011-05-03,PRO
14741596,61482564,2011-05-04,PRO
14741596,61534981,2011-09-15,PRO
14741596,13349909,2012-01-13,CIP
14741596,13613509,2012-09-13,DIV
14741597,62021212,2014-07-07,PRO
14741598,12610943,2009-11-02,DIV
14741601,62030623,2014-07-30,PRO
14741602,62018190,2014-06-27,PRO
14741603,13647383,2012-10-08,CON
14741606,62014036,2014-06-18,PRO
14741608,62014085,2014-06-18,PRO
14741609,11617793,2006-12-29,CIP
14741609,11931170,2007-10-31,CIP
14741609,12206766,2008-09-09,DIV
14741609,PCT/US2006/022420,2006-06-08,CIP
14741609,PCT/US2006/022503,2006-06-09,CIP
14741615,61602390,2012-02-23,PRO
14741615,13774710,2013-02-22,CON
14741617,13975248,2013-08-23,CON
14741618,13342674,2012-01-03,DIV
14741620,12820685,2010-06-22,CON
14741623,61802120,2013-03-15,PRO
14741623,14015541,2013-08-30,CON
14741624,11966806,2007-12-28,CON
14741626,61602390,2012-02-23,PRO
14741626,13774710,2013-02-22,CON
14741633,13326962,2011-12-15,CON
14741640,61891863,2013-10-16,PRO
14741640,14299502,2014-06-09,CIP
14741641,13724748,2012-12-21,DIV
14741642,62030624,2014-07-30,PRO
14741643,62020431,2014-07-03,PRO
14741644,11457626,2006-07-14,CON
14741644,13325162,2011-12-14,CON
14741648,61539255,2011-09-26,PRO
14741648,13619092,2012-09-14,CON
14741651,13196077,2011-08-02,CON
14741653,61512610,2011-07-28,PRO
14741653,13560362,2012-07-27,CON
14741662,62013248,2014-06-17,PRO
14741664,10336779,2003-01-06,DIV
14741664,11304671,2005-12-16,CON
14741664,12801040,2010-05-18,CON
14741664,14522079,2014-10-23,CON
14741665,13354459,2012-01-20,DIV
14741667,62014902,2014-06-20,PRO
14741669,62018406,2014-06-27,PRO
14741672,13723619,2012-12-21,DIV
14741675,62013136,2014-06-17,PRO
14741675,62043530,2014-08-29,PRO
14741675,62073082,2014-10-31,PRO
14741675,62161438,2015-05-14,PRO
14741677,10336779,2003-01-06,DIV
14741677,11304671,2005-12-16,CON
14741677,12801040,2010-05-18,CON
14741677,14522079,2014-10-23,CON
14741678,61565040,2011-11-30,PRO
14741678,13688802,2012-11-29,DIV
14741680,PCT/JP2013/082433,2013-12-03,CON
14741681,10336779,2003-01-06,DIV
14741681,11304671,2005-12-16,CON
14741681,12801040,2010-05-18,CON
14741681,14522079,2014-10-23,CON
14741683,62013042,2014-06-17,PRO
14741684,12939300,2010-11-04,REI
14741686,62013626,2014-06-18,PRO
14741690,PCT/US2013/070977,2013-11-20,CON
14741691,10336779,2003-01-06,DIV
14741691,11304671,2005-12-16,CON
14741691,12801040,2010-05-18,CON
14741691,14522079,2014-10-23,CON
14741693,10336779,2003-01-06,DIV
14741693,11304671,2005-12-16,CON
14741693,12801040,2010-05-18,CON
14741693,14522079,2014-10-23,CON
14741694,61315485,2010-03-19,PRO
14741694,61319709,2010-03-31,PRO
14741694,13052067,2011-03-19,CIP
14741694,13400076,2012-02-19,CON
14741696,62015980,2014-06-23,PRO
14741700,14194151,2014-02-28,CIP
14741701,12440412,2010-05-28,CON
14741701,PCT/US2007/078054,2007-09-10,NST
14741704,12922682,2010-09-14,CON
14741704,13941159,2013-07-12,CON
14741704,14249197,2014-04-09,CON
14741704,PCT/KR2009/002505,2009-05-12,NST
14741705,10336779,2003-01-06,DIV
14741705,11304671,2005-12-16,CON
14741705,12801040,2010-05-18,CON
14741705,14522079,2014-10-23,CON
14741707,PCT/EP2013/074358,2013-11-21,CON
14741710,62013423,2014-06-17,PRO
14741713,14352141,2014-04-16,CON
14741713,PCT/JP2012/007195,2012-11-09,NST
14741714,62013658,2014-06-18,PRO
14741715,14094484,2013-12-02,DIV
14741716,10336779,2003-01-06,DIV
14741716,11304671,2005-12-16,CON
14741716,12801040,2010-05-18,CON
14741716,14522079,2014-10-23,CON
14741719,61702192,2012-09-17,PRO
14741719,13865078,2013-04-17,DIV
14741722,PCT/EP2013/003762,2013-12-13,CON
14741723,PCT/JP2014/004200,2014-08-18,CON
14741724,10336779,2003-01-06,DIV
14741724,11304671,2005-12-16,CON
14741724,12801040,2010-05-18,CON
14741724,14522079,2014-10-23,CON
14741727,62015645,2014-06-23,PRO
14741728,61669868,2012-07-10,PRO
14741728,13931093,2013-06-28,CON
14741730,10336779,2003-01-06,DIV
14741730,11304671,2005-12-16,CON
14741730,12801040,2010-05-18,CON
14741730,14522079,2014-10-23,CON
14741732,62027989,2014-07-23,PRO
14741734,62016118,2014-06-24,PRO
14741735,62013034,2014-06-17,PRO
14741737,13748752,2013-01-24,DIV
14741741,10336779,2003-01-06,DIV
14741741,11304671,2005-12-16,CON
14741741,12801040,2010-05-18,CON
14741741,14522079,2014-10-23,CON
14741743,PCT/JP2013/084571,2013-12-25,CON
14741744,61738638,2012-12-18,PRO
14741744,PCT/US13/74542,2013-12-12,NST
14741746,12569937,2009-09-30,CIP
14741746,12785900,2010-05-24,CIP
14741747,13883521,2014-01-29,CON
14741747,PCT/US2011/059589,2011-11-07,NST
14741752,13802686,2013-03-13,CON
14741752,14633350,2015-02-27,CIP
14741753,61955284,2014-03-19,PRO
14741753,62013388,2014-06-17,PRO
14741753,14661795,2015-03-18,CIP
14741754,62013847,2014-06-18,PRO
14741754,62081243,2014-11-18,PRO
14741754,14687097,2015-04-15,CIP
14741755,12745962,2010-06-03,DIV
14741755,PCT/JP08/72111,2008-11-28,NST
14741756,62013847,2014-06-18,PRO
14741756,62081243,2014-11-18,PRO
14741756,14687097,2015-04-15,CIP
14741758,PCT/EP2013/076582,2013-12-13,CON
14741761,13903555,2013-05-28,CON
14741763,62017512,2014-06-26,PRO
14741764,62013182,2014-06-17,PRO
14741767,PCT/CN2014/090443,2014-11-06,CON
14741768,60599437,2004-08-06,PRO
14741768,11056630,2005-02-07,REI
14741768,14190478,2014-02-26,CON
14741769,62014318,2014-06-19,PRO
14741770,14107356,2013-12-16,CON
14741773,14652897,2015-06-17,CON
14741773,PCT/US2012/072190,2012-12-28,NST
14741775,61580100,2011-12-23,PRO
14741775,13726073,2012-12-22,CON
14741776,14592087,2015-01-08,CON
14741778,PCT/US2013/074682,2013-12-12,NST
14741781,13774043,2013-02-22,DIV
14741784,62013199,2014-06-17,PRO
14741785,14595444,2015-01-13,CON
14741786,12679922,2010-10-01,CON
14741786,PCT/JP2008/067534,2008-09-26,NST
14741789,13222281,2011-08-31,CON
14741795,PCT/CN2014/070126,2014-01-04,CON
14741797,61738662,2012-12-18,PRO
14741797,PCT/US13/74640,2013-12-12,NST
14741798,12809476,2010-06-18,CON
14741798,PCT/JP2008/073014,2008-12-17,NST
14741800,62013856,2014-06-18,PRO
14741801,14597708,2015-01-15,CON
14741807,13162130,2011-06-16,CON
14741813,62014322,2014-06-19,PRO
14741814,14330435,2014-07-14,CIP
14741819,14598843,2015-01-16,CON
14741822,11056630,2005-02-07,REI
14741823,11947707,2007-11-29,CON
14741823,14148267,2014-01-06,CON
14741826,13552995,2012-07-19,CON
14741827,14174722,2014-02-06,CON
14741828,PCT/GB2013/053320,2013-12-17,CIP
14741830,62013508,2014-06-17,PRO
14741835,11533683,2006-09-20,CON
14741836,62019122,2014-06-30,PRO
14741837,62031222,2014-07-31,PRO
14741839,11567889,2006-12-07,CON
14741839,14223119,2014-03-24,CON
14741843,14046227,2013-10-04,CIP
14741844,PCT/JP2013/082610,2013-12-04,CON
14741846,14057311,2013-10-18,DIV
14741848,12602292,2010-02-26,CON
14741848,PCT/NZ2008/000128,2008-05-30,NST
14741850,13222278,2011-08-31,CON
14741855,12475203,2009-05-29,CON
14741855,13546002,2012-07-11,CON
14741855,13743593,2013-01-17,CON
14741855,14504974,2014-10-02,CON
14741857,60599437,2004-08-06,PRO
14741857,11056630,2005-02-07,REI
14741859,62015410,2014-06-21,PRO
14741864,61009699,2007-12-31,PRO
14741864,61009659,2007-12-31,PRO
14741864,61009673,2007-12-31,PRO
14741864,61009671,2007-12-31,PRO
14741864,12345937,2008-12-30,DIV
14741866,62014986,2014-06-20,PRO
14741868,62013326,2014-06-17,PRO
14741868,62042549,2014-08-27,PRO
14741868,62114848,2015-02-11,PRO
14741869,13424812,2012-03-20,CON
14741869,14460189,2014-08-14,CON
14741871,12309991,2009-09-17,CON
14741871,PCT/KR2007/003690,2007-08-01,NST
14741874,12652477,2010-01-05,CON
14741881,62013208,2014-06-17,PRO
14741883,13978052,2013-07-02,CON
14741883,PCT/EP2012/000029,2012-01-04,NST
14741884,12486918,2009-06-18,DIV
14741885,62016481,2014-06-24,PRO
14741887,PCT/JP2012/083394,2012-12-25,CON
14741889,12725202,2010-03-16,REI
14741890,14139709,2013-12-23,DIV
14741891,61495155,2011-06-09,PRO
14741891,13492385,2012-06-08,DIV
14741892,60599437,2004-08-06,PRO
14741892,11056630,2005-02-07,REI
14741897,13179700,2011-07-11,CON
14741902,PCT/JP2013/007267,2013-12-10,CON
14741906,12973556,2010-12-20,CON
14741907,61901099,2013-11-07,PRO
14741907,14511337,2014-10-10,CON
14741908,13861813,2013-04-12,CON
14741908,PCT/JP2010/069885,2010-11-09,CON
14741912,PCT/JP2012/084222,2012-12-28,CON
14741913,62013797,2014-06-18,PRO
14741915,60784118,2006-03-20,PRO
14741915,11725831,2007-03-20,CON
14741916,61670380,2012-07-11,PRO
14741916,61682622,2012-08-13,PRO
14741916,13939816,2013-07-11,DIV
14741918,13834209,2013-03-15,DIV
14741921,62013903,2014-06-18,PRO
14741927,61738778,2012-12-18,PRO
14741927,PCT/US13/74726,2013-12-12,NST
14741929,62013937,2014-06-18,PRO
14741933,PCT/EP2013/077860,2013-12-20,CON
14741934,13686078,2012-11-27,CON
14741936,PCT/JP2012/008143,2012-12-19,CON
14741937,62014097,2014-06-18,PRO
14741938,62013911,2014-06-18,PRO
14741943,14163646,2014-01-24,CIP
14741944,62014813,2014-06-20,PRO
14741948,13819769,2013-04-24,CON
14741948,14329645,2014-07-11,CON
14741948,PCT/IB2011/002139,2011-09-14,NST
14741951,61258852,2009-11-06,PRO
14741951,12941883,2010-11-08,CON
14741954,61670372,2012-07-11,PRO
14741954,61682627,2012-08-13,PRO
14741954,13939787,2013-07-11,DIV
14741957,13819769,2013-04-24,CON
14741957,14329645,2014-07-11,CON
14741957,PCT/IB2011/002139,2011-09-14,NST
14741970,13834953,2013-03-15,CON
14741972,29482136,2014-02-14,CIP
14741972,61989089,2014-05-06,PRO
14741972,29490049,2014-05-06,CIP
14741972,14704105,2015-05-05,CON
14741972,14704121,2015-05-05,CON
14741974,PCT/JP2012/008141,2012-12-19,CON
14741975,61558215,2011-11-10,PRO
14741975,61641595,2012-05-02,PRO
14741975,13672108,2012-11-08,CON
14741975,13916782,2013-06-13,CON
14741977,61338822,2010-02-23,PRO
14741977,12850005,2010-08-04,DIV
14741977,13775324,2013-02-25,CON
14741978,PCT/US2013/074729,2013-12-12,NST
14741981,13671809,2012-11-08,CON
14741985,10592811,2008-06-02,CON
14741985,PCT/IB04/00813,2004-03-19,NST
14741988,13121010,2011-07-22,CON
14741988,PCT/EP2009/062782,2009-10-01,NST
14741993,13122558,2011-04-04,CON
14741993,PCT/JP2009/067284,2009-09-28,NST
14741994,62012979,2014-06-17,PRO
14741996,PCT/EP2013/077302,2013-12-19,CON
14741997,13440571,2012-04-05,CON
14741998,62013252,2014-06-17,PRO
14742003,62014108,2014-06-18,PRO
14742006,13064262,2011-03-15,CON
14742008,62014386,2014-06-19,PRO
14742011,12565990,2009-09-24,CIP
14742011,13751515,2013-01-28,CIP
14742013,62014610,2014-06-19,PRO
14742013,62017743,2014-06-26,PRO
14742014,12803376,2010-06-24,CON
14742014,14160890,2014-01-22,CON
14742017,62015333,2014-06-20,PRO
14742018,62014294,2014-06-19,PRO
14742021,11691071,2007-03-26,DIV
14742022,62013411,2014-06-17,PRO
14742024,62015181,2014-06-20,PRO
14742025,62013239,2014-06-17,PRO
14742026,PCT/US2013/074616,2013-12-12,NST
14742027,62014538,2014-06-19,PRO
14742031,62013036,2014-06-17,PRO
14742032,61976188,2014-04-07,PRO
14742032,14618618,2015-02-10,CON
14742037,13384734,2012-07-16,CON
14742037,PCT/AU2010/001040,2010-08-13,NST
14742039,62014458,2014-06-19,PRO
14742040,10305480,2002-11-27,CIP
14742040,10723486,2003-11-26,CIP
14742040,60628516,2004-11-15,PRO
14742040,60631296,2004-11-26,PRO
14742040,11271050,2005-11-11,CON
14742040,12344121,2008-12-24,CON
14742041,13681328,2012-11-19,DIV
14742045,13563297,2012-07-31,CON
14742048,61598012,2012-02-13,PRO
14742048,13764990,2013-02-12,CON
14742050,61738884,2012-12-18,PRO
14742050,PCT/US13/74524,2013-12-12,NST
14742053,62013169,2014-06-17,PRO
14742059,13171718,2011-06-29,DIV
14742061,61542935,2011-10-04,PRO
14742061,13644877,2012-10-04,CIP
14742061,13831708,2013-03-15,CIP
14742061,62013234,2014-06-17,PRO
14742062,10572586,2006-03-20,CON
14742062,14021769,2013-09-09,DIV
14742062,PCT/JP04/18111,2004-11-30,NST
14742064,61614808,2012-03-23,PRO
14742064,13843336,2013-03-15,CON
14742065,62013913,2014-06-18,PRO
14742066,61713401,2012-10-12,PRO
14742066,61762588,2013-02-08,PRO
14742066,13781025,2013-02-28,CON
14742066,14276509,2014-05-13,CON
14742067,PCT/JP2013/005969,2013-10-08,CON
14742072,12895334,2010-09-30,DIV
14742073,61369084,2010-07-30,PRO
14742073,13193941,2011-07-29,CON
14742077,13430033,2012-03-26,CON
14742077,PCT/JP2009/071812,2009-12-28,CIP
14742078,13482763,2012-05-29,CON
14742084,62015039,2014-06-20,PRO
14742085,62013466,2014-06-17,PRO
14742086,PCT/US2013/074535,2013-12-12,NST
14742088,13761872,2013-02-07,DIV
14742088,14475147,2014-09-02,DIV
14742089,61378801,2010-08-31,PRO
14742089,13222991,2011-08-31,CON
14742099,62014290,2014-06-19,PRO
14742101,13790550,2013-03-08,DIV
14742106,62013028,2014-06-17,PRO
14742106,62090077,2014-12-10,PRO
14742106,14725908,2015-05-29,CIP
14742113,13129986,2011-08-02,DIV
14742113,PCT/JP2009/069425,2009-11-16,NST
14742115,62013265,2014-06-17,PRO
14742117,61014916,2007-12-19,PRO
14742117,11967504,2007-12-31,CON
14742117,12943103,2010-11-10,CON
14742118,61541254,2011-09-30,PRO
14742118,13584490,2012-08-13,DIV
14742120,13682235,2012-11-20,CON
14742122,13811581,2013-04-10,CON
14742122,PCT/KR2011/004906,2011-07-05,NST
14742123,12873681,2010-09-01,CON
14742123,14186488,2014-02-21,CON
14742126,PCT/JP2014/002831,2014-05-28,CON
14742127,62014836,2014-06-20,PRO
14742129,61492077,2011-06-01,PRO
14742129,13484700,2012-05-31,CON
14742129,14444804,2014-07-28,CON
14742132,61533972,2011-09-13,PRO
14742132,13614863,2012-09-13,CON
14742134,61738775,2012-12-18,PRO
14742134,PCT/US13/74642,2013-12-12,NST
14742136,62013163,2014-06-17,PRO
14742137,61040594,2008-03-28,PRO
14742137,12413231,2009-03-27,CIP
14742137,12718299,2010-03-05,CON
14742137,14058154,2013-10-18,CON
14742137,14517663,2014-10-17,CON
14742139,62013206,2014-06-17,PRO
14742140,13458303,2012-04-27,DIV
14742141,13884774,2013-10-18,CON
14742141,14199730,2014-03-06,CON
14742141,PCT/KR2011/002284,2011-04-01,NST
14742144,62013032,2014-06-17,PRO
14742145,62013168,2014-06-17,PRO
14742146,12047876,2008-03-13,DIV
14742146,13084244,2011-04-11,CON
14742149,14705396,2015-05-06,CON
14742150,PCT/CN2014/070989,2014-01-21,CON
14742151,PCT/US2015/017691,2015-02-26,CON
14742154,13990715,2013-05-30,CIP
14742154,PCT/US2012/021477,2012-01-01,NST
14742158,61466238,2011-03-22,PRO
14742158,13426730,2012-03-22,CON
14742158,14100896,2013-12-09,CON
14742158,14444682,2014-07-28,CON
14742162,62013767,2014-06-18,PRO
14742163,61475048,2011-04-13,PRO
14742163,13445225,2012-04-12,CON
14742163,14227885,2014-03-27,CON
14742165,13721257,2012-12-20,DIV
14742166,62013106,2014-06-17,PRO
14742167,PCT/FR2013/053194,2013-12-19,CON
14742168,PCT/EP2013/077228,2013-12-18,CON
14742169,PCT/JP2013/005249,2013-09-04,CON
14742171,10129837,2002-07-10,CON
14742171,11408958,2006-04-24,CON
14742171,PCT/EP00/10861,2000-11-03,NST
14742173,13547567,2012-07-12,CON
14742178,13519450,2012-06-27,CON
14742178,PCT/JP2010/073671,2010-12-28,NST
14742180,62018872,2014-06-30,PRO
14742181,13051245,2011-03-18,CON
14742181,13857672,2013-04-05,CON
14742184,61670745,2012-07-12,PRO
14742184,13939482,2013-07-11,CON
14742185,62013885,2014-06-18,PRO
14742187,14336819,2014-07-21,CIP
14742190,14056453,2013-10-17,CON
14742192,13713298,2012-12-13,CIP
14742194,12895395,2010-09-30,CON
14742197,12669486,2010-01-16,CON
14742198,PCT/CN2013/083358,2013-09-12,CON
14742199,62014060,2014-06-18,PRO
14742201,13715673,2012-12-14,CON
14742202,13919764,2013-06-17,CON
14742203,13990974,2013-05-31,DIV
14742203,PCT/EP2012/050609,2012-01-17,NST
14742205,14454799,2014-08-08,CIP
14742207,13920844,2013-06-18,CON
14742208,61665097,2012-06-27,PRO
14742208,61707344,2012-09-28,PRO
14742208,13827949,2013-03-14,CON
14742210,62013321,2014-06-17,PRO
14742211,14160377,2014-01-21,CIP
14742211,14163646,2014-01-24,CIP
14742211,14172901,2014-02-04,CIP
14742211,14178047,2014-02-11,CIP
14742211,14181459,2014-02-14,CIP
14742211,14216175,2014-03-17,CIP
14742211,14254253,2014-04-16,CIP
14742211,14296699,2014-06-05,CIP
14742211,14325991,2014-07-08,CIP
14742211,14489706,2014-09-18,CIP
14742211,14498765,2014-09-26,CIP
14742211,14504723,2014-10-02,CIP
14742211,14554044,2014-11-26,CIP
14742211,14559126,2014-12-03,CIP
14742211,14561146,2014-12-04,CIP
14742211,14589713,2015-01-05,CON
14742212,PCT/CN2012/086727,2012-12-17,CON
14742214,13643235,2012-10-24,CON
14742214,PCT/CA2010/000645,2010-04-30,NST
14742215,61303179,2010-02-10,PRO
14742215,PCT/US11/24102,2011-02-08,NST
14742215,13577772,2012-10-16,DIV
14742216,62015071,2014-06-20,PRO
14742217,12841333,2010-07-22,CON
14742224,PCT/EP2013/074679,2013-11-26,CON
14742226,12922156,2010-09-10,CON
14742226,13941148,2013-07-12,CON
14742226,14480094,2014-09-08,CON
14742226,PCT/KR2009/002503,2009-05-12,NST
14742230,PCT/DE2013/000802,2013-12-17,CON
14742231,62013261,2014-06-17,PRO
14742232,62013131,2014-06-17,PRO
14742234,14160377,2014-01-21,CIP
14742234,14163646,2014-01-24,CIP
14742234,14172901,2014-02-04,CIP
14742234,14178047,2014-02-11,CIP
14742234,14181459,2014-02-14,CIP
14742234,14216175,2014-03-17,CIP
14742234,14254253,2014-04-16,CIP
14742234,14296699,2014-06-05,CIP
14742234,14325991,2014-07-08,CIP
14742234,14489706,2014-09-18,CIP
14742234,14498765,2014-09-26,CIP
14742234,14504723,2014-10-02,CIP
14742234,14554044,2014-11-26,CIP
14742234,14559126,2014-12-03,CIP
14742234,14561146,2014-12-04,CIP
14742234,14589713,2015-01-05,CON
14742237,14669976,2015-03-26,CON
14742238,62018086,2014-06-27,PRO
14742241,14013341,2013-08-29,DIV
14742244,13399679,2012-02-17,CON
14742246,62013189,2014-06-17,PRO
14742249,14160377,2014-01-21,CIP
14742249,14163646,2014-01-24,CIP
14742249,14172901,2014-02-04,CIP
14742249,14178047,2014-02-11,CIP
14742249,14181459,2014-02-14,CIP
14742249,14216175,2014-03-17,CIP
14742249,14254253,2014-04-16,CIP
14742249,14296699,2014-06-05,CIP
14742249,14325991,2014-07-08,CIP
14742249,14489706,2014-09-18,CIP
14742249,14498765,2014-09-26,CIP
14742249,14504723,2014-10-02,CIP
14742249,14554044,2014-11-26,CIP
14742249,14559126,2014-12-03,CIP
14742249,14561146,2014-12-04,CIP
14742249,14589713,2015-01-05,CON
14742257,PCT/JP2012/008138,2012-12-19,CON
14742258,62015378,2014-06-20,PRO
14742262,14160377,2014-01-21,CIP
14742262,14163646,2014-01-24,CIP
14742262,14172901,2014-02-04,CIP
14742262,14178047,2014-02-11,CIP
14742262,14181459,2014-02-14,CIP
14742262,14216175,2014-03-17,CIP
14742262,14254253,2014-04-16,CIP
14742262,14296699,2014-06-05,CIP
14742262,14325991,2014-07-08,CIP
14742262,14489706,2014-09-18,CIP
14742262,14498765,2014-09-26,CIP
14742262,14504723,2014-10-02,CIP
14742262,14554044,2014-11-26,CIP
14742262,14559126,2014-12-03,CIP
14742262,14561146,2014-12-04,CIP
14742262,14589713,2015-01-05,CON
14742269,13127004,2011-04-29,CON
14742269,14624039,2015-02-17,CON
14742269,PCT/KR2009/006168,2009-10-23,NST
14742271,13693304,2012-12-04,CON
14742272,62012992,2014-06-17,PRO
14742274,62015257,2014-06-20,PRO
14742274,62084397,2014-11-25,PRO
14742276,62018041,2014-06-27,PRO
14742277,62017078,2014-06-25,PRO
14742278,62015223,2014-06-20,PRO
14742279,14342174,2014-02-28,CON
14742280,PCT/JP2012/083090,2012-12-20,CON
14742282,62014432,2014-06-19,PRO
14742282,62114227,2015-02-10,PRO
14742282,62168557,2015-05-29,PRO
14742285,62015317,2014-06-20,PRO
14742286,62015378,2014-06-20,PRO
14742287,61416506,2010-11-23,PRO
14742287,13301162,2011-11-21,CON
14742289,13679019,2012-11-16,CIP
14742289,61779630,2013-03-13,PRO
14742289,14079527,2013-11-13,CON
14742290,61665097,2012-06-27,PRO
14742290,61707344,2012-09-28,PRO
14742290,13827949,2013-03-14,CON
14742291,62018178,2014-06-27,PRO
14742298,61792745,2013-03-15,PRO
14742298,13851651,2013-03-27,CON
14742302,61542935,2011-10-04,PRO
14742302,13644877,2012-10-04,CIP
14742302,13831708,2013-03-15,CIP
14742302,62013091,2014-06-17,PRO
14742305,62014509,2014-06-19,PRO
14742310,14196251,2014-03-04,CIP
14742311,12894377,2010-09-30,CIP
14742311,13097891,2011-04-29,CON
14742311,14283733,2014-05-21,CON
14742313,14736617,2015-06-11,CON
14742315,PCT/CN2013/088278,2013-12-02,CON
14742319,12311796,2009-04-13,DIV
14742319,PCT/JP2007/068609,2007-09-26,NST
14742320,13528144,2012-06-20,CON
14742320,14478888,2014-09-05,CON
14742321,12894377,2010-09-30,CIP
14742321,13097891,2011-04-29,CON
14742321,14283733,2014-05-21,CON
14742322,62018307,2014-06-27,PRO
14742323,11197869,2005-08-05,CIP
14742323,13088730,2011-04-18,CIP
14742323,13367984,2012-02-07,CIP
14742323,13772150,2013-02-20,CIP
14742323,13952875,2013-07-29,CIP
14742323,14069965,2013-11-01,CIP
14742323,14160174,2014-01-21,CIP
14742323,14444668,2014-07-28,CIP
14742323,14591158,2015-01-07,CIP
14742323,14635595,2015-03-02,CIP
14742326,PCT/JP2013/083934,2013-12-18,CON
14742328,13868629,2013-04-23,CIP
14742328,61840444,2013-06-27,PRO
14742328,62013304,2014-06-17,PRO
14742328,14316248,2014-06-26,CIP
14742329,12906620,2010-10-18,CIP
14742329,13731811,2012-12-31,DIV
14742332,62003544,2014-05-27,PRO
14742332,62050004,2014-09-12,PRO
14742332,14503263,2014-09-30,CON
14742334,12295828,2008-10-02,DIV
14742334,12760728,2010-04-15,CON
14742334,14075194,2013-11-08,CON
14742334,PCT/US2007/066522,2007-04-12,NST
14742336,14024209,2013-09-11,CON
14742337,14065255,2013-10-28,DIV
14742338,61242239,2009-09-14,PRO
14742338,12881810,2010-09-14,CON
14742338,13683780,2012-11-21,CON
14742338,13958128,2013-08-02,CON
14742338,14204318,2014-03-11,CIP
14742338,62013184,2014-06-17,PRO
14742338,14462294,2014-08-18,CIP
14742339,62013802,2014-06-18,PRO
14742340,62028070,2014-07-23,PRO
14742340,14742498,2015-06-17,CIP
14742341,62067169,2014-10-22,PRO
14742342,61377262,2010-08-26,PRO
14742342,13219376,2011-08-26,CON
14742345,60251900,2000-12-06,PRO
14742345,60268560,2001-02-14,PRO
14742345,10004942,2001-12-05,CIP
14742345,10076180,2002-02-13,CIP
14742345,10366671,2003-02-13,CON
14742345,11982007,2007-10-31,CON
14742345,13275246,2011-10-17,CON
14742345,14553607,2014-11-25,CON
14742348,13659072,2012-10-24,CON
14742350,13520039,2012-06-29,CIP
14742350,PCT/JP2011/050395,2011-01-13,NST
14742352,61865339,2013-08-13,PRO
14742352,61899630,2013-11-04,PRO
14742352,62007050,2014-06-03,PRO
14742352,14457647,2014-08-12,CON
14742357,62013045,2014-06-17,PRO
14742359,62013079,2014-06-17,PRO
14742359,14683433,2015-04-10,CIP
14742359,14683503,2015-04-10,CIP
14742359,14683569,2015-04-10,CIP
14742359,14683723,2015-04-10,CIP
14742359,14683786,2015-04-10,CIP
14742362,62039159,2014-08-19,PRO
14742363,14665400,2015-03-23,CON
14742365,PCT/CN2013/070672,2013-01-18,CON
14742367,62013998,2014-06-18,PRO
14742373,13198563,2011-08-04,CON
14742373,14475135,2014-09-02,CON
14742373,14733692,2015-06-08,CON
14742374,12394632,2009-02-27,CON
14742374,14253991,2014-04-16,CON
14742375,11873156,2007-10-16,DIV
14742375,13103594,2011-05-09,DIV
14742375,14079963,2013-11-14,CON
14742376,61449311,2011-03-04,PRO
14742376,13369905,2012-02-09,CON
14742377,13127004,2011-04-29,CON
14742377,14624039,2015-02-17,CON
14742377,PCT/KR2009/006168,2009-10-23,NST
14742378,13198563,2011-08-04,CON
14742378,14475135,2014-09-02,CON
14742378,14733692,2015-06-08,CON
14742379,62013256,2014-06-17,PRO
14742380,62013841,2014-06-18,PRO
14742381,14128899,2014-02-04,DIV
14742381,PCT/US2012/044455,2012-06-27,NST
14742383,62003544,2014-05-27,PRO
14742383,62050004,2014-09-12,PRO
14742383,14503219,2014-09-30,CON
14742385,62013441,2014-06-17,PRO
14742386,62013262,2014-06-17,PRO
14742387,62013054,2014-06-17,PRO
14742387,62116883,2015-02-16,PRO
14742389,14466953,2014-08-22,CIP
14742390,60722033,2005-09-30,PRO
14742390,11526813,2006-09-26,DIV
14742390,13422654,2012-03-16,DIV
14742391,PCT/EP2013/076889,2013-12-17,CON
14742392,62013601,2014-06-18,PRO
14742395,13664753,2012-10-31,CON
14742398,13907875,2013-06-01,DIV
14742399,14163646,2014-01-24,CIP
14742399,14741943,2015-06-17,CON
14742402,61560058,2011-11-15,PRO
14742402,13672156,2012-11-08,DIV
14742404,62013475,2014-06-17,PRO
14742405,14465670,2014-08-21,CIP
14742405,14702701,2015-05-02,CIP
14742406,62003544,2014-05-27,PRO
14742406,62050004,2014-09-12,PRO
14742406,14503263,2014-09-30,CON
14742407,61711388,2012-10-09,PRO
14742407,61803770,2013-03-20,PRO
14742407,14045512,2013-10-03,CON
14742409,62020560,2014-07-03,PRO
14742411,62013334,2014-06-17,PRO
14742413,61498246,2011-06-17,PRO
14742413,13526189,2012-06-18,CON
14742414,13872254,2013-04-29,CON
14742415,61874840,2013-09-06,PRO
14742415,14478697,2014-09-05,CIP
14742416,62013972,2014-06-18,PRO
14742419,13127004,2011-04-29,CON
14742419,14624039,2015-02-17,CON
14742419,PCT/KR2009/006168,2009-10-23,NST
14742420,62013405,2014-06-17,PRO
14742420,62016373,2014-06-24,PRO
14742422,62013232,2014-06-17,PRO
14742425,13774909,2013-02-22,DIV
14742429,13742319,2013-01-15,DIV
14742431,14252607,2014-04-14,DIV
14742432,61019488,2008-01-07,PRO
14742432,12349056,2009-01-06,CON
14742432,13313484,2011-12-07,REI
14742434,PCT/CN2012/087541,2012-12-26,CON
14742435,62015380,2014-06-20,PRO
14742436,62013750,2014-06-18,PRO
14742437,PCT/CN2013/089664,2013-12-17,CON
14742439,13689262,2012-11-29,DIV
14742440,62013399,2014-06-17,PRO
14742442,62023717,2014-07-11,PRO
14742447,14143023,2013-12-30,CIP
14742454,62013409,2014-06-17,PRO
14742456,60933194,2007-06-04,PRO
14742456,12133344,2008-06-04,CIP
14742456,61058888,2008-06-04,PRO
14742456,61058892,2008-06-04,PRO
14742456,61082189,2008-07-19,PRO
14742456,12478505,2009-06-04,CIP
14742456,12478511,2009-06-04,CIP
14742456,12504288,2009-07-16,CIP
14742456,13513224,2012-08-01,CON
14742456,PCT/US2010/058848,2010-12-03,NST
14742457,13029263,2011-02-17,DIV
14742457,13074179,2011-03-29,CON
14742457,13567707,2012-08-06,CIP
14742457,13589754,2012-08-20,CIP
14742457,61725233,2012-11-12,PRO
14742457,13841261,2013-03-15,CIP
14742457,14005850,2013-09-18,CIP
14742457,14005852,2013-09-18,CIP
14742457,14031290,2013-09-19,DIV
14742457,PCT/US2011/033912,2011-04-26,NST
14742457,PCT/US2012/030210,2012-03-22,NST
14742462,13030385,2011-02-18,CON
14742464,61226567,2009-07-17,PRO
14742464,PCT/US10/42471,2010-07-19,NST
14742464,13384575,2012-01-17,DIV
14742466,61714140,2012-10-15,PRO
14742466,61714145,2012-10-15,PRO
14742466,61780703,2013-03-13,PRO
14742466,61786277,2013-03-14,PRO
14742466,14054695,2013-10-15,CON
14742466,14639878,2015-03-05,CON
14742468,62015380,2014-06-20,PRO
14742473,PCT/US2013/075879,2013-12-17,CON
14742474,62013413,2014-06-17,PRO
14742476,62012991,2014-06-17,PRO
14742476,62159184,2015-05-08,PRO
14742477,60924861,2007-06-01,PRO
14742477,12076938,2008-03-25,CON
14742477,13007367,2011-01-14,CON
14742477,14017137,2013-09-03,CON
14742480,13827122,2013-03-14,CON
14742481,61474821,2011-04-13,PRO
14742481,61499595,2011-06-21,PRO
14742481,13447007,2012-04-13,CON
14742481,13722807,2012-12-20,CON
14742481,14275667,2014-05-12,CON
14742483,61493071,2011-06-03,PRO
14742483,61645931,2012-05-11,PRO
14742483,13486488,2012-06-01,CON
14742485,62013360,2014-06-17,PRO
14742487,62013816,2014-06-18,PRO
14742489,62015380,2014-06-20,PRO
14742491,12183437,2008-07-31,CON
14742492,62013159,2014-06-17,PRO
14742493,61801528,2013-03-15,PRO
14742493,61897074,2013-10-29,PRO
14742493,14216744,2014-03-17,CON
14742494,09677954,2000-10-02,REI
14742497,61766437,2013-02-19,PRO
14742497,14184078,2014-02-19,CON
14742498,62028070,2014-07-23,PRO
14742498,14742340,2015-06-17,CIP
14742501,61160601,2009-03-16,PRO
14742501,61160644,2009-03-16,PRO
14742501,12720375,2010-03-09,CON
14742502,61088427,2008-08-13,PRO
14742502,12434445,2009-05-01,CON
14742503,61801528,2013-03-15,PRO
14742503,61897074,2013-10-29,PRO
14742503,14216744,2014-03-17,CON
14742510,13057570,2011-03-01,DIV
14742510,14448970,2014-07-31,CON
14742510,PCT/JP2009/062871,2009-07-16,NST
14742511,PCT/EP2013/003681,2013-12-05,CON
14742512,PCT/EP2013/076929,2013-12-17,CON
14742513,PCT/US2015/024578,2015-04-06,CON
14742515,62013354,2014-06-17,PRO
14742517,61738360,2012-12-17,PRO
14742517,PCT/US13/75890,2013-12-17,CON
14742519,61059513,2008-06-06,PRO
14742519,61059618,2008-06-06,PRO
14742519,12479416,2009-06-05,CON
14742521,13072539,2011-03-25,CON
14742521,14097121,2013-12-04,CON
14742523,14163646,2014-01-24,CIP
14742523,14741943,2015-06-17,CON
14742525,14163646,2014-01-24,CIP
14742525,14741943,2015-06-17,CON
14742527,62019863,2014-07-01,PRO
14742528,14163646,2014-01-24,CIP
14742528,14741943,2015-06-17,CON
14742529,62026482,2014-07-18,PRO
14742531,10852305,2004-05-24,REI
14742532,62017107,2014-06-25,PRO
14742536,61428841,2010-12-30,PRO
14742536,13341459,2011-12-30,CON
14742537,14084899,2013-11-20,CON
14742538,PCT/CN2014/071040,2014-01-22,CON
14742538,PCT/CN2014/071041,2014-01-22,CON
14742539,12083140,2010-07-28,CON
14742539,13668730,2012-11-05,CON
14742539,PCT/US2006/037433,2010-07-28,NST
14742540,62013642,2014-06-18,PRO
14742541,13524700,2012-06-15,CON
14742542,PCT/EP2013/003710,2013-12-09,CON
14742543,14163646,2014-01-24,CIP
14742543,14741943,2015-06-17,CON
14742545,11261051,2005-10-27,CON
14742545,12123184,2008-05-19,CON
14742545,PCT/US2004/038661,2004-11-18,CON
14742547,62014539,2014-06-19,PRO
14742549,PCT/NL2014/050369,2014-06-06,CON
14742551,PCT/JP2013/084134,2013-12-19,CON
14742553,62013243,2014-06-17,PRO
14742554,13844211,2013-03-15,CON
14742556,13643537,2013-04-17,CON
14742556,14267759,2014-05-01,CON
14742556,PCT/US2011/034134,2011-04-27,NST
14742557,61603128,2012-02-24,PRO
14742557,13684440,2012-11-23,CON
14742560,62014403,2014-06-19,PRO
14742565,10551806,2007-02-08,CON
14742565,PCT/AU2004/000441,2004-04-02,NST
14742567,13228751,2011-09-09,CON
14742568,62013470,2014-06-17,PRO
14742569,62013207,2014-06-17,PRO
14742570,61501207,2011-06-25,PRO
14742570,PCT/US12/43813,2012-06-22,NST
14742570,14127699,2014-03-27,CON
14742571,62015944,2014-06-23,PRO
14742573,62015110,2014-06-20,PRO
14742574,62014104,2014-06-18,PRO
14742575,13894190,2013-05-14,CIP
14742576,14466842,2014-08-22,CON
14742576,14466941,2014-08-22,CON
14742576,PCT/US2013/027391,2013-02-22,CON
14742577,13754724,2013-01-30,CIP
14742577,13901497,2013-05-23,CON
14742578,14075677,2013-11-08,CON
14742583,62013505,2014-06-17,PRO
14742583,14613170,2015-02-03,CIP
14742584,60760855,2006-01-20,PRO
14742584,11655651,2007-01-19,CIP
14742584,11955295,2007-12-12,CIP
14742584,12168809,2008-07-07,CIP
14742584,12358667,2009-01-23,CIP
14742584,13503007,2012-04-19,CON
14742586,PCT/CN2012/086996,2012-12-20,CON
14742587,61692324,2012-08-23,PRO
14742587,13889241,2013-05-07,CIP
14742587,PCT/ES13/70229,2013-04-10,CIP
14742590,61692324,2012-08-23,PRO
14742590,13889241,2013-05-07,CIP
14742590,PCT/ES13/70229,2013-04-10,CIP
14742591,62025943,2014-07-17,PRO
14742595,62013844,2014-06-18,PRO
14742597,62015489,2014-06-22,PRO
14742600,PCT/JP2013/077242,2013-10-07,CON
14742606,62028070,2014-07-23,PRO
14742606,14742340,2015-06-17,CIP
14742606,14742498,2015-06-17,CIP
14742607,13366221,2012-02-03,DIV
14742607,13846448,2013-03-18,DIV
14742611,60972210,2007-09-13,PRO
14742611,12211004,2008-09-15,DIV
14742612,60961872,2007-07-24,PRO
14742612,12179520,2008-07-24,CON
14742612,13250653,2011-09-30,CON
14742612,13874424,2013-04-30,CON
14742612,14341502,2014-07-25,CON
14742615,61616301,2012-03-27,PRO
14742615,13835105,2013-03-15,CON
14742619,62013352,2014-06-17,PRO
14742621,61745448,2012-12-21,PRO
14742621,61785027,2013-03-14,PRO
14742621,14137799,2013-12-20,CON
14742622,PCT/NZ2013/000235,2013-12-16,CON
14742623,62013884,2014-06-18,PRO
14742624,13542092,2012-07-05,CON
14742632,62013616,2014-06-18,PRO
14742633,62013218,2014-06-17,PRO
14742635,62014612,2014-06-19,PRO
14742637,61449855,2011-03-07,PRO
14742637,13414542,2012-03-07,DIV
14742642,13335873,2011-12-22,CON
14742646,62013657,2014-06-18,PRO
14742646,62015685,2014-06-23,PRO
14742648,62013775,2014-06-18,PRO
14742649,12960465,2010-12-04,CON
14742651,14315200,2014-06-25,CIP
14742652,14138000,2013-12-20,CIP
14742653,60766825,2006-02-14,PRO
14742653,60807031,2006-07-11,PRO
14742653,60867400,2006-11-28,PRO
14742653,11674646,2007-02-13,CON
14742653,60891532,2007-02-26,PRO
14742653,11776392,2007-07-11,CIP
14742653,11776392,2007-07-11,DIV
14742653,11946679,2007-11-28,DIV
14742653,61171447,2009-04-21,PRO
14742653,12723439,2010-03-12,CIP
14742653,12764808,2010-04-21,CON
14742653,13083128,2011-04-08,CIP
14742653,61609297,2012-03-10,PRO
14742653,13602185,2012-09-02,CIP
14742653,13651837,2012-10-15,CIP
14742653,13792043,2013-03-09,CON
14742653,14338250,2014-07-22,CIP
14742653,14703868,2015-05-04,CIP
14742656,PCT/CN2012/086830,2012-12-18,CON
14742661,61701561,2012-09-14,PRO
14742661,13939297,2013-07-11,CIP
14742663,60643056,2005-01-10,PRO
14742663,11328970,2006-01-09,CON
14742663,13588966,2012-08-17,CON
14742663,14184047,2014-02-19,CON
14742665,62014006,2014-06-18,PRO
14742667,62014122,2014-06-19,PRO
14742668,14263802,2014-04-28,CIP
14742668,PCT/US2014/025742,2014-03-13,CON
14742669,61528968,2011-08-30,PRO
14742669,13473892,2012-05-17,CON
14742669,14072042,2013-11-05,CON
14742671,13544189,2012-07-09,CON
14742671,PCT/JP2010/051553,2010-02-04,CON
14742672,13207756,2011-08-11,DIV
14742673,13342899,2012-01-03,CON
14742673,13940127,2013-07-11,CON
14742678,PCT/EP2013/077271,2013-12-19,CON
14742692,14329944,2014-07-13,CON
14742692,14580124,2014-12-22,CON
14742703,62013553,2014-06-18,PRO
14742704,13287122,2011-11-01,CON
14742708,PCT/JP2012/082971,2012-12-19,CON
14742710,14245007,2014-04-04,CON
14742711,61766866,2013-02-20,PRO
14742711,14185918,2014-02-20,CON
14742714,PCT/JP2013/083001,2013-12-09,CON
14742715,62014126,2014-06-19,PRO
14742719,62013561,2014-06-18,PRO
14742720,14567335,2014-12-11,CIP
14742723,13941555,2013-07-15,DIV
14742727,62013566,2014-06-18,PRO
14742728,62030129,2014-07-29,PRO
14742731,12153555,2008-05-21,CON
14742731,13466316,2012-05-08,CON
14742731,14457375,2014-08-12,CON
14742738,61998128,2014-06-19,PRO
14742740,PCT/JP2013/006448,2013-10-31,CON
14742742,62014308,2014-06-19,PRO
14742745,13492848,2012-06-09,DIV
14742748,62025114,2014-07-16,PRO
14742749,62017286,2014-06-26,PRO
14742750,60906091,2007-03-08,PRO
14742750,60924609,2007-05-22,PRO
14742750,60929165,2007-06-15,PRO
14742750,60935914,2007-09-06,PRO
14742750,60996746,2007-12-04,PRO
14742750,12075252,2008-03-10,CON
14742751,62022697,2014-07-10,PRO
14742752,13492848,2012-06-09,DIV
14742754,PCT/EP2013/003068,2013-10-11,CON
14742755,PCT/JP2013/056411,2013-03-08,CON
14742758,61897862,2013-10-31,PRO
14742758,14529909,2014-10-31,CON
14742760,61691955,2012-08-22,PRO
14742760,13971273,2013-08-20,CON
14742760,14451863,2014-08-05,CON
14742761,13492848,2012-06-09,DIV
14742763,61897888,2013-10-31,PRO
14742763,14529925,2014-10-31,CON
14742764,61319574,2010-03-31,PRO
14742764,13075303,2011-03-30,DIV
14742764,14046121,2013-10-04,CON
14742769,PCT/EP2013/076651,2013-12-16,CON
14742773,13524369,2012-06-15,CON
14742774,13864784,2013-04-17,CON
14742777,62014012,2014-06-18,PRO
14742778,PCT/JP2013/056412,2013-03-08,CON
14742779,62013653,2014-06-18,PRO
14742780,61136797,2008-10-03,PRO
14742780,12588101,2009-10-02,CON
14742788,62020151,2014-07-02,PRO
14742789,13326677,2011-12-15,DIV
14742791,PCT/EP2013/073472,2013-11-11,CON
14742794,61646999,2012-05-15,PRO
14742794,13893749,2013-05-14,CON
14742795,13326677,2011-12-15,DIV
14742798,PCT/JP2013/085027,2013-12-19,CON
14742800,61646999,2012-05-15,PRO
14742800,13893771,2013-05-14,CON
14742802,60830183,2006-07-12,PRO
14742802,11776978,2007-07-12,CON
14742802,13924205,2013-06-21,CON
14742802,14266042,2014-04-30,CON
14742803,PCT/EP2013/003622,2013-12-02,CON
14742805,PCT/EP2013/073679,2013-11-13,CON
14742808,13054009,2011-04-06,CON
14742808,PCT/AU2009/000980,2009-07-31,NST
14742809,13444025,2012-04-11,CON
14742809,14507922,2014-10-07,CON
14742814,61524414,2011-08-17,PRO
14742814,13589029,2012-08-17,DIV
14742817,13367964,2012-02-07,DIV
14742818,61632423,2012-05-07,PRO
14742818,13888884,2013-05-07,CON
14742818,14305153,2014-06-16,CON
14742819,60803285,2006-05-26,PRO
14742819,11726299,2007-03-21,CIP
14742819,12378880,2009-02-20,CON
14742822,12666879,2012-03-29,CON
14742822,12649944,2009-12-30,CON
14742822,PCT/IL2009/001089,2009-11-18,NST
14742826,PCT/EP2013/074433,2013-11-22,CON
14742828,PCT/CN2013/087200,2013-11-15,CON
14742829,62015001,2014-06-20,PRO
14742830,PCT/EP2013/003609,2013-11-29,CON
14742832,PCT/CN2013/090823,2013-12-30,CON
14742833,13737948,2013-01-10,DIV
14742835,61202186,2009-02-04,PRO
14742835,61295316,2010-01-15,PRO
14742835,12656624,2010-02-04,DIV
14742836,13246022,2011-09-27,DIV
14742837,60906091,2007-03-08,PRO
14742837,60924609,2007-05-22,PRO
14742837,60929165,2007-06-15,PRO
14742837,60935914,2007-09-06,PRO
14742837,60996746,2007-12-04,PRO
14742837,12075214,2008-03-10,CIP
14742837,12075244,2008-03-10,CIP
14742837,12075252,2008-03-10,CIP
14742837,12666879,2012-03-29,CIP
14742837,12781366,2010-05-17,CON
14742837,PCT/IL2009/001089,2009-11-18,NST
14742840,13508219,2012-05-30,DIV
14742840,PCT/EP2010/006738,2010-11-05,NST
14742844,62038987,2014-08-19,PRO
14742847,11740307,2007-04-26,CON
14742850,62013915,2014-06-18,PRO
14742856,13776281,2013-02-25,CON
14742857,62016469,2014-06-24,PRO
14742858,PCT/EP2013/076657,2013-12-16,CON
14742859,62013580,2014-06-18,PRO
14742862,13033725,2011-02-24,CON
14742864,12308827,2008-12-24,CON
14742864,PCT/MY2007/000040,2007-06-15,NST
14742868,13855883,2013-04-03,CON
14742869,PCT/JP2014/054984,2014-02-21,CON
14742870,61897915,2013-10-31,PRO
14742870,14529936,2014-10-31,CON
14742875,61972747,2014-03-31,PRO
14742875,14672510,2015-03-30,CON
14742877,PCT/JP2013/074285,2013-09-09,CON
14742881,PCT/US13/58708,2013-09-09,NST
14742888,62013778,2014-06-18,PRO
14742894,12864407,2010-07-23,DIV
14742894,PCT/US2009/040255,2009-04-10,NST
14742897,13071818,2011-03-25,DIV
14742897,14024721,2013-09-12,CON
14742898,PCT/DE2013/100429,2013-12-18,CON
14742901,62013790,2014-06-18,PRO
14742903,61871215,2013-08-28,PRO
14742903,61882998,2013-09-26,PRO
14742903,61904510,2013-11-15,PRO
14742903,61917620,2013-12-18,PRO
14742903,61938438,2014-02-11,PRO
14742903,14223639,2014-03-24,CIP
14742907,PCT/IB2014/066402,2014-11-27,CIP
14742913,12237264,2008-09-24,CON
14742913,14512255,2014-10-10,CON
14742916,13724732,2012-12-21,CON
14742916,13785247,2013-03-05,CON
14742918,62014387,2014-06-19,PRO
14742919,60824471,2006-09-05,PRO
14742919,60910217,2007-04-05,PRO
14742919,11850550,2007-09-05,CON
14742919,13446382,2012-04-13,CON
14742919,13903346,2013-05-28,CON
14742920,61076859,2008-06-30,PRO
14742920,61176426,2009-05-07,PRO
14742920,61185837,2009-06-10,PRO
14742920,12495019,2009-06-30,CON
14742920,13745463,2013-01-18,CON
14742921,61871215,2013-08-28,PRO
14742921,61882998,2013-09-26,PRO
14742921,61904510,2013-11-15,PRO
14742921,61917620,2013-12-18,PRO
14742921,61938438,2014-02-11,PRO
14742921,14223639,2014-03-24,CIP
14742923,11872874,2007-10-16,CON
14742923,12796752,2010-06-09,DIV
14742923,13611573,2012-09-12,CON
14742923,14553376,2014-11-25,CON
14742928,13534157,2012-06-27,CON
14742928,14182366,2014-02-18,CON
14742932,62013728,2014-06-18,PRO
14742936,62013851,2014-06-18,PRO
14742936,62034518,2014-08-07,PRO
14742936,62147964,2015-04-15,PRO
14742937,11254973,2005-10-21,CIP
14742937,13481756,2012-05-25,CIP
14742947,62013944,2014-06-18,PRO
14742947,62034489,2014-08-07,PRO
14742947,62147960,2015-04-15,PRO
14742947,62149444,2015-04-17,PRO
14742948,62014583,2014-06-19,PRO
14742949,61076859,2008-06-30,PRO
14742949,61176426,2009-05-07,PRO
14742949,61185837,2009-06-10,PRO
14742949,12495019,2009-06-30,CON
14742949,13745463,2013-01-18,CON
14742954,14705577,2015-05-06,CON
14742954,PCT/US2013/061115,2013-09-23,CIP
14742955,61316213,2010-03-22,PRO
14742955,13052821,2011-03-21,CON
14742955,13874848,2013-05-01,CON
14742955,14097893,2013-12-05,CON
14742960,PCT/DE2013/100430,2013-12-18,CON
14742961,13997075,2013-10-07,CON
14742961,PCT/MY2012/000073,2012-03-30,NST
14742970,62018902,2014-06-30,PRO
14742974,13204952,2011-08-08,CIP
14742974,13921411,2013-06-19,CON
14742978,62014352,2014-06-19,PRO
14742979,11717462,2007-03-13,DIV
14742979,13855354,2013-04-02,DIV
14742981,13668883,2012-11-05,CON
14742982,62013891,2014-06-18,PRO
14742983,62014088,2014-06-18,PRO
14742986,61186846,2009-06-14,PRO
14742986,61249155,2009-10-06,PRO
14742986,61290044,2009-12-24,PRO
14742986,12814980,2010-06-14,CON
14742988,62026975,2014-07-21,PRO
14742989,62013878,2014-06-18,PRO
14742990,13514923,2012-08-20,DIV
14742990,PCT/EP2010/069431,2010-12-10,NST
14742993,61798633,2013-03-15,PRO
14742993,14137285,2013-12-20,CON
14742995,13667376,2012-11-02,DIV
14742996,13228229,2011-09-08,CON
14742996,PCT/IL2011/000612,2011-07-28,CON
14742998,10540148,2005-12-05,CON
14742998,12098046,2008-04-04,CON
14742998,13196382,2011-08-02,CON
14742998,13480669,2012-05-25,CON
14742998,14249568,2014-04-10,CON
14742998,PCT/US2004/025417,2004-08-06,NST
14742999,62013804,2014-06-18,PRO
14743001,62014065,2014-06-18,PRO
14743004,13957680,2013-08-02,DIV
14743009,PCT/EP2013/076783,2013-12-17,CON
14743011,61789758,2013-03-15,PRO
14743011,13912893,2013-06-07,CON
14743013,62014089,2014-06-18,PRO
14743014,13187198,2011-07-20,CON
14743014,14186439,2014-02-21,CON
14743017,13625072,2012-09-24,CON
14743017,PCT/EP2010/002780,2010-05-06,CON
14743018,60868851,2006-12-06,PRO
14743018,60868893,2006-12-06,PRO
14743018,60868962,2006-12-07,PRO
14743018,60908095,2007-03-26,PRO
14743018,60916815,2007-05-09,PRO
14743018,11950271,2007-12-04,CIP
14743018,60992589,2007-12-05,PRO
14743018,12329525,2008-12-05,CIP
14743018,61180940,2009-05-26,PRO
14743018,12788066,2010-05-26,CIP
14743018,13015612,2011-01-28,CON
14743020,12366204,2009-02-05,CIP
14743020,61405279,2010-10-21,PRO
14743020,13272378,2011-10-13,CON
14743021,11887374,2009-07-30,CON
14743021,13846695,2013-03-18,CON
14743021,PCT/SE2006/000445,2006-04-18,NST
14743023,62015080,2014-06-20,PRO
14743026,10827106,2004-04-19,CON
14743026,13974725,2013-08-23,DIV
14743034,62014601,2014-06-19,PRO
14743035,11825262,2007-07-05,CIP
14743035,12858930,2010-08-18,CON
14743037,14231352,2014-03-31,CON
14743041,10215367,2002-08-08,CON
14743041,12002507,2007-12-17,CIP
14743041,12951790,2010-11-22,CON
14743041,13966011,2013-08-13,CON
14743043,PCT/KR2013/011952,2013-12-20,DIV
14743045,13131324,2011-05-26,CON
14743045,PCT/EP2009/065806,2009-11-25,NST
14743048,62037645,2014-08-15,PRO
14743050,PCT/JP2013/084042,2013-12-19,CON
14743051,13800918,2013-03-13,CON
14743051,13969333,2013-08-16,CIP
14743051,14537060,2014-11-10,CON
14743052,13995751,2013-06-19,DIV
14743052,PCT/JP2011/079779,2011-12-22,NST
14743053,62013690,2014-06-18,CIP
14743057,61627893,2011-10-20,PRO
14743057,13656967,2012-10-22,DIV
14743058,12940455,2010-11-05,CON
14743058,14589624,2015-01-05,CON
14743062,62014772,2014-06-20,PRO
14743065,62014761,2014-06-20,PRO
14743072,13304823,2011-11-28,DIV
14743073,61859820,2013-07-30,PRO
14743073,14339623,2014-07-24,DIV
14743074,61538366,2011-09-23,PRO
14743074,13624160,2012-09-21,CON
14743076,13494959,2012-06-12,CON
14743077,12922683,2010-09-14,CON
14743077,13941185,2013-07-12,CON
14743077,14475372,2014-09-02,CON
14743077,PCT/KR2009/002542,2009-05-13,NST
14743078,62037328,2014-08-14,PRO
14743082,PCT/CN2013/080979,2013-08-07,CON
14743084,13172052,2011-06-29,CON
14743084,14193704,2014-02-28,CON
14743087,PCT/EP2013/077828,2013-12-20,CIP
14743088,62037321,2014-08-14,PRO
14743089,PCT/CN2013/083166,2013-09-10,CON
14743092,13641682,2012-10-16,CON
14743092,PCT/KR2011/002762,2011-04-18,NST
14743094,13739365,2013-01-11,CON
14743094,PCT/EP2010/060202,2010-07-15,CON
14743095,62037319,2014-08-14,PRO
14743100,13826766,2013-03-14,DIV
14743102,62013722,2014-06-18,PRO
14743103,10577863,2006-04-28,DIV
14743103,13093220,2011-04-25,CON
14743103,14157093,2014-01-16,CON
14743103,PCT/JP04/11454,2004-08-10,NST
14743106,PCT/JP2014/056842,2014-03-14,CON
14743113,62014576,2014-06-19,PRO
14743113,62015065,2014-06-20,PRO
14743116,PCT/JP2013/084094,2013-12-19,CON
14743123,62013850,2014-06-18,PRO
14743124,10923450,2004-08-19,DIV
14743124,11416803,2006-05-03,DIV
14743124,12354059,2009-01-15,CON
14743124,13557984,2012-07-25,CON
14743126,12865071,2010-07-28,CON
14743126,PCT/SE09/00043,2009-01-29,NST
14743127,62014090,2014-06-18,PRO
14743128,62013825,2014-06-18,PRO
14743131,13759570,2013-02-05,CIP
14743131,13911167,2013-06-06,CON
14743132,62014868,2014-06-20,PRO
14743133,14362998,2014-06-05,CON
14743133,PCT/JP2012/081741,2012-12-07,NST
14743138,PCT/CN2012/087794,2012-12-28,CON
14743140,61515954,2011-08-07,PRO
14743140,13568530,2012-08-07,CON
14743142,60824891,2006-09-07,PRO
14743142,11852057,2007-09-07,CON
14743142,61160653,2009-03-16,PRO
14743142,12724159,2010-03-15,CIP
14743142,12937588,2010-12-15,CIP
14743142,61518927,2011-05-12,PRO
14743142,13117085,2011-05-26,CIP
14743142,13595548,2012-08-27,CIP
14743142,13762455,2013-02-08,CON
14743145,14173758,2014-02-05,DIV
14743147,62015299,2014-06-20,PRO
14743151,14030005,2013-09-18,DIV
14743156,PCT/JP2013/084485,2013-12-24,CON
14743157,13581581,2012-08-28,CIP
14743157,14490975,2014-09-19,CIP
14743157,PCT/AU2012/000823,2012-07-06,NST
14743159,61535605,2011-09-16,PRO
14743159,13618927,2012-09-14,DIV
14743160,62015640,2014-06-23,PRO
14743161,60824240,2006-08-31,PRO
14743161,11848298,2007-08-31,CON
14743161,14044614,2013-10-02,CON
14743166,62013680,2014-06-18,PRO
14743170,61641693,2012-05-02,PRO
14743170,13837160,2013-03-15,CON
14743176,62014641,2014-06-19,PRO
14743176,62154399,2015-04-29,PRO
14743177,PCT/EP2013/073955,2013-11-15,CON
14743179,PCT/EP2012/076416,2012-12-20,CIP
14743182,11382560,2006-05-10,CIP
14743182,12203979,2008-09-04,CON
14743189,60655141,2005-02-22,PRO
14743189,11358399,2006-02-21,CON
14743192,PCT/EP2012/076036,2012-12-18,CON
14743193,PCT/CN2012/086930,2012-12-19,CON
14743194,13560381,2012-07-27,CON
14743195,61603635,2012-02-27,PRO
14743195,13777769,2013-02-26,CIP
14743197,60842619,2006-09-05,PRO
14743197,11847307,2007-08-29,CON
14743197,13751483,2013-01-28,CON
14743202,62014238,2014-06-19,PRO
14743203,14021346,2013-09-09,CIP
14743205,61707784,2012-09-28,PRO
14743205,13830277,2013-03-14,CON
14743210,12565032,2009-09-23,CON
14743210,13800482,2013-03-13,CON
14743211,61321038,2010-04-05,PRO
14743211,13078488,2011-04-01,CON
14743212,62014053,2014-06-18,PRO
14743212,62014059,2014-06-18,PRO
14743212,62015545,2014-06-23,PRO
14743212,62172064,2015-06-06,PRO
14743212,62172065,2015-06-06,PRO
14743212,62172069,2015-06-06,PRO
14743213,62013662,2014-06-18,PRO
14743214,14186694,2014-02-21,DIV
14743215,61913805,2013-12-09,PRO
14743215,14484897,2014-09-12,DIV
14743218,09736972,2000-12-14,CON
14743218,10675798,2003-09-30,DIV
14743218,12343616,2008-12-24,CON
14743218,13359892,2012-01-27,CON
14743218,13728956,2012-12-27,CON
14743218,14083923,2013-11-19,CON
14743218,14452203,2014-08-05,CON
14743227,61611784,2012-03-16,PRO
14743227,13836845,2013-03-15,DIV
14743228,61540922,2011-09-29,PRO
14743228,13621923,2012-09-18,DIV
14743229,62013762,2014-06-18,PRO
14743231,13882094,2013-07-08,CON
14743231,PCT/IB2011/002813,2011-10-27,NST
14743234,13808908,2013-04-18,DIV
14743234,14019236,2013-09-05,CON
14743234,PCT/EP2011/061586,2011-07-08,NST
14743235,62014049,2014-06-18,PRO
14743237,12294641,2010-04-12,CON
14743237,14250517,2014-04-11,CON
14743237,14315703,2014-06-26,CON
14743237,14561426,2014-12-05,CON
14743237,PCT/EP2007/052939,2007-03-27,NST
14743239,61611784,2012-03-16,PRO
14743239,13836845,2013-03-15,DIV
14743241,14311080,2014-06-20,CON
14743243,62031336,2014-07-31,PRO
14743244,12631613,2009-12-04,CON
14743246,62013685,2014-06-18,PRO
14743248,62014791,2014-06-20,PRO
14743249,13789198,2013-03-07,CON
14743249,14139224,2013-12-23,CON
14743252,13692000,2012-12-03,CON
14743253,62014641,2014-06-19,PRO
14743253,62154399,2015-04-29,PRO
14743254,60647204,2005-01-26,PRO
14743254,60647205,2005-01-26,PRO
14743254,11339258,2006-01-25,CIP
14743254,12972619,2010-12-20,CIP
14743254,13649150,2012-10-11,CIP
14743254,62013598,2014-06-18,PRO
14743257,60931850,2007-05-25,PRO
14743257,12125621,2008-05-22,CON
14743257,14159074,2014-01-20,CON
14743259,11989256,2009-02-24,CON
14743259,14025988,2013-09-13,CON
14743259,PCT/US2006/028828,2006-07-25,NST
14743260,62015309,2014-06-20,PRO
14743261,62014052,2014-06-18,PRO
14743262,13651651,2012-10-15,DIV
14743266,61566244,2011-12-02,PRO
14743266,13679225,2012-11-16,CIP
14743266,14083060,2013-11-18,CON
14743270,13441978,2012-04-09,DIV
14743275,PCT/EP2013/075968,2013-12-09,CON
14743276,PCT/KR2014/010843,2014-11-12,CON
14743277,13789198,2013-03-07,CON
14743277,14139224,2013-12-23,CON
14743284,PCT/JP2013/083801,2013-12-17,CON
14743285,14567526,2014-12-11,CON
14743286,61524991,2011-08-18,PRO
14743286,13589003,2012-08-17,CON
14743289,62014057,2014-06-18,PRO
14743295,60816635,2006-06-27,PRO
14743295,11819517,2007-06-27,CON
14743295,13082261,2011-04-07,CON
14743295,14012401,2013-08-28,CON
14743296,12088641,2008-03-28,CON
14743296,13406374,2012-02-27,CON
14743296,13789358,2013-03-07,CON
14743296,14057969,2013-10-18,CON
14743296,14530229,2014-10-31,CON
14743296,PCT/JP2006/319550,2006-09-29,NST
14743299,14017816,2013-09-04,DIV
14743302,13818358,2013-02-22,CON
14743302,PCT/JP2011/068829,2011-08-22,NST
14743304,PCT/EP2013/076066,2013-12-10,CON
14743307,62013800,2014-06-18,PRO
14743308,14310498,2014-06-20,CIP
14743308,14310517,2014-06-20,CIP
14743308,14310542,2014-06-20,CIP
14743309,62014999,2014-06-20,PRO
14743310,61644858,2012-05-09,PRO
14743310,13837007,2013-03-15,CON
14743312,62016628,2014-06-24,PRO
14743313,PCT/EP2013/077101,2013-12-18,CON
14743316,12719478,2010-03-08,CON
14743316,13798948,2013-03-13,CON
14743318,60019214,1996-06-06,PRO
14743318,60981206,2007-10-19,PRO
14743318,61080169,2008-07-11,PRO
14743318,12253895,2008-10-17,DIV
14743318,13109957,2011-05-17,DIV
14743318,13530074,2012-06-21,CON
14743320,61909926,2013-11-27,PRO
14743320,14554482,2014-11-26,CON
14743326,62014758,2014-06-20,PRO
14743327,62015197,2014-06-20,PRO
14743328,13505922,2012-05-03,CIP
14743328,14492830,2014-09-22,CIP
14743328,PCT/FR2010/052358,2010-11-03,NST
14743331,62013587,2014-06-18,PRO
14743331,62103576,2015-01-15,PRO
14743335,62014849,2014-06-20,PRO
14743340,61640056,2012-04-30,PRO
14743340,61683245,2012-08-15,PRO
14743340,61762097,2013-02-07,PRO
14743340,13873315,2013-04-30,CON
14743341,PCT/EP2013/076357,2013-12-12,CON
14743344,61079001,2008-07-08,PRO
14743344,12487266,2009-06-18,CON
14743344,13444400,2012-04-11,CON
14743344,13796401,2013-03-12,CON
14743344,14151302,2014-01-09,CON
14743346,62032742,2014-08-04,PRO
14743347,13972818,2013-08-21,CON
14743348,62014498,2014-06-19,PRO
14743350,62014408,2014-06-19,PRO
14743351,62014912,2014-06-20,PRO
14743351,62015661,2014-06-23,PRO
14743352,60482234,2003-06-24,PRO
14743352,PCT/US04/19420,2004-06-18,NST
14743352,10562305,2007-03-09,DIV
14743352,12894783,2010-09-30,DIV
14743353,13078486,2011-04-01,CIP
14743353,13936574,2013-07-08,CIP
14743353,62014032,2014-06-18,PRO
14743359,62015254,2014-06-20,PRO
14743363,62014592,2014-06-19,PRO
14743364,13855116,2013-04-02,CON
14743365,61194083,2008-09-24,PRO
14743365,PCT/US09/05276,2009-09-23,NST
14743365,13120278,2011-11-01,REI
14743371,10784530,2004-02-23,CON
14743371,12540853,2009-08-13,CON
14743371,14264127,2014-04-29,CON
14743372,12890162,2010-09-24,CON
14743373,62016574,2014-06-24,PRO
14743376,10305717,2002-11-27,CON
14743376,12027975,2008-02-07,CON
14743381,13856488,2013-04-04,DIV
14743382,62029760,2014-07-28,PRO
14743383,13152912,2011-06-03,CON
14743384,61347154,2010-05-21,PRO
14743384,13112739,2011-05-20,CON
14743387,13650528,2012-10-12,CON
14743389,62014329,2014-06-19,PRO
14743393,14009205,2013-10-01,CON
14743393,PCT/JP2012/061954,2012-05-10,NST
14743395,62023701,2014-07-11,PRO
14743396,62020156,2014-07-02,PRO
14743397,PCT/CN2012/087693,2012-12-27,CON
14743400,14007514,2013-09-25,CON
14743400,PCT/JP2012/001284,2012-02-24,NST
14743402,62013698,2014-06-18,PRO
14743403,13543320,2012-07-06,CON
14743407,62017827,2014-06-26,PRO
14743408,14564937,2014-12-09,CON
14743410,62013821,2014-06-18,PRO
14743411,13980446,2013-07-18,CON
14743411,PCT/JP2012/050460,2012-01-12,NST
14743413,62015397,2014-06-21,PRO
14743415,13183705,2011-07-15,DIV
14743417,62013848,2014-06-18,PRO
14743418,60497882,2003-08-25,PRO
14743418,10927222,2004-08-25,CIP
14743418,11925663,2007-10-26,DIV
14743418,13663407,2012-10-29,CON
14743418,14052677,2013-10-11,CIP
14743419,14052332,2013-10-11,DIV
14743420,62013791,2014-06-18,PRO
14743421,10425973,2003-04-30,REI
14743424,11588691,2006-10-27,CON
14743426,62013940,2014-06-18,PRO
14743427,60771555,2006-02-07,PRO
14743427,11671588,2007-02-06,CON
14743427,12902680,2010-10-12,CON
14743427,14019850,2013-09-06,DIV
14743428,13780539,2013-02-28,DIV
14743429,62015129,2014-06-20,PRO
14743434,62015285,2014-06-20,PRO
14743439,61169350,2009-04-15,PRO
14743439,61169346,2009-04-15,PRO
14743439,61169493,2009-04-15,PRO
14743439,12760306,2010-04-14,CIP
14743440,12677660,2010-04-26,CON
14743440,14048796,2013-10-08,CON
14743440,PCT/GB2008/050951,2008-10-17,NST
14743449,61753011,2013-01-16,PRO
14743449,14071782,2013-11-05,CIP
14743449,14157207,2014-01-16,CIP
14743449,61980244,2014-05-08,PRO
14743449,62011285,2014-06-12,PRO
14743449,62013784,2014-06-18,PRO
14743449,62014217,2014-06-19,PRO
14743449,14319984,2014-06-30,CIP
14743449,62072148,2014-10-29,PRO
14743449,62108244,2015-01-27,PRO
14743452,14013854,2013-08-29,CON
14743455,13798026,2013-03-12,CON
14743456,PCT/KR2013/004271,2013-05-14,CIP
14743460,12908737,2010-10-20,CON
14743467,12614967,2009-11-09,DIV
14743467,14063235,2013-10-25,CON
14743468,13755532,2013-01-31,CIP
14743470,62015353,2014-06-20,PRO
14743473,61282998,2010-05-05,PRO
14743473,PCT/US11/35331,2011-05-05,CIP
14743473,13668766,2012-11-05,CON
14743474,62015269,2014-06-20,PRO
14743477,62015427,2014-06-21,PRO
14743478,62013853,2014-06-18,PRO
14743479,62014611,2014-06-19,PRO
14743480,61638864,2012-04-26,PRO
14743480,13870142,2013-04-25,CON
14743482,62014568,2014-06-19,PRO
14743483,09424043,1999-11-18,DIV
14743483,10067763,2002-02-08,DIV
14743483,10384756,2003-03-11,DIV
14743483,11490239,2006-07-21,CON
14743483,13018749,2011-02-01,CON
14743483,PCT/JP99/01342,1999-03-17,NST
14743484,62013666,2014-06-18,PRO
14743485,13994179,2013-09-06,DIV
14743485,PCT/US2011/064987,2011-12-14,NST
14743493,13483852,2012-05-30,CIP
14743493,13837209,2013-03-15,CON
14743494,62014257,2014-06-19,PRO
14743495,12908737,2010-10-20,CON
14743496,14086442,2013-11-21,CIP
14743496,14603636,2015-01-23,CIP
14743503,62016927,2014-06-25,PRO
14743505,13711176,2012-12-11,CON
14743506,62013768,2014-06-18,PRO
14743506,62058960,2014-10-02,PRO
14743509,62013951,2014-06-18,PRO
14743512,62015210,2014-06-20,PRO
14743513,61644858,2012-05-09,PRO
14743513,13837007,2013-03-15,CON
14743514,13964515,2013-08-12,CON
14743516,12333081,2008-12-11,DIV
14743516,13313138,2011-12-07,CON
14743517,62015015,2014-06-20,PRO
14743518,PCT/JP2013/007400,2013-12-17,CON
14743519,62015032,2014-06-20,PRO
14743520,62013739,2014-06-18,PRO
14743522,13719356,2012-12-19,CIP
14743523,62015040,2014-06-20,PRO
14743524,62013633,2014-06-18,PRO
14743525,13674747,2012-11-12,CON
14743528,09760635,2001-01-16,DIV
14743528,10948363,2004-09-23,CON
14743528,11419523,2006-05-22,REI
14743528,13439292,2012-04-04,REI
14743531,14575756,2014-12-18,CIP
14743531,PCT/AU2014/050433,2014-12-18,CIP
14743532,62015101,2014-06-20,PRO
14743533,14203204,2014-03-10,CON
14743534,62016820,2014-06-25,PRO
14743536,PCT/US2014/057029,2014-09-23,CIP
14743537,62013645,2014-06-18,PRO
14743538,10994942,2004-11-22,REI
14743538,13208123,2011-08-11,CON
14743538,13669820,2012-11-06,CON
14743538,14091410,2013-11-27,RIC
14743540,62015131,2014-06-20,PRO
14743541,13459792,2012-04-30,CON
14743542,13250618,2011-09-30,CON
14743542,PCT/US2010/029872,2010-04-02,CON
14743544,13122387,2011-06-10,CIP
14743544,14733564,2015-06-08,CON
14743544,PCT/NL2009/050611,2009-10-09,NST
14743547,12759260,2010-04-13,CON
14743549,12682483,2010-07-09,DIV
14743549,14104258,2013-12-12,CON
14743549,PCT/JP2008/068505,2008-10-10,NST
14743550,13490993,2012-06-07,CON
14743550,PCT/US2012/020797,2012-01-10,CIP
14743552,61644858,2012-05-09,PRO
14743552,13837007,2013-03-15,CON
14743555,61138707,2008-12-18,PRO
14743555,12640825,2009-12-17,CON
14743555,12960092,2010-12-03,CON
14743556,62015285,2014-06-20,PRO
14743557,13991500,2013-06-04,CON
14743557,PCT/JP2011/078214,2011-12-06,NST
14743560,62013671,2014-06-18,PRO
14743564,62015313,2014-06-20,PRO
14743564,62053672,2014-09-22,PRO
14743564,62056965,2014-09-29,PRO
14743572,12813452,2010-06-10,CON
14743572,13913474,2013-06-09,DIV
14743572,14307290,2014-06-17,CON
14743577,61987008,2014-05-01,PRO
14743577,14672814,2015-03-30,CON
14743579,61138707,2008-12-18,PRO
14743579,12640825,2009-12-17,CON
14743579,12960092,2010-12-03,CON
14743581,62014526,2014-06-19,PRO
14743583,62015084,2014-06-20,PRO
14743584,62013880,2014-06-18,PRO
14743586,PCT/EP2013/076798,2013-12-17,CON
14743591,13122942,2011-04-06,CON
14743591,13900264,2013-05-22,CON
14743591,14065020,2013-10-28,CON
14743591,14231087,2014-03-31,CON
14743591,14584579,2014-12-29,CON
14743591,PCT/JP2009/005286,2009-10-09,NST
14743593,62014573,2014-06-19,PRO
14743593,62032472,2014-08-01,PRO
14743593,62059719,2014-10-03,PRO
14743593,62115094,2015-02-11,PRO
14743593,62140798,2015-03-31,PRO
14743599,62022963,2014-07-10,PRO
14743605,62013881,2014-06-18,PRO
14743607,61138707,2008-12-18,PRO
14743607,12640825,2009-12-17,CON
14743607,12960092,2010-12-03,CON
14743613,62015285,2014-06-20,PRO
14743616,62018293,2014-06-27,PRO
14743619,PCT/JP2013/084442,2013-12-24,CON
14743622,13056254,2011-03-10,DIV
14743622,PCT/GB09/50946,2009-07-30,NST
14743624,62013774,2014-06-18,PRO
14743626,62014011,2014-06-18,PRO
14743627,61866993,2013-08-16,PRO
14743627,14459638,2014-08-14,CON
14743629,12594547,2009-10-02,DIV
14743629,13898058,2013-05-20,DIV
14743629,PCT/US2008/004589,2008-04-09,NST
14743631,13670542,2012-11-07,CON
14743631,PCT/NL2011/000030,2011-04-20,CON
14743632,62015210,2014-06-20,PRO
14743634,62013854,2014-06-18,PRO
14743634,62086012,2014-12-01,PRO
14743634,62151292,2015-04-22,PRO
14743635,13573986,2012-10-18,CIP
14743636,62014645,2014-06-19,PRO
14743641,PCT/CN2013/088941,2013-12-10,CON
14743646,PCT/EP2013/076844,2013-12-17,CON
14743651,62014116,2014-06-19,PRO
14743651,62014671,2014-06-19,PRO
14743651,62025494,2014-07-17,PRO
14743652,62038998,2014-08-19,PRO
14743653,13586821,2012-08-15,CON
14743654,61701194,2012-09-14,PRO
14743654,14027352,2013-09-16,CON
14743654,14027362,2013-09-16,CON
14743655,13779442,2013-02-27,CON
14743656,62014526,2014-06-19,PRO
14743657,62014664,2014-06-19,PRO
14743661,61731251,2012-11-29,PRO
14743661,61831862,2013-06-06,PRO
14743661,14088985,2013-11-25,CON
14743662,62014667,2014-06-19,PRO
14743663,62015329,2014-06-20,PRO
14743664,61668304,2012-07-05,PRO
14743664,61738753,2012-12-18,PRO
14743664,61738837,2012-12-18,PRO
14743664,61739144,2012-12-19,PRO
14743664,61739172,2012-12-19,PRO
14743664,61739187,2012-12-19,PRO
14743664,61740812,2012-12-21,PRO
14743664,61749071,2013-01-04,PRO
14743664,13935995,2013-07-05,CIP
14743664,61905060,2013-11-15,PRO
14743664,PCT/US13/76262,2013-12-18,CIP
14743666,62023172,2014-07-10,PRO
14743666,62035473,2014-08-10,PRO
14743666,14542427,2014-11-14,CON
14743670,62014629,2014-06-19,PRO
14743671,13690193,2012-11-30,CIP
14743672,61507369,2011-07-13,PRO
14743672,13547638,2012-07-12,CON
14743672,14635843,2015-03-02,CON
14743673,62030013,2014-07-28,PRO
14743675,PCT/EP2013/077557,2013-12-20,CON
14743675,PCT/EP2013/077559,2013-12-20,CON
14743675,PCT/EP2013/077560,2013-12-20,CON
14743675,PCT/EP2013/077649,2013-12-20,CON
14743676,61644858,2012-05-09,PRO
14743676,13837007,2013-03-15,CON
14743678,14167819,2014-01-29,CIP
14743679,13824273,2013-06-04,CON
14743679,PCT/NO2011/000257,2011-09-16,NST
14743682,61529667,2011-08-31,PRO
14743682,13600612,2012-08-31,DIV
14743683,13388293,2012-01-31,REI
14743683,PCT/KR2010/005353,2010-08-13,NST
14743684,61836079,2013-06-17,PRO
14743684,14165512,2014-01-27,CON
14743686,62014590,2014-06-19,PRO
14743687,11998543,2007-11-30,DIV
14743687,13270459,2011-10-11,DIV
14743687,14069837,2013-11-01,DIV
14743692,62013870,2014-06-18,PRO
14743694,61836079,2013-06-17,PRO
14743694,14165508,2014-01-27,CON
14743695,13544399,2012-07-09,CON
14743698,PCT/CN2013/086580,2013-11-05,CON
14743699,61415771,2010-11-19,PRO
14743699,61429093,2010-12-31,PRO
14743699,13034666,2011-02-24,CIP
14743699,13034678,2011-02-24,CIP
14743699,13269501,2011-10-07,CIP
14743699,61627996,2011-10-21,PRO
14743699,13632148,2012-09-30,CIP
14743699,13831152,2013-03-14,CON
14743700,62018221,2014-06-27,PRO
14743700,62018228,2014-06-27,PRO
14743700,62018254,2014-06-27,PRO
14743700,62018274,2014-06-27,PRO
14743702,61892343,2013-10-17,PRO
14743702,14222299,2014-03-21,CON
14743703,14468202,2014-08-25,CIP
14743705,62014339,2014-06-19,PRO
14743706,13801775,2013-03-13,CON
14743706,14271825,2014-05-07,CON
14743706,PCT/CA2011/000700,2011-06-14,CON
14743707,13526282,2012-06-18,CON
14743708,62014068,2014-06-18,PRO
14743711,62019781,2014-07-01,PRO
14743713,61917777,2013-12-18,PRO
14743713,61993420,2014-05-15,PRO
14743713,14574887,2014-12-18,CIP
14743715,13269617,2011-10-09,CON
14743716,62018221,2014-06-27,PRO
14743716,62018228,2014-06-27,PRO
14743716,62018254,2014-06-27,PRO
14743716,62018274,2014-06-27,PRO
14743719,13726733,2012-12-26,DIV
14743720,12904303,2010-10-14,DIV
14743720,14487538,2014-09-16,DIV
14743721,13248415,2011-09-29,CON
14743721,PCT/EP2010/054379,2010-03-31,CON
14743722,62014631,2014-06-19,PRO
14743723,13808865,2013-01-07,DIV
14743723,PCT/JP2011/003795,2011-07-04,NST
14743724,61695555,2012-08-31,PRO
14743724,14014543,2013-08-30,DIV
14743726,62013571,2014-06-18,PRO
14743728,62018221,2014-06-27,PRO
14743728,62018228,2014-06-27,PRO
14743728,62018254,2014-06-27,PRO
14743728,62018274,2014-06-27,PRO
14743730,PCT/CN2012/086824,2012-12-18,CON
14743732,62013895,2014-06-18,PRO
14743733,12717806,2010-03-04,CON
14743733,14157470,2014-01-16,CON
14743735,12935727,2011-01-26,CON
14743735,14203367,2014-03-10,CON
14743735,PCT/US2009/002065,2009-04-02,NST
14743736,13607335,2012-09-07,CON
14743737,62015214,2014-06-20,PRO
14743740,13613758,2012-09-13,CON
14743741,13649948,2012-10-11,CON
14743743,62013571,2014-06-18,PRO
14743746,62018221,2014-06-27,PRO
14743746,62018228,2014-06-27,PRO
14743746,62018254,2014-06-27,PRO
14743746,62018274,2014-06-27,PRO
14743751,62015214,2014-06-20,PRO
14743753,62015214,2014-06-20,PRO
14743754,13504841,2012-04-27,CON
14743754,13458899,2012-04-27,DIV
14743754,14098184,2013-12-05,CON
14743754,PCT/CA2011/050603,2011-09-27,NST
14743755,62015773,2014-06-23,PRO
14743756,13655558,2012-10-19,CON
14743758,62013673,2014-06-18,PRO
14743759,62015992,2014-06-23,PRO
14743760,62013766,2014-06-18,PRO
14743761,12806922,2010-08-23,CON
14743763,62019791,2014-07-01,PRO
14743764,14385241,2014-09-15,CON
14743764,PCT/LT2013/000006,2013-03-15,NST
14743765,09775298,2001-02-01,DIV
14743765,10692678,2003-10-27,CON
14743765,11175186,2005-07-07,CON
14743765,11377403,2006-03-17,CON
14743765,11652055,2007-01-11,CON
14743765,12314064,2008-12-03,CON
14743765,12654699,2009-12-29,CON
14743765,13082623,2011-04-08,CON
14743765,13619906,2012-09-14,CON
14743765,13784511,2013-03-04,CON
14743765,14141259,2013-12-26,CON
14743765,PCT/IL1999/000431,1999-08-05,CON
14743766,61998091,2014-06-18,PRO
14743770,62014074,2014-06-18,PRO
14743770,62014079,2014-06-18,PRO
14743771,62014208,2014-06-19,PRO
14743774,62015137,2014-06-20,PRO
14743775,10705783,2003-11-12,CON
14743775,11239493,2005-09-30,CON
14743775,12153276,2008-05-15,CON
14743775,13149404,2011-05-31,CON
14743775,13722830,2012-12-20,CON
14743776,62015347,2014-06-20,PRO
14743776,62062797,2014-10-10,PRO
14743777,60587800,2004-07-13,PRO
14743777,60587787,2004-07-13,PRO
14743777,60614764,2004-09-30,PRO
14743777,60614683,2004-09-30,PRO
14743777,11077714,2005-03-10,CON
14743777,12728082,2010-03-19,CON
14743779,62014208,2014-06-19,PRO
14743783,61876109,2013-09-10,PRO
14743783,14482796,2014-09-10,CON
14743785,61773458,2013-03-06,PRO
14743785,14198373,2014-03-05,CON
14743788,62014077,2014-06-18,PRO
14743788,62026695,2014-07-20,PRO
14743788,62029533,2014-07-27,PRO
14743788,62055485,2014-09-25,PRO
14743788,62056419,2014-09-26,PRO
14743788,62131230,2015-03-10,PRO
14743788,62148603,2015-04-16,PRO
14743788,62169531,2015-06-01,PRO
14743789,61710391,2012-10-05,PRO
14743789,14044668,2013-10-02,CON
14743792,62013942,2014-06-18,PRO
14743793,62014269,2014-06-19,PRO
14743794,62013953,2014-06-18,PRO
14743796,13020368,2011-02-03,DIV
14743796,14028403,2013-09-16,DIV
14743798,61773458,2013-03-06,PRO
14743798,14198401,2014-03-05,CON
14743799,62015790,2014-06-23,PRO
14743800,13591094,2012-08-21,CON
14743800,14250348,2014-04-10,CON
14743800,PCT/KR2011/007905,2011-10-21,CON
14743802,61290851,2009-12-29,PRO
14743802,12981357,2010-12-29,DIV
14743803,62014598,2014-06-19,PRO
14743804,62015301,2014-06-20,PRO
14743806,09680611,2000-10-06,REI
14743808,PCT/CN2014/073676,2014-03-19,CON
14743809,12527680,2009-08-18,CON
14743809,14098048,2013-12-05,CON
14743809,PCT/JP2008/060706,2008-06-11,NST
14743813,62014472,2014-06-19,PRO
14743813,62082487,2014-11-20,PRO
14743814,PCT/CN2013/079588,2013-07-18,CON
14743816,09680611,2000-10-06,CON
14743816,10871548,2004-06-18,REI
14743818,62015329,2014-06-20,PRO
14743818,62057938,2014-09-30,PRO
14743818,62073856,2014-10-31,PRO
14743819,61292766,2010-01-06,PRO
14743819,12944057,2010-11-11,CON
14743820,62023050,2014-07-10,PRO
14743822,60695670,2005-06-30,PRO
14743822,11427919,2006-06-30,DIV
14743822,12843853,2010-07-26,CON
14743822,14166229,2014-01-28,CON
14743825,62015198,2014-06-20,PRO
14743829,62015336,2014-06-20,PRO
14743829,62015959,2014-06-23,PRO
14743829,62062570,2014-10-10,PRO
14743831,62020864,2014-07-03,PRO
14743833,12530900,2009-09-11,CIP
14743833,PCT/JP2008/054387,2008-03-11,NST
14743835,61287702,2009-12-17,PRO
14743835,61284414,2009-12-16,PRO
14743835,12967864,2010-12-14,CON
14743835,14182190,2014-02-17,CON
14743836,62015085,2014-06-20,PRO
14743838,11042649,2005-01-25,DIV
14743838,12640610,2009-12-17,DIV
14743840,13297074,2011-11-15,CON
14743842,13388293,2012-01-31,REI
14743842,14743683,2015-06-18,CON
14743842,PCT/KR2010/005353,2010-08-13,NST
14743843,PCT/JP2013/084867,2013-12-26,CON
14743844,13825759,2013-03-22,CON
14743844,PCT/US2013/028099,2013-02-27,NST
14743849,14684302,2015-04-10,CIP
14743849,62158750,2015-05-08,PRO
14743849,14726517,2015-05-30,CIP
14743849,14737411,2015-06-11,CIP
14743851,61504128,2011-07-01,PRO
14743851,61515126,2011-08-04,PRO
14743851,13538705,2012-06-29,DIV
14743851,14616401,2015-02-06,DIV
14743852,14363722,2014-06-06,DIV
14743852,PCT/EP2012/075571,2012-12-14,NST
14743853,61621970,2012-04-09,PRO
14743853,61736464,2012-12-12,PRO
14743853,13857816,2013-04-05,CON
14743855,PCT/EP2013/076662,2013-12-16,CON
14743856,PCT/US2013/077216,2013-12-20,CON
14743860,12937942,2011-02-10,DIV
14743860,14056728,2013-10-17,CON
14743860,PCT/US2009/040375,2009-04-13,NST
14743861,62015655,2014-06-23,PRO
14743867,60721966,2005-09-30,PRO
14743867,11529613,2006-09-29,DIV
14743867,11941403,2007-11-16,CON
14743867,13197592,2011-08-03,CON
14743867,13752261,2013-01-28,CON
14743867,14446262,2014-07-29,CON
14743872,14727695,2015-06-01,CON
14743873,13664569,2012-10-31,CON
14743874,62014102,2014-06-18,PRO
14743874,62016048,2014-06-23,PRO
14743875,62015660,2014-06-23,PRO
14743876,62015391,2014-06-20,PRO
14743878,61435578,2011-01-24,PRO
14743878,13356355,2012-01-23,CIP
14743878,13732233,2012-12-31,CON
14743878,14684240,2015-04-10,CON
14743879,62015180,2014-06-20,PRO
14743882,61769098,2013-02-25,PRO
14743882,14189789,2014-02-25,CON
14743883,62015177,2014-06-20,PRO
14743883,62018477,2014-06-27,PRO
14743883,62060485,2014-10-06,PRO
14743885,61811563,2013-04-12,PRO
14743885,14213031,2014-03-14,CON
14743886,60483145,2003-06-27,PRO
14743886,60525570,2003-11-26,PRO
14743886,60562453,2004-04-15,PRO
14743886,10877774,2004-06-25,DIV
14743886,12268352,2008-11-10,DIV
14743887,13601542,2012-08-31,CON
14743890,14034408,2013-09-23,CON
14743892,62015355,2014-06-20,PRO
14743893,61644858,2012-05-09,PRO
14743893,13837007,2013-03-15,CON
14743895,60837193,2006-08-11,PRO
14743895,11838093,2007-08-13,CON
14743895,14032195,2013-09-19,CON
14743896,PCT/EP2013/074650,2013-11-25,CON
14743897,12949765,2010-11-18,CON
14743897,13910352,2013-06-05,CON
14743897,14309651,2014-06-19,CON
14743898,62015177,2014-06-20,PRO
14743898,62018477,2014-06-27,PRO
14743898,62060485,2014-10-06,PRO
14743900,60286572,2001-04-25,PRO
14743900,10131523,2002-04-24,CON
14743900,13710722,2012-12-11,DIV
14743900,14525965,2014-10-28,DIV
14743901,PCT/JP2014/004080,2014-08-05,CON
14743902,62015351,2014-06-20,PRO
14743905,60238458,2000-10-10,PRO
14743905,60238447,2000-10-10,PRO
14743905,60238448,2000-10-10,PRO
14743905,09897422,2001-07-03,CIP
14743905,09972202,2001-10-09,CIP
14743905,10690987,2003-10-23,DIV
14743905,11698965,2007-01-26,CON
14743905,12784595,2010-05-21,CON
14743905,13468421,2012-05-10,CON
14743905,13939647,2013-07-11,CON
14743908,62014103,2014-06-18,PRO
14743910,62014077,2014-06-18,PRO
14743910,62026695,2014-07-20,PRO
14743910,62029533,2014-07-27,PRO
14743910,62055485,2014-09-25,PRO
14743910,62056419,2014-09-26,PRO
14743910,62131230,2015-03-10,PRO
14743910,62148603,2015-04-16,PRO
14743910,62169531,2015-06-01,PRO
14743911,61744677,2012-10-02,PRO
14743911,14040352,2013-09-27,CON
14743912,62017773,2014-06-26,PRO
14743915,62014077,2014-06-18,PRO
14743915,62026695,2014-07-20,PRO
14743915,62029533,2014-07-27,PRO
14743915,62055485,2014-09-25,PRO
14743915,62056419,2014-09-26,PRO
14743915,62131230,2015-03-10,PRO
14743915,62148603,2015-04-16,PRO
14743915,62169531,2015-06-01,PRO
14743916,10217758,2002-08-12,CON
14743916,11181217,2005-07-13,DIV
14743916,12197996,2008-08-25,DIV
14743916,13022522,2011-02-07,CON
14743916,13552556,2012-07-18,CON
14743919,62014077,2014-06-18,PRO
14743919,62026695,2014-07-20,PRO
14743919,62029533,2014-07-27,PRO
14743919,62055485,2014-09-25,PRO
14743919,62056419,2014-09-26,PRO
14743919,62131230,2015-03-10,PRO
14743919,62148603,2015-04-16,PRO
14743919,62169531,2015-06-01,PRO
14743921,12397225,2009-03-03,CIP
14743921,12616958,2009-11-12,CIP
14743921,12958296,2010-12-01,CIP
14743921,13093998,2011-04-26,CIP
14743921,13363943,2012-02-01,CIP
14743921,13834001,2013-03-15,DIV
14743925,62013822,2014-06-18,PRO
14743927,61627851,2011-10-18,PRO
14743927,13653789,2012-10-17,CON
14743927,14512780,2014-10-13,CON
14743931,62014009,2014-06-18,PRO
14743933,60108945,1998-11-18,PRO
14743933,09440781,1999-11-16,CON
14743933,10624153,2003-07-21,CON
14743933,11552445,2006-10-24,CON
14743933,12402374,2009-03-11,CON
14743933,13052982,2011-03-21,CON
14743933,14195190,2014-03-03,CON
14743933,14529569,2014-10-31,CON
14743934,PCT/JP2014/080512,2014-11-18,CON
14743935,13638243,2013-01-03,CON
14743935,PCT/EP2011/054737,2011-03-28,NST
14743938,61028494,2008-02-13,PRO
14743938,61040113,2008-03-27,PRO
14743938,61087882,2008-08-11,PRO
14743938,12370425,2009-02-12,CIP
14743938,PCT/US10/43781,2010-07-29,NST
14743938,13813155,2013-03-21,CON
14743940,62014077,2014-06-18,PRO
14743940,62026695,2014-07-20,PRO
14743940,62029533,2014-07-27,PRO
14743940,62055485,2014-09-25,PRO
14743940,62056419,2014-09-26,PRO
14743940,62131230,2015-03-10,PRO
14743940,62148603,2015-04-16,PRO
14743940,62169531,2015-06-01,PRO
14743945,62016090,2014-06-23,PRO
14743949,61617200,2012-03-29,PRO
14743949,13794599,2013-03-11,DIV
14743951,PCT/JP2013/081613,2013-11-25,CON
14743954,62014390,2014-06-19,PRO
14743954,62014496,2014-06-19,PRO
14743956,13328958,2011-12-16,CON
14743956,14296022,2014-06-04,CON
14743958,12830038,2010-07-02,CON
14743960,12124039,2008-05-20,DIV
14743964,62013952,2014-06-18,PRO
14743967,62014077,2014-06-18,PRO
14743967,62026695,2014-07-20,PRO
14743967,62029533,2014-07-27,PRO
14743967,62055485,2014-09-25,PRO
14743967,62056419,2014-09-26,PRO
14743967,62131230,2015-03-10,PRO
14743967,62148603,2015-04-16,PRO
14743967,62169531,2015-06-01,PRO
14743968,13390453,2012-09-19,CON
14743968,14219576,2014-03-19,CON
14743968,PCT/US2012/024782,2012-02-11,NST
14743971,61182105,2009-05-29,PRO
14743971,61182106,2009-05-29,PRO
14743971,61345561,2010-05-17,PRO
14743971,61347800,2010-05-24,PRO
14743971,12789303,2010-05-27,DIV
14743971,13678101,2012-11-15,CON
14743971,14262208,2014-04-25,CON
14743972,PCT/JP2013/058629,2013-03-25,CON
14743973,13401732,2012-02-21,DIV
14743975,62014077,2014-06-18,PRO
14743975,62026695,2014-07-20,PRO
14743975,62029533,2014-07-27,PRO
14743975,62055485,2014-09-25,PRO
14743975,62056419,2014-09-26,PRO
14743975,62131230,2015-03-10,PRO
14743975,62148603,2015-04-16,PRO
14743975,62169531,2015-06-01,PRO
14743976,13531563,2012-06-24,DIV
14743978,12765000,2010-04-22,CON
14743978,13663513,2012-10-30,CON
14743978,14451355,2014-08-04,CON
14743979,PCT/JP2014/001278,2014-03-07,CON
14743980,62014652,2014-06-19,PRO
14743981,62014077,2014-06-18,PRO
14743981,62026695,2014-07-20,PRO
14743981,62029533,2014-07-27,PRO
14743981,62055485,2014-09-25,PRO
14743981,62056419,2014-09-26,PRO
14743981,62131230,2015-03-10,PRO
14743981,62148603,2015-04-16,PRO
14743981,62169531,2015-06-01,PRO
14743984,62014070,2014-06-18,PRO
14743985,62014390,2014-06-19,PRO
14743985,62014496,2014-06-19,PRO
14743988,62014078,2014-06-18,PRO
14743988,62029535,2014-07-27,PRO
14743990,62014685,2014-06-19,PRO
14743992,13694182,2012-11-01,CIP
14743992,14097224,2013-12-04,CON
14743992,14507797,2014-10-06,CON
14743993,13880703,2013-08-16,CIP
14743995,12527557,2009-08-17,CIP
14743995,PCT/US2008/054172,2008-02-15,NST
14743996,12242561,2008-09-30,CON
14744002,61601496,2012-02-21,PRO
14744002,61712684,2012-10-11,PRO
14744002,13773321,2013-02-21,CON
14744003,62027313,2014-07-22,PRO
14744006,62014732,2014-06-20,PRO
14744009,12561196,2009-09-16,CON
14744009,PCT/EP2008/053062,2008-03-14,CIP
14744011,60869831,2006-12-13,PRO
14744011,11956288,2007-12-13,DIV
14744015,61765050,2013-02-15,PRO
14744015,14180315,2014-02-13,CON
14744017,62014096,2014-06-18,PRO
14744017,62037074,2014-08-13,PRO
14744017,62063378,2014-10-13,PRO
14744018,62013760,2014-06-18,PRO
14744019,60760974,2006-01-19,PRO
14744019,11544389,2006-10-06,CON
14744019,PCT/US07/01649,2007-01-19,NST
14744019,12161410,2008-11-21,CON
14744021,62014628,2014-06-19,PRO
14744022,62013843,2014-06-18,PRO
14744023,62013539,2014-06-18,PRO
14744029,61672671,2012-07-17,PRO
14744029,13944811,2013-07-17,CON
14744032,60976159,2007-09-28,PRO
14744032,60982634,2007-10-25,PRO
14744032,61038443,2008-03-21,PRO
14744032,12237503,2008-09-25,CON
14744032,13591730,2012-08-22,CON
14744039,PCT/JP2014/077475,2014-10-08,CON
14744041,13454135,2012-04-24,CON
14744041,14284676,2014-05-22,CON
14744044,11612353,2006-12-18,CON
14744044,13415888,2012-03-09,CON
14744045,62026017,2014-07-17,PRO
14744046,62016076,2014-06-23,PRO
14744050,PCT/JP2014/053092,2014-02-10,CON
14744057,62015063,2014-06-20,PRO
14744058,62003197,2014-05-27,PRO
14744058,14722266,2015-05-27,CON
14744059,62014714,2014-06-20,PRO
14744069,14128885,2013-12-23,DIV
14744069,PCT/JP2012/003688,2012-06-06,NST
14744070,PCT/CN2013/090385,2013-12-25,CON
14744073,13817906,2013-02-20,DIV
14744073,PCT/US2011/049658,2011-08-30,NST
14744076,62014952,2014-06-20,PRO
14744077,62027085,2014-07-21,PRO
14744081,62014952,2014-06-20,PRO
14744082,PCT/JP2013/085131,2013-12-27,CON
14744083,PCT/JP2013/006449,2013-10-31,CON
14744084,PCT/EP2013/077281,2013-12-19,CON
14744085,14023178,2013-09-10,DIV
14744089,PCT/JP2013/084008,2013-12-19,CON
14744090,13362440,2012-01-31,CON
14744090,14057116,2013-10-18,CON
14744090,14319895,2014-06-30,CON
14744090,14683320,2015-04-10,CIP
14744092,62014952,2014-06-20,PRO
14744093,PCT/JP2013/004413,2013-07-19,CON
14744095,60890817,2007-02-20,PRO
14744095,12034634,2008-02-20,DIV
14744095,13219400,2011-08-26,CON
14744095,13886029,2013-05-02,CON
14744099,61980113,2014-04-16,PRO
14744099,14573135,2014-12-17,CON
14744102,13649871,2012-10-11,CON
14744103,61713113,2012-10-12,PRO
14744103,14050431,2013-10-10,CON
14744106,PCT/JP2013/084074,2013-12-19,CON
14744107,PCT/CN2013/089475,2013-12-16,CON
14744109,14358187,2014-05-14,CON
14744109,PCT/NL2012/050802,2012-11-13,NST
14744111,62016441,2014-06-24,PRO
14744115,12241119,2008-09-30,CON
14744117,12121006,2008-05-15,CON
14744118,13766626,2013-02-13,CON
14744121,61092794,2008-08-29,PRO
14744121,12539730,2009-08-12,DIV
14744121,13353352,2012-01-19,CON
14744123,PCT/JP2013/072108,2013-08-19,CON
14744126,PCT/CN2013/090281,2013-12-24,CON
14744130,13888590,2013-05-07,CON
14744133,62016367,2014-06-24,PRO
14744138,61115187,2008-11-17,PRO
14744138,61162846,2009-03-24,PRO
14744138,12620585,2009-11-17,CON
14744138,PCT/EP2008/009206,2008-10-31,CON
14744138,PCT/EP2009/002138,2009-03-24,CON
14744143,62014871,2014-06-20,PRO
14744151,13797104,2013-03-12,CON
14744152,PCT/JP2013/084505,2013-12-24,CON
14744153,13780374,2013-02-28,DIV
14744154,14347750,2014-03-27,DIV
14744154,PCT/EP2012/069252,2012-09-28,NST
14744155,13649157,2012-10-11,CON
14744157,13483825,2012-05-30,DIV
14744161,62015009,2014-06-20,PRO
14744163,PCT/CN2012/087196,2012-12-21,CON
14744165,62015111,2014-06-20,PRO
14744166,62014245,2014-06-19,PRO
14744170,61500907,2011-06-24,PRO
14744170,13531014,2012-06-22,CIP
14744174,14087583,2013-11-22,CIP
14744177,62014952,2014-06-20,PRO
14744178,62030245,2014-07-29,PRO
14744184,62018131,2014-06-27,PRO
14744188,PCT/CN2013/000148,2013-02-17,CIP
14744191,13982197,2013-07-26,CON
14744191,PCT/US2011/022740,2011-01-27,NST
14744193,13991500,2013-06-04,CON
14744193,PCT/JP2011/078214,2011-12-06,NST
14744195,62015167,2014-06-20,PRO
14744200,62015082,2014-06-20,PRO
14744202,60687896,2005-06-06,PRO
14744202,PCT/US06/21622,2006-06-05,NST
14744202,11915996,2010-01-06,CON
14744202,13149844,2011-05-31,CON
14744205,13981011,2013-07-22,DIV
14744205,PCT/US2012/022724,2012-01-26,NST
14744207,62030391,2014-07-29,PRO
14744208,14117925,2013-11-15,DIV
14744208,PCT/EP2012/057634,2012-04-26,NST
14744220,62015194,2014-06-20,PRO
14744221,12521355,2009-06-26,CIP
14744221,PCT/EP2007/064590,2007-12-27,NST
14744233,13795091,2013-03-12,CON
14744237,13777446,2013-02-26,CON
14744242,PCT/US14/48299,2014-07-25,CIP
14744242,PCT/US15/12536,2015-01-22,CIP
14744242,62107353,2015-01-24,PRO
14744243,PCT/CA2014/000510,2014-06-20,CON
14744244,13723908,2012-12-21,DIV
14744245,13387030,2012-01-25,CON
14744246,62015220,2014-06-20,PRO
14744249,PCT/JP2013/085326,2013-12-25,CON
14744250,62014980,2014-06-20,PRO
14744250,62016735,2014-06-25,PRO
14744251,PCT/CN2013/090614,2013-12-27,CON
14744252,62014533,2014-06-19,PRO
14744254,61188754,2008-08-12,PRO
14744254,12462681,2009-08-07,CIP
14744254,61552014,2011-10-27,PRO
14744254,13552013,2012-07-18,CON
14744260,60828669,2006-10-09,PRO
14744260,11866431,2007-10-03,DIV
14744261,12654205,2009-12-14,CON
14744261,13745291,2013-01-18,CON
14744267,13293046,2011-11-09,CIP
14744267,13364130,2012-02-01,CON
14744267,13621656,2012-09-17,CON
14744271,13546992,2012-07-11,CON
14744271,14177160,2014-02-10,CON
14744272,62014480,2014-06-19,PRO
14744275,62014407,2014-06-19,PRO
14744279,13702601,2012-12-07,CON
14744279,PCT/JP2011/061003,2011-05-12,NST
14744280,62015251,2014-06-20,PRO
14744281,62018219,2014-06-27,PRO
14744286,13132178,2011-06-01,CON
14744286,PCT/US2010/000797,2010-03-17,NST
14744290,60388314,2002-06-14,PRO
14744290,10461885,2003-06-16,DIV
14744290,11849791,2007-09-04,CIP
14744290,61087463,2008-08-08,PRO
14744290,61144227,2009-01-13,PRO
14744290,12537803,2009-08-07,CIP
14744290,61297303,2010-01-22,PRO
14744290,61323944,2010-04-14,PRO
14744290,61350567,2010-06-02,PRO
14744290,61375119,2010-08-19,PRO
14744290,13010129,2011-01-20,CIP
14744290,61443007,2011-02-15,PRO
14744290,13371969,2012-02-13,DIV
14744290,14036765,2013-09-25,DIV
14744290,14312873,2014-06-24,DIV
14744293,62014952,2014-06-20,PRO
14744295,61424159,2010-12-17,PRO
14744295,13300812,2011-11-21,CON
14744295,14264676,2014-04-29,CON
14744296,62014741,2014-06-20,PRO
14744297,14463262,2014-08-19,DIV
14744299,62038409,2014-08-18,PRO
14744300,61179566,2009-05-19,PRO
14744300,12783111,2010-05-19,DIV
14744303,62015272,2014-06-20,PRO
14744306,62014634,2014-06-19,PRO
14744307,13394947,2012-05-04,DIV
14744307,PCT/JP2010/065514,2010-09-09,NST
14744316,61649442,2012-05-21,PRO
14744316,13893560,2013-05-14,CON
14744316,14098809,2013-12-06,CON
14744320,PCT/EP2013/003464,2013-11-18,CON
14744323,13306095,2011-11-29,DIV
14744327,13962885,2013-08-08,DIV
14744329,62014934,2014-06-20,PRO
14744332,62015314,2014-06-20,PRO
14744333,PCT/JP2013/084588,2013-12-25,CON
14744335,61538015,2011-09-22,PRO
14744335,61658756,2012-06-12,PRO
14744335,13570004,2012-08-08,CON
14744341,13427044,2012-03-22,DIV
14744342,PCT/JP2013/083981,2013-12-18,CON
14744344,62014543,2014-06-19,PRO
14744349,13059772,2011-02-18,CIP
14744349,13059817,2011-02-18,CIP
14744349,13460703,2012-04-30,CON
14744349,PCT/EP2009/005736,2009-08-07,NST
14744349,PCT/EP2009/005739,2009-08-07,NST
14744355,12933536,2010-09-20,DIV
14744355,PCT/EP2009/001641,2009-03-06,NST
14744359,13499345,2012-07-12,CON
14744359,13954408,2013-07-30,CON
14744359,PCT/KR2010/006734,2010-10-01,NST
14744361,10697454,2003-10-30,CIP
14744361,11224774,2005-09-13,DIV
14744361,61047935,2008-04-25,PRO
14744361,12430202,2009-04-27,CIP
14744361,12505193,2009-07-17,CON
14744361,12793989,2010-06-04,CIP
14744361,12794053,2010-06-04,CIP
14744361,61700782,2012-09-13,PRO
14744361,13620486,2012-09-14,CON
14744363,PCT/CN2013/089729,2013-12-17,CON
14744366,13926724,2013-06-25,CON
14744370,62015224,2014-06-20,PRO
14744373,62015253,2014-06-20,PRO
14744376,14600556,2015-01-20,CON
14744379,14600568,2015-01-20,CON
14744383,62020599,2014-07-03,PRO
14744384,13972973,2013-08-22,DIV
14744386,62014808,2014-06-20,PRO
14744387,62016018,2014-06-23,PRO
14744394,62014134,2014-06-19,PRO
14744401,62020573,2014-07-03,PRO
14744402,13292897,2011-11-09,DIV
14744404,62014131,2014-06-19,PRO
14744407,13255031,2011-09-06,DIV
14744407,PCT/JP2010/057112,2010-04-22,NST
14744412,13499345,2012-07-12,CON
14744412,13954408,2013-07-30,CON
14744412,PCT/KR2010/006734,2010-10-01,NST
14744418,62027671,2014-07-22,PRO
14744420,60715821,2005-09-10,PRO
14744420,11504945,2006-08-16,DIV
14744420,12622944,2009-11-20,DIV
14744420,13739110,2013-01-11,DIV
14744420,14134152,2013-12-19,DIV
14744421,61763336,2013-02-11,PRO
14744421,61782969,2013-03-14,PRO
14744421,61812990,2013-04-17,PRO
14744421,61930337,2014-01-22,PRO
14744421,14177314,2014-02-11,CON
14744425,62014921,2014-06-20,PRO
14744428,62032127,2014-08-01,PRO
14744432,62014786,2014-06-20,PRO
14744433,61127901,2008-05-16,PRO
14744433,12454173,2009-05-13,CON
14744433,13397319,2012-02-15,CON
14744433,13546440,2012-07-11,CON
14744439,62014617,2014-06-19,PRO
14744439,62104568,2015-01-16,PRO
14744439,62152495,2015-04-24,PRO
14744440,62014392,2014-06-19,PRO
14744443,62015234,2014-06-20,PRO
14744450,62015003,2014-06-20,PRO
14744452,61578398,2011-12-21,PRO
14744452,13724769,2012-12-21,CON
14744454,12448494,2009-10-26,CON
14744454,PCT/EP2007/064464,2007-12-21,NST
14744461,PCT/US2013/076717,2013-12-19,CON
14744462,61485969,2011-05-13,PRO
14744462,13469593,2012-05-11,DIV
14744466,62014298,2014-06-19,PRO
14744467,61116531,2008-11-20,PRO
14744467,12621781,2009-11-19,CON
14744468,PCT/KR2013/008775,2013-10-01,CIP
14744470,61159792,2009-03-12,PRO
14744470,61260375,2009-11-11,PRO
14744470,12661206,2010-03-12,CON
14744470,13964836,2013-08-12,CON
14744474,PCT/JP2014/051456,2014-01-24,CON
14744476,13432993,2012-03-28,CIP
14744476,13449195,2012-04-17,CIP
14744476,13523694,2012-06-14,CIP
14744476,13603322,2012-09-04,CIP
14744476,13752930,2013-01-29,DIV
14744486,60619692,2004-10-19,PRO
14744486,11252573,2005-10-19,CON
14744486,12081444,2008-04-16,CIP
14744486,13302958,2011-11-22,CIP
14744489,13096887,2011-04-28,CIP
14744489,13449808,2012-04-18,CIP
14744489,13449972,2012-04-18,CIP
14744489,13450138,2012-04-18,CIP
14744490,62039921,2014-08-21,PRO
14744490,62051966,2014-09-18,PRO
14744493,61468179,2011-03-28,PRO
14744493,13432382,2012-03-28,CON
14744496,61325035,2010-04-16,PRO
14744496,61411510,2010-11-09,PRO
14744496,13088955,2011-04-18,DIV
14744496,13562738,2012-07-31,DIV
14744496,14258378,2014-04-22,CON
14744498,13739944,2013-01-11,DIV
14744501,10570228,2006-02-28,CON
14744501,12574881,2009-10-07,CON
14744501,14454045,2014-08-07,CON
14744501,PCT/EP2004/052028,2004-09-03,NST
14744506,62014926,2014-06-20,PRO
14744507,12032183,2008-02-15,CON
14744509,62017365,2014-06-26,PRO
14744511,62015721,2014-06-23,PRO
14744513,61858945,2013-07-26,PRO
14744513,14279961,2014-05-16,CON
14744514,13483165,2012-05-30,DIV
14744515,62014803,2014-06-20,PRO
14744521,13595119,2012-08-27,CON
14744524,62015244,2014-06-20,PRO
14744526,61621956,2012-04-09,PRO
14744526,13859635,2013-04-09,CON
14744528,61665149,2012-06-27,PRO
14744528,13565088,2012-08-02,DIV
14744529,11298769,2005-12-09,CON
14744532,11724197,2007-03-15,CON
14744533,62014255,2014-06-19,PRO
14744535,60772154,2006-02-10,PRO
14744535,60856824,2006-11-03,PRO
14744535,60874190,2006-12-11,PRO
14744535,11704585,2007-02-09,DIV
14744535,12908138,2010-10-20,DIV
14744535,14277979,2014-05-15,DIV
14744535,14500332,2014-09-29,DIV
14744536,61893467,2013-10-21,PRO
14744536,14157759,2014-01-17,CON
14744538,PCT/CN2012/086986,2012-12-20,CON
14744539,61818442,2013-05-01,PRO
14744539,61823826,2013-05-15,PRO
14744539,61843887,2013-07-08,PRO
14744539,61871673,2013-08-29,PRO
14744539,61880790,2013-09-20,PRO
14744539,61976991,2014-04-08,PRO
14744539,61986867,2014-04-30,PRO
14744539,14267842,2014-05-01,CON
14744542,62014781,2014-06-20,PRO
14744542,62034309,2014-08-07,PRO
14744547,13458169,2012-04-27,CON
14744548,60741963,2005-12-02,PRO
14744548,11607283,2006-12-01,CIP
14744548,11952768,2007-12-07,CON
14744551,62014992,2014-06-20,PRO
14744555,61344616,2010-08-31,PRO
14744555,13217330,2011-08-25,CON
14744556,62014957,2014-06-20,PRO
14744556,62014977,2014-06-20,PRO
14744558,PCT/CN2013/084487,2013-09-27,CON
14744559,PCT/EP2013/074701,2013-11-26,CON
14744560,14451849,2014-08-05,CIP
14744567,62014528,2014-06-19,PRO
14744572,PCT/JP2013/075870,2013-09-25,CON
14744575,61663211,2012-06-22,PRO
14744575,13837445,2013-03-15,CON
14744580,13483165,2012-05-30,DIV
14744581,61789062,2013-03-15,PRO
14744581,14066089,2013-10-29,DIV
14744583,09486977,2000-03-06,CON
14744583,11780759,2007-07-20,DIV
14744583,11929940,2007-10-30,CON
14744583,14081801,2013-11-15,CON
14744583,PCT/NL98/00504,1998-09-04,NST
14744586,14134925,2013-12-19,DIV
14744590,62015067,2014-06-20,PRO
14744592,62014181,2014-06-19,PRO
14744592,62086518,2014-12-02,PRO
14744592,62138221,2015-03-25,PRO
14744595,61998163,2014-06-20,PRO
14744599,61239959,2009-09-04,PRO
14744599,12875504,2010-09-03,CON
14744600,13201761,2011-08-16,DIV
14744600,PCT/JP2010/052361,2010-02-17,NST
14744601,14014145,2013-08-29,CON
14744606,60408511,2002-09-04,PRO
14744606,10655625,2003-09-04,CON
14744606,13459369,2012-04-30,CON
14744606,14537084,2014-11-10,CON
14744607,PCT/JP2013/084785,2013-12-26,CON
14744609,PCT/EP2013/003827,2013-12-18,CON
14744610,14323924,2014-07-03,CIP
14744611,09486977,2000-03-06,CON
14744611,11780759,2007-07-20,DIV
14744611,11929940,2007-10-30,CON
14744611,14081801,2013-11-15,CON
14744611,PCT/NL98/00504,1998-09-04,NST
14744612,62014427,2014-06-19,PRO
14744614,62014908,2014-06-20,PRO
14744619,14653905,2015-06-19,CON
14744619,PCT/US2014/011838,2014-01-16,NST
14744620,13226979,2011-09-07,CON
14744622,61998148,2014-06-20,PRO
14744623,62015139,2014-06-20,PRO
14744624,62014531,2014-06-19,PRO
14744626,62014459,2014-06-19,CON
14744627,62014304,2014-06-19,PRO
14744628,62014932,2014-06-20,PRO
14744628,62031650,2014-07-31,PRO
14744630,PCT/JP2013/083683,2013-12-16,CON
14744633,13289795,2011-11-04,CON
14744633,14153142,2014-01-13,CON
14744637,14086442,2013-11-21,CIP
14744637,14603636,2015-01-23,CIP
14744637,14721274,2015-05-26,CIP
14744639,13951784,2013-07-26,DIV
14744640,62014221,2014-06-19,PRO
14744643,60835118,2006-08-01,PRO
14744643,11888656,2007-07-31,CON
14744643,13194735,2011-07-29,CON
14744644,61601303,2012-02-21,PRO
14744644,13771820,2013-02-20,DIV
14744645,PCT/JP2013/084144,2013-12-19,CON
14744646,PCT/CN2012/087729,2012-12-27,CON
14744650,61116460,2008-11-20,PRO
14744650,12622528,2009-11-20,CON
14744652,PCT/JP2013/084710,2013-12-25,CON
14744654,13481667,2012-05-25,CON
14744655,13765208,2013-02-12,DIV
14744658,62040162,2014-08-21,PRO
14744661,61511871,2011-07-26,PRO
14744661,13559551,2012-07-26,DIV
14744662,62014488,2014-06-19,PRO
14744665,61319597,2010-03-31,PRO
14744665,13021649,2011-02-04,DIV
14744667,62015999,2014-06-23,PRO
14744668,13322266,2012-03-19,CON
14744668,PCT/IB2010/052340,2010-05-26,NST
14744671,62014790,2014-06-20,PRO
14744671,62034468,2014-08-07,PRO
14744673,61655086,2012-06-04,PRO
14744673,13905220,2013-05-30,DIV
14744674,62015166,2014-06-20,PRO
14744675,62015230,2014-06-20,PRO
14744675,62028760,2014-07-24,PRO
14744675,62063867,2014-10-14,PRO
14744675,62136378,2015-03-20,PRO
14744675,62168699,2015-05-29,PRO
14744677,PCT/JP2013/082772,2013-12-06,CON
14744684,13215996,2011-08-23,CON
14744687,PCT/BE2013/000066,2013-12-17,CIP
14744690,12677458,2010-07-20,DIV
14744690,13593859,2012-08-24,CIP
14744690,PCT/CA2008/001596,2008-09-10,NST
14744691,62025208,2014-07-16,PRO
14744692,62015037,2014-06-20,PRO
14744694,PCT/CN2012/087536,2012-12-26,CON
14744695,61219435,2009-06-23,PRO
14744695,12652241,2010-01-05,CON
14744695,13547172,2012-07-12,CON
14744695,14011041,2013-08-27,CON
14744695,14284511,2014-05-22,CIP
14744695,14482277,2014-09-10,CIP
14744697,62015503,2014-06-22,PRO
14744698,62014476,2014-06-19,PRO
14744705,62015213,2014-06-20,PRO
14744706,61538530,2011-09-23,PRO
14744706,61663186,2012-06-22,PRO
14744706,PCT/US12/55690,2012-09-17,NST
14744706,14346202,2014-03-20,DIV
14744707,62015178,2014-06-20,PRO
14744710,10117440,2002-04-05,REI
14744712,62014805,2014-06-20,PRO
14744713,61106810,2008-10-20,PRO
14744713,61111573,2008-11-05,PRO
14744713,61142429,2009-01-05,PRO
14744713,61157758,2009-03-05,PRO
14744713,12582459,2009-10-20,CON
14744713,14191153,2014-02-26,CON
14744715,PCT/EP2013/077525,2013-12-19,CON
14744717,PCT/CN2013/088719,2013-12-06,CON
14744723,09398289,1999-09-20,CON
14744723,10905297,2004-12-25,DIV
14744723,12613604,2009-11-06,CON
14744723,14552017,2014-11-24,CON
14744724,62014957,2014-06-20,PRO
14744724,62014977,2014-06-20,PRO
14744725,PCT/CN2013/090635,2013-12-27,CON
14744726,12765009,2010-04-22,DIV
14744726,PCT/IL2008/001362,2008-10-22,CIP
14744727,61183035,2009-06-01,PRO
14744727,61183037,2009-06-01,PRO
14744727,61183088,2009-06-02,PRO
14744727,61183546,2009-06-02,PRO
14744727,61323354,2010-04-12,PRO
14744727,61345534,2010-05-17,PRO
14744727,12791819,2010-06-01,CIP
14744727,61354699,2010-06-14,PRO
14744727,12826130,2010-06-29,CIP
14744727,61727370,2012-11-16,PRO
14744727,13767806,2013-02-14,CON
14744728,62014391,2014-06-19,PRO
14744732,12571920,2009-10-01,DIV
14744738,13058395,2011-02-10,CON
14744738,13743176,2013-01-16,CON
14744738,14091071,2013-11-26,CON
14744738,14495472,2014-09-24,CON
14744738,14626744,2015-02-19,CON
14744738,PCT/KR2009/004479,2009-08-11,NST
14744741,PCT/AU2014/000356,2014-04-04,CON
14744742,62014957,2014-06-20,PRO
14744742,62014977,2014-06-20,PRO
14744745,10117440,2002-04-05,DIV
14744745,11639517,2006-12-14,REI
14744746,60581257,2004-06-18,PRO
14744746,11155091,2005-06-17,CON
14744746,13269893,2011-10-10,CON
14744747,12259768,2008-10-28,CON
14744747,13768093,2013-02-15,CON
14744748,PCT/JP2013/078162,2013-10-17,CON
14744749,60709861,2005-08-19,PRO
14744749,PCT/US06/32264,2006-08-18,NST
14744749,10593383,2006-09-19,CON
14744749,13598003,2012-08-29,CON
14744749,13954740,2013-07-30,DIV
14744752,14085063,2013-11-20,CON
14744753,62014112,2014-06-19,PRO
14744755,PCT/CN2013/090109,2013-12-20,CON
14744757,61759101,2013-01-31,PRO
14744757,14154701,2014-01-14,DIV
14744759,62014925,2014-06-20,PRO
14744760,62015138,2014-06-20,PRO
14744767,60765300,2006-02-03,PRO
14744767,11670241,2007-02-01,DIV
14744767,12539310,2009-08-11,DIV
14744767,13217851,2011-08-25,DIV
14744767,13595297,2012-08-27,DIV
14744767,13870319,2013-04-25,DIV
14744767,14081481,2013-11-15,DIV
14744770,10117440,2002-04-05,DIV
14744770,11881101,2007-07-25,REI
14744774,62014546,2014-06-19,PRO
14744776,62017530,2014-06-26,PRO
14744776,62032129,2014-08-01,PRO
14744777,62015393,2014-06-21,PRO
14744781,12341542,2008-12-22,DIV
14744781,13588431,2012-08-17,DIV
14744781,13854258,2013-04-01,DIV
14744781,14251193,2014-04-11,DIV
14744783,62014447,2014-06-19,PRO
14744788,61740883,2012-12-21,PRO
14744788,PCT/EP2013/077527,2013-12-19,CON
14744792,62014207,2014-06-19,PRO
14744796,PCT/EP2012/076843,2012-12-21,CON
14744797,61347671,2010-05-24,PRO
14744797,PCT/US11/37761,2011-05-24,NST
14744797,13696609,2012-11-07,CON
14744798,12016712,2008-01-18,CON
14744799,PCT/CN2013/081908,2013-08-20,CON
14744801,PCT/US2012/071241,2012-12-21,CON
14744803,PCT/CN2014/075042,2014-04-10,CON
14744804,13746350,2013-01-22,CON
14744805,62014467,2014-06-19,PRO
14744808,60270463,2001-02-20,PRO
14744808,PCT/US02/05039,2002-02-20,CON
14744808,10645928,2003-08-20,CIP
14744808,10869415,2004-06-15,CON
14744808,61019094,2008-01-04,PRO
14744808,12033616,2008-02-19,CON
14744808,12348765,2009-01-05,CON
14744808,14242799,2014-04-01,CON
14744808,14599018,2015-01-16,CON
14744813,60671012,2005-04-13,PRO
14744813,11279502,2006-04-12,CON
14744813,13005929,2011-01-13,CON
14744813,13338850,2011-12-28,CON
14744817,12618281,2009-11-13,DIV
14744817,13756701,2013-02-01,DIV
14744827,61139154,2008-12-19,PRO
14744827,12533830,2009-07-31,CON
14744829,62014935,2014-06-20,PRO
14744831,61735352,2012-12-10,PRO
14744831,13726537,2012-12-24,CIP
14744831,13781366,2013-02-28,CON
14744834,13419697,2012-03-14,CON
14744835,PCT/CN2014/072304,2014-02-20,CON
14744836,13474014,2012-05-17,CON
14744837,13354055,2012-01-19,CON
14744839,PCT/US2013/076646,2013-12-19,CON
14744843,62014413,2014-06-19,PRO
14744844,61726936,2012-11-15,PRO
14744844,61875969,2013-09-10,PRO
14744844,14081812,2013-11-15,CIP
14744844,62014428,2014-06-19,PRO
14744845,11886758,2009-02-19,DIV
14744845,PCT/EP2006/002695,2006-03-23,NST
14744848,60604433,2004-08-26,PRO
14744848,11211098,2005-08-25,CIP
14744848,60909074,2007-03-30,PRO
14744848,12053197,2008-03-21,DIV
14744848,12980781,2010-12-29,CON
14744848,13912890,2013-06-07,CON
14744848,14207304,2014-03-12,CON
14744850,61838578,2013-06-24,PRO
14744850,61841624,2013-07-01,PRO
14744850,61914491,2013-12-11,PRO
14744850,61914538,2013-12-11,PRO
14744850,61924884,2014-01-08,PRO
14744850,61925311,2014-01-09,PRO
14744850,61928133,2014-01-16,PRO
14744850,61928644,2014-01-17,PRO
14744850,61929731,2014-01-21,PRO
14744850,61929874,2014-01-21,PRO
14744850,61933442,2014-01-30,PRO
14744850,62007004,2014-06-03,PRO
14744850,62008275,2014-06-05,PRO
14744850,14313960,2014-06-24,CON
14744850,14514988,2014-10-15,CON
14744850,14735782,2015-06-10,CON
14744852,14310750,2014-06-20,CIP
14744853,61385003,2010-09-21,PRO
14744853,13239047,2011-09-21,CON
14744856,10566294,2006-09-05,CON
14744856,12354327,2009-01-15,DIV
14744856,PCT/US2004/024581,2004-07-30,NST
14744857,14137152,2013-12-20,CIP
14744859,62015230,2014-06-20,PRO
14744859,62028760,2014-07-24,PRO
14744859,62063867,2014-10-14,PRO
14744859,62136378,2015-03-20,PRO
14744859,62168699,2015-05-29,PRO
14744861,11983526,2007-11-12,CIP
14744861,12765501,2010-04-22,CON
14744861,14052411,2013-10-11,CON
14744861,PCT/US2008/001270,2008-11-12,CIP
14744862,62022304,2014-07-09,PRO
14744863,10814454,2004-03-31,CON
14744863,10813967,2004-03-31,CON
14744863,10816082,2004-03-31,CON
14744863,10816102,2004-03-31,CON
14744863,10816364,2004-03-31,CON
14744863,10816358,2004-03-31,CON
14744863,10816375,2004-03-31,CON
14744863,10844612,2004-05-12,CON
14744863,10843987,2004-05-12,CON
14744863,10844564,2004-05-12,CON
14744863,10844614,2004-05-12,CON
14744863,10844613,2004-05-12,CON
14744863,10900163,2004-07-27,CON
14744864,61487537,2011-05-18,PRO
14744864,13475555,2012-05-18,DIV
14744866,62014319,2014-06-19,PRO
14744867,13655232,2012-10-18,DIV
14744872,14476936,2014-09-04,CON
14744872,PCT/JP2013/058467,2013-03-18,CON
14744873,12346156,2008-12-30,CON
14744874,14239772,2014-04-23,CON
14744874,PCT/EP2011/065784,2011-09-12,NST
14744877,PCT/JP2012/083289,2012-12-21,CON
14744880,62015411,2014-06-21,PRO
14744883,61073616,2008-06-18,PRO
14744883,12487583,2009-06-18,CON
14744883,13865763,2013-04-18,CON
14744888,62015007,2014-06-20,PRO
14744889,61601937,2012-02-22,PRO
14744889,13773350,2013-02-21,DIV
14744890,PCT/JP2013/061653,2013-04-19,CON
14744896,PCT/FI2013/050439,2013-04-19,CON
14744897,13550237,2012-07-16,CON
14744900,PCT/CA2013/051006,2013-12-20,CON
14744906,61100205,2008-09-25,PRO
14744906,12565627,2009-09-23,CON
14744906,13760905,2013-02-06,CON
14744907,13241907,2011-09-23,CON
14744910,62015230,2014-06-20,PRO
14744910,62028760,2014-07-24,PRO
14744910,62063867,2014-10-14,PRO
14744910,62136378,2015-03-20,PRO
14744910,62168699,2015-05-29,PRO
14744911,11833320,2007-08-03,CON
14744911,13594075,2012-08-24,CON
14744915,62015245,2014-06-20,PRO
14744919,62015168,2014-06-20,PRO
14744922,61946961,2014-03-03,PRO
14744922,62014191,2014-06-19,PRO
14744922,14635012,2015-03-02,CIP
14744923,13861320,2013-04-11,CON
14744924,13056932,2011-03-08,CON
14744924,PCT/AU2009/000983,2009-07-31,NST
14744930,11667650,2007-11-30,CON
14744930,12535343,2009-08-04,CON
14744930,13418851,2012-03-13,CON
14744930,14263216,2014-04-28,CON
14744930,PCT/US2005/041941,2005-11-15,NST
14744932,PCT/JP2013/083567,2013-12-16,CON
14744933,62016005,2014-06-23,PRO
14744936,61120244,2008-12-05,PRO
14744936,12631270,2009-12-04,CON
14744936,13954413,2013-07-30,CON
14744940,61321340,2010-04-06,PRO
14744940,13081089,2011-04-06,CON
14744941,61435549,2011-01-24,PRO
14744941,13280073,2011-10-24,DIV
14744945,62017384,2014-06-26,PRO
14744948,PCT/CN2013/090029,2013-12-20,CON
14744949,12565573,2009-09-23,DIV
14744949,14218477,2014-03-18,CON
14744950,62014985,2014-06-20,PRO
14744950,62027050,2014-07-21,PRO
14744951,13375141,2012-02-07,CON
14744951,PCT/AU2010/000655,2010-05-28,NST
14744953,61082408,2008-07-21,PRO
14744953,12504130,2009-07-16,DIV
14744955,62015230,2014-06-20,PRO
14744955,62028760,2014-07-24,PRO
14744955,62063867,2014-10-14,PRO
14744955,62136378,2015-03-20,PRO
14744955,62168699,2015-05-29,PRO
14744957,13437783,2012-04-02,CON
14744959,PCT/EP2013/076834,2013-12-17,CON
14744960,60721705,2005-09-29,PRO
14744960,11536817,2006-09-29,CON
14744960,14457227,2014-08-12,CON
14744962,13801192,2013-03-13,DIV
14744963,14476936,2014-09-04,CON
14744963,PCT/JP2013/058467,2013-03-18,CON
14744965,62015417,2014-06-21,PRO
14744968,62015034,2014-06-20,PRO
14744969,13881252,2013-04-24,CON
14744969,PCT/KR10/08815,2010-12-09,NST
14744970,62033944,2014-08-06,PRO
14744971,PCT/EP2013/077348,2013-12-19,CON
14744975,61784659,2013-03-14,PRO
14744975,14213787,2014-03-14,CON
14744981,62014881,2014-06-20,PRO
14744985,61353857,2010-06-11,PRO
14744985,PCT/US11/39949,2011-06-10,NST
14744985,13701849,2013-01-16,CON
14744987,13656748,2012-10-22,CON
14744988,62015230,2014-06-20,PRO
14744988,62028760,2014-07-24,PRO
14744988,62063867,2014-10-14,PRO
14744988,62136378,2015-03-20,PRO
14744988,62168699,2015-05-29,PRO
14744992,61162649,2009-03-23,PRO
14744992,61173973,2009-04-30,PRO
14744992,12625612,2009-11-25,CON
14744992,13934060,2013-07-02,CON
14744993,61606053,2012-03-02,PRO
14744993,13784486,2013-03-04,CON
14744994,PCT/EP2013/003887,2013-12-20,CON
14744996,61041624,2008-04-02,PRO
14744996,12417017,2009-04-02,DIV
14744996,13626955,2012-09-26,CON
14744997,62014661,2014-06-19,PRO
14744997,62022179,2014-07-08,PRO
14744997,62042580,2014-08-27,PRO
14744997,62042610,2014-08-27,PRO
14744997,62042629,2014-08-27,PRO
14744997,62054951,2014-09-24,PRO
14744997,62054952,2014-09-24,PRO
14744997,62054956,2014-09-24,PRO
14744997,62054960,2014-09-24,PRO
14744997,62054963,2014-09-24,PRO
14744997,62054964,2014-09-24,PRO
14744997,62075819,2014-11-05,PRO
14745003,13939092,2013-07-10,CON
14745006,61737552,2012-12-14,PRO
14745006,13743477,2013-01-17,CON
14745009,61172399,2009-04-24,PRO
14745009,12765067,2010-04-22,DIV
14745012,60122395,1999-03-02,PRO
14745012,09515513,2000-02-29,CON
14745012,11480575,2006-07-05,CON
14745012,12623375,2009-11-21,CON
14745012,13018419,2011-01-31,CON
14745012,14276944,2014-05-13,CON
14745014,62017490,2014-06-26,PRO
14745015,12914216,2010-10-28,CON
14745016,62019390,2014-06-30,PRO
14745017,62015002,2014-06-20,PRO
14745018,62015168,2014-06-20,PRO
14745020,13821344,2013-03-07,CON
14745020,PCT/JP2011/066524,2011-07-21,NST
14745022,13809826,2013-01-11,CON
14745022,PCT/KR2011/005496,2011-07-26,NST
14745023,PCT/EP2013/077363,2013-12-19,CON
14745024,11988419,2008-01-29,CIP
14745024,13539493,2012-07-01,CIP
14745024,PCT/AU2006/000965,2006-07-07,NST
14745026,11725777,2007-03-20,CON
14745026,12947264,2010-11-16,CON
14745027,12247523,2008-10-08,CIP
14745027,13196725,2011-08-02,CIP
14745027,13563562,2012-07-31,CON
14745028,62014176,2014-06-19,PRO
14745030,13132816,2011-08-19,DIV
14745030,PCT/EP2009/066315,2009-12-03,NST
14745031,62014651,2014-06-19,PRO
14745032,62015230,2014-06-20,PRO
14745032,62028760,2014-07-24,PRO
14745032,62063867,2014-10-14,PRO
14745032,62136378,2015-03-20,PRO
14745032,62168699,2015-05-29,PRO
14745034,62014383,2014-06-19,PRO
14745036,62014880,2014-06-20,PRO
14745037,PCT/EP2013/000775,2013-12-20,CON
14745038,PCT/CA2013/051006,2013-12-20,CON
14745040,09985309,2001-11-02,DIV
14745040,10748139,2003-12-31,CON
14745040,11430983,2006-05-10,CON
14745040,11978686,2007-10-30,CON
14745040,12714596,2010-03-01,CON
14745040,13096246,2011-04-28,CON
14745040,13362385,2012-01-31,CON
14745040,13858274,2013-04-08,CON
14745040,14100429,2013-12-09,CON
14745041,62015078,2014-06-20,PRO
14745042,62017315,2014-06-26,PRO
14745046,13561388,2012-07-30,CON
14745047,61752202,2013-01-14,PRO
14745047,61878561,2013-09-16,PRO
14745047,14043783,2013-10-01,CON
14745048,13601857,2012-08-31,DIV
14745050,13876142,2013-03-26,CON
14745050,PCT/CN2011/001622,2011-09-26,NST
14745051,62020568,2014-07-03,PRO
14745052,14203355,2014-03-10,CIP
14745054,PCT/JP2013/074195,2013-09-09,CON
14745056,60518864,2003-11-10,PRO
14745056,60533918,2003-12-31,PRO
14745056,10985654,2004-11-10,DIV
14745056,12062293,2008-04-03,CON
14745056,12472236,2009-05-26,CIP
14745056,12960178,2010-12-03,CON
14745056,14021914,2013-09-09,CON
14745057,12408475,2009-03-20,CON
14745057,13612168,2012-09-12,CON
14745060,61409781,2010-11-03,PRO
14745060,PCT/US11/58967,2011-11-02,NST
14745060,13824912,2013-03-18,DIV
14745061,61684133,2012-08-16,PRO
14745061,61684135,2012-08-16,PRO
14745061,61684642,2012-08-17,PRO
14745061,61732857,2012-12-03,PRO
14745061,61757663,2013-01-28,PRO
14745061,13843317,2013-03-15,CON
14745062,11579882,2006-11-08,CON
14745062,12886933,2010-09-21,CON
14745062,14272178,2014-05-07,DIV
14745062,PCT/NL2005/000311,2005-04-26,NST
14745063,13172904,2011-06-30,CON
14745065,61722695,2012-11-05,PRO
14745065,13773978,2013-02-22,CON
14745066,62014547,2014-06-19,PRO
14745069,13065671,2011-03-28,CON
14745073,62015168,2014-06-20,PRO
14745075,61072748,2008-04-02,PRO
14745075,12417450,2009-04-02,CON
14745075,14023206,2013-09-10,CON
14745078,62014743,2014-06-20,PRO
14745079,PCT/CA2014/050359,2014-04-08,CON
14745081,62015230,2014-06-20,PRO
14745081,62028760,2014-07-24,PRO
14745081,62063867,2014-10-14,PRO
14745081,62136378,2015-03-20,PRO
14745081,62168699,2015-05-29,PRO
14745083,61066416,2008-02-20,PRO
14745083,61050724,2008-05-06,PRO
14745083,61130306,2008-05-29,PRO
14745083,61190743,2008-09-02,PRO
14745083,61191293,2008-09-08,PRO
14745083,12390003,2009-02-20,CON
14745083,14035160,2013-09-24,CON
14745083,14671505,2015-03-27,CON
14745084,13619676,2012-09-14,CON
14745085,60749579,2005-12-13,PRO
14745085,60756549,2006-01-06,PRO
14745085,60762861,2006-01-30,PRO
14745085,11637950,2006-12-13,CON
14745085,13425955,2012-03-21,CON
14745086,14720099,2015-05-22,CON
14745087,14013866,2013-08-29,CON
14745088,11267595,2005-11-07,DIV
14745088,13336740,2011-12-23,DIV
14745088,14134727,2013-12-19,CON
14745090,12551919,2009-09-01,DIV
14745093,13499406,2012-08-01,CON
14745093,PCT/KR2010/006740,2010-10-01,NST
14745095,62019298,2014-06-30,PRO
14745098,13231355,2011-09-13,CON
14745098,PCT/IB2010/051339,2010-03-26,CIP
14745099,61240578,2009-09-08,PRO
14745099,61359265,2010-06-28,PRO
14745099,12876840,2010-09-07,CON
14745099,14088844,2013-11-25,CON
14745099,14739976,2015-06-15,CON
14745103,PCT/JP2013/083668,2013-12-16,CON
14745104,62015884,2014-06-23,PRO
14745104,62094780,2014-12-19,PRO
14745106,61240578,2009-09-08,PRO
14745106,61359265,2010-06-28,PRO
14745106,12876840,2010-09-07,CON
14745106,14088844,2013-11-25,CON
14745106,14739976,2015-06-15,CON
14745108,62015230,2014-06-20,PRO
14745108,62028760,2014-07-24,PRO
14745108,62063867,2014-10-14,PRO
14745108,62136378,2015-03-20,PRO
14745108,62168699,2015-05-29,PRO
14745110,10169248,2002-10-03,DIV
14745110,11905956,2007-10-05,CON
14745110,13325913,2011-12-14,CON
14745110,13686494,2012-11-27,CON
14745110,PCT/JP99/07392,1999-12-28,NST
14745111,62014252,2014-06-19,PRO
14745112,13728530,2012-12-27,CON
14745114,62015116,2014-06-20,PRO
14745116,61155080,2009-02-24,PRO
14745116,12712019,2010-02-24,CON
14745120,14261136,2014-04-24,CON
14745121,62015238,2014-06-20,PRO
14745121,62017183,2014-06-25,PRO
14745122,62014823,2014-06-20,PRO
14745123,61179995,2009-05-20,PRO
14745123,61218832,2009-06-19,PRO
14745123,12782694,2010-05-18,CON
14745123,13902306,2013-05-24,CON
14745123,14221386,2014-03-21,CON
14745125,PCT/JP2014/050538,2014-01-15,CON
14745126,13842512,2013-03-15,CON
14745131,62014446,2014-06-19,PRO
14745134,14080606,2013-11-14,CON
14745135,11578494,2006-10-12,CIP
14745135,12851169,2010-08-05,CIP
14745135,14313761,2014-06-24,CIP
14745135,14480475,2014-09-08,CIP
14745136,13149687,2011-05-31,CON
14745139,13737871,2013-01-09,CON
14745141,14361652,2014-06-26,CON
14745141,PCT/SG2011/000422,2011-11-29,NST
14745144,13719196,2012-12-18,DIV
14745147,60886905,2007-01-26,PRO
14745147,12020269,2008-01-25,CON
14745147,12912501,2010-10-26,CON
14745147,13865668,2013-04-18,DIV
14745148,61602722,2012-02-24,PRO
14745148,61692467,2012-08-23,PRO
14745148,13776255,2013-02-25,CON
14745149,61856410,2013-07-19,PRO
14745149,61988745,2014-05-05,PRO
14745149,62026877,2014-07-21,PRO
14745149,14337119,2014-07-21,CON
14745152,13499406,2012-08-01,CON
14745152,14745093,2015-06-19,CON
14745152,PCT/KR2010/006740,2010-10-01,NST
14745157,60623233,2004-11-01,PRO
14745157,11262980,2005-11-01,DIV
14745157,12938117,2010-11-02,DIV
14745158,62015010,2014-06-20,PRO
14745159,PCT/US2013/070788,2013-11-19,CON
14745162,61749888,2013-01-07,PRO
14745162,61829984,2013-05-31,PRO
14745162,14147428,2014-01-03,CON
14745163,62014640,2014-06-19,PRO
14745163,62073340,2014-10-31,PRO
14745164,62015168,2014-06-20,PRO
14745170,PCT/EP2013/077109,2013-12-18,NST
14745171,62014535,2014-06-19,PRO
14745173,PCT/US2013/076753,2013-12-19,CON
14745175,61388342,2010-09-30,PRO
14745175,61405019,2010-10-20,PRO
14745175,13250575,2011-09-30,DIV
14745177,61758704,2013-01-30,PRO
14745177,13839188,2013-03-15,CON
14745179,62015255,2014-06-20,PRO
14745180,62014518,2014-06-19,PRO
14745180,62028884,2014-07-25,PRO
14745181,13499406,2012-08-01,CON
14745181,14745093,2015-06-19,CON
14745181,PCT/KR2010/006740,2010-10-01,NST
14745182,61597537,2012-02-10,PRO
14745182,13763564,2013-02-08,CON
14745183,12727001,2010-03-18,CIP
14745184,62015320,2014-06-20,PRO
14745185,62015428,2014-06-21,PRO
14745186,62018387,2014-06-27,PRO
14745188,13652821,2012-10-16,CIP
14745188,PCT/US13/65283,2013-10-16,NST
14745188,14436394,2015-04-16,CIP
14745189,61793792,2013-03-15,PRO
14745189,14212984,2014-03-14,CON
14745190,12987249,2011-01-10,CON
14745191,61453483,2011-03-16,PRO
14745191,13420294,2012-03-14,DIV
14745195,PCT/EP2012/076192,2012-12-19,CON
14745198,PCT/EP2013/077647,2013-12-20,CON
14745199,13829187,2013-03-14,CON
14745200,12876551,2010-09-07,CON
14745200,14016472,2013-09-03,CON
14745202,61675241,2012-07-24,PRO
14745202,13948956,2013-07-23,DIV
14745203,12333977,2008-12-12,DIV
14745203,12572590,2009-10-02,CIP
14745203,61441561,2011-02-10,PRO
14745203,61444914,2011-02-21,PRO
14745203,13191318,2011-07-26,CIP
14745203,13326128,2011-12-14,CIP
14745203,13832333,2013-03-15,DIV
14745204,14123409,2013-12-02,CON
14745204,PCT/IB2013/054752,2013-06-10,NST
14745205,61228485,2009-07-24,PRO
14745205,PCT/US10/43240,2010-07-26,NST
14745205,13386549,2012-05-07,CON
14745207,13838471,2013-03-15,CON
14745208,61442710,2011-02-14,PRO
14745208,13396365,2012-02-14,CON
14745209,12114870,2008-05-05,CON
14745217,62130106,2015-03-09,PRO
14745223,13877510,2013-04-03,CON
14745223,PCT/US2011/054807,2011-10-04,NST
14745226,13297167,2011-11-15,DIV
14745227,61749888,2013-01-07,PRO
14745227,61829984,2013-05-31,PRO
14745227,14147428,2014-01-03,CON
14745229,61142189,2008-12-31,PRO
14745229,61153694,2009-02-19,PRO
14745229,12650173,2009-12-30,CON
14745229,13653922,2012-10-17,CON
14745232,13812723,2013-01-28,CIP
14745232,14081892,2013-11-15,CON
14745232,PCT/US2012/029835,2012-03-20,NST
14745232,PCT/US2013/036431,2013-04-12,CIP
14745233,13221160,2011-08-30,DIV
14745234,61617866,2012-03-30,PRO
14745234,13854696,2013-04-01,CON
14745235,PCT/CN2013/083035,2013-10-31,NST
14745236,62015074,2014-06-20,PRO
14745241,61243227,2009-09-17,PRO
14745241,12868989,2010-08-26,REI
14745242,12882763,2010-09-15,CIP
14745242,12882865,2010-09-15,CIP
14745242,61888437,2013-10-08,PRO
14745242,61888463,2013-10-08,PRO
14745242,14056361,2013-10-17,CIP
14745243,PCT/EP2012/076749,2012-12-21,NST
14745244,61443060,2011-02-15,PRO
14745244,13396431,2012-02-14,CON
14745246,PCT/US2013/077630,2013-12-23,CON
14745253,62014595,2014-06-19,PRO
14745254,12500542,2009-07-09,DIV
14745254,13759930,2013-02-05,DIV
14745255,60550113,2004-03-04,PRO
14745255,60592885,2004-07-30,PRO
14745255,11072194,2005-03-04,CON
14745255,12228489,2008-08-13,CIP
14745255,12433510,2009-04-30,CON
14745255,13230902,2011-09-13,CON
14745256,61869739,2013-08-25,PRO
14745256,61887415,2013-10-06,PRO
14745256,14106966,2013-12-16,DIV
14745257,13242186,2011-09-23,DIV
14745261,62014575,2014-06-19,PRO
14745264,62014494,2014-06-19,PRO
14745266,61185139,2009-06-08,PRO
14745266,12795412,2010-06-07,DIV
14745269,13217113,2011-08-24,DIV
14745269,14052543,2013-10-11,CON
14745270,PCT/JP2013/006716,2013-11-15,CON
14745271,14733787,2015-06-08,CIP
14745271,PCT/KR2013/009395,2013-10-22,CIP
14745273,11943759,2007-11-21,DIV
14745274,62015367,2014-06-20,PRO
14745277,13217113,2011-08-24,DIV
14745277,14052543,2013-10-11,CON
14745281,13468138,2012-05-10,CON
14745284,14733787,2015-06-08,CON
14745284,PCT/KR2013/009395,2013-01-22,CON
14745285,62014453,2014-06-19,PRO
14745287,62015290,2014-06-20,PRO
14745290,12037529,2008-02-26,CON
14745292,PCT/EP2012/076673,2012-12-21,NST
14745293,62023754,2014-07-11,PRO
14745295,61668781,2012-07-06,PRO
14745295,13935988,2013-07-05,DIV
14745297,62014967,2014-06-20,PRO
14745298,62014363,2014-06-19,PRO
14745299,62015121,2014-06-20,PRO
14745300,62014954,2014-06-20,PRO
14745301,61735537,2012-12-10,PRO
14745301,14101273,2013-12-09,CIP
14745301,14489416,2014-09-17,CON
14745308,14002983,2013-12-16,CON
14745308,PCT/US2012/027614,2012-03-02,NST
14745311,62015140,2014-06-20,PRO
14745312,14000384,2013-12-30,CON
14745312,PCT/US2012/025420,2012-02-16,NST
14745313,13199361,2011-08-26,CIP
14745313,13199545,2011-08-31,CIP
14745313,13200113,2011-09-16,CIP
14745313,13200830,2011-09-30,CIP
14745313,13200907,2011-10-03,CIP
14745313,13317545,2011-10-19,CIP
14745313,13317979,2011-10-31,CIP
14745313,13373675,2011-11-22,CIP
14745313,13373846,2011-11-30,CIP
14745313,13385128,2012-02-01,CIP
14745313,13385687,2012-02-29,CIP
14745313,13432507,2012-03-28,CIP
14745313,13432525,2012-03-28,CIP
14745313,13494536,2012-06-12,CIP
14745313,13528298,2012-06-20,CIP
14745313,13535855,2012-06-28,CIP
14745314,61182623,2009-05-29,PRO
14745314,12643972,2009-12-21,CIP
14745314,12732168,2010-03-25,CON
14745322,12363665,2009-01-30,CON
14745322,13304074,2011-11-23,CON
14745322,13662192,2012-10-26,CON
14745323,62015207,2014-06-20,PRO
14745324,11917621,2008-06-30,REI
14745324,PCT/IB2006/001536,2006-06-09,NST
14745328,62014903,2014-06-20,PRO
14745329,62015322,2014-06-20,PRO
14745330,62015322,2014-06-20,PRO
14745331,62015322,2014-06-20,PRO
14745333,62014497,2014-06-19,PRO
14745333,14677917,2015-04-02,CIP
14745334,62015322,2014-06-20,PRO
14745336,62015321,2014-06-20,PRO
14745337,62015322,2014-06-20,PRO
14745338,62015322,2014-06-20,PRO
14745340,13302184,2011-11-22,CON
14745340,14242500,2014-04-01,CON
14745345,PCT/JP2015/000957,2015-02-25,CON
14745346,61009839,2008-01-03,PRO
14745346,61027508,2008-02-11,PRO
14745346,12348850,2009-01-05,CON
14745346,13413492,2012-03-06,CON
14745353,62022592,2014-07-09,PRO
14745354,62015021,2014-06-20,PRO
14745360,61999486,2014-07-29,PRO
14745361,PCT/CN2013/000493,2013-04-28,CIP
14745363,62022619,2014-07-09,PRO
14745364,14015836,2013-08-30,CON
14745365,62014615,2014-06-19,PRO
14745368,62015073,2014-06-20,PRO
14745375,62014493,2014-06-19,PRO
14745377,61529919,2011-09-01,PRO
14745377,13602095,2012-08-31,CIP
14745384,62015771,2014-06-23,PRO
14745394,62014796,2014-06-20,PRO
14745396,61287077,2009-12-16,PRO
14745396,12970604,2010-12-16,CIP
14745396,13531477,2012-06-22,CIP
14745396,13913466,2013-06-09,CON
14745397,62022636,2014-07-09,PRO
14745399,13734972,2013-01-05,CIP
14745401,12650798,2009-12-31,CON
14745401,14147519,2014-01-04,CON
14745403,62022804,2014-07-10,PRO
14745405,61345318,2010-05-17,PRO
14745405,13101358,2011-05-05,CON
14745405,13895396,2013-05-16,CON
14745406,13191429,2011-07-26,CON
14745410,13886841,2013-05-03,CON
14745410,14558939,2014-12-03,CON
14745411,62014963,2014-06-20,PRO
14745415,62017284,2014-06-26,PRO
14745416,61656681,2012-06-07,PRO
14745416,13913275,2013-06-07,CON
14745422,62022812,2014-07-10,PRO
14745423,13232803,2011-09-14,CON
14745425,60844128,2006-09-11,PRO
14745425,11739489,2007-04-24,CON
14745425,13179428,2011-07-08,CON
14745427,13792128,2013-03-10,CON
14745428,13226173,2011-09-06,DIV
14745428,14289512,2014-05-28,CON
14745431,10687714,2003-10-17,CON
14745432,10789573,2004-02-27,DIV
14745432,12415034,2009-03-31,CON
14745433,14346985,2014-03-25,CON
14745433,PCT/EP2013/052187,2013-02-05,NST
14745436,14145942,2014-01-01,CON
14745438,11991994,2010-03-25,CON
14745438,13763738,2013-02-11,CON
14745438,PCT/IL2006/000335,2006-03-14,NST
14745439,61225269,2009-07-14,PRO
14745439,12561324,2009-09-17,CON
14745439,13736098,2013-01-08,CON
14745439,14455955,2014-08-11,CIP
14745440,PCT/EP2012/076601,2012-12-21,CON
14745441,13065910,2011-04-01,CON
14745446,60667038,2005-04-01,PRO
14745446,11268903,2005-11-07,CON
14745446,12418571,2009-04-04,CON
14745446,13757775,2013-02-02,CON
14745446,14246201,2014-04-07,CON
14745449,62015641,2014-06-23,PRO
14745450,62015517,2014-06-22,PRO
14745454,62018663,2014-06-30,PRO
14745457,13498989,2012-09-20,CON
14745457,PCT/US2010/002642,2010-09-29,NST
14745458,13941555,2013-07-15,DIV
14745461,62018665,2014-06-30,PRO
14745465,61338349,2010-02-18,PRO
14745465,12932022,2011-02-16,CON
14745471,62015409,2014-06-21,PRO
14745471,62015424,2014-06-21,PRO
14745474,PCT/JP2013/007225,2013-12-09,CON
14745476,13764539,2013-02-11,CIP
14745478,13569190,2012-08-08,DIV
14745484,61655678,2012-06-05,PRO
14745484,13909119,2013-06-04,DIV
14745484,14277888,2014-05-15,DIV
14745485,62015818,2014-06-23,PRO
14745485,62015821,2014-06-23,PRO
14745485,62065791,2014-10-20,PRO
14745488,62015550,2014-06-23,PRO
14745507,62015533,2014-06-23,PRO
14745509,62015690,2014-06-23,PRO
14745511,13581311,2012-08-26,CIP
14745511,62014712,2014-06-20,PRO
14745511,PCT/IB2011/050805,2011-02-25,NST
14745512,60534394,2004-01-07,PRO
14745512,11030327,2005-01-07,CON
14745512,12782620,2010-05-18,CON
14745512,13963985,2013-08-09,CON
14745515,14675955,2015-04-01,CON
14745516,14240391,2014-02-22,CON
14745516,PCT/US2011/054354,2011-09-30,NST
14745517,PCT/CN2013/084813,2013-10-06,CIP
14745520,14676158,2015-04-01,CON
14745523,13337252,2011-12-26,DIV
14745524,60966649,2007-08-28,PRO
14745524,12101850,2008-04-11,CON
14745524,13070588,2011-03-24,DIV
14745524,13859833,2013-04-10,CON
14745526,14715943,2015-05-19,CON
14745530,62017292,2014-06-26,PRO
14745533,14669225,2015-03-26,CON
14745535,13154192,2011-06-06,CON
14745537,11692990,2007-03-29,CON
14745542,13324150,2011-12-13,CON
14745542,14100554,2013-12-09,CON
14745543,62019520,2014-07-01,PRO
14745544,14694438,2015-04-23,CON
14745546,61369350,2010-07-30,PRO
14745546,PCT/US11/44324,2011-07-18,NST
14745546,13811759,2013-01-23,CON
14745548,62018260,2014-06-27,PRO
14745549,62015553,2014-06-23,PRO
14745551,62018266,2014-06-27,PRO
14745559,61386376,2010-09-24,PRO
14745559,13242301,2011-09-23,CON
14745559,14096135,2013-12-04,CON
14745560,13538347,2012-06-29,CIP
14745560,13667238,2012-11-02,CIP
14745560,14095413,2013-12-03,CIP
14745560,14478949,2014-09-05,CON
14745561,62019953,2014-07-02,PRO
14745562,61298729,2010-01-27,PRO
14745562,PCT/US11/22749,2011-01-27,NST
14745562,13575858,2012-10-23,CON
14745566,13469469,2012-05-11,CIP
14745566,14485884,2014-09-15,CIP
14745568,13974137,2013-08-23,DIV
14745570,13734202,2013-01-04,CON
14745570,14217703,2014-03-18,CON
14745571,61648976,2012-05-18,PRO
14745571,61670460,2012-07-11,PRO
14745571,13896797,2013-05-17,DIV
14745572,12343374,2008-12-23,CIP
14745572,PCT/US09/69498,2009-12-23,NST
14745572,13141177,2012-01-11,CON
14745576,62018614,2014-06-29,PRO
14745578,62033733,2014-08-06,PRO
14745581,13181993,2011-07-13,CON
14745582,61312733,2010-03-11,PRO
14745582,13043979,2011-03-09,CON
14745583,PCT/JP2012/084154,2012-12-28,CON
14745585,61709173,2012-10-03,PRO
14745585,14037622,2013-09-26,DIV
14745586,62015718,2014-06-23,PRO
14745587,13493725,2012-06-11,CON
14745588,62015339,2014-06-20,PRO
14745590,62016714,2014-06-25,PRO
14745592,62015596,2014-06-23,PRO
14745594,PCT/US2013/076653,2013-12-19,CON
14745595,12944453,2010-11-11,DIV
14745597,12258768,2008-10-27,CON
14745599,61159943,2009-03-13,PRO
14745599,12722357,2010-03-11,DIV
14745600,61778774,2013-03-13,PRO
14745600,13889515,2013-05-08,CIP
14745613,13453047,2012-04-23,CON
14745614,13157735,2011-06-10,CON
14745614,13719378,2012-12-19,CON
14745618,60892201,2007-02-28,PRO
14745618,12037700,2008-02-26,CON
14745618,13614816,2012-09-13,CON
14745618,14264546,2014-04-29,CON
14745622,12979116,2010-12-27,CIP
14745624,62015604,2014-06-23,PRO
14745625,62027278,2014-07-22,PRO
14745627,14113213,2013-10-21,CON
14745627,14458406,2014-08-13,CON
14745627,PCT/JP2012/059758,2012-04-10,NST
14745629,10590309,2006-10-12,DIV
14745629,PCT/JP05/02708,2005-02-21,NST
14745630,13668662,2012-11-05,CON
14745632,PCT/CN2013/090891,2013-12-30,CON
14745633,12873612,2010-09-01,DIV
14745636,13355870,2012-01-23,CON
14745637,62015436,2014-06-22,PRO
14745638,60946774,2007-06-28,PRO
14745638,12163858,2008-06-27,CON
14745643,12797698,2010-06-10,CON
14745643,14223519,2014-03-24,CON
14745648,12482065,2009-06-10,CON
14745648,13484512,2012-05-31,CON
14745649,PCT/EP2013/003742,2013-12-11,CON
14745655,11942231,2007-11-19,DIV
14745655,12719583,2010-03-08,CON
14745656,61115633,2008-11-18,PRO
14745656,12621429,2009-11-18,CON
14745657,14269568,2014-05-05,CON
14745659,10818072,2004-04-05,CON
14745661,11348276,2006-02-06,DIV
14745661,12140609,2008-06-17,CON
14745662,61786311,2013-03-15,PRO
14745662,14159365,2014-01-20,CON
14745665,14176197,2014-02-10,DIV
14745665,PCT/JP2012/067431,2012-07-09,CON
14745667,12933168,2011-01-19,DIV
14745667,PCT/US2009/037455,2009-03-17,NST
14745668,14005092,2013-10-18,CON
14745668,14458283,2014-08-13,CON
14745668,PCT/US2012/029860,2012-03-21,NST
14745670,61897926,2013-10-31,PRO
14745670,14510632,2014-10-09,CON
14745672,61556122,2011-11-04,PRO
14745672,13647315,2012-10-08,DIV
14745672,13850266,2013-03-25,CIP
14745672,14274212,2014-05-09,CON
14745673,12964503,2010-12-09,DIV
14745674,62015386,2014-06-20,PRO
14745675,62019360,2014-06-30,PRO
14745676,11662646,2007-03-13,CON
14745676,13494652,2012-06-12,CON
14745676,14194885,2014-03-03,CON
14745676,14576972,2014-12-19,CON
14745676,PCT/SE05/01307,2005-09-09,NST
14745677,13823872,2013-03-15,DIV
14745677,PCT/JP2011/072627,2011-09-30,NST
14745678,13449774,2012-04-18,DIV
14745679,14010309,2013-08-26,DIV
14745682,11385002,2006-03-20,DIV
14745686,13579346,2012-08-16,DIV
14745686,PCT/JP2011/000842,2011-02-16,NST
14745687,61897933,2013-10-31,PRO
14745687,14510636,2014-10-09,CON
14745689,13221595,2011-08-30,CIP
14745689,13222962,2011-08-31,DIV
14745691,62015487,2014-06-22,PRO
14745693,13531936,2012-06-25,DIV
14745694,61159943,2009-03-13,PRO
14745694,12722357,2010-03-11,DIV
14745696,61506526,2011-07-11,PRO
14745696,13219927,2011-08-29,DIV
14745698,62016543,2014-06-24,PRO
14745700,62019333,2014-06-30,PRO
14745701,14015757,2013-08-30,DIV
14745703,14200503,2014-03-07,DIV
14745707,61897950,2013-10-31,PRO
14745707,14540643,2014-11-13,CON
14745708,60799897,2006-05-13,PRO
14745708,60820053,2006-07-21,PRO
14745708,60825504,2006-09-13,PRO
14745708,PCT/US07/68900,2007-05-14,NST
14745708,12300766,2009-07-15,CON
14745709,61673149,2012-07-18,PRO
14745709,61750757,2013-01-09,PRO
14745709,13944211,2013-07-17,CIP
14745709,61862469,2013-08-05,PRO
14745709,14161658,2014-01-22,CIP
14745710,62015604,2014-06-23,PRO
14745712,13991500,2013-06-04,CON
14745712,PCT/JP2011/078214,2011-12-06,NST
14745713,14200503,2014-03-07,DIV
14745720,62015491,2014-06-22,PRO
14745723,62014897,2014-06-20,PRO
14745724,13346832,2012-01-10,CON
14745724,14640251,2015-03-06,CIP
14745729,62017966,2014-06-27,PRO
14745733,PCT/DK2013/050427,2013-12-12,CON
14745737,62015449,2014-06-22,PRO
14745738,61159943,2009-03-13,PRO
14745738,12722357,2010-03-11,DIV
14745739,62015723,2014-06-23,PRO
14745744,62026599,2014-07-18,PRO
14745745,62031230,2014-07-31,PRO
14745746,60343905,2001-10-22,PRO
14745746,60376947,2002-04-30,PRO
14745746,10278708,2002-10-22,CON
14745746,11855993,2007-09-14,CON
14745746,13163618,2011-06-17,CON
14745746,13967245,2013-08-14,CON
14745749,13789949,2013-03-08,DIV
14745750,61373804,2010-08-14,PRO
14745750,13206977,2011-08-10,DIV
14745752,61999169,2014-07-18,PRO
14745753,60199130,2000-04-24,PRO
14745753,60217681,2000-07-12,PRO
14745753,09653543,2000-08-31,CIP
14745753,60259584,2001-01-04,PRO
14745753,PCT/US01/13101,2001-04-24,NST
14745753,10258439,2002-10-24,DIV
14745753,11301259,2005-12-13,CON
14745753,11929794,2007-10-30,CON
14745753,13409800,2012-03-01,CON
14745753,13617626,2012-09-14,CON
14745753,14039142,2013-09-27,CON
14745755,61697150,2012-09-05,PRO
14745755,14017546,2013-09-04,CON
14745757,62030476,2014-07-29,PRO
14745758,13988307,2014-03-07,CON
14745758,PCT/US2011/047622,2011-08-12,NST
14745759,62016209,2014-06-24,PRO
14745762,62024408,2014-07-14,PRO
14745763,62016548,2014-06-24,PRO
14745763,62016566,2014-06-24,PRO
14745765,13642874,2012-12-14,CON
14745765,PCT/EP2011/056732,2011-04-28,NST
14745770,60927598,2007-05-04,PRO
14745770,12079233,2008-03-25,DIV
14745771,61322947,2010-04-12,PRO
14745771,13084904,2011-04-12,CON
14745774,62020096,2014-07-02,PRO
14745776,62017282,2014-06-26,PRO
14745777,11254392,2005-10-20,CON
14745777,12419701,2009-04-07,CON
14745777,13550478,2012-07-16,CON
14745777,14153470,2014-01-13,CON
14745782,12288672,2008-10-22,CON
14745782,12603897,2009-10-22,CON
14745782,12913672,2010-10-27,CON
14745784,13153945,2011-06-06,DIV
14745784,14317849,2014-06-27,CON
14745785,13029054,2011-02-16,CIP
14745785,61483314,2011-05-06,PRO
14745785,13277187,2011-10-19,CIP
14745785,14026163,2013-09-13,CIP
14745785,14053231,2013-10-14,CIP
14745785,14256192,2014-04-18,CIP
14745785,14560740,2014-12-04,CON
14745787,62016204,2014-06-24,PRO
14745789,14018788,2013-09-05,CON
14745792,11087844,2005-03-23,DIV
14745792,12697322,2010-02-01,CIP
14745792,13161563,2011-06-16,DIV
14745793,13910801,2013-06-05,DIV
14745794,PCT/CN2014/082291,2014-07-16,CON
14745795,62016881,2014-06-25,PRO
14745796,61367870,2010-07-26,PRO
14745796,61367871,2010-07-26,PRO
14745796,61408820,2010-11-01,PRO
14745796,61408826,2010-11-01,PRO
14745796,61408829,2010-11-01,PRO
14745796,61408839,2010-11-01,PRO
14745796,61408846,2010-11-01,PRO
14745796,61408854,2010-11-01,PRO
14745796,61408858,2010-11-01,PRO
14745796,61416020,2010-11-22,PRO
14745796,61416033,2010-11-22,PRO
14745796,13178598,2011-07-08,CON
14745797,61159943,2009-03-13,PRO
14745797,12722357,2010-03-11,DIV
14745801,62019438,2014-07-01,PRO
14745802,14190159,2014-02-26,CIP
14745802,PCT/US2013/041761,2013-05-20,CON
14745803,12107165,2008-04-22,DIV
14745803,14272928,2014-05-08,DIV
14745804,13228644,2011-09-09,CON
14745804,14208356,2014-03-13,CON
14745805,62016356,2014-06-24,PRO
14745808,13000765,2011-01-21,DIV
14745808,PCT/US2009/048467,2009-06-24,NST
14745809,62015199,2014-06-20,PRO
14745810,62016552,2014-06-24,PRO
14745812,13063628,2011-03-11,DIV
14745812,14074825,2013-11-08,DIV
14745812,PCT/JP2009/004479,2009-09-10,NST
14745815,61597060,2012-02-09,PRO
14745815,13762489,2013-02-08,CON
14745818,62034682,2014-08-07,PRO
14745819,61333561,2010-05-11,PRO
14745819,13105522,2011-05-11,CON
14745822,13991500,2013-06-04,CON
14745822,PCT/JP2011/078214,2011-12-06,NST
14745823,13698090,2013-01-17,CON
14745823,PCT/JP2011/002770,2011-05-18,NST
14745829,14074144,2013-11-07,CON
14745833,PCT/CN2014/082202,2014-07-15,CON
14745836,14717291,2015-05-20,CON
14745838,14179695,2014-02-13,CON
14745840,13829036,2013-03-14,CON
14745843,62016402,2014-06-24,PRO
14745845,11766617,2007-06-21,DIV
14745845,13725383,2012-12-21,DIV
14745847,PCT/JP2013/053701,2013-02-15,CON
14745848,12645008,2009-12-22,CON
14745848,13415598,2012-03-08,CON
14745848,13690000,2012-11-30,CON
14745848,14176358,2014-02-10,CON
14745851,13033367,2011-02-23,CON
14745851,14017555,2013-09-04,CON
14745852,13028482,2011-02-16,CON
14745858,11538154,2006-10-03,CIP
14745858,13118246,2011-05-27,CON
14745859,13515192,2012-07-18,DIV
14745859,PCT/US2010/060085,2010-12-13,NST
14745862,14090233,2013-11-26,CON
14745863,13073218,2011-03-28,DIV
14745866,12913300,2010-10-27,DIV
14745866,PCT/EP2010/055863,2010-04-29,CIP
14745867,62029105,2014-07-25,PRO
14745872,13444066,2012-04-11,CON
14745872,14281151,2014-05-19,CON
14745874,13428743,2012-03-23,CON
14745875,62016557,2014-06-24,PRO
14745876,PCT/JP2013/084468,2013-12-24,CON
14745881,62021240,2014-07-07,PRO
14745882,13379207,2012-05-09,CON
14745882,PCT/US2010/039351,2010-06-21,NST
14745886,61661762,2012-06-19,PRO
14745886,13921647,2013-06-19,CON
14745887,PCT/JP2012/083755,2012-12-26,CON
14745888,13321801,2011-11-21,DIV
14745888,14069718,2013-11-01,DIV
14745888,PCT/JP2010/058676,2010-05-21,NST
14745889,13724400,2012-12-21,CIP
14745889,13900573,2013-05-23,CON
14745894,13517498,2012-06-20,CON
14745894,PCT/CA2010/001130,2010-07-20,NST
14745895,61614175,2012-03-22,PRO
14745895,61746287,2012-12-27,PRO
14745895,61765610,2013-02-15,PRO
14745895,13797963,2013-03-12,CON
14745896,13803714,2013-03-14,CIP
14745896,14069706,2013-11-01,CIP
14745896,14606402,2015-01-27,CIP
14745901,61598694,2012-02-14,PRO
14745901,13766652,2013-02-13,CON
14745902,61598112,2012-02-13,PRO
14745902,13747976,2013-01-23,DIV
14745904,61583933,2012-01-06,PRO
14745904,13734384,2013-01-04,CON
14745905,13846250,2013-03-18,DIV
14745909,12702980,2010-02-09,DIV
14745909,13911432,2013-06-06,DIV
14745910,60989050,2007-11-19,PRO
14745910,12272994,2008-11-18,CON
14745912,14692105,2015-04-21,CON
14745915,13545339,2012-07-10,DIV
14745917,61411174,2010-11-08,PRO
14745917,13289060,2011-11-04,CON
14745919,14690954,2015-04-20,CON
14745921,61652826,2012-05-29,PRO
14745921,13904029,2013-05-29,CON
14745922,61819518,2013-05-03,PRO
14745922,14268310,2014-05-02,CON
14745925,61613777,2012-03-21,PRO
14745925,13741918,2013-01-15,CON
14745927,62016186,2014-06-24,PRO
14745929,62014740,2014-06-20,PRO
14745930,13991500,2013-06-04,CON
14745930,PCT/JP2011/078214,2011-12-06,NST
14745931,PCT/JP2013/060846,2013-04-10,CON
14745932,62014899,2014-06-20,PRO
14745936,14679165,2015-04-06,CON
14745939,62015765,2014-06-23,PRO
14745940,61565810,2011-12-01,PRO
14745940,13335003,2011-12-22,CON
14745941,62016561,2014-06-24,PRO
14745942,61735990,2012-12-11,SUB
14745942,14102501,2013-12-11,CIP
14745943,62015670,2014-06-23,PRO
14745947,14625830,2015-02-19,CON
14745948,12998043,2011-06-09,CON
14745948,PCT/EP2009/060414,2009-08-12,NST
14745950,13488879,2012-06-05,CON
14745951,14728259,2015-06-02,CIP
14745953,61148682,2009-01-30,PRO
14745953,12697815,2010-02-01,CON
14745953,13421192,2012-03-15,CON
14745955,11794048,2008-04-22,CON
14745955,13101440,2011-05-05,CON
14745955,13571124,2012-08-09,CON
14745955,13914303,2013-06-10,CON
14745955,PCT/EP2005/014021,2005-12-23,NST
14745956,13379231,2011-12-19,CON
14745956,PCT/IB2010/052633,2010-06-14,NST
14745957,12988034,2010-12-06,DIV
14745957,14159068,2014-01-20,DIV
14745957,PCT/US2009/040841,2009-04-16,NST
14745960,62015755,2014-06-23,PRO
14745962,62016224,2014-06-24,PRO
14745963,10135161,2002-04-30,REI
14745963,11400073,2006-04-06,CON
14745963,14047213,2013-10-07,RIC
14745963,PCT/FI00/00969,2000-11-06,CON
14745966,13856968,2013-04-04,CON
14745969,14604830,2015-01-26,CON
14745970,10955659,2004-09-30,CON
14745970,13673773,2012-11-09,CON
14745971,62019620,2014-07-01,PRO
14745979,62015953,2014-06-23,PRO
14745980,61620645,2012-04-05,PRO
14745980,13836576,2013-03-15,DIV
14745980,14302793,2014-06-12,CON
14745982,62015149,2014-06-20,PRO
14745983,10480932,2003-12-16,CON
14745983,11976748,2007-10-26,DIV
14745983,13495318,2012-06-13,DIV
14745983,PCT/JP03/04806,2003-04-16,NST
14745990,13156816,2011-06-09,CON
14745993,62017520,2014-06-26,PRO
14745994,12562860,2009-09-18,CON
14745996,62016564,2014-06-24,PRO
14746000,62015286,2014-06-20,PRO
14746003,61423007,2010-12-14,PRO
14746003,61526764,2011-08-24,PRO
14746003,13323695,2011-12-12,DIV
14746004,13098618,2011-05-02,DIV
14746004,13471663,2012-05-15,DIV
14746005,62014876,2014-06-20,PRO
14746007,61889656,2013-10-11,PRO
14746007,14511421,2014-10-10,CON
14746009,61673645,2012-07-19,PRO
14746009,13906500,2013-05-31,DIV
14746011,62015005,2014-06-20,PRO
14746014,60268601,2001-02-15,PRO
14746014,10067372,2002-02-07,DIV
14746014,11098703,2005-04-05,DIV
14746014,11806098,2007-05-30,CIP
14746014,12222931,2008-08-20,CIP
14746014,12797302,2010-06-09,CON
14746014,13309987,2011-12-02,CON
14746014,13894670,2013-05-15,DIV
14746014,14092044,2013-11-27,DIV
14746017,13597752,2012-08-29,DIV
14746018,13855781,2013-04-03,CON
14746020,62016034,2014-06-23,PRO
14746020,62098956,2014-12-31,PRO
14746021,13767501,2013-02-14,CON
14746022,61443370,2011-02-16,PRO
14746022,13389391,2012-04-02,DIV
14746024,13661833,2012-10-26,CON
14746028,60984425,2007-11-01,PRO
14746028,12134545,2008-06-06,DIV
14746028,13537654,2012-06-29,CON
14746029,14352382,2014-04-17,CON
14746029,PCT/JP2012/077307,2012-10-23,NST
14746030,13661724,2012-10-26,CON
14746031,13860669,2013-04-11,CIP
14746032,13842491,2013-03-15,DIV
14746035,61168040,2009-04-09,PRO
14746035,12757005,2010-04-08,CON
14746038,10820551,2004-04-08,CON
14746041,62016393,2014-06-24,PRO
14746043,11914062,2008-06-30,DIV
14746043,13654911,2012-10-18,DIV
14746043,PCT/US2006/018187,2006-05-11,NST
14746044,62015611,2014-06-23,PRO
14746045,13192217,2011-07-27,CON
14746045,62015459,2014-06-22,PRO
14746045,14717798,2015-05-20,CON
14746046,62016566,2014-06-24,PRO
14746048,PCT/US2014/065972,2014-11-17,CON
14746049,10617397,2003-07-11,DIV
14746049,11207933,2005-08-22,CON
14746049,12773307,2010-05-04,DIV
14746049,13675037,2012-11-13,CON
14746049,13964203,2013-08-12,CON
14746057,62017865,2014-06-27,PRO
14746059,12820797,2010-06-22,CON
14746061,13917145,2013-06-13,DIV
14746062,13533429,2012-06-26,CON
14746063,62015404,2014-06-21,PRO
14746065,61842081,2013-07-02,PRO
14746065,14314149,2014-06-25,CON
14746069,PCT/JP2013/074771,2013-09-12,CON
14746070,61527703,2011-08-26,PRO
14746070,13592393,2012-08-23,CON
14746070,14561339,2014-12-05,CON
14746071,61454177,2011-03-18,PRO
14746071,13331638,2011-12-20,CON
14746074,61503788,2011-07-01,PRO
14746074,13540110,2012-07-02,CON
14746075,11632895,2007-01-19,CON
14746075,13609995,2012-09-11,CON
14746075,PCT/US2005/026068,2005-07-22,NST
14746077,PCT/JP2013/006162,2013-10-17,CON
14746080,61330067,2010-04-30,PRO
14746080,13097710,2011-04-29,DIV
14746083,62038992,2014-08-19,PRO
14746084,12582266,2009-10-20,CON
14746086,13089711,2011-04-19,DIV
14746089,12795504,2010-06-07,CON
14746090,61988848,2014-05-05,PRO
14746090,62128920,2015-03-05,PRO
14746090,62150254,2015-04-20,PRO
14746090,62150586,2015-04-21,PRO
14746090,14704947,2015-05-05,CIP
14746091,62038989,2014-08-19,PRO
14746092,12969228,2010-12-15,CON
14746093,62016318,2014-06-24,PRO
14746094,60518167,2003-11-07,PRO
14746094,10977598,2004-10-29,CON
14746094,13301180,2011-11-21,CON
14746095,62016599,2014-06-24,PRO
14746097,61747008,2012-12-28,PRO
14746097,13762754,2013-02-08,DIV
14746099,PCT/JP2013/050010,2013-01-04,CON
14746101,PCT/EP2013/003637,2013-12-03,CON
14746102,13311595,2011-12-06,CON
14746102,14056545,2013-10-17,CON
14746103,PCT/JP2013/082100,2013-11-28,CON
14746104,13967717,2013-08-15,CON
14746105,61546938,2011-10-13,PRO
14746105,61593790,2012-02-01,PRO
14746105,13651128,2012-10-12,DIV
14746105,14109164,2013-12-17,CON
14746106,13950842,2013-07-25,CON
14746111,60823891,2006-08-29,PRO
14746111,11847011,2007-08-29,CIP
14746111,11876562,2007-10-22,CON
14746111,13080701,2011-04-06,CON
14746111,14269904,2014-05-05,CON
14746113,61679827,2012-08-06,PRO
14746113,13958934,2013-08-05,DIV
14746113,14336580,2014-07-21,DIV
14746114,PCT/JP2013/081498,2013-11-22,CON
14746115,13810060,2013-07-29,CON
14746115,PCT/US2011/044191,2011-07-15,NST
14746116,10480932,2003-12-16,CON
14746116,11976748,2007-10-26,DIV
14746116,13495318,2012-06-13,DIV
14746116,PCT/JP03/04806,2003-04-16,NST
14746117,61710238,2012-10-05,PRO
14746117,14047608,2013-10-07,CON
14746119,61696738,2012-09-04,PRO
14746119,14018066,2013-09-04,CIP
14746120,61012969,2007-12-12,PRO
14746120,PCT/US08/86175,2008-12-10,NST
14746120,12747155,2010-09-22,DIV
14746125,14676305,2015-04-01,CON
14746129,14219555,2014-03-19,DIV
14746129,PCT/AU2013/000621,2013-06-12,CON
14746130,62016901,2014-06-25,PRO
14746134,12996780,2010-12-08,CON
14746134,14223295,2014-03-24,CON
14746134,PCT/IB2009/052602,2009-06-18,NST
14746138,62016219,2014-06-24,PRO
14746138,62034629,2014-08-07,PRO
14746138,62061819,2014-10-09,PRO
14746141,12071284,2008-02-19,CON
14746141,12927000,2010-12-22,CON
14746141,13137092,2011-07-20,CON
14746141,13354908,2012-01-20,CON
14746141,13717013,2012-12-17,CON
14746141,14035093,2013-09-24,CON
14746141,14191501,2014-02-27,CON
14746141,14529361,2014-10-31,CON
14746142,61166437,2009-04-03,PRO
14746142,12754367,2010-04-05,DIV
14746144,62015750,2014-06-23,PRO
14746145,62017629,2014-06-26,PRO
14746147,13548980,2012-07-13,CIP
14746147,13630583,2012-09-28,CON
14746148,61288137,2009-12-18,PRO
14746148,12970268,2010-12-16,DIV
14746148,13363504,2012-02-01,DIV
14746148,14054166,2013-10-15,DIV
14746150,62015049,2014-06-20,PRO
14746152,62019948,2014-07-02,PRO
14746153,62036192,2014-08-12,PRO
14746156,61772759,2013-03-05,PRO
14746156,14195084,2014-03-03,CIP
14746157,11165593,2005-06-22,CIP
14746157,11474114,2006-06-22,CON
14746157,13249499,2011-09-30,CON
14746159,62015822,2014-06-23,PRO
14746160,62040178,2014-08-21,PRO
14746161,13697840,2012-11-14,DIV
14746161,PCT/DE2011/000121,2011-02-09,NST
14746162,62015127,2014-06-20,PRO
14746162,62016984,2014-06-25,PRO
14746166,12951400,2010-11-22,CON
14746168,11817915,2009-10-06,CON
14746168,13184306,2011-07-15,CON
14746168,13413112,2012-03-06,CON
14746168,PCT/US2007/016634,2007-07-23,NST
14746169,61100721,2008-09-27,PRO
14746169,61108743,2008-10-27,PRO
14746169,61121159,2008-12-09,PRO
14746169,61142796,2009-01-06,PRO
14746169,61142818,2009-01-06,PRO
14746169,61142880,2009-01-06,PRO
14746169,61142885,2009-01-06,PRO
14746169,61142887,2009-01-06,PRO
14746169,61142889,2009-01-06,PRO
14746169,61142977,2009-01-07,PRO
14746169,61143058,2009-01-07,PRO
14746169,61147386,2009-01-26,PRO
14746169,61152086,2009-02-12,PRO
14746169,61152390,2009-02-13,PRO
14746169,61156764,2009-03-02,PRO
14746169,61163695,2009-03-26,PRO
14746169,61169240,2009-04-14,PRO
14746169,61172633,2009-04-24,PRO
14746169,61173747,2009-04-29,PRO
14746169,61178508,2009-05-15,PRO
14746169,61182768,2009-06-01,PRO
14746169,12567716,2009-09-25,CIP
14746169,12639489,2009-12-16,CIP
14746169,12647705,2009-12-28,CIP
14746169,61292768,2010-01-06,PRO
14746169,12705582,2010-02-13,CIP
14746169,12721118,2010-03-10,CIP
14746169,12749571,2010-03-30,CIP
14746169,12757716,2010-04-09,CIP
14746169,12759047,2010-04-13,CIP
14746169,61326051,2010-04-20,PRO
14746169,12767633,2010-04-26,CIP
14746169,12770137,2010-04-29,CIP
14746169,12789611,2010-05-28,CIP
14746169,61351492,2010-06-04,PRO
14746169,61378600,2010-08-31,PRO
14746169,61382806,2010-09-14,PRO
14746169,61411490,2010-11-09,PRO
14746169,12986018,2011-01-06,CIP
14746169,13021965,2011-02-07,CIP
14746169,13090369,2011-04-20,CIP
14746169,13154131,2011-06-06,CIP
14746169,13222915,2011-08-31,CIP
14746169,13232868,2011-09-14,CON
14746170,61108066,2008-10-24,PRO
14746170,12605992,2009-10-26,CON
14746171,61392697,2010-10-13,PRO
14746171,13271924,2011-10-12,CON
14746172,61291177,2009-12-30,PRO
14746172,12897996,2010-10-05,CON
14746172,13794214,2013-03-11,CON
14746174,61303242,2010-02-10,PRO
14746174,13025051,2011-02-10,CON
14746178,62040178,2014-08-21,PRO
14746179,13546719,2012-07-11,CON
14746182,61986364,2014-04-30,PRO
14746182,14608741,2015-01-29,CON
14746183,11738266,2007-04-20,CON
14746183,14067404,2013-10-30,CON
14746183,14252047,2014-04-14,CON
14746183,14581518,2014-12-23,CON
14746187,11859422,2007-09-21,CON
14746187,13459981,2012-04-30,CON
14746187,14257241,2014-04-21,CON
14746190,10862835,2004-06-07,CON
14746190,12033514,2008-02-19,CON
14746190,12766399,2010-04-23,CON
14746190,13013331,2011-01-25,CON
14746191,PCT/JP2014/050366,2014-01-10,CON
14746195,62015179,2014-06-20,PRO
14746199,61998582,2014-07-03,PRO
14746199,14581706,2014-12-23,CON
14746202,62015839,2014-06-23,PRO
14746203,PCT/JP2014/063052,2014-05-16,CON
14746204,62040178,2014-08-21,PRO
14746205,13299464,2011-11-18,CON
14746207,61266599,2009-12-04,PRO
14746207,12722455,2010-03-11,CON
14746208,61777639,2013-03-12,PRO
14746208,14204454,2014-03-11,CON
14746212,61449496,2011-03-04,PRO
14746212,13411263,2012-03-02,CON
14746215,12499769,2009-07-08,CON
14746215,13620519,2012-09-14,CON
14746215,13908817,2013-06-03,CON
14746215,14149654,2014-01-07,CON
14746216,13067595,2011-06-13,CON
14746217,61019501,2008-01-07,PRO
14746217,12350223,2009-01-07,CON
14746217,14144189,2013-12-30,CON
14746218,61099498,2008-09-23,PRO
14746218,12564415,2009-09-22,DIV
14746219,62016229,2014-06-24,PRO
14746220,11936455,2007-11-07,CON
14746220,13912257,2013-06-07,CON
14746220,14220217,2014-03-20,CON
14746221,62015753,2014-06-23,PRO
14746222,61308769,2010-02-26,PRO
14746222,13576626,2012-08-01,DIV
14746222,PCT/US2011/026290,2011-02-25,NST
14746225,14402548,2014-11-20,DIV
14746225,PCT/KR2013/004880,2013-06-03,NST
14746226,61534453,2011-09-14,PRO
14746226,61595296,2012-02-06,PRO
14746226,13618724,2012-09-14,DIV
14746227,61473437,2011-04-08,PRO
14746227,13438549,2012-04-03,DIV
14746228,13073526,2011-03-28,CON
14746228,14095762,2013-12-03,CON
14746230,12215463,2008-06-26,CIP
14746230,13031199,2011-02-19,DIV
14746231,62040178,2014-08-21,PRO
14746232,62015415,2014-06-21,PRO
14746233,62015077,2014-06-20,PRO
14746234,13086805,2011-04-14,DIV
14746236,13969109,2013-08-16,CON
14746238,61440710,2011-02-08,PRO
14746238,13983251,2013-08-01,CON
14746239,13923302,2013-06-20,CIP
14746244,09462171,2000-03-27,CON
14746244,10985961,2004-11-12,DIV
14746244,PCT/IL98/00329,1998-07-14,NST
14746248,13956474,2013-08-01,DIV
14746249,PCT/JP2013/053703,2013-02-15,CON
14746250,11853945,2007-09-12,CON
14746253,62015891,2014-06-23,PRO
14746254,61449496,2011-03-04,PRO
14746254,13411263,2012-03-02,DIV
14746256,12617832,2009-11-13,CIP
14746257,62014918,2014-06-20,PRO
14746259,PCT/JP2013/078183,2013-10-17,NST
14746261,61659755,2012-06-14,PRO
14746261,13914406,2013-06-10,CON
14746265,61107173,2008-10-21,PRO
14746265,12603239,2009-10-21,CON
14746266,13835388,2013-03-15,CON
14746267,61034079,2008-03-05,PRO
14746267,12398044,2009-03-04,CON
14746267,13540400,2012-07-02,CON
14746268,61731717,2012-11-30,PRO
14746268,13792774,2013-03-11,CON
14746268,14095226,2013-12-03,CON
14746268,14333839,2014-07-17,CON
14746271,13569753,2012-08-08,CON
14746272,61378543,2010-08-31,PRO
14746272,61487262,2011-05-17,PRO
14746272,13221948,2011-08-31,DIV
14746275,62015747,2014-06-23,PRO
14746276,60745039,2006-04-18,PRO
14746276,60745043,2006-04-18,PRO
14746276,60745058,2006-04-18,PRO
14746276,60745059,2006-04-18,PRO
14746276,60745914,2006-04-28,PRO
14746276,60745950,2006-04-28,PRO
14746276,60746797,2006-05-09,PRO
14746276,60746801,2006-05-09,PRO
14746276,60806412,2006-06-30,PRO
14746276,60807104,2006-07-12,PRO
14746276,11639531,2006-12-15,CIP
14746276,12761066,2010-04-15,DIV
14746276,14308110,2014-06-18,CON
14746276,PCT/US2008/080264,2008-10-17,CIP
14746281,62014730,2014-06-20,PRO
14746283,12917928,2010-11-02,CON
14746284,13885551,2013-08-20,CON
14746284,PCT/US2011/060845,2011-11-15,NST
14746286,13572070,2012-08-10,CON
14746287,12465372,2009-05-13,DIV
14746287,13761725,2013-02-07,DIV
14746292,62021794,2014-07-08,PRO
14746296,62014887,2014-06-20,PRO
14746298,13551297,2012-07-17,CON
14746299,60445868,2003-02-07,PRO
14746299,10773785,2004-02-06,CON
14746299,12813373,2010-06-10,CON
14746299,13789216,2013-03-07,CON
14746300,14065161,2013-10-28,CON
14746305,13429647,2012-03-26,CON
14746309,12850437,2010-08-04,CON
14746309,14091998,2013-11-27,CON
14746309,14447719,2014-07-31,CON
14746310,13594525,2012-08-24,CIP
14746312,60052993,1997-07-11,PRO
14746312,08965422,1997-11-06,CON
14746312,09950689,2001-09-13,CON
14746312,11260161,2005-10-28,CON
14746312,12923715,2010-10-05,CON
14746312,14511914,2014-10-10,CON
14746314,13345063,2012-01-06,CON
14746314,14087710,2013-11-22,CON
14746315,13693598,2012-12-04,CON
14746315,14323246,2014-07-03,CON
14746324,13785417,2013-03-05,CON
14746325,12894377,2010-09-30,CIP
14746325,13097891,2011-04-29,CIP
14746325,13433114,2012-03-28,CON
14746326,10498815,2004-06-22,CON
14746326,13243694,2011-09-23,CON
14746326,14049788,2013-10-09,CON
14746326,PCT/JP03/13867,2003-10-29,NST
14746328,60700233,2005-07-18,PRO
14746328,11434033,2006-05-15,CON
14746328,11931398,2007-10-31,CON
14746329,13965636,2013-08-13,CON
14746331,62015050,2014-06-20,PRO
14746333,62015754,2014-06-23,PRO
14746333,62138164,2015-03-25,PRO
14746334,13205948,2011-08-09,CON
14746334,13854513,2013-04-01,CON
14746337,61438414,2011-02-01,PRO
14746337,13363941,2012-02-01,CON
14746337,14277076,2014-05-14,CON
14746338,13706047,2012-12-05,CON
14746339,13319514,2011-11-08,CON
14746339,PCT/IB2010/052187,2010-05-17,NST
14746343,12067046,2008-03-15,CON
14746343,13440635,2012-04-05,CON
14746343,PCT/US2006/036239,2006-09-15,NST
14746344,12894377,2010-09-30,CIP
14746344,13097891,2011-04-29,CIP
14746344,13433114,2012-03-28,CON
14746347,60685295,2005-05-27,PRO
14746347,60701306,2005-07-21,PRO
14746347,60721053,2005-09-27,PRO
14746347,60790415,2006-04-07,PRO
14746347,11439808,2006-05-24,DIV
14746347,14153514,2014-01-13,CON
14746349,62018397,2014-06-27,PRO
14746349,62052928,2014-09-19,PRO
14746349,62109544,2015-01-29,PRO
14746353,08659440,1996-06-06,CIP
14746353,08870608,1997-06-06,DIV
14746353,09479783,2000-01-07,CON
14746353,10078949,2002-02-20,CIP
14746353,60423760,2002-11-05,PRO
14746353,60503271,2003-09-15,PRO
14746353,10701265,2003-11-04,CON
14746354,62015849,2014-06-23,PRO
14746355,60716362,2005-09-12,PRO
14746355,60734692,2005-11-08,PRO
14746355,11411761,2006-04-25,CIP
14746355,11760196,2007-06-08,CIP
14746355,12357860,2009-01-22,CIP
14746355,12639656,2009-12-16,CIP
14746355,61530736,2011-09-02,PRO
14746355,61542473,2011-10-03,PRO
14746355,61553545,2011-10-31,PRO
14746355,13542419,2012-07-05,CON
14746355,14012715,2013-08-28,CIP
14746355,14332088,2014-07-15,CON
14746357,14465308,2014-08-21,CIP
14746357,14610835,2015-01-30,CON
14746358,11631370,2007-03-16,CON
14746358,12768286,2010-04-27,CON
14746358,13230398,2011-09-12,CON
14746358,13751284,2013-01-28,CON
14746358,13926102,2013-06-25,CON
14746358,14280872,2014-05-19,CON
14746358,PCT/EP2005/006583,2005-06-18,NST
14746360,12894377,2010-09-30,CIP
14746360,13097891,2011-04-29,CIP
14746360,13433114,2012-03-28,CON
14746362,60952441,2007-07-27,PRO
14746362,PCT/US08/71342,2008-07-28,NST
14746362,12670966,2010-07-28,CON
14746366,13434438,2012-03-29,DIV
14746367,13837120,2013-03-15,CIP
14746367,13838783,2013-03-15,CIP
14746367,62015745,2014-06-23,PRO
14746368,61331472,2010-05-05,PRO
14746368,13072672,2011-03-25,CON
14746370,60650912,2005-02-08,PRO
14746370,60701654,2005-07-21,PRO
14746370,11350398,2006-02-07,CON
14746370,12476921,2009-06-02,CON
14746370,13342715,2012-01-03,CON
14746370,13852276,2013-03-28,CON
14746370,14313619,2014-06-24,CON
14746372,12223950,2008-08-12,DIV
14746372,13363632,2012-02-01,CON
14746372,PCT/KR2007/000809,2007-02-15,NST
14746373,12894377,2010-09-30,CIP
14746373,13097891,2011-04-29,CIP
14746373,13433114,2012-03-28,CON
14746376,61221452,2009-06-29,PRO
14746376,12825476,2010-06-29,DIV
14746378,12680404,2011-09-19,CIP
14746378,13156283,2011-06-08,CIP
14746378,13186151,2011-07-19,CIP
14746378,13306325,2011-11-29,CIP
14746378,13843519,2013-03-15,DIV
14746378,PCT/US2009/063717,2009-11-09,NST
14746379,61165662,2009-04-01,PRO
14746379,61166986,2009-04-06,PRO
14746379,61298443,2010-01-26,PRO
14746379,12753022,2010-04-01,CIP
14746379,12754770,2010-04-06,CIP
14746379,61420141,2010-12-06,PRO
14746379,13014413,2011-01-26,CIP
14746379,13312553,2011-12-06,CIP
14746379,14299303,2014-06-09,CON
14746381,12677958,2010-09-09,CON
14746381,13275683,2011-10-18,CON
14746381,14465437,2014-08-21,DIV
14746381,PCT/DE08/01515,2008-09-10,NST
14746383,13356224,2012-01-23,CON
14746386,62014914,2014-06-20,PRO
14746387,12894377,2010-09-30,CIP
14746387,13097891,2011-04-29,CIP
14746387,13433114,2012-03-28,CON
14746393,11147532,2005-06-08,CIP
14746393,11772713,2007-07-02,CON
14746393,13042190,2011-03-07,CON
14746393,13567910,2012-08-06,CON
14746393,14180667,2014-02-14,CON
14746398,61427167,2010-12-24,PRO
14746398,13313231,2011-12-07,CIP
14746398,13684623,2012-11-26,CON
14746398,14013000,2013-08-28,CON
14746399,61334733,2010-05-14,PRO
14746399,61423927,2010-12-16,PRO
14746399,13107620,2011-05-13,CON
14746402,60221009,2000-07-27,PRO
14746402,09910329,2001-07-20,CON
14746402,11347340,2006-02-03,CON
14746402,12348637,2009-01-05,CON
14746402,14337868,2014-07-22,CON
14746403,62015106,2014-06-20,PRO
14746406,13434438,2012-03-29,DIV
14746407,13539111,2012-06-29,CON
14746408,61502201,2011-06-28,PRO
14746408,13534307,2012-06-27,CON
14746410,61657776,2012-06-09,PRO
14746410,13914189,2013-06-10,CON
14746414,13345844,2012-01-09,DIV
14746416,13707067,2012-12-06,DIV
14746418,12465348,2009-05-13,CON
14746419,12761967,2010-04-16,CON
14746420,13535992,2012-06-28,CIP
14746422,61682098,2012-08-10,PRO
14746422,13963799,2013-08-09,DIV
14746425,09410054,1999-10-01,CON
14746425,09532886,2000-03-22,CON
14746425,10011432,2001-12-11,CON
14746425,11514083,2006-09-01,CON
14746428,10315460,2002-12-10,CIP
14746428,11999475,2007-12-05,CON
14746428,12359150,2009-01-23,CIP
14746428,61210888,2009-03-23,PRO
14746428,12538086,2009-08-07,CON
14746429,12352151,2009-01-12,CIP
14746429,13603054,2012-09-04,CON
14746430,61365621,2010-07-19,PRO
14746430,PCT/US11/44581,2011-07-19,NST
14746430,13813886,2013-06-25,CON
14746436,61785189,2013-03-14,PRO
14746436,14208326,2014-03-13,CON
14746438,61297660,2010-01-22,PRO
14746438,13011467,2011-01-21,DIV
14746438,14031657,2013-09-19,DIV
14746440,61684640,2012-08-17,PRO
14746440,13728900,2012-12-27,CON
14746443,61462938,2011-02-10,PRO
14746443,13370859,2012-02-10,CON
14746446,61446969,2011-02-25,PRO
14746446,13369773,2012-02-09,CON
14746447,PCT/CN2014/080559,2014-06-24,CON
14746448,62020159,2014-07-02,PRO
14746452,13712812,2012-12-12,DIV
14746452,PCT/JP2010/069106,2010-10-27,CON
14746453,13417978,2012-03-12,CON
14746455,61300095,2010-02-01,PRO
14746455,13015145,2011-01-27,CON
14746456,13199725,2011-09-08,CIP
14746458,61250661,2009-10-12,PRO
14746458,61331693,2010-05-05,PRO
14746458,12901350,2010-10-08,CON
14746458,13969095,2013-08-16,CON
14746460,13465632,2012-05-07,CON
14746460,14216115,2014-03-17,CON
14746461,PCT/JP2013/053702,2013-02-15,CON
14746462,13079652,2011-04-04,DIV
14746467,11560077,2006-11-15,CON
14746467,13095440,2011-04-27,CON
14746469,10970405,2004-10-20,CON
14746469,12772365,2010-05-03,CON
14746470,62015079,2014-06-20,PRO
14746473,60984671,2007-11-01,PRO
14746473,12263382,2008-10-31,CON
14746475,13091817,2011-04-21,CON
14746475,14096750,2013-12-04,CON
14746477,62015172,2014-06-20,PRO
14746479,13498273,2012-06-27,CON
14746479,PCT/KR10/06543,2010-09-27,NST
14746480,60776454,2006-02-24,PRO
14746480,60785255,2006-03-23,PRO
14746480,11591281,2006-10-31,CON
14746480,14107894,2013-12-16,CON
14746481,62015023,2014-06-20,PRO
14746482,60835423,2006-08-04,PRO
14746482,11882874,2007-08-06,CON
14746482,13364762,2012-02-02,CON
14746483,12442392,2010-02-22,CON
14746483,14047605,2013-10-07,CON
14746483,PCT/EP2007/057706,2006-07-26,NST
14746484,13377093,2011-12-29,CON
14746484,PCT/NL2010/050351,2010-06-09,NST
14746486,62017290,2014-06-26,PRO
14746487,12532940,2009-09-24,CIP
14746487,13167489,2011-06-23,CIP
14746487,13856190,2013-04-03,CON
14746487,PCT/IL2008/000396,2008-03-20,NST
14746487,PCT/IL2009/001212,2009-12-23,CIP
14746487,PCT/IL2011/000849,2011-11-01,CIP
14746492,62015135,2014-06-20,PRO
14746493,61597569,2012-02-10,PRO
14746493,13763940,2013-02-11,CIP
14746495,61239346,2009-09-02,PRO
14746495,12873781,2010-09-01,REI
14746496,13296091,2011-11-14,DIV
14746498,61763867,2013-02-12,PRO
14746498,14179500,2014-02-12,CON
14746500,62016232,2014-06-24,PRO
14746500,62061770,2014-10-09,PRO
14746501,14144046,2013-12-30,CON
14746502,11461497,2006-08-01,CON
14746504,62015325,2014-06-20,PRO
14746505,12179922,2008-07-25,CON
14746507,11981037,2007-10-31,CON
14746508,61793514,2013-03-15,PRO
14746508,14209754,2014-03-13,CON
14746510,14040397,2013-09-27,CON
14746512,13310242,2011-12-02,DIV
14746512,14571138,2014-12-15,CON
14746513,60684616,2005-05-25,PRO
14746513,11441395,2006-05-25,DIV
14746513,12692083,2010-01-22,CON
14746513,13670846,2012-11-07,CON
14746513,14218585,2014-03-18,CON
14746515,61792005,2013-03-15,PRO
14746515,13864794,2013-04-17,DIV
14746516,61508139,2011-07-15,PRO
14746516,61636597,2012-04-20,PRO
14746516,61636598,2012-04-20,PRO
14746516,61636603,2012-04-20,PRO
14746516,61636605,2012-04-20,PRO
14746516,61636608,2012-04-20,PRO
14746516,61636610,2012-04-20,PRO
14746516,13549381,2012-07-13,CON
14746516,13866936,2013-04-19,CON
14746518,10599584,2007-10-18,CON
14746518,PCT/NZ05/00069,2005-04-05,NST
14746523,13297382,2011-11-16,CON
14746524,11479751,2006-06-30,CIP
14746524,60839333,2006-08-22,PRO
14746524,11583288,2006-10-19,CIP
14746524,11583765,2006-10-19,CIP
14746524,60897543,2007-01-26,PRO
14746524,60905624,2007-03-07,PRO
14746524,60922246,2007-04-05,PRO
14746524,11809396,2007-05-31,CON
14746524,13450149,2012-04-18,CIP
14746524,13571111,2012-08-09,CON
14746525,13465344,2012-05-07,CIP
14746527,61357440,2010-06-22,PRO
14746527,13166680,2011-06-22,CON
14746528,60603809,2004-08-23,PRO
14746528,60670900,2005-04-08,PRO
14746528,60670899,2005-04-08,PRO
14746528,60670898,2005-04-08,PRO
14746528,11211160,2005-08-23,CON
14746528,12651908,2010-01-04,CON
14746529,12994403,2011-03-22,DIV
14746529,PCT/US2009/003486,2009-06-10,NST
14746530,62021602,2014-07-07,PRO
14746532,13746951,2013-01-22,CON
14746533,62015946,2014-06-23,PRO
14746534,13842497,2013-03-15,CON
14746536,62015879,2014-06-23,PRO
14746538,13430100,2012-03-26,DIV
14746539,61051983,2008-05-09,PRO
14746539,12436422,2009-05-06,CON
14746540,13616902,2012-09-14,CON
14746540,14074256,2013-11-07,CON
14746540,14230252,2014-03-31,CON
14746540,14694315,2015-04-23,CON
14746542,61240578,2009-09-08,PRO
14746542,61359265,2010-06-28,PRO
14746542,12876840,2010-09-07,CON
14746542,14088844,2013-11-25,CON
14746542,14739976,2015-06-15,CON
14746546,61277271,2009-09-22,PRO
14746546,12887402,2010-09-21,CON
14746546,14161910,2014-01-23,CON
14746549,13991600,2013-06-04,CON
14746549,PCT/JP2011/007109,2011-12-20,NST
14746550,13878988,2013-04-11,CON
14746550,PCT/US2010/052541,2010-10-13,NST
14746554,13333139,2011-12-21,CON
14746554,14505243,2014-10-02,CON
14746556,61240578,2009-09-08,PRO
14746556,61359265,2010-06-28,PRO
14746556,12876840,2010-09-07,CON
14746556,14088844,2013-11-25,CON
14746556,14739976,2015-06-15,CON
14746560,13286454,2011-11-01,CON
14746560,13786633,2013-03-06,CON
14746560,14217610,2014-03-18,CON
14746562,61302384,2010-02-08,PRO
14746562,PCT/US11/23867,2011-02-07,NST
14746562,13576872,2012-11-13,DIV
14746563,61822267,2013-05-10,PRO
14746563,13905064,2013-05-29,CON
14746563,14058731,2013-10-21,CIP
14746563,14257888,2014-04-21,CON
14746566,14018356,2013-09-04,CON
14746569,10845448,2004-05-13,DIV
14746569,12493037,2009-06-26,CON
14746571,13124698,2011-06-24,DIV
14746571,14287272,2014-05-27,DIV
14746571,PCT/US2009/062354,2009-10-28,NST
14746572,13736842,2013-01-08,CON
14746577,13204606,2011-08-05,DIV
14746578,PCT/JP2013/084449,2013-12-24,CON
14746581,60384565,2002-05-30,PRO
14746581,60429383,2002-11-25,PRO
14746581,10452231,2003-05-30,DIV
14746581,12043829,2008-03-06,CON
14746581,13004405,2011-01-11,CON
14746581,13759203,2013-02-05,CON
14746581,14551893,2014-11-24,CON
14746582,13754618,2013-01-30,CON
14746583,62015216,2014-08-19,PRO
14746583,62016586,2014-06-24,PRO
14746585,13545823,2012-07-10,CON
14746585,14450451,2014-08-04,CON
14746588,13738262,2013-01-10,CON
14746588,14074053,2013-11-07,CON
14746588,14704700,2015-05-05,CON
14746589,62015145,2014-06-20,PRO
14746592,62015683,2014-06-23,PRO
14746593,11766617,2007-06-21,DIV
14746593,13725383,2012-12-21,DIV
14746594,60341674,2001-12-17,PRO
14746594,60377712,2002-05-03,PRO
14746594,10321415,2002-12-16,DIV
14746594,11495354,2006-07-27,CON
14746594,12495481,2009-06-30,CON
14746594,13866918,2013-04-19,CON
14746594,14292540,2014-05-30,CON
14746599,60693141,2005-06-22,PRO
14746599,11471916,2006-06-20,CON
14746602,13364100,2012-02-01,CON
14746605,11292311,2005-12-02,CON
14746605,13188148,2011-07-21,CON
14746608,61703162,2012-09-19,PRO
14746608,14029672,2013-09-17,CON
14746611,61822247,2013-05-10,PRO
14746611,14275739,2014-05-12,CON
14746614,61144336,2009-01-13,PRO
14746614,12617259,2009-11-12,CON
14746614,13732622,2013-01-02,CON
14746618,61622977,2012-04-11,PRO
14746618,13830007,2013-03-14,CON
14746620,62016597,2014-06-24,PRO
14746621,14181533,2014-02-14,CIP
14746622,62015150,2014-06-20,PRO
14746623,61708847,2012-10-02,PRO
14746623,13658686,2012-10-23,CON
14746625,60916338,2007-05-07,PRO
14746625,12110383,2008-04-28,CON
14746626,62018678,2014-06-30,PRO
14746627,61151089,2009-02-09,PRO
14746627,12702159,2010-02-08,CON
14746628,61327102,2010-04-23,PRO
14746628,12773075,2010-05-04,CIP
14746628,13223836,2011-09-01,CIP
14746628,13770791,2013-02-19,CIP
14746628,61815058,2013-04-23,PRO
14746628,61819615,2013-05-05,PRO
14746628,14260195,2014-04-23,CIP
14746628,14268926,2014-05-02,CIP
14746628,62016026,2014-06-23,PRO
14746628,62016028,2014-06-23,PRO
14746629,13916569,2013-06-12,CON
14746633,13545352,2012-07-10,CON
14746635,14228228,2014-03-27,CON
14746635,PCT/CA2013/050125,2013-02-18,CON
14746636,62109550,2015-01-29,PRO
14746638,14177156,2014-02-10,CIP
14746638,PCT/CN2012/001060,2012-08-08,CON
14746639,61327102,2010-04-23,PRO
14746639,12773075,2010-05-04,CIP
14746639,13223836,2011-09-01,CIP
14746639,13770791,2013-02-19,CIP
14746639,61815058,2013-04-23,PRO
14746639,61819615,2013-05-05,PRO
14746639,14260195,2014-04-23,CIP
14746639,14268926,2014-05-02,CIP
14746639,62016026,2014-06-23,PRO
14746639,62016028,2014-06-23,PRO
14746642,61568457,2011-12-08,PRO
14746642,13706116,2012-12-05,DIV
14746644,12029590,2008-02-12,CIP
14746644,12689076,2010-01-18,CON
14746645,13653807,2012-10-17,CON
14746645,14070164,2013-11-01,CON
14746650,62015485,2014-06-22,PRO
14746650,62089762,2014-12-09,PRO
14746651,PCT/JP2013/082540,2013-12-04,CON
14746653,61263557,2009-11-23,PRO
14746653,12953268,2010-11-23,CON
14746655,61732074,2012-11-30,PRO
14746655,61753677,2013-01-17,PRO
14746655,13839948,2013-03-15,CON
14746656,60717524,2005-09-14,PRO
14746656,60744882,2006-04-14,PRO
14746656,11532065,2006-09-14,CON
14746656,12883369,2010-09-16,DIV
14746657,60483941,2003-07-01,PRO
14746657,10675781,2003-09-30,CON
14746657,12403779,2009-03-13,CON
14746657,13466005,2012-05-07,CON
14746657,13618578,2012-09-14,CON
14746658,14149775,2014-01-07,CON
14746659,61711648,2012-10-09,PRO
14746659,13844399,2013-03-15,CON
14746660,12063323,2010-06-15,CON
14746660,PCT/IL2006/000925,2006-08-10,NST
14746661,62015356,2014-06-20,PRO
14746662,62016597,2014-06-24,PRO
14746663,10957080,2004-10-01,CIP
14746663,60710767,2005-08-23,PRO
14746663,60792912,2006-04-17,PRO
14746663,60807654,2006-07-18,PRO
14746663,11461017,2006-07-31,CON
14746663,12719437,2010-03-08,CON
14746664,61866530,2013-08-15,PRO
14746664,14461228,2014-08-15,CON
14746666,PCT/US2014/023110,2014-03-11,CON
14746667,62015975,2014-06-23,PRO
14746668,62015469,2014-06-22,PRO
14746668,62144679,2015-04-08,PRO
14746669,11461017,2006-07-31,CIP
14746669,11461024,2006-07-31,CIP
14746669,11461032,2006-07-31,CIP
14746669,11461037,2006-07-31,CIP
14746669,11461049,2006-07-31,CIP
14746669,11461064,2006-07-31,CIP
14746669,11461075,2006-07-31,CIP
14746669,11461085,2006-07-31,CIP
14746669,11461091,2006-07-31,CIP
14746669,11461095,2006-07-31,CIP
14746669,11461090,2006-07-31,CIP
14746669,11461109,2006-07-31,CIP
14746669,11461126,2006-07-31,CIP
14746669,11461143,2006-07-31,CIP
14746669,11461147,2006-07-31,CIP
14746669,11461164,2006-07-31,CIP
14746669,11461268,2006-07-31,CIP
14746669,11461272,2006-07-31,CIP
14746669,11461279,2006-07-31,CIP
14746669,11461286,2006-07-31,CIP
14746669,11461294,2006-07-31,CIP
14746669,11461300,2006-07-31,CIP
14746669,11466414,2006-08-22,CIP
14746669,11624466,2007-01-18,CIP
14746669,11776510,2007-07-11,CIP
14746669,11776520,2007-07-11,CIP
14746669,11776530,2007-07-11,CIP
14746669,11777142,2007-07-12,CIP
14746669,11827530,2007-07-11,CIP
14746669,12059583,2008-03-31,CIP
14746669,12060194,2008-03-31,CIP
14746669,12060198,2008-03-31,CIP
14746669,12060200,2008-03-31,CIP
14746669,12060206,2008-03-31,CIP
14746669,12121275,2008-05-15,CIP
14746669,12210511,2008-09-15,CIP
14746669,12210519,2008-09-15,CIP
14746669,12210532,2008-09-15,CIP
14746669,12210540,2008-09-15,CIP
14746669,12247205,2008-10-07,DIV
14746670,61452522,2011-03-14,PRO
14746670,13416223,2012-03-09,CON
14746673,11146248,2005-06-06,DIV
14746673,12381088,2009-03-05,DIV
14746673,14285896,2014-05-23,DIV
14746674,61423061,2010-12-14,PRO
14746674,13326091,2011-12-14,DIV
14746674,14026293,2013-09-13,CON
14746676,10583530,2007-05-30,CON
14746676,13212116,2011-08-17,CON
14746676,13874278,2013-04-30,CON
14746676,14595132,2015-01-12,CON
14746679,62015337,2014-06-20,PRO
14746680,61138716,2008-12-18,PRO
14746680,12639304,2009-12-16,CON
14746680,13719868,2012-12-19,CON
14746682,13952375,2013-07-26,DIV
14746684,61998179,2014-06-20,PRO
14746689,10711389,2004-09-15,DIV
14746689,13892006,2013-05-10,CON
14746689,14162156,2014-01-23,CON
14746689,PCT/IB2004/002947,2004-09-13,CON
14746690,62015403,2014-06-21,PRO
14746692,61234559,2009-08-17,PRO
14746692,12858242,2010-08-17,CON
14746694,61263557,2009-11-23,PRO
14746694,61267888,2009-12-09,PRO
14746694,61291385,2009-12-31,PRO
14746694,12953268,2010-11-23,CIP
14746694,12964502,2010-12-09,CON
14746696,60657371,2005-02-28,PRO
14746696,11364617,2006-02-27,CON
14746697,61786311,2013-03-15,PRO
14746697,14159368,2014-01-20,CON
14746698,61549592,2011-10-20,PRO
14746698,13299168,2011-11-17,CON
14746699,11278080,2006-03-30,CON
14746699,12471251,2009-05-22,CON
14746700,12379829,2009-03-03,CON
14746700,14266782,2014-04-30,CON
14746701,13725642,2012-12-21,CON
14746704,60609418,2004-09-13,PRO
14746704,11162517,2005-09-13,CON
14746704,14162156,2014-01-23,CON
14746706,62015278,2014-06-20,PRO
14746707,12110660,2008-04-28,DIV
14746708,62015993,2014-06-23,PRO
14746709,61414526,2010-11-17,PRO
14746709,13299023,2011-11-17,CIP
14746710,61230728,2009-08-02,PRO
14746710,12848219,2010-08-01,DIV
14746711,61147065,2009-01-23,PRO
14746711,12692426,2010-01-22,CON
14746711,13769212,2013-02-15,CON
14746713,62015998,2014-06-23,PRO
14746716,13970462,2013-08-19,CON
14746717,13376865,2012-07-18,CON
14746717,PCT/CN2010/000845,2010-06-12,NST
14746718,11536035,2006-09-28,CIP
14746718,12038283,2008-02-27,CON
14746718,13274813,2011-10-17,CON
14746718,13778211,2013-02-27,CON
14746718,14486500,2014-09-15,CON
14746720,14177156,2014-02-10,CIP
14746720,PCT/CN2012/001060,2012-08-08,CON
14746722,62016883,2014-06-25,PRO
14746724,12946515,2010-11-15,CIP
14746724,12946646,2010-11-15,CIP
14746724,12946657,2010-11-15,CIP
14746724,12946670,2010-11-15,CIP
14746724,13247888,2011-09-28,CIP
14746724,13247895,2011-09-28,CIP
14746724,13247898,2011-09-28,CIP
14746724,13843107,2013-03-15,CON
14746724,14543847,2014-11-17,CON
14746725,61229216,2009-07-28,PRO
14746725,61236490,2009-08-24,PRO
14746725,12844785,2010-07-27,CON
14746725,13970545,2013-08-19,CON
14746726,PCT/CN2013/084349,2013-09-26,CON
14746727,14214428,2014-03-14,DIV
14746727,PCT/JP2012/073617,2012-09-14,CON
14746730,11536035,2006-09-28,CIP
14746730,12038283,2008-02-27,CON
14746730,13274813,2011-10-17,CIP
14746730,13430267,2012-03-26,CON
14746730,13778223,2013-02-27,CON
14746730,14486530,2014-09-15,CON
14746731,62015275,2014-06-20,PRO
14746731,62019882,2014-07-01,PRO
14746734,12976545,2010-12-22,CON
14746734,14105708,2013-12-13,CON
14746738,62015018,2014-06-20,PRO
14746741,62015617,2014-06-23,PRO
14746742,61607994,2012-03-07,PRO
14746742,13787684,2013-03-06,CON
14746745,11433643,2006-05-12,CON
14746747,62015335,2014-06-20,PRO
14746748,62054379,2014-09-23,PRO
14746748,62068597,2014-10-24,PRO
14746750,12890545,2010-09-24,CON
14746751,62015018,2014-06-20,PRO
14746753,14360345,2014-05-23,CON
14746753,PCT/EP2012/073640,2012-11-26,NST
14746757,61536327,2011-09-19,PRO
14746757,61536381,2011-09-19,PRO
14746757,13621745,2012-09-17,DIV
14746758,60288008,2001-05-01,PRO
14746758,10137664,2002-05-01,CIP
14746758,10359548,2003-02-05,CIP
14746758,10661103,2003-09-12,CON
14746758,13482965,2012-05-29,CON
14746758,13916526,2013-06-12,CON
14746758,14293703,2014-06-02,CON
14746759,62015018,2014-06-20,PRO
14746760,11498410,2006-08-02,CIP
14746760,11503367,2006-08-10,CIP
14746760,11675063,2007-02-14,CIP
14746760,11750907,2007-05-18,CIP
14746760,11762638,2007-06-13,CON
14746760,12732097,2010-03-25,CON
14746762,62016560,2014-06-24,PRO
14746763,13875139,2013-05-01,CON
14746764,12590379,2009-11-06,DIV
14746766,62015284,2014-06-20,PRO
14746771,61388498,2010-09-30,PRO
14746771,13224709,2011-09-02,DIV
14746772,62015867,2014-06-23,PRO
14746772,62052181,2014-09-18,PRO
14746772,62061516,2014-10-08,PRO
14746773,14177156,2014-02-10,CIP
14746773,PCT/CN2012/001060,2012-08-08,CON
14746774,11604855,2006-11-28,CON
14746774,12253850,2008-10-17,CON
14746774,12727811,2010-03-19,CON
14746774,14011704,2013-08-27,CON
14746774,14591817,2015-01-07,CON
14746775,62015298,2014-06-20,PRO
14746775,62022159,2014-07-08,PRO
14746776,10314777,2002-12-09,CON
14746776,11227944,2005-09-15,CON
14746776,12401325,2009-03-10,CON
14746776,13168987,2011-06-26,DIV
14746776,13966091,2013-08-13,CON
14746777,62015018,2014-06-20,PRO
14746778,13047436,2011-03-14,CIP
14746779,PCT/US2013/077266,2013-12-20,CIP
14746780,PCT/CN2013/087991,2013-11-28,CON
14746783,61501642,2011-06-27,PRO
14746783,13532228,2012-06-25,CON
14746784,13969578,2013-08-18,DIV
14746785,62015837,2014-06-23,PRO
14746786,61380954,2010-09-08,PRO
14746786,61416889,2010-11-24,PRO
14746786,61419653,2010-12-03,PRO
14746786,61423768,2010-12-16,PRO
14746786,13185708,2011-07-19,CIP
14746786,13942320,2013-07-15,CIP
14746786,14041731,2013-09-30,CIP
14746786,14067355,2013-10-30,CIP
14746786,14178658,2014-02-12,CON
14746788,60631876,2004-12-01,PRO
14746788,PCT/US05/42992,2005-11-30,NST
14746788,11720726,2008-10-01,CON
14746788,13274076,2011-10-14,CON
14746788,13770864,2013-02-19,CON
14746791,62015740,2014-06-23,PRO
14746793,61754524,2013-01-18,PRO
14746793,13839084,2013-03-15,CON
14746794,61542702,2011-10-03,PRO
14746794,61551826,2011-10-26,PRO
14746794,13633505,2012-10-02,CON
14746795,62018468,2014-06-27,PRO
14746797,PCT/EP2013/003815,2013-12-17,CON
14746798,12746113,2010-06-03,DIV
14746798,PCT/US2009/039412,2009-04-03,NST
14746802,61387718,2010-09-29,PRO
14746802,13239367,2011-09-21,CON
14746803,62015239,2014-06-20,PRO
14746804,61725423,2012-11-12,PRO
14746804,13797837,2013-03-12,DIV
14746805,13784792,2013-03-04,CON
14746806,62015374,2014-06-20,PRO
14746808,62015512,2014-06-22,PRO
14746808,62096332,2014-12-23,PRO
14746809,13572274,2012-08-10,CIP
14746809,14479282,2014-09-06,CIP
14746810,62015066,2014-06-20,PRO
14746811,13276029,2011-10-18,CON
14746811,14064545,2013-10-28,CON
14746813,61746238,2012-12-27,PRO
14746813,61747446,2012-12-31,PRO
14746813,61760150,2013-02-03,PRO
14746813,61762257,2013-02-07,PRO
14746813,61771197,2013-03-01,PRO
14746813,61872956,2013-09-03,PRO
14746813,PCT/US13/73766,2013-12-08,CON
14746815,14201974,2014-03-10,CON
14746815,14612250,2015-02-02,CON
14746816,60995435,2007-09-26,PRO
14746816,61010985,2008-01-14,PRO
14746816,12286098,2008-09-26,CON
14746817,62018473,2014-06-27,PRO
14746822,62015565,2014-06-23,PRO
14746823,13270926,2011-10-11,CIP
14746830,PCT/JP2013/007224,2013-12-09,CON
14746831,13451145,2012-04-19,CON
14746833,62015096,2014-06-20,PRO
14746835,14543444,2014-11-17,CIP
14746835,62116035,2015-02-13,PRO
14746841,62020387,2014-07-02,PRO
14746842,PCT/JP2013/007226,2013-12-09,CON
14746848,61499186,2011-06-21,PRO
14746848,13527604,2012-06-20,CON
14746853,62015547,2014-06-23,PRO
14746854,62015535,2014-06-23,PRO
14746855,13409606,2012-03-01,DIV
14746857,13864235,2013-04-16,CIP
14746864,62015534,2014-06-23,PRO
14746868,PCT/IL2014/050586,2014-06-30,DIV
14746871,13417507,2012-03-12,CIP
14746873,14626195,2015-02-19,CON
14746875,14634018,2015-02-27,CON
14746876,13594244,2012-08-24,CON
14746877,14621665,2015-02-13,CON
14746878,62030700,2014-07-30,PRO
14746878,62085568,2014-11-30,PRO
14746878,62096908,2014-12-26,PRO
14746878,62119412,2015-02-23,PRO
14746878,62126920,2015-03-02,PRO
14746879,PCT/JP2014/001404,2014-03-12,CON
14746880,14601554,2015-01-21,CON
14746883,62015577,2014-06-23,PRO
14746884,14708909,2015-05-11,CON
14746885,13942468,2013-07-15,CON
14746886,14700808,2015-04-30,CON
14746890,12589883,2009-10-29,CON
14746890,13673091,2012-11-09,CIP
14746892,13228602,2011-09-09,DIV
14746893,14106936,2013-12-16,CON
14746895,13496583,2012-05-03,CON
14746895,PCT/FI10/50706,2010-09-14,NST
14746896,PCT/JP2013/079072,2013-10-28,CON
14746898,13382332,2012-01-05,CON
14746898,PCT/JP2010/061141,2010-06-30,NST
14746903,62016157,2014-06-24,PRO
14746906,61536113,2011-09-19,PRO
14746906,13622625,2012-09-19,CON
14746907,61057382,2008-05-30,PRO
14746907,12468125,2009-05-19,CON
14746910,14705577,2015-05-06,CON
14746910,PCT/US2013/061115,2013-09-23,CIP
14746912,14312663,2014-06-23,CIP
14746914,11475358,2006-06-27,CON
14746919,13100130,2011-05-03,CON
14746919,14185455,2014-02-20,CON
14746920,11447168,2006-06-06,DIV
14746920,12566323,2009-09-24,DIV
14746920,13225401,2011-09-02,DIV
14746920,13438347,2012-04-03,CON
14746920,13865662,2013-04-18,CON
14746920,14187030,2014-02-21,CON
14746921,62016762,2014-06-25,PRO
14746922,62016143,2014-06-24,PRO
14746923,61728460,2012-11-20,PRO
14746923,13793815,2013-03-11,CON
14746927,PCT/JP2013/054162,2013-02-20,CON
14746928,13934983,2013-07-03,CON
14746934,PCT/JP2013/082717,2013-12-05,CON
14746940,62016165,2014-06-24,PRO
14746943,29525606,2015-04-30,CIP
14746946,13720616,2012-12-19,DIV
14746951,61310777,2010-03-05,PRO
14746951,61310781,2010-03-05,PRO
14746951,61376900,2010-08-25,PRO
14746951,61417394,2010-11-26,PRO
14746951,13042042,2011-03-07,CIP
14746951,13218251,2011-08-25,CIP
14746951,13841821,2013-03-15,CON
14746954,60713676,2005-09-01,PRO
14746954,60729536,2005-10-24,PRO
14746954,60786117,2006-03-27,PRO
14746954,PCT/US06/36656,2006-09-20,NST
14746954,12067532,2008-10-10,DIV
14746955,61577691,2011-12-20,PRO
14746955,13667577,2012-11-02,DIV
14746958,62015621,2014-06-23,PRO
14746958,62029649,2014-07-28,PRO
14746960,13098892,2011-05-02,CON
14746961,13025709,2011-02-11,CON
14746964,62016978,2014-06-25,PRO
14746972,60976948,2007-10-02,PRO
14746972,12243023,2008-10-01,CON
14746972,13556363,2012-07-24,CON
14746974,60935787,2007-08-30,PRO
14746974,60935788,2007-08-30,PRO
14746974,12230431,2008-08-28,CON
14746975,13235562,2011-09-19,DIV
14746975,13890676,2013-05-09,CON
14746982,60825692,2006-09-14,PRO
14746982,PCT/US07/78571,2007-09-14,CIP
14746982,12441521,2009-03-16,DIV
14746986,13119032,2011-07-15,CIP
14746986,13190968,2011-07-26,CON
14746986,PCT/IL2010/000476,2010-06-16,NST
14746989,13662797,2012-10-29,DIV
14746993,PCT/JP2014/052817,2014-02-03,CON
14746994,62015726,2014-06-23,PRO
14746996,14186332,2014-02-21,DIV
14746996,PCT/JP2012/071329,2012-08-23,CIP
14746997,62016277,2014-06-24,PRO
14746999,62016680,2014-06-25,PRO
14747002,09537812,2000-03-28,CON
14747002,10947755,2004-09-23,CON
14747002,12015320,2008-01-16,CON
14747002,12495190,2009-06-30,CON
14747002,13117507,2011-05-27,CON
14747002,13854232,2013-04-01,CON
14747002,14168201,2014-01-30,CON
14747005,62015626,2014-06-23,PRO
14747006,62015804,2014-06-23,PRO
14747006,62016140,2014-06-24,PRO
14747011,14635210,2015-03-02,CON
14747013,62015764,2014-06-23,PRO
14747014,13638788,2012-10-01,CON
14747014,PCT/JP2011/006056,2011-10-28,NST
14747017,61976562,2014-04-08,PRO
14747017,14585236,2014-12-30,CON
14747018,14599689,2015-01-19,CON
14747022,14724877,2015-05-29,CON
14747024,14124857,2013-12-09,CON
14747024,PCT/JP2012/003361,2012-05-23,NST
14747027,PCT/JP2013/007402,2013-12-17,CON
14747028,61235875,2009-08-21,PRO
14747028,12861455,2010-08-23,CON
14747028,14166340,2014-01-28,CON
14747029,61575349,2011-08-19,PRO
14747029,61666240,2012-06-29,PRO
14747029,13565463,2012-08-02,CON
14747030,62022417,2014-07-09,PRO
14747032,PCT/JP2013/083840,2013-12-18,CON
14747035,14721140,2015-05-26,CON
14747036,PCT/JP2014/059743,2014-04-02,CON
14747039,62016923,2014-06-25,PRO
14747043,13839818,2013-03-15,CON
14747054,61823312,2013-05-14,PRO
14747054,13906795,2013-05-31,CIP
14747054,14030875,2013-09-18,CON
14747068,62016320,2014-06-24,PRO
14747068,62022485,2014-07-09,PRO
14747069,61362520,2010-07-08,PRO
14747069,13179439,2011-07-08,CON
14747073,61944989,2014-02-26,PRO
14747073,61986237,2014-04-30,PRO
14747073,62016779,2014-06-25,PRO
14747073,62083724,2014-11-24,PRO
14747073,14632283,2015-02-26,CIP
14747074,61158230,2009-03-06,PRO
14747074,PCT/US10/26352,2010-03-05,NST
14747074,13202363,2011-10-14,DIV
14747079,62016472,2014-06-24,PRO
14747080,14350581,2014-04-09,DIV
14747080,PCT/US2012/067757,2012-12-04,NST
14747081,13133257,2011-08-02,DIV
14747081,PCT/US2009/067347,2009-12-09,NST
14747082,62015824,2014-06-23,PRO
14747083,12312689,2009-11-21,CON
14747083,13734537,2013-01-04,CON
14747083,PCT/IE2007/000080,2007-08-31,NST
14747084,62021914,2014-07-08,PRO
14747089,61477019,2011-04-19,PRO
14747089,13451404,2012-04-19,CON
14747091,61625505,2012-04-17,PRO
14747091,13863680,2013-04-16,DIV
14747092,14718174,2015-05-21,CON
14747093,62017303,2014-06-26,PRO
14747094,60223329,2000-08-07,PRO
14747094,09922661,2001-08-07,CIP
14747094,09940258,2001-08-24,CIP
14747094,10216621,2002-08-12,CIP
14747094,10282058,2002-10-29,CIP
14747094,10645822,2003-08-22,CIP
14747094,10645822,2003-08-22,CON
14747094,11006231,2004-12-06,CIP
14747094,11368321,2006-03-03,CIP
14747094,12040538,2008-02-29,CIP
14747094,12639295,2009-12-16,CIP
14747094,13157066,2011-06-09,CIP
14747094,13608968,2012-09-10,CIP
14747094,13718219,2012-12-18,CIP
14747094,14591730,2015-01-07,CIP
14747099,13313256,2011-12-07,CON
14747099,PCT/US2011/057290,2011-10-21,CON
14747100,PCT/CN2012/087494,2012-12-26,CON
14747109,12183706,2008-07-31,CON
14747110,13973043,2013-08-22,DIV
14747112,62016191,2014-06-24,PRO
14747116,13360199,2012-01-27,DIV
14747116,PCT/EP2010/060877,2010-07-27,CON
14747117,13732996,2013-01-02,CON
14747118,62017293,2014-06-26,PRO
14747121,13233283,2011-09-15,CON
14747122,62015797,2014-06-23,PRO
14747129,62020172,2014-07-02,PRO
14747134,62015752,2014-06-23,PRO
14747135,12619100,2009-11-16,CON
14747139,14004259,2013-09-10,DIV
14747139,PCT/EP2012/054143,2012-03-09,NST
14747140,PCT/JP2013/084507,2013-12-24,CON
14747144,61913703,2013-12-09,PRO
14747144,14565136,2014-12-09,CON
14747145,61532140,2011-09-08,PRO
14747145,13604012,2012-09-05,DIV
14747145,61914624,2013-12-11,PRO
14747145,14324453,2014-07-07,CIP
14747145,14567552,2014-12-11,CIP
14747148,10739292,2003-12-19,CON
14747148,60555305,2004-03-23,PRO
14747148,10836330,2004-05-03,CON
14747148,60861267,2006-11-28,PRO
14747148,11638548,2006-12-14,CON
14747148,11819262,2007-06-26,CON
14747148,13064203,2011-03-10,CON
14747148,13775670,2013-02-25,CIP
14747148,14201283,2014-03-07,CON
14747150,60937054,2007-06-25,PRO
14747150,12102408,2008-04-14,CIP
14747150,14316907,2014-06-27,CIP
14747152,11541207,2006-09-29,CIP
14747152,11706489,2007-02-15,CIP
14747152,61231141,2009-08-04,PRO
14747152,12850421,2010-08-04,DIV
14747152,14030254,2013-09-18,CON
14747155,14043043,2013-10-01,CON
14747157,12385297,2009-04-03,CON
14747157,PCT/JP2007/069496,2007-10-04,CON
14747158,12977070,2010-12-23,REI
14747158,PCT/EP2009/057674,2009-06-19,CON
14747159,62016687,2014-06-25,PRO
14747159,62090865,2014-12-11,PRO
14747162,62015894,2014-06-23,PRO
14747162,62082017,2014-11-19,PRO
14747164,12493364,2009-06-29,DIV
14747164,13607931,2012-09-10,CON
14747164,14525519,2014-10-28,CON
14747168,62018003,2014-06-27,PRO
14747170,61409739,2010-11-03,PRO
14747170,13285471,2011-10-31,DIV
14747170,14158274,2014-01-17,CON
14747173,61675029,2012-07-24,PRO
14747173,13894588,2013-05-15,CON
14747175,62015840,2014-06-23,PRO
14747178,PCT/JP2013/084964,2013-12-26,CON
14747181,62015894,2014-06-23,PRO
14747181,62082017,2014-11-19,PRO
14747181,62151882,2015-04-23,PRO
14747186,61296616,2010-01-20,PRO
14747186,12844163,2010-07-27,CON
14747186,13110706,2011-05-18,CON
14747186,61511891,2011-07-26,PRO
14747186,61560897,2011-11-17,PRO
14747186,13362947,2012-01-31,CIP
14747186,13431053,2012-03-27,CIP
14747186,61740110,2012-12-20,PRO
14747186,13954239,2013-07-30,CIP
14747186,13954339,2013-07-30,CIP
14747186,14105645,2013-12-13,DIV
14747186,PCT/US2012/048065,2012-07-25,CIP
14747192,13465456,2012-05-07,CON
14747192,13801472,2013-03-13,CON
14747198,61913703,2013-12-09,PRO
14747198,14561869,2014-12-05,CON
14747201,62016380,2014-06-24,PRO
14747202,12396340,2009-03-02,CON
14747202,29423027,2012-05-25,CIP
14747202,61652075,2012-05-25,PRO
14747202,13529772,2012-06-21,CIP
14747202,13622178,2012-09-18,CIP
14747202,13901428,2013-05-23,CIP
14747202,PCT/US2012/041739,2012-06-08,CIP
14747202,PCT/US2012/041744,2012-06-08,CIP
14747202,PCT/US2013/062433,2013-09-27,CON
14747205,62034211,2014-08-07,PRO
14747209,62017328,2014-06-26,PRO
14747211,61409151,2010-11-02,PRO
14747211,13287994,2011-11-02,CIP
14747219,13043985,2011-03-09,CON
14747219,13894660,2013-05-15,DIV
14747219,14512270,2014-10-10,CIP
14747219,14585688,2014-12-30,CIP
14747220,61532140,2011-09-08,PRO
14747220,13604012,2012-09-05,DIV
14747220,61914624,2013-12-11,PRO
14747220,14324453,2014-07-07,CIP
14747220,14567552,2014-12-11,CIP
14747221,62015894,2014-06-23,PRO
14747221,62082017,2014-11-19,PRO
14747226,12159778,2008-06-30,DIV
14747226,PCT/JP2006/326121,2006-12-27,NST
14747228,61428709,2010-12-30,PRO
14747228,13073504,2011-03-28,CON
14747230,13475267,2012-05-18,CON
14747230,PCT/US2010/057268,2010-11-18,CON
14747232,14074594,2013-11-07,CON
14747235,61624395,2012-04-16,PRO
14747235,13863547,2013-04-16,CIP
14747237,13594399,2012-08-24,CON
14747237,14531546,2014-11-03,CON
14747241,12237671,2008-09-25,CON
14747241,13047275,2011-03-14,CON
14747241,13655896,2012-10-19,CON
14747241,14289213,2014-05-28,DIV
14747242,13335762,2011-12-22,DIV
14747244,62015680,2014-06-23,PRO
14747246,12168695,2008-07-07,CON
14747246,13486431,2012-06-01,CON
14747247,13132708,2011-07-06,DIV
14747247,PCT/US2009/066754,2009-12-04,NST
14747248,12452184,2010-04-07,CON
14747248,14175417,2014-02-07,CON
14747248,PCT/JP2008/061604,2008-06-26,NST
14747250,14564146,2014-12-09,CON
14747252,62016429,2014-06-24,PRO
14747256,62016941,2014-06-25,PRO
14747257,13688818,2012-11-29,CON
14747259,61998187,2014-06-23,PRO
14747260,11755779,2007-05-31,CON
14747260,13595222,2012-08-27,CON
14747262,13157637,2011-06-10,CON
14747262,14018712,2013-09-05,CON
14747264,13391703,2013-03-22,CON
14747264,PCT/US2010/046551,2010-08-24,NST
14747265,PCT/JP2014/051768,2014-01-28,CON
14747269,61561356,2011-11-18,PRO
14747269,13679668,2012-11-16,DIV
14747269,14230797,2014-03-31,DIV
14747272,14069109,2013-10-31,DIV
14747277,12609284,2009-10-30,CON
14747277,13847350,2013-03-19,CON
14747279,62015672,2014-06-23,PRO
14747282,62015956,2014-06-23,PRO
14747283,PCT/JP2013/085146,2013-12-27,CON
14747286,62016273,2014-06-24,PRO
14747288,13037487,2011-03-01,DIV
14747289,10753628,2004-01-08,DIV
14747289,12047388,2008-03-13,DIV
14747289,13541325,2012-07-03,CON
14747292,12672760,2011-01-06,CON
14747292,PCT/EP08/60410,2008-08-07,NST
14747297,13117517,2011-05-27,CON
14747302,61532140,2011-09-08,PRO
14747302,13604012,2012-09-05,DIV
14747302,61914624,2013-12-11,PRO
14747302,14324453,2014-07-07,CIP
14747302,14567552,2014-12-11,CIP
14747304,62017929,2014-06-27,PRO
14747305,62018383,2014-06-27,PRO
14747306,61292440,2010-01-05,PRO
14747306,12913407,2010-10-27,CON
14747306,13947284,2013-07-22,CON
14747308,61389867,2010-10-05,PRO
14747308,13247425,2011-09-28,DIV
14747308,14477294,2014-09-04,DIV
14747309,61980650,2014-04-17,PRO
14747309,14688371,2015-04-16,CON
14747310,14722378,2015-05-27,CON
14747312,12671290,2010-01-29,DIV
14747312,PCT/JP2008/066895,2008-09-11,NST
14747317,12684906,2010-01-09,CON
14747318,14713635,2015-05-15,CON
14747319,13755268,2013-01-31,CON
14747325,61913703,2013-12-09,PRO
14747325,14564224,2014-12-09,CON
14747326,62016078,2014-06-23,PRO
14747327,11639983,2006-12-14,CIP
14747329,10040700,2001-12-28,CON
14747331,13842328,2013-03-15,CON
14747333,14062884,2013-10-24,CON
14747336,14316046,2014-06-26,DIV
14747344,13290469,2011-11-07,CIP
14747347,13804717,2013-03-14,CON
14747349,13558862,2012-07-26,DIV
14747349,14250800,2014-04-11,DIV
14747350,62032113,2014-08-01,PRO
14747352,12906747,2010-10-18,DIV
14747358,60799560,2006-05-11,PRO
14747358,11801778,2007-05-11,CON
14747358,13267022,2011-10-06,CON
14747358,13909372,2013-06-04,CON
14747360,60703306,2005-07-28,PRO
14747360,60704290,2005-08-01,PRO
14747360,PCT/US06/28826,2006-07-25,NST
14747360,11996402,2008-01-22,CIP
14747360,12498074,2009-07-06,CON
14747366,61673759,2012-07-20,PRO
14747366,61673764,2012-07-20,PRO
14747366,13946988,2013-07-19,CON
14747367,62018602,2014-06-28,PRO
14747368,62015910,2014-06-23,PRO
14747368,62015927,2014-06-23,PRO
14747368,62015931,2014-06-23,PRO
14747368,62015936,2014-06-23,PRO
14747368,62015939,2014-06-23,PRO
14747368,62015942,2014-06-23,PRO
14747368,62015947,2014-06-23,PRO
14747368,62015967,2014-06-23,PRO
14747368,62015977,2014-06-23,PRO
14747368,62015990,2014-06-23,PRO
14747368,62018090,2014-06-27,PRO
14747369,62018725,2014-06-30,PRO
14747372,61593062,2012-01-31,PRO
14747372,13755887,2013-01-31,CON
14747373,62019684,2014-07-01,PRO
14747374,61381268,2010-09-09,PRO
14747374,61460024,2010-12-23,PRO
14747374,13224946,2011-09-02,CON
14747374,13669134,2012-11-05,DIV
14747374,14016351,2013-09-03,CON
14747374,PCT/IB2010/000882,2010-03-05,CIP
14747377,61582990,2012-01-04,PRO
14747377,61602456,2012-02-23,PRO
14747377,61656832,2012-06-07,PRO
14747377,61683794,2012-08-16,PRO
14747377,61691396,2012-08-21,PRO
14747377,13734032,2013-01-04,CON
14747377,14169981,2014-01-31,CON
14747378,62016382,2014-06-24,PRO
14747379,62016618,2014-06-24,PRO
14747380,61392600,2010-10-13,PRO
14747380,13237172,2011-09-20,CON
14747381,61428931,2010-12-31,PRO
14747381,13340124,2011-12-29,DIV
14747383,61418047,2010-11-30,PRO
14747383,13308323,2011-11-30,CON
14747386,61769203,2013-02-26,PRO
14747386,13861970,2013-04-12,CON
14747387,61280129,2009-10-31,PRO
14747387,12917009,2010-11-01,CON
14747387,14326143,2014-07-08,CON
14747388,13001779,2011-02-04,CON
14747388,PCT/KR2009/004918,2009-09-01,NST
14747391,61622746,2012-04-11,PRO
14747391,13860665,2013-04-11,CIP
14747392,61532140,2011-09-08,PRO
14747392,13604012,2012-09-05,DIV
14747392,61914624,2013-12-11,PRO
14747392,14324453,2014-07-07,CIP
14747392,14567552,2014-12-11,CIP
14747396,61722834,2012-11-06,PRO
14747396,14064293,2013-10-28,DIV
14747401,14017894,2013-09-04,CIP
14747403,61549698,2011-10-20,PRO
14747403,61551384,2011-10-25,PRO
14747403,13657332,2012-10-22,CIP
14747403,61719280,2012-10-26,PRO
14747403,14064094,2013-10-25,CIP
14747403,62015994,2014-06-23,PRO
14747403,62101300,2015-01-08,PRO
14747403,14734800,2015-06-09,CIP
14747405,14042661,2013-09-30,CON
14747410,14444982,2014-07-28,CIP
14747411,61347045,2010-05-21,PRO
14747411,13113414,2011-05-23,CON
14747411,14525595,2014-10-28,CON
14747416,13985176,2013-11-25,CON
14747416,PCT/EP2011/056627,2011-04-27,NST
14747417,12831361,2010-07-07,DIV
14747418,13876632,2013-03-28,DIV
14747418,PCT/CN2011/081792,2011-11-04,NST
14747419,61564877,2011-11-30,PRO
14747419,61694957,2012-08-30,PRO
14747419,13689625,2012-11-29,CON
14747421,62015910,2014-06-23,PRO
14747421,62015927,2014-06-23,PRO
14747421,62015931,2014-06-23,PRO
14747421,62015936,2014-06-23,PRO
14747421,62015939,2014-06-23,PRO
14747421,62015942,2014-06-23,PRO
14747421,62015947,2014-06-23,PRO
14747421,62015967,2014-06-23,PRO
14747421,62015977,2014-06-23,PRO
14747421,62015990,2014-06-23,PRO
14747421,62018090,2014-06-27,PRO
14747423,13343006,2012-01-04,CON
14747428,13367469,2012-02-07,CON
14747432,62016265,2014-06-24,PRO
14747435,13106052,2011-05-12,CON
14747438,62015853,2014-06-23,PRO
14747441,PCT/EP2013/201300,2013-01-17,CON
14747443,14050046,2013-10-09,CON
14747447,13306184,2011-11-29,CON
14747450,62015910,2014-06-23,PRO
14747450,62015927,2014-06-23,PRO
14747450,62015931,2014-06-23,PRO
14747450,62015936,2014-06-23,PRO
14747450,62015939,2014-06-23,PRO
14747450,62015942,2014-06-23,PRO
14747450,62015947,2014-06-23,PRO
14747450,62015967,2014-06-23,PRO
14747450,62015977,2014-06-23,PRO
14747450,62015990,2014-06-23,PRO
14747450,62018090,2014-06-27,PRO
14747452,62017873,2014-06-27,PRO
14747453,62016641,2014-06-24,PRO
14747458,12269639,2008-11-12,DIV
14747458,13444173,2012-04-11,CON
14747460,13978190,2013-07-17,CON
14747460,PCT/US2012/022653,2012-01-26,NST
14747461,62015809,2014-06-23,PRO
14747461,62016400,2014-06-24,PRO
14747461,62036983,2014-08-13,PRO
14747462,14258182,2014-04-22,DIV
14747464,61532140,2011-09-08,PRO
14747464,13604012,2012-09-05,DIV
14747464,61914624,2013-12-11,PRO
14747464,14324453,2014-07-07,CIP
14747464,14567552,2014-12-11,CIP
14747469,61745072,2012-12-21,PRO
14747469,13777390,2013-02-26,CON
14747469,14590786,2015-01-06,CON
14747474,13452098,2012-04-20,CON
14747475,14080508,2013-11-14,CON
14747476,62015910,2014-06-23,PRO
14747476,62015927,2014-06-23,PRO
14747476,62015931,2014-06-23,PRO
14747476,62015936,2014-06-23,PRO
14747476,62015939,2014-06-23,PRO
14747476,62015942,2014-06-23,PRO
14747476,62015947,2014-06-23,PRO
14747476,62015967,2014-06-23,PRO
14747476,62015977,2014-06-23,PRO
14747476,62015990,2014-06-23,PRO
14747476,62018090,2014-06-27,PRO
14747477,62017466,2014-06-26,PRO
14747477,62103952,2015-01-15,PRO
14747483,62016578,2014-06-24,PRO
14747484,13522177,2012-07-13,DIV
14747484,14094103,2013-12-02,DIV
14747484,14334707,2014-07-18,DIV
14747484,PCT/JP2010/068915,2010-10-26,NST
14747485,62015677,2014-06-23,PRO
14747491,61828128,2013-05-28,PRO
14747491,13910761,2013-06-05,CON
14747493,62016630,2014-06-24,PRO
14747495,13124758,2011-07-01,CIP
14747495,PCT/CA2009/001468,2009-10-16,NST
14747498,62015620,2014-06-23,PRO
14747500,62015907,2014-06-23,PRO
14747501,13780499,2013-02-28,CON
14747502,13662649,2012-10-29,CON
14747504,60625880,2004-11-08,PRO
14747504,11181128,2005-07-14,CON
14747504,12342238,2008-12-23,CON
14747506,13462932,2012-05-03,DIV
14747511,62015964,2014-06-23,PRO
14747513,62027883,2014-07-23,PRO
14747513,14514884,2014-10-15,CON
14747514,13081605,2011-04-07,CIP
14747517,62015698,2014-06-23,PRO
14747518,PCT/CN2012/087920,2012-12-28,CON
14747523,13747584,2013-01-23,CIP
14747523,13940307,2013-07-12,CIP
14747523,14081110,2013-11-15,CIP
14747523,14106198,2013-12-13,CIP
14747525,14151225,2014-01-09,DIV
14747530,61532140,2011-09-08,PRO
14747530,13604012,2012-09-05,DIV
14747530,61914624,2013-12-11,PRO
14747530,14324453,2014-07-07,CIP
14747530,14567552,2014-12-11,CIP
14747538,12857504,2010-08-16,REI
14747541,PCT/JP2013/072200,2013-08-20,CON
14747543,62016829,2014-06-25,PRO
14747545,61130599,2008-06-02,PRO
14747545,12476713,2009-06-02,DIV
14747548,61354823,2010-06-15,PRO
14747548,13160635,2011-06-15,CON
14747551,61791355,2013-03-15,PRO
14747551,14212317,2014-03-14,CON
14747552,61791355,2013-03-15,PRO
14747552,14211726,2014-03-14,CON
14747559,PCT/CN2012/087654,2012-12-27,CON
14747560,11951823,2007-12-06,CON
14747561,12581211,2009-10-19,CON
14747561,14506095,2014-10-03,CON
14747562,61428006,2010-12-29,PRO
14747562,13336295,2011-12-23,CON
14747563,61682886,2012-08-14,PRO
14747563,13964373,2013-08-12,CIP
14747571,12994566,2011-01-05,DIV
14747571,PCT/JP2009/059818,2009-05-28,NST
14747572,62016861,2014-06-25,PRO
14747573,13751600,2013-01-28,DIV
14747574,11207194,2005-08-19,DIV
14747574,12366100,2009-02-05,CON
14747574,13934618,2013-07-03,CON
14747575,13838581,2013-03-15,DIV
14747576,13470979,2012-05-14,CON
14747577,14233440,2014-01-17,CON
14747577,PCT/KR2012/004611,2012-06-11,NST
14747578,60205439,2000-05-19,PRO
14747578,09860750,2001-05-18,DIV
14747578,12165838,2008-07-01,DIV
14747578,13210712,2011-08-16,DIV
14747578,13709610,2012-12-10,CON
14747581,61358747,2010-06-25,PRO
14747581,13169648,2011-06-27,CIP
14747582,61492828,2011-06-03,PRO
14747582,13487293,2012-06-04,CIP
14747583,11265787,2005-11-01,CON
14747583,13283562,2011-10-27,CON
14747584,13915668,2013-06-12,CON
14747586,61055958,2008-05-23,PRO
14747586,12173721,2008-07-15,CIP
14747586,12475194,2009-05-29,CON
14747586,13735701,2013-01-07,CON
14747587,62015895,2014-06-23,PRO
14747589,13164939,2011-06-21,DIV
14747590,13770684,2013-02-19,CON
14747595,60955729,2007-08-14,PRO
14747595,11962867,2007-12-21,DIV
14747595,12807962,2010-09-17,CON
14747596,61443912,2011-02-17,PRO
14747596,13399706,2012-02-17,CON
14747596,14202919,2014-03-10,CON
14747597,61664555,2012-06-26,PRO
14747597,61664559,2012-06-26,PRO
14747597,61664577,2012-06-26,PRO
14747597,13836353,2013-03-15,CON
14747599,13571614,2012-08-10,CON
14747599,13869115,2013-04-24,CIP
14747602,62018311,2014-06-27,PRO
14747603,62017823,2014-06-26,PRO
14747606,62016329,2014-06-24,PRO
14747606,62050594,2014-09-15,PRO
14747608,61532140,2011-09-08,PRO
14747608,13604012,2012-09-05,DIV
14747608,61914624,2013-12-11,PRO
14747608,14324453,2014-07-07,CIP
14747608,14567552,2014-12-11,CIP
14747615,60828389,2006-10-06,PRO
14747615,11857473,2007-09-19,CIP
14747615,12166372,2008-07-02,DIV
14747615,13668781,2012-11-05,DIV
14747617,PCT/JP2013/083511,2013-12-13,CON
14747618,62015733,2014-06-23,PRO
14747620,12854428,2010-08-11,CON
14747620,13935218,2013-07-03,CON
14747621,13511013,2012-06-19,CIP
14747621,PCT/EP2010/067853,2010-11-19,NST
14747623,61860789,2013-07-31,PRO
14747623,14279147,2014-05-15,CIP
14747623,14621443,2015-02-13,CIP
14747625,61998771,2014-07-03,PRO
14747625,62055956,2014-09-26,PRO
14747626,13371144,2012-02-10,CON
14747626,14034497,2013-09-23,CON
14747628,12148448,2008-04-18,CIP
14747628,13790091,2013-03-08,DIV
14747630,13498201,2012-03-26,CON
14747630,PCT/SE2012/050181,2012-02-20,NST
14747631,13529373,2012-06-21,CON
14747632,62015901,2014-06-23,PRO
14747634,11107945,2005-04-18,DIV
14747634,12846162,2010-07-29,DIV
14747634,13894871,2013-05-15,DIV
14747634,14468519,2014-08-26,DIV
14747635,PCT/JP2013/007401,2013-12-17,CON
14747640,14537947,2014-11-11,DIV
14747644,62017009,2014-06-25,PRO
14747644,62137418,2015-03-24,PRO
14747646,13879999,2013-04-17,DIV
14747646,PCT/KR2011/006335,2011-08-26,NST
14747651,PCT/JP2013/051761,2013-01-28,CON
14747652,62018351,2014-06-27,PRO
14747654,61571683,2011-07-01,PRO
14747654,13536144,2012-06-28,DIV
14747655,62017826,2014-06-26,PRO
14747656,61334914,2010-05-14,PRO
14747656,12915747,2010-10-29,CON
14747656,14028839,2013-09-17,CON
14747656,14300834,2014-06-10,CIP
14747657,PCT/KR2013/011372,2013-12-10,CON
14747658,61151122,2009-02-09,PRO
14747658,12702887,2010-02-09,CON
14747659,62016236,2014-06-24,PRO
14747661,13876592,2013-05-13,DIV
14747661,PCT/CA2011/001089,2011-09-27,NST
14747662,61485443,2011-05-12,PRO
14747662,61548499,2011-10-18,PRO
14747662,61588552,2012-01-19,PRO
14747662,13471158,2012-05-14,CON
14747664,62019988,2014-07-02,PRO
14747665,14643544,2015-03-10,CON
14747666,62016777,2014-06-25,PRO
14747667,62018324,2014-06-27,PRO
14747667,62018362,2014-06-27,PRO
14747673,13727398,2012-12-26,CON
14747674,14138776,2013-12-23,CON
14747675,62016040,2014-06-23,PRO
14747675,62054908,2014-09-24,PRO
14747676,61051302,2008-05-07,PRO
14747676,12256051,2008-10-22,CON
14747676,12780509,2010-05-14,CON
14747676,14472050,2014-08-28,CON
14747677,62016354,2014-06-24,PRO
14747677,62166899,2015-05-27,PRO
14747678,62016430,2014-06-24,PRO
14747680,61624973,2012-04-16,PRO
14747680,13803423,2013-03-14,DIV
14747681,13673458,2012-11-09,CON
14747682,13340129,2011-12-29,CON
14747684,62016482,2014-06-24,PRO
14747685,61532140,2011-09-08,PRO
14747685,13604012,2012-09-05,DIV
14747685,61914624,2013-12-11,PRO
14747685,14324453,2014-07-07,CIP
14747685,14567552,2014-12-11,CIP
14747686,62019331,2014-06-30,PRO
14747687,61532140,2011-09-08,PRO
14747687,13604012,2012-09-05,DIV
14747687,61791738,2013-03-15,PRO
14747687,14212601,2014-03-14,CIP
14747687,14324453,2014-07-07,CIP
14747688,62015880,2014-06-23,PRO
14747689,13067829,2011-06-29,CON
14747690,62018339,2014-06-27,PRO
14747692,61841517,2013-07-01,PRO
14747692,61985858,2014-04-29,PRO
14747692,14321776,2014-07-01,CIP
14747695,62015609,2014-06-23,PRO
14747698,62015701,2014-06-23,PRO
14747701,62018334,2014-06-27,PRO
14747702,12127287,2008-05-27,CON
14747702,13413533,2012-03-06,CON
14747703,14674619,2015-03-31,CON
14747705,62018133,2014-06-27,PRO
14747708,62017299,2014-06-26,PRO
14747709,62015826,2014-06-23,PRO
14747710,11439631,2006-05-24,CON
14747710,12486810,2009-06-18,CON
14747710,13337219,2011-12-26,CON
14747710,13858855,2013-04-08,CON
14747710,14279319,2014-05-16,CON
14747711,PCT/CN2013/079747,2013-07-19,CON
14747713,13062084,2011-05-05,CON
14747713,PCT/AU2009/001147,2009-09-03,NST
14747716,11576502,2008-01-04,CON
14747716,PCT/US2006/036453,2006-09-18,NST
14747717,14102587,2013-12-11,CON
14747718,62016490,2014-06-24,PRO
14747719,62017096,2014-06-25,PRO
14747727,61287956,2009-12-18,PRO
14747727,12971365,2010-12-17,DIV
14747727,14527425,2014-10-29,DIV
14747730,62015834,2014-06-23,PRO
14747731,PCT/CN2013/089983,2013-12-19,CON
14747735,61897870,2013-10-31,PRO
14747735,14529865,2014-10-31,CON
14747736,PCT/CN2013/085257,2013-10-15,CON
14747737,61508599,2011-07-15,PRO
14747737,13548701,2012-07-13,CON
14747739,60724279,2005-10-07,PRO
14747739,11539389,2006-10-06,CON
14747739,14170074,2014-01-31,CON
14747742,13839179,2013-03-15,CON
14747745,61675663,2012-07-25,PRO
14747745,61680099,2012-08-06,PRO
14747745,61729294,2012-11-21,PRO
14747745,13950807,2013-07-25,DIV
14747751,PCT/JP2014/063702,2014-05-23,CON
14747752,62017265,2014-06-26,PRO
14747753,PCT/US2013/077600,2013-12-23,CON
14747754,13770346,2013-02-19,CIP
14747756,62015798,2014-06-23,PRO
14747758,62016290,2014-06-24,PRO
14747759,13977767,2013-07-01,CON
14747759,PCT/JP2011/079113,2011-12-09,NST
14747763,62019426,2014-07-01,PRO
14747765,13262828,2011-10-03,CON
14747765,PCT/NZ2010/000062,2010-04-01,NST
14747766,60957714,2007-08-24,PRO
14747766,60974084,2007-09-21,PRO
14747766,60977379,2007-10-04,PRO
14747766,61044504,2008-04-13,PRO
14747766,61076686,2008-06-29,PRO
14747766,12197964,2008-08-25,CON
14747766,13228375,2011-09-08,CON
14747766,14264903,2014-04-29,CON
14747768,62016879,2014-06-25,PRO
14747769,62024926,2014-07-15,PRO
14747770,11063291,2005-02-22,CON
14747770,12539369,2009-08-11,CON
14747770,12941410,2010-11-08,CON
14747770,13114434,2011-05-24,CON
14747770,13304663,2011-11-27,CON
14747770,13592323,2012-08-22,CON
14747770,14680684,2015-04-07,CON
14747774,61532140,2011-09-08,PRO
14747774,13604012,2012-09-05,DIV
14747774,61914624,2013-12-11,PRO
14747774,14324453,2014-07-07,CIP
14747774,14567552,2014-12-11,CIP
14747775,13278810,2011-10-21,CON
14747777,14076021,2013-11-08,CON
14747778,62016058,2014-06-23,PRO
14747778,62054912,2014-09-24,PRO
14747781,13778696,2013-02-27,DIV
14747782,12600803,2010-05-17,DIV
14747782,13772035,2013-02-20,DIV
14747782,PCT/US2008/064678,2008-05-23,NST
14747784,11615653,2006-12-22,DIV
14747784,13033893,2011-02-24,CON
14747784,13956460,2013-08-01,CON
14747786,12963867,2010-12-09,CON
14747786,13477161,2012-05-22,CON
14747786,13841503,2013-03-15,CON
14747786,14316023,2014-06-26,CIP
14747786,14726927,2015-06-01,CIP
14747788,62019674,2014-07-01,PRO
14747791,14670907,2015-03-27,CON
14747792,61240578,2009-09-08,PRO
14747792,61359265,2010-06-28,PRO
14747792,12876840,2010-09-07,CON
14747792,14088844,2013-11-25,CON
14747792,14739976,2015-06-15,CON
14747793,61407002,2010-10-26,PRO
14747793,13282367,2011-10-26,CON
14747793,14070218,2013-11-01,CON
14747795,12697871,2010-02-01,DIV
14747795,13420206,2012-03-14,CON
14747795,13420221,2012-03-14,CON
14747795,13846818,2013-03-18,CON
14747796,62015965,2014-06-23,PRO
14747798,61240578,2009-09-08,PRO
14747798,61359265,2010-06-28,PRO
14747798,12876840,2010-09-07,CON
14747798,14088844,2013-11-25,CON
14747798,14739976,2015-06-15,CON
14747802,61574256,2011-07-29,PRO
14747802,61630142,2011-12-05,PRO
14747802,13560174,2012-07-27,CIP
14747802,61999794,2014-08-06,PRO
14747803,61681613,2012-08-10,PRO
14747803,61740149,2012-12-20,PRO
14747803,13835091,2013-03-15,CON
14747804,62016645,2014-06-24,PRO
14747811,62021015,2014-07-04,PRO
14747815,61060071,2008-06-09,PRO
14747815,12481505,2009-06-09,CON
14747815,13090647,2011-04-20,DIV
14747816,62015954,2014-06-23,PRO
14747818,62016392,2014-06-24,PRO
14747821,PCT/CN2013/090272,2013-12-24,CON
14747822,62015925,2014-06-23,PRO
14747824,62020500,2014-07-03,PRO
14747826,62016040,2014-06-23,PRO
14747826,62054911,2014-09-24,PRO
14747828,61309678,2010-03-02,PRO
14747828,13037048,2011-02-28,CIP
14747828,62015938,2014-06-23,PRO
14747834,13934883,2013-07-03,CON
14747835,61961641,2013-10-21,PRO
14747835,14520165,2014-10-21,CIP
14747836,12972153,2010-12-17,CON
14747837,13142292,2011-09-19,CON
14747837,PCT/US2009/069785,2009-12-30,NST
14747839,61729964,2012-11-26,PRO
14747839,13830334,2013-03-14,CON
14747841,62017180,2014-06-25,PRO
14747843,12475158,2009-05-29,CON
14747843,13910706,2013-06-05,CON
14747844,09665786,2000-09-20,CON
14747844,10864132,2004-06-09,CON
14747844,12034379,2008-02-20,CON
14747844,12835450,2010-07-13,CON
14747844,14064962,2013-10-28,CON
14747844,14229153,2014-03-28,CON
14747845,61300800,2010-02-02,PRO
14747845,13019241,2011-02-01,CON
14747845,13870908,2013-04-25,CON
14747849,62016601,2014-06-24,PRO
14747851,09333379,1999-06-15,CIP
14747851,09593647,2000-06-13,CON
14747851,12106794,2008-04-21,CON
14747851,13364878,2012-02-02,CON
14747853,62016059,2014-06-23,PRO
14747854,62015886,2014-06-23,PRO
14747854,62018193,2014-06-27,PRO
14747854,62082429,2014-11-20,PRO
14747854,62159084,2015-05-08,PRO
14747859,14002364,2013-08-30,CON
14747859,PCT/US2012/027457,2012-03-02,NST
14747860,10964871,2004-10-13,CIP
14747860,11112252,2005-04-21,CON
14747860,12913668,2010-10-27,CON
14747860,13587748,2012-08-16,CON
14747860,14064597,2013-10-28,CON
14747862,PCT/JP2013/007551,2013-12-24,CON
14747863,13163536,2011-06-17,CON
14747864,13369777,2012-02-09,DIV
14747864,14140346,2013-12-24,DIV
14747865,61746069,2012-12-26,PRO
14747865,61746074,2012-12-26,PRO
14747865,61748018,2012-12-31,PRO
14747865,61792582,2013-03-15,PRO
14747865,61793952,2013-03-15,PRO
14747865,13966052,2013-08-13,CIP
14747865,14099818,2013-12-06,CIP
14747865,14101245,2013-12-09,CIP
14747865,14101258,2013-12-09,CIP
14747865,14138040,2013-12-21,CIP
14747865,14138052,2013-12-21,CIP
14747865,14138058,2013-12-21,CIP
14747865,PCT/US2012/041739,2012-06-08,CON
14747865,PCT/US2012/041744,2012-06-08,CON
14747865,PCT/US2012/041749,2012-06-08,CON
14747865,PCT/US2013/078551,2013-12-31,CON
14747866,62016041,2014-06-23,PRO
14747868,62016017,2014-06-23,PRO
14747869,13500913,2012-04-08,CON
14747869,13858692,2013-04-08,CON
14747869,PCT/SE2010/051004,2010-09-20,NST
14747871,60805937,2006-06-27,PRO
14747871,11767080,2007-06-22,DIV
14747875,61614275,2012-03-22,PRO
14747875,13841120,2013-03-15,CON
14747876,10592207,2008-06-25,CON
14747876,PCT/CH2004/000139,2004-03-10,NST
14747882,14348138,2014-03-28,DIV
14747882,PCT/IB2012/002318,2012-09-28,NST
14747884,61380060,2010-09-03,PRO
14747884,13226270,2011-09-06,DIV
14747885,12420396,2009-04-08,CON
14747889,62031713,2014-07-31,PRO
14747894,61299787,2010-01-29,PRO
14747894,13015175,2011-01-27,CON
14747894,13790933,2013-03-08,CON
14747895,62016017,2014-06-23,PRO
14747900,13421438,2012-03-15,DIV
14747902,61777916,2013-03-12,PRO
14747902,13839631,2013-03-15,DIV
14747903,13196770,2011-08-02,CON
14747905,60673883,2005-04-22,PRO
14747905,60676212,2005-04-29,PRO
14747905,PCT/US06/15028,2006-04-21,NST
14747905,11911894,2007-10-18,CON
14747905,14537490,2014-11-10,CON
14747908,60948841,2007-07-10,PRO
14747908,12170319,2008-07-09,CON
14747910,12710230,2010-02-22,DIV
14747914,62016478,2014-06-24,PRO
14747923,PCT/JP2014/051244,2014-01-22,CON
14747927,13434573,2012-03-29,CON
14747928,14267979,2014-05-02,CIP
14747930,62016532,2014-06-24,PRO
14747930,62097815,2014-12-30,PRO
14747931,62016194,2014-06-24,PRO
14747934,61149236,2009-02-02,PRO
14747934,12698671,2010-02-02,DIV
14747934,13482163,2012-05-29,CON
14747935,13757499,2013-02-01,CON
14747936,14619865,2015-02-11,CON
14747945,14233257,2014-01-16,CON
14747945,PCT/US2013/022070,2013-01-18,NST
14747948,12208127,2008-09-10,CIP
14747948,61241874,2009-09-12,PRO
14747948,12877987,2010-09-08,DIV
14747953,61636889,2012-04-23,PRO
14747953,13839387,2013-03-15,DIV
14747958,10571720,2006-03-13,CON
14747958,12627425,2009-11-30,CON
14747958,13295361,2011-11-14,CON
14747958,14035667,2013-09-24,CON
14747958,14632658,2015-02-26,CON
14747958,PCT/JP2004/013552,2004-09-16,NST
14747959,14234078,2014-03-25,CON
14747963,61699618,2012-09-11,PRO
14747963,61699631,2012-09-11,PRO
14747963,14024401,2013-09-11,DIV
14747964,PCT/FI2013/050101,2013-01-30,CON
14747965,62019426,2014-07-01,PRO
14747965,14747763,2015-06-23,CON
14747966,62027010,2014-07-21,PRO
14747966,62030438,2014-07-29,PRO
14747966,62046660,2014-09-05,PRO
14747966,62056181,2014-09-26,PRO
14747966,62062610,2014-10-10,PRO
14747970,14315034,2014-06-25,CON
14747972,61464705,2011-03-08,PRO
14747972,13414205,2012-03-07,CIP
14747974,60634458,2004-12-08,PRO
14747974,11296931,2005-12-08,CON
14747974,11926984,2007-10-29,CON
14747974,12643934,2009-12-21,CON
14747974,13216107,2011-08-23,CON
14747974,13678402,2012-11-15,CON
14747974,14040399,2013-09-27,CON
14747974,14041970,2013-09-30,DIV
14747974,14451263,2014-08-04,CON
14747977,60814067,2006-06-16,PRO
14747977,11763519,2007-06-15,CON
14747982,62016061,2014-06-23,PRO
14747984,62019414,2014-06-30,PRO
14747984,62060522,2014-10-06,PRO
14747987,62016002,2014-06-23,PRO
14747992,13096825,2011-04-28,CON
14747996,61372315,2010-08-10,PRO
14747996,13206087,2011-08-09,DIV
14747998,61749888,2013-01-07,PRO
14747998,61829984,2013-05-31,PRO
14747998,14147428,2014-01-03,CON
14747999,PCT/CN2013/084993,2013-10-10,CON
14748004,61521685,2011-08-09,PRO
14748004,61653234,2012-05-30,PRO
14748004,13569125,2012-08-07,DIV
14748005,11002931,2004-12-02,CON
14748005,12623204,2009-11-20,CON
14748005,13486232,2012-06-01,CON
14748005,14164359,2014-01-27,CON
14748008,61096793,2008-09-13,PRO
14748008,12260090,2008-10-29,CON
14748011,62016060,2014-06-23,PRO
14748011,62054914,2014-09-24,PRO
14748013,13813615,2013-01-31,CON
14748013,PCT/JP2011/004631,2011-08-19,NST
14748018,13681918,2012-11-20,DIV
14748019,62016447,2014-06-24,PRO
14748021,14081574,2013-11-15,CIP
14748024,61113867,2008-11-12,PRO
14748024,12617433,2009-11-12,CON
14748026,62016558,2014-06-24,PRO
14748026,62107847,2015-01-26,PRO
14748033,62015978,2014-06-23,PRO
14748034,61864137,2013-08-09,PRO
14748034,61974398,2014-04-02,PRO
14748034,14455602,2014-08-08,CIP
14748035,60634458,2004-12-08,PRO
14748035,11296931,2005-12-08,CON
14748035,11926984,2007-10-29,CON
14748035,12643934,2009-12-21,CON
14748035,13216107,2011-08-23,CON
14748035,13678402,2012-11-15,CON
14748035,14040399,2013-09-27,CON
14748035,14044588,2013-10-02,DIV
14748035,14451259,2014-08-04,CON
14748041,PCT/JP2014/050115,2014-01-08,CON
14748046,12190878,2008-08-13,DIV
14748046,13750889,2013-01-25,CON
14748049,61916701,2013-12-16,PRO
14748049,62020296,2014-07-02,PRO
14748049,14572648,2014-12-16,CIP
14748051,62017094,2014-06-25,PRO
14748054,62143032,2015-04-04,PRO
14748054,14726517,2015-05-30,CIP
14748054,14743849,2015-06-18,CIP
14748055,61315803,2010-03-19,PRO
14748055,13065337,2011-03-18,CON
14748055,14205120,2014-03-11,CON
14748058,PCT/CN2013/087458,2013-11-20,CON
14748062,60413758,2002-09-26,PRO
14748062,10672443,2003-09-26,CIP
14748062,60564315,2004-04-22,PRO
14748062,11111691,2005-04-21,CON
14748062,11116138,2005-04-27,CON
14748063,61414280,2010-11-16,PRO
14748063,13297948,2011-11-16,CON
14748064,13838004,2013-03-15,DIV
14748067,62016600,2014-06-24,PRO
14748068,09967502,2001-09-28,CIP
14748068,10128532,2002-04-23,CIP
14748068,10261166,2002-09-27,CIP
14748068,10623223,2003-07-17,CON
14748068,12725245,2010-03-16,CON
14748068,13219360,2011-08-26,CON
14748068,14050102,2013-10-09,CON
14748071,62018295,2014-06-27,PRO
14748072,13838004,2013-03-15,DIV
14748081,13539077,2012-06-29,CON
14748083,62015830,2014-06-23,PRO
14748084,61015632,2007-12-20,PRO
14748084,12340578,2008-12-19,CON
14748091,13190319,2011-07-25,DIV
14748092,62016619,2014-06-24,PRO
14748094,62016468,2014-06-24,PRO
14748094,62054900,2014-09-24,PRO
14748097,12029896,2008-02-12,CON
14748097,13207012,2011-08-10,CON
14748097,14105821,2013-12-13,CON
14748099,13778982,2013-02-27,CON
14748100,60499619,2003-09-03,PRO
14748100,60504608,2003-09-22,PRO
14748100,10918257,2004-08-13,DIV
14748100,11779705,2007-07-18,CON
14748100,12471389,2009-05-24,CON
14748100,12716017,2010-03-02,CON
14748100,13684444,2012-11-23,CON
14748102,62016032,2014-06-23,PRO
14748102,62054906,2014-09-24,PRO
14748104,13451925,2012-04-20,DIV
14748105,PCT/CN2013/090347,2013-12-24,CON
14748109,62015974,2014-06-23,PRO
14748111,61070377,2008-03-20,PRO
14748111,PCT/IL09/00316,2009-03-19,NST
14748111,12922984,2011-02-15,CIP
14748111,13906148,2013-05-30,CON
14748112,62015859,2014-06-23,PRO
14748114,14244191,2014-04-03,CON
14748115,61368408,2010-07-28,PRO
14748115,13193588,2011-07-28,CON
14748118,62018532,2014-06-28,PRO
14748120,62016372,2014-06-24,PRO
14748121,12191261,2008-08-13,CON
14748121,13747414,2013-01-22,CON
14748121,14265258,2014-04-29,CON
14748122,62016415,2014-06-24,PRO
14748123,13119428,2011-03-16,CON
14748123,13921133,2013-06-18,DIV
14748123,PCT/US2009/057578,2009-09-18,NST
14748124,61820429,2013-05-07,PRO
14748124,61867236,2013-08-19,PRO
14748124,61902561,2013-11-11,PRO
14748124,14272495,2014-05-07,CIP
14748126,13033372,2011-02-23,CIP
14748126,13195715,2011-08-01,CON
14748126,14189740,2014-02-25,CON
14748127,62018283,2014-06-27,PRO
14748128,62015760,2014-06-23,PRO
14748130,61449403,2011-03-04,PRO
14748130,13411484,2012-03-02,CON
14748132,13603672,2012-09-05,CIP
14748135,62014453,2014-06-19,PRO
14748135,62016011,2014-06-23,PRO
14748135,14745285,2015-06-19,CIP
14748137,61319029,2010-03-30,PRO
14748137,13075799,2011-03-30,CON
14748137,14169972,2014-01-31,CON
14748139,62016062,2014-06-23,PRO
14748140,62016015,2014-06-23,PRO
14748141,60625331,2004-11-05,PRO
14748141,11232196,2005-09-20,DIV
14748141,11985866,2007-11-16,CIP
14748141,12719006,2010-03-08,CON
14748141,13298927,2011-11-17,CON
14748141,14160402,2014-01-21,CON
14748142,62016043,2014-06-23,PRO
14748142,62054907,2014-09-24,PRO
14748144,13635797,2012-09-18,CON
14748144,PCT/SG2011/000108,2011-03-18,NST
14748145,61937462,2014-02-07,PRO
14748145,62015863,2014-06-23,PRO
14748145,14617495,2015-02-09,CIP
14748146,62016043,2014-06-23,PRO
14748146,62054907,2014-09-24,PRO
14748147,61368396,2010-07-28,PRO
14748147,13171410,2011-06-28,CIP
14748148,62016035,2014-06-23,PRO
14748148,62055106,2014-09-25,PRO
14748150,60856177,2006-11-02,PRO
14748150,11687954,2007-03-19,CON
14748153,62016539,2014-06-24,PRO
14748153,62097939,2014-12-30,PRO
14748155,62016312,2014-06-24,PRO
14748156,62015934,2014-06-23,PRO
14748160,60280905,2001-04-02,PRO
14748160,60300011,2001-06-20,PRO
14748160,10112671,2002-03-29,CON
14748160,11160407,2005-06-22,CON
14748160,12776360,2010-05-07,CON
14748160,13612732,2012-09-12,CON
14748160,14022154,2013-09-09,CON
14748160,14468277,2014-08-25,CON
14748161,62036629,2014-08-13,PRO
14748162,60905643,2007-03-08,PRO
14748162,12043830,2008-03-06,DIV
14748163,62016565,2014-06-24,PRO
14748167,61759963,2013-02-01,PRO
14748167,13794689,2013-03-11,CON
14748171,61010022,2008-01-04,PRO
14748171,61010103,2008-01-04,PRO
14748171,61010191,2008-01-04,PRO
14748171,12348821,2009-01-05,DIV
14748171,13414680,2012-03-07,CON
14748173,14099787,2013-12-06,CON
14748175,62018531,2014-06-27,PRO
14748176,60049759,1997-06-16,PRO
14748176,09098075,1998-06-16,CON
14748176,10228680,2002-08-26,CON
14748176,11100956,2005-04-06,CON
14748176,12509210,2009-07-24,CON
14748176,13961816,2013-08-07,CON
14748181,62017802,2014-06-26,PRO
14748183,13121069,2011-03-25,CIP
14748183,PCT/RU2009/000067,2009-02-13,NST
14748185,60745601,2006-04-25,PRO
14748185,11796132,2007-04-25,DIV
14748188,61502258,2011-06-28,PRO
14748188,13536585,2012-06-28,CON
14748188,14211196,2014-03-14,CON
14748188,14520601,2014-10-22,CON
14748195,PCT/CN2014/071044,2014-01-22,CON
14748197,62016485,2014-06-24,PRO
14748204,61635288,2012-04-18,PRO
14748204,13830702,2013-03-14,DIV
14748205,14557459,2014-12-02,CON
14748206,61640656,2012-04-30,PRO
14748206,13493791,2012-06-11,CON
14748206,14225405,2014-03-25,DIV
14748208,61364895,2010-07-16,PRO
14748208,61372559,2010-08-11,PRO
14748208,13183532,2011-07-15,CIP
14748208,61838304,2013-06-23,PRO
14748208,14311890,2014-06-23,CIP
14748208,62091626,2014-12-15,PRO
14748212,62020420,2014-07-03,PRO
14748218,61367870,2010-07-26,PRO
14748218,61367871,2010-07-26,PRO
14748218,61408820,2010-11-01,PRO
14748218,61408826,2010-11-01,PRO
14748218,61408829,2010-11-01,PRO
14748218,61408839,2010-11-01,PRO
14748218,61408846,2010-11-01,PRO
14748218,61408854,2010-11-01,PRO
14748218,61408858,2010-11-01,PRO
14748218,61416020,2010-11-22,PRO
14748218,61416033,2010-11-22,PRO
14748218,61430828,2011-01-07,PRO
14748218,13115740,2011-05-25,CON
14748219,62016592,2014-06-24,PRO
14748220,13494536,2012-06-12,CIP
14748220,13494536,2012-06-12,CON
14748220,13494654,2012-06-12,CIP
14748220,13528298,2012-06-20,CIP
14748220,13535855,2012-06-28,CIP
14748220,13548633,2012-07-13,CIP
14748220,13554194,2012-07-20,CIP
14748220,13560447,2012-07-27,CIP
14748220,13590774,2012-08-21,CIP
14748220,13596469,2012-08-28,CIP
14748220,13596469,2012-08-28,CON
14748220,13596499,2012-08-28,CIP
14748223,13787162,2013-03-06,CON
14748226,61830570,2013-06-03,PRO
14748226,61836096,2013-06-17,PRO
14748226,PCT/US14/40772,2014-06-03,CON
14748228,62016588,2014-06-24,PRO
14748229,61745075,2012-12-21,PRO
14748229,14136468,2013-12-20,CIP
14748230,62015844,2014-06-23,PRO
14748237,62018696,2014-06-30,PRO
14748238,14130933,2014-01-06,CON
14748238,PCT/KR2012/005365,2012-07-06,NST
14748241,14176160,2014-02-10,CON
14748242,PCT/CN2015/074615,2015-03-19,CON
14748243,12996773,2011-01-04,DIV
14748243,PCT/NO2009/000216,2009-06-10,NST
14748252,62016108,2014-06-24,PRO
14748253,62017853,2014-06-27,PRO
14748260,13903013,2013-05-28,CON
14748264,14633414,2015-02-27,CON
14748265,14633404,2015-02-27,CON
14748266,62018913,2014-06-30,PRO
14748267,14602439,2015-01-22,CON
14748270,13590756,2012-08-21,DIV
14748274,PCT/JP2014/001502,2014-03-17,CON
14748278,61722766,2012-11-05,PRO
14748278,13831317,2013-03-14,CON
14748279,14349334,2014-04-03,CON
14748279,PCT/JP2013/001312,2013-03-04,NST
14748283,PCT/JP2014/064134,2014-05-28,CON
14748285,61261921,2009-11-17,PRO
14748285,12946924,2010-11-16,DIV
14748287,13055279,2011-01-21,DIV
14748287,PCT/US2009/004260,2009-07-23,NST
14748290,13320763,2012-04-25,CON
14748292,62017336,2014-06-26,PRO
14748295,14721042,2015-05-26,CON
14748298,14721457,2015-05-26,CON
14748303,60558565,2004-04-02,PRO
14748303,11092725,2005-03-30,DIV
14748303,12453965,2009-05-28,CON
14748303,13494392,2012-06-12,CON
14748304,12540836,2009-08-13,DIV
14748304,14147955,2014-01-06,DIV
14748305,14695274,2015-04-24,CON
14748306,14657232,2015-03-13,CON
14748307,14644528,2015-03-11,CON
14748310,14640317,2015-03-06,CON
14748313,14658347,2015-03-16,CON
14748316,14130746,2014-04-28,CON
14748316,PCT/FR2012/000270,2012-07-06,NST
14748317,PCT/JP2013/082049,2013-11-28,CON
14748318,14644519,2015-03-11,CON
14748319,13901868,2013-05-24,CIP
14748319,14221410,2014-03-21,CIP
14748319,14449361,2014-08-01,CIP
14748320,62016965,2014-06-25,PRO
14748321,14642894,2015-03-10,CON
14748322,13342278,2012-01-03,CON
14748323,62017464,2014-06-26,PRO
14748325,14641728,2015-03-09,CON
14748329,61784372,2013-03-14,PRO
14748329,13853501,2013-03-29,CON
14748330,62018066,2014-06-27,PRO
14748331,PCT/JP2013/073828,2013-09-04,CON
14748332,PCT/JP2013/084697,2013-12-25,CON
14748335,61818643,2013-05-02,PRO
14748335,14023865,2013-09-11,DIV
14748337,13813121,2013-04-02,CON
14748337,PCT/JP2011/067083,2011-07-27,NST
14748341,61932733,2014-01-28,PRO
14748341,14588140,2014-12-31,CIP
14748342,14228567,2014-03-28,CIP
14748345,13918530,2013-06-14,CON
14748351,13425818,2012-03-21,CON
14748351,14093108,2013-11-29,CON
14748352,62019612,2014-07-01,PRO
14748353,11689688,2007-03-22,CON
14748357,60766227,2006-01-02,PRO
14748357,11640860,2006-12-19,CON
14748357,13476846,2012-05-21,CON
14748361,61155880,2009-02-26,PRO
14748361,PCT/US10/25416,2010-02-25,NST
14748361,13202810,2011-08-23,CON
14748364,12379192,2009-02-13,CON
14748364,13246243,2011-09-27,CON
14748364,13852279,2013-03-28,CON
14748366,62016885,2014-06-25,PRO
14748367,14134920,2013-12-19,CON
14748371,62016242,2014-06-24,PRO
14748372,60833824,2006-07-27,PRO
14748372,60897173,2007-01-24,PRO
14748372,PCT/US07/14647,2007-06-22,CIP
14748372,PCT/US07/16875,2007-07-27,NST
14748372,12303256,2008-12-03,DIV
14748372,14087481,2013-11-22,DIV
14748374,14128892,2014-03-12,CIP
14748374,PCT/EP2012/062160,2012-06-22,NST
14748376,11313041,2005-12-20,CON
14748376,12897202,2010-10-04,CON
14748376,13447635,2012-04-16,CON
14748376,13775724,2013-02-25,CON
14748377,13693872,2012-12-04,CON
14748377,13776081,2013-02-25,CIP
14748378,61170150,2009-04-17,PRO
14748378,12752860,2010-04-01,CON
14748378,13569373,2012-08-08,CON
14748378,14060638,2013-10-23,CON
14748378,14737534,2015-06-12,DIV
14748379,13863705,2013-04-16,DIV
14748384,62031720,2014-07-31,PRO
14748388,62016233,2014-06-24,PRO
14748389,14124969,2013-12-09,DIV
14748389,PCT/KR2012/004494,2012-06-07,NST
14748390,60833824,2006-07-27,PRO
14748390,60897173,2007-01-24,PRO
14748390,PCT/US07/14647,2007-06-22,CIP
14748390,PCT/US07/16875,2007-07-27,NST
14748390,12303256,2008-12-03,DIV
14748390,14087481,2013-11-22,CON
14748391,62019067,2014-06-30,PRO
14748392,61222561,2009-07-02,PRO
14748392,12826795,2010-06-30,DIV
14748393,PCT/CN2014/071051,2014-01-22,CON
14748401,60786331,2006-03-27,PRO
14748401,11728949,2007-03-27,CON
14748401,14049476,2013-10-09,CON
14748403,62016729,2014-06-25,PRO
14748409,14332628,2014-07-16,CIP
14748409,62096739,2014-12-24,PRO
14748412,14194151,2014-02-28,CIP
14748415,62016677,2014-06-25,PRO
14748417,60558565,2004-04-02,PRO
14748417,11092725,2005-03-30,DIV
14748417,11992470,2008-03-24,CON
14748417,12453965,2009-05-28,CIP
14748417,13065293,2011-03-18,CON
14748417,13561447,2012-07-30,CON
14748417,PCT/IE2006/000107,2006-10-02,NST
14748418,14221488,2014-03-21,CON
14748420,PCT/JP2013/084659,2013-12-25,CON
14748421,13213125,2011-08-19,DIV
14748425,13606535,2012-09-07,CON
14748427,62017017,2014-06-25,PRO
14748428,13826752,2013-03-14,CON
14748430,61563665,2011-11-25,PRO
14748430,13684535,2012-11-25,CON
14748431,62016605,2014-06-24,PRO
14748433,13635548,2013-01-09,CON
14748433,PCT/IB2010/051190,2010-03-18,NST
14748434,61819250,2013-05-03,PRO
14748434,14264308,2014-04-29,DIV
14748435,61387038,2010-09-28,PRO
14748435,13241136,2011-09-22,CIP
14748435,14316787,2014-06-26,CON
14748439,12335114,2008-12-15,CON
14748439,13277333,2011-10-20,DIV
14748439,14457519,2014-08-12,DIV
14748442,PCT/JP2013/081177,2013-11-19,CON
14748444,14320961,2014-07-01,CON
14748448,PCT/CN2013/090273,2013-12-24,CON
14748451,13229641,2011-09-09,CIP
14748451,13448258,2012-04-16,CIP
14748451,13448267,2012-04-16,CIP
14748451,13542278,2012-07-05,CIP
14748451,13563680,2012-07-31,CON
14748451,14231347,2014-03-31,CON
14748453,13070065,2011-03-23,CON
14748454,60888762,2007-02-07,PRO
14748454,60888763,2007-02-07,PRO
14748454,11687480,2007-03-16,CIP
14748454,13082343,2011-04-07,DIV
14748456,62017492,2014-06-26,PRO
14748461,PCT/CN2012/087913,2012-12-28,CON
14748477,13732066,2012-12-31,CON
14748481,61773998,2013-03-07,PRO
14748481,14197295,2014-03-05,CIP
14748484,12524749,2009-11-05,DIV
14748484,PCT/EP2008/051147,2008-01-30,NST
14748486,13922510,2013-06-20,CON
14748490,PCT/JP2013/005724,2013-09-26,CON
14748492,14528798,2014-10-30,DIV
14748492,PCT/JP2014/050592,2014-01-15,CON
14748494,61875416,2013-09-09,PRO
14748494,14203422,2014-03-10,DIV
14748498,13817575,2013-02-19,CON
14748498,PCT/US2010/046460,2010-08-24,NST
14748500,61697644,2012-09-06,PRO
14748500,13756021,2013-01-31,CON
14748501,13837606,2013-03-15,DIV
14748507,14729170,2015-06-03,CON
14748508,14320961,2014-07-01,CON
14748512,11445367,2006-06-01,DIV
14748512,12773627,2010-05-04,REI
14748512,13211990,2011-08-17,CON
14748512,13480177,2012-05-24,CON
14748512,14548588,2014-11-20,CON
14748512,14709087,2015-05-11,CON
14748512,14709161,2015-05-11,CON
14748512,PCT/FR2004/003083,2004-12-01,CON
14748516,PCT/CN2014/071060,2014-01-22,CON
14748520,62016423,2014-06-24,PRO
14748526,PCT/JP2013/083016,2013-12-10,CON
14748527,13204763,2011-08-08,CON
14748527,14021445,2013-09-09,CON
14748528,11749276,2007-05-16,CON
14748528,12850794,2010-08-05,CON
14748528,13273567,2011-10-14,CON
14748528,13650620,2012-10-12,CON
14748528,13898681,2013-05-21,CON
14748528,14076591,2013-11-11,CON
14748528,14247474,2014-04-08,CON
14748535,62016517,2014-06-24,PRO
14748537,13896561,2013-05-17,DIV
14748538,13816048,2013-02-08,DIV
14748538,PCT/EP2011/063854,2011-08-11,NST
14748540,13712300,2012-12-12,CON
14748541,61723103,2012-11-06,PRO
14748541,13726326,2012-12-24,CIP
14748542,61621385,2012-04-06,PRO
14748542,61746069,2012-12-26,PRO
14748542,61746074,2012-12-26,PRO
14748542,61748018,2012-12-31,PRO
14748542,61792582,2013-03-15,PRO
14748542,61793952,2013-03-15,PRO
14748542,14099818,2013-12-06,CIP
14748542,14101245,2013-12-09,CIP
14748542,14101258,2013-12-09,CIP
14748542,14138040,2013-12-21,CIP
14748542,14138052,2013-12-21,CIP
14748542,14138058,2013-12-21,CIP
14748542,PCT/US2012/041739,2012-06-08,CIP
14748542,PCT/US2012/041739,2012-06-08,CON
14748542,PCT/US2012/041744,2012-06-08,CIP
14748542,PCT/US2012/041744,2012-06-08,CON
14748542,PCT/US2012/041749,2012-06-08,CIP
14748542,PCT/US2012/041749,2012-06-08,CON
14748542,PCT/US2013/077887,2013-12-26,CON
14748543,13461500,2012-05-01,CON
14748544,62017028,2014-06-25,PRO
14748552,11883785,2008-04-16,CIP
14748552,13101476,2011-05-05,CON
14748552,PCT/AU2006/000163,2006-02-28,NST
14748554,14320961,2014-07-01,CON
14748564,61134363,2008-07-09,PRO
14748564,12499122,2009-07-08,CON
14748564,13613049,2012-09-13,CON
14748565,13756116,2013-01-31,CON
14748567,62018160,2014-06-27,PRO
14748568,13948907,2013-07-23,CON
14748570,14292558,2014-05-30,CON
14748577,62019419,2014-06-30,PRO
14748578,62016844,2014-06-25,PRO
14748579,61451395,2011-03-10,PRO
14748579,13416494,2012-03-09,DIV
14748580,14669707,2015-03-26,CON
14748581,14677109,2015-04-02,CON
14748582,12809867,2010-09-30,CON
14748582,13790760,2013-03-08,CON
14748582,13957776,2013-08-02,CON
14748582,PCT/GB08/04231,2008-12-22,NST
14748588,14657508,2015-03-13,CON
14748590,13870412,2013-04-25,DIV
14748592,62016316,2014-06-24,PRO
14748597,14643316,2015-03-10,CON
14748598,12957610,2010-12-01,DIV
14748599,61606170,2012-03-02,PRO
14748599,13784009,2013-03-04,DIV
14748602,12163087,2008-06-27,CIP
14748602,12489566,2009-06-23,DIV
14748605,12444521,2010-02-04,CON
14748605,14099432,2013-12-06,CON
14748605,PCT/US2007/080831,2007-10-09,NST
14748608,61451395,2011-03-10,PRO
14748608,13416494,2012-03-09,DIV
14748609,12444521,2010-02-04,CON
14748609,14099432,2013-12-06,CON
14748609,PCT/US2007/080831,2007-10-09,NST
14748610,61054516,2008-05-20,PRO
14748610,12469671,2009-05-20,CIP
14748610,13648515,2012-10-10,CIP
14748610,13864310,2013-04-17,CIP
14748613,12444521,2010-02-04,CON
14748613,14099432,2013-12-06,CON
14748613,PCT/US2007/080831,2007-10-09,NST
14748614,12444521,2010-02-04,CON
14748614,14099432,2013-12-06,CON
14748614,PCT/US2007/080831,2007-10-09,NST
14748615,PCT/JP2014/052029,2014-01-30,CON
14748617,12444521,2010-02-04,CON
14748617,14099432,2013-12-06,CON
14748617,PCT/US2007/080831,2007-10-09,NST
14748618,PCT/CN2013/088002,2013-11-28,CON
14748621,12444521,2010-02-04,CON
14748621,14099432,2013-12-06,CON
14748621,PCT/US2007/080831,2007-10-09,NST
14748623,PCT/JP2014/051455,2014-01-24,CON
14748631,61008678,2007-12-21,PRO
14748631,12317253,2008-12-19,CON
14748631,13608349,2012-09-10,CON
14748634,61451395,2011-03-10,PRO
14748634,13416494,2012-03-09,CON
14748635,62018265,2014-06-27,PRO
14748639,62016178,2014-06-24,PRO
14748642,62016457,2014-06-24,PRO
14748644,PCT/CN2014/084608,2014-08-18,NST
14748647,10839805,2004-05-04,CON
14748647,11972771,2008-01-11,CON
14748647,13246421,2011-09-27,CON
14748647,13873363,2013-04-30,CON
14748647,14272862,2014-05-08,CON
14748649,13756116,2013-01-31,CIP
14748649,13844773,2013-03-15,CON
14748651,62016612,2014-06-24,PRO
14748653,62016833,2014-06-25,PRO
14748654,14720666,2015-05-22,CON
14748659,62016770,2014-06-25,PRO
14748661,62016247,2014-06-24,PRO
14748662,62018159,2014-06-27,PRO
14748666,13440297,2012-04-05,CIP
14748666,14250166,2014-04-10,CIP
14748667,13510759,2012-07-30,CON
14748667,PCT/EP2010/007030,2010-11-19,NST
14748668,13791458,2013-03-08,CON
14748669,13343265,2012-01-04,CON
14748671,13873518,2013-04-30,CON
14748678,13605776,2012-09-06,DIV
14748679,61501800,2011-06-28,PRO
14748679,PCT/US12/43233,2012-06-20,NST
14748679,14125668,2013-12-12,DIV
14748684,14059262,2013-10-21,CON
14748686,13926408,2013-06-25,CON
14748688,62019681,2014-07-01,PRO
14748689,61683026,2012-08-14,PRO
14748689,13966483,2013-08-14,CIP
14748691,13300930,2011-11-21,CON
14748691,13901169,2013-05-23,CON
14748691,14333200,2014-07-16,CON
14748693,13736494,2013-01-08,DIV
14748696,PCT/JP2014/052698,2014-02-05,CON
14748699,62016732,2014-06-25,PRO
14748700,12665046,2010-09-15,REI
14748700,PCT/IB08/52504,2008-06-24,NST
14748701,PCT/CN2014/071079,2014-01-22,CON
14748702,61978231,2014-04-11,PRO
14748702,14627345,2015-02-20,CON
14748705,61452040,2011-03-11,PRO
14748705,13416952,2012-03-09,CON
14748711,14091578,2013-11-27,CON
14748713,PCT/JP2013/006912,2013-11-25,CON
14748714,61674635,2012-07-23,PRO
14748714,13948842,2013-07-23,DIV
14748716,13825826,2013-03-25,DIV
14748716,PCT/EP2010/006518,2010-10-26,NST
14748718,61798286,2013-03-15,PRO
14748718,14211608,2014-03-14,CON
14748720,13353008,2012-01-18,DIV
14748721,60784276,2006-03-20,PRO
14748721,11687818,2007-03-19,CON
14748721,13440319,2012-04-05,CON
14748725,13994973,2013-06-17,DIV
14748725,PCT/EP2011/006458,2011-12-21,NST
14748726,13010443,2011-01-20,CIP
14748726,13025729,2011-02-11,CON
14748726,14013611,2013-08-29,DIV
14748727,PCT/CN2012/087581,2012-12-26,CON
14748730,12703808,2010-02-11,CON
14748730,14108868,2013-12-17,CON
14748732,11994046,2007-12-27,CON
14748732,13965909,2013-08-13,CON
14748732,PCT/JP2006/311260,2006-06-06,NST
14748733,13994973,2013-06-17,CON
14748733,PCT/EP2011/006458,2011-12-21,NST
14748738,62018182,2014-06-27,PRO
14748738,62105011,2015-01-19,PRO
14748738,62160930,2015-05-13,PRO
14748739,13262795,2011-10-21,CON
14748739,14170923,2014-02-03,CON
14748739,PCT/EP2010/054550,2010-04-06,NST
14748741,12613635,2009-11-06,CON
14748741,14277093,2014-05-14,CON
14748743,62018182,2014-06-27,PRO
14748743,62105011,2015-01-19,PRO
14748743,62160930,2015-05-13,PRO
14748745,62018182,2014-06-27,PRO
14748745,62105011,2015-01-19,PRO
14748745,62160930,2015-05-13,PRO
14748747,13273002,2011-10-13,CON
14748749,62018182,2014-06-27,PRO
14748749,62105011,2015-01-19,PRO
14748749,62160930,2015-05-13,PRO
14748753,62018192,2014-06-27,PRO
14748753,62105022,2015-01-19,PRO
14748755,61408993,2010-11-01,PRO
14748755,13286554,2011-11-01,CON
14748755,13477761,2012-05-22,CON
14748762,14466287,2014-08-22,CON
14748762,PCT/CN2013/080960,2013-08-07,CON
14748765,62016190,2014-06-24,PRO
14748766,62016448,2014-06-24,PRO
14748767,61406587,2010-10-26,PRO
14748767,13282197,2011-10-26,CIP
14748767,13892973,2013-05-13,CON
14748768,62017433,2014-06-26,PRO
14748769,62032201,2014-08-01,PRO
14748771,61820439,2013-05-07,PRO
14748771,61833572,2013-06-11,PRO
14748771,PCT/US14/37144,2014-05-07,CON
14748771,14304655,2014-06-13,CON
14748772,61357526,2010-06-22,PRO
14748772,13164464,2011-06-20,DIV
14748772,14447058,2014-07-30,CON
14748781,14012116,2013-08-28,CON
14748783,62016307,2014-06-24,PRO
14748784,62018314,2014-06-27,PRO
14748790,PCT/CN2012/087904,2012-12-28,CON
14748792,60409312,2002-09-09,PRO
14748792,60461752,2003-04-10,PRO
14748792,10639036,2003-08-12,CON
14748792,12143128,2008-06-20,CON
14748792,13448495,2012-04-17,CON
14748792,14154885,2014-01-14,CON
14748793,61609718,2012-03-12,PRO
14748793,13789474,2013-03-07,CIP
14748794,09522940,2000-03-10,CON
14748794,09928332,2001-08-14,CON
14748794,11928920,2007-10-30,CON
14748794,13936316,2013-07-08,CON
14748796,61241420,2009-09-11,PRO
14748796,12881119,2010-09-13,CON
14748800,14423846,2015-02-25,DIV
14748800,PCT/JP2014/050607,2014-01-07,NST
14748806,62018098,2014-06-27,PRO
14748808,61776953,2013-03-12,PRO
14748808,13933743,2013-07-02,CON
14748808,14585912,2014-12-30,CIP
14748809,13231643,2011-09-13,REI
14748810,13037856,2011-03-01,CON
14748810,13715654,2012-12-14,CIP
14748811,13675297,2012-11-13,DIV
14748813,13978477,2013-09-14,CON
14748813,PCT/US2012/047231,2012-07-18,NST
14748815,62026976,2014-07-21,PRO
14748817,62020246,2014-07-02,PRO
14748817,62173808,2015-06-10,PRO
14748819,62018182,2014-06-27,PRO
14748819,62105011,2015-01-19,PRO
14748819,62164135,2015-05-20,PRO
14748820,62024623,2014-07-15,PRO
14748821,62016846,2014-06-25,PRO
14748823,62016772,2014-06-25,PRO
14748824,61688244,2012-05-09,PRO
14748824,13888836,2013-05-07,CON
14748825,62018143,2014-06-27,PRO
14748825,62109204,2015-01-29,PRO
14748829,62016846,2014-06-25,PRO
14748830,61761845,2013-02-07,PRO
14748830,61810002,2013-04-09,PRO
14748830,14175089,2014-02-07,DIV
14748830,14492312,2014-09-22,DIV
14748831,61861281,2013-08-01,PRO
14748831,61867872,2013-08-20,PRO
14748831,61885898,2013-10-02,PRO
14748831,61903239,2013-11-12,PRO
14748831,14459012,2014-08-13,CON
14748831,PCT/US2014/049388,2014-08-01,CIP
14748834,PCT/JP2012/008266,2012-12-25,CON
14748837,14598655,2015-01-16,CON
14748839,62016426,2014-06-24,PRO
14748841,62018182,2014-06-27,PRO
14748841,62018192,2014-06-27,PRO
14748841,62018222,2014-06-27,PRO
14748841,62105011,2015-01-19,PRO
14748841,62105017,2015-01-19,PRO
14748841,62105022,2015-01-19,PRO
14748841,62164135,2015-05-20,PRO
14748846,12601970,2009-11-25,DIV
14748846,PCT/US2008/006554,2008-05-22,NST
14748847,62016622,2014-06-24,PRO
14748848,61385341,2010-09-22,PRO
14748848,13238824,2011-09-21,CON
14748850,14598655,2015-01-16,CON
14748854,PCT/JP2013/084755,2013-12-25,CON
14748856,12621310,2009-11-18,DIV
14748859,61772915,2013-03-05,PRO
14748859,14197911,2014-03-05,CON
14748861,PCT/CN2012/087888,2012-12-28,CON
14748862,62016406,2014-06-24,PRO
14748864,12747968,2010-06-14,DIV
14748864,13889204,2013-05-07,DIV
14748864,PCT/EP2008/010748,2008-12-17,NST
14748865,62018182,2014-06-27,PRO
14748865,62105011,2015-01-19,PRO
14748865,62164135,2015-05-20,PRO
14748867,14598655,2015-01-16,CON
14748870,62020246,2014-07-02,PRO
14748870,62173808,2015-06-10,PRO
14748872,13732598,2013-01-02,DIV
14748873,61746069,2012-12-26,PRO
14748873,61746074,2012-12-26,PRO
14748873,61748018,2012-12-31,PRO
14748873,61792582,2013-03-15,PRO
14748873,61793952,2013-03-15,PRO
14748873,14099818,2013-12-06,CIP
14748873,14101245,2013-12-09,CIP
14748873,14101258,2013-12-09,CIP
14748873,14138040,2013-12-21,CIP
14748873,14138052,2013-12-21,CIP
14748873,14138058,2013-12-21,CIP
14748873,PCT/US2012/041739,2012-06-08,CON
14748873,PCT/US2012/041744,2012-06-08,CON
14748873,PCT/US2012/041749,2012-06-08,CON
14748873,PCT/US2013/077681,2013-12-24,CON
14748874,62016397,2014-06-24,PRO
14748877,13110327,2011-05-18,CON
14748877,13757087,2013-02-01,CIP
14748877,14062010,2013-10-24,DIV
14748877,14518654,2014-10-20,CIP
14748880,14320961,2014-07-01,CON
14748884,62018182,2014-06-27,PRO
14748884,62105011,2015-01-19,PRO
14748884,62164135,2015-05-20,PRO
14748885,12227862,2008-12-01,DIV
14748885,13678724,2012-11-16,DIV
14748885,PCT/EP2007/004127,2007-05-10,NST
14748886,62016304,2014-06-24,PRO
14748889,PCT/JP2013/084490,2013-12-24,CIP
14748893,14025929,2013-09-13,DIV
14748894,13265898,2011-10-24,DIV
14748894,PCT/EP2010/055479,2010-04-23,NST
14748895,PCT/JP2013/085137,2013-12-27,CON
14748900,13717849,2012-12-18,DIV
14748903,13695880,2012-11-02,CIP
14748903,PCT/SE2011/050955,2011-07-19,NST
14748905,12446226,2009-04-17,DIV
14748905,PCT/EP2007/009106,2007-10-19,NST
14748906,62016396,2014-06-24,PRO
14748907,13784072,2013-03-04,DIV
14748908,62007820,2014-06-04,PRO
14748908,14622801,2015-02-13,CON
14748913,62016444,2014-06-24,PRO
14748917,60675309,2005-04-27,PRO
14748917,60737466,2005-11-15,PRO
14748917,11380124,2006-04-25,DIV
14748917,12419854,2009-04-07,DIV
14748917,14455660,2014-08-08,DIV
14748918,13077223,2011-03-31,CON
14748921,PCT/CN2014/071093,2014-01-22,CON
14748924,62020246,2014-07-02,PRO
14748924,62173808,2015-06-10,PRO
14748925,13996989,2013-08-21,DIV
14748925,PCT/DK2011/000154,2011-12-22,NST
14748927,PCT/JP2014/050058,2014-01-07,CON
14748930,60135848,1999-05-24,PRO
14748930,09576555,2000-05-24,CON
14748930,10365644,2003-02-13,CON
14748930,13152907,2011-06-03,CON
14748930,13964036,2013-08-09,CON
14748931,13649249,2012-10-11,CON
14748933,13175405,2011-07-01,CON
14748934,62018244,2014-06-27,PRO
14748934,62075470,2014-11-05,PRO
14748934,62105413,2015-01-20,PRO
14748936,61240578,2009-09-08,PRO
14748936,61359265,2010-06-28,PRO
14748936,12876840,2010-09-07,CON
14748936,14088844,2013-11-25,CON
14748936,14739976,2015-06-15,CON
14748938,13877778,2013-06-19,CON
14748938,PCT/EP2011/004950,2011-10-05,NST
14748942,61240578,2009-09-08,PRO
14748942,61359265,2010-06-28,PRO
14748942,12876840,2010-09-07,CON
14748942,14088844,2013-11-25,CON
14748942,14739976,2015-06-15,CON
14748945,14228287,2014-03-28,CON
14748949,13149191,2011-05-31,CON
14748949,13743923,2013-01-17,CON
14748950,62016127,2014-06-24,PRO
14748953,13356267,2012-01-23,DIV
14748955,13578520,2012-08-10,DIV
14748955,PCT/EP2011/000550,2011-02-07,NST
14748956,62020246,2014-07-02,PRO
14748956,62173808,2015-06-10,PRO
14748957,11972484,2008-01-10,CON
14748957,14264639,2014-04-29,CON
14748958,62017319,2014-06-26,PRO
14748960,13926301,2013-06-25,CON
14748962,14325928,2014-07-08,CIP
14748964,13111836,2011-05-19,CON
14748965,62016138,2014-06-24,PRO
14748974,62026033,2014-07-18,PRO
14748977,62016310,2014-06-24,PRO
14748978,PCT/IB2013/061429,2013-12-31,CON
14748981,PCT/CN2012/087709,2012-12-27,NST
14748984,14320961,2014-07-01,CON
14748985,12988190,2010-10-15,DIV
14748985,PCT/EP2009/054484,2009-04-16,NST
14748987,13684750,2012-11-26,CON
14748987,14150055,2014-01-08,CON
14748990,62017112,2014-06-25,PRO
14748992,62018986,2014-06-30,PRO
14748995,13334871,2011-12-22,CON
14748997,62016804,2014-06-25,PRO
14748998,62017533,2014-06-26,PRO
14748999,13697503,2012-11-12,CON
14748999,PCT/MY2011/000044,2011-05-13,NST
14749001,62017133,2014-06-25,PRO
14749002,62020246,2014-07-02,PRO
14749002,62173808,2015-06-10,PRO
14749004,61987705,2014-05-02,PRO
14749004,14701595,2015-05-01,CON
14749006,14155872,2014-01-15,CON
14749007,62023787,2014-07-11,PRO
14749007,PCT/US2015/015279,2015-02-10,CIP
14749007,PCT/US2015/032311,2015-05-22,CIP
14749017,13621658,2012-09-17,CON
14749019,61392738,2010-10-13,PRO
14749019,13249322,2011-09-30,DIV
14749022,62016752,2014-06-25,PRO
14749026,11922321,2009-02-18,DIV
14749026,PCT/JP2006/312555,2006-06-16,NST
14749027,62016512,2014-06-24,PRO
14749030,62018130,2014-06-27,PRO
14749033,13621658,2012-09-17,CON
14749035,13172273,2011-06-29,CON
14749036,13356267,2012-01-23,DIV
14749044,62016975,2014-06-25,PRO
14749049,14621890,2015-02-13,CON
14749050,62020246,2014-07-02,PRO
14749050,62173808,2015-06-10,PRO
14749052,13038315,2011-03-01,DIV
14749053,14008014,2013-09-27,CON
14749053,PCT/KR2012/002202,2012-03-27,NST
14749055,62017430,2014-06-26,PRO
14749056,61587278,2012-01-17,PRO
14749056,13741925,2013-01-15,CON
14749058,61374950,2010-08-18,PRO
14749058,13212360,2011-08-18,CON
14749059,62018973,2014-06-30,PRO
14749061,10822251,2004-04-09,CIP
14749061,11100712,2005-04-07,CON
14749062,62016946,2014-06-25,PRO
14749068,11756594,2007-05-31,DIV
14749068,14141285,2013-12-26,DIV
14749069,13480143,2012-05-24,DIV
14749069,14541816,2014-11-14,DIV
14749070,61500111,2011-06-22,PRO
14749070,61620686,2012-04-05,PRO
14749070,13531464,2012-06-22,DIV
14749072,13337030,2011-12-23,CON
14749080,62016751,2014-06-25,PRO
14749081,62018350,2014-06-27,PRO
14749082,62016624,2014-06-24,PRO
14749082,62054870,2014-09-24,PRO
14749088,62020246,2014-07-02,PRO
14749088,62173808,2015-06-10,PRO
14749093,62017122,2014-06-25,PRO
14749095,60814153,2006-06-16,PRO
14749095,11818354,2007-06-13,CON
14749095,13967696,2013-08-15,CON
14749099,13464034,2012-05-04,DIV
14749100,62016617,2014-06-24,PRO
14749103,PCT/JP2013/007613,2013-12-26,CON
14749104,14320961,2014-07-01,CON
14749107,61305392,2010-02-17,PRO
14749107,12894907,2010-09-30,CON
14749111,61138591,2008-12-18,PRO
14749111,12641894,2009-12-18,CON
14749111,13728903,2012-12-27,CON
14749111,14278771,2014-05-15,CON
14749112,13810419,2013-01-16,DIV
14749112,PCT/KR2011/005193,2011-07-14,NST
14749113,62020632,2014-07-03,PRO
14749114,14652942,2015-06-17,CON
14749114,PCT/JP2014/052363,2014-01-27,NST
14749119,62016523,2014-06-24,PRO
14749122,62016317,2014-06-24,PRO
14749122,62017535,2014-06-26,PRO
14749125,PCT/JP2014/050163,2014-01-08,CON
14749126,13990010,2013-05-28,DIV
14749126,PCT/JP2011/077778,2011-12-01,NST
14749128,PCT/JP2013/079430,2013-10-30,CON
14749129,PCT/CN2013/086638,2013-11-06,CON
14749130,62018516,2014-06-27,PRO
14749131,14260416,2014-04-24,CON
14749131,PCT/KR2013/007844,2013-08-30,CON
14749132,14168062,2014-01-30,CON
14749133,13600540,2012-08-31,CON
14749138,62018349,2014-06-27,PRO
14749142,13486524,2012-06-01,DIV
14749144,62016461,2014-06-24,PRO
14749150,11848373,2007-08-31,CON
14749150,13480865,2012-05-25,CON
14749150,13943377,2013-07-16,CON
14749151,14262651,2014-04-25,CON
14749155,13242013,2011-09-23,CON
14749159,62017587,2014-06-26,PRO
14749162,13536274,2012-06-28,CON
14749163,62018389,2014-06-27,PRO
14749171,14075034,2013-11-08,DIV
14749172,61450110,2011-03-07,PRO
14749172,13413195,2012-03-06,CON
14749176,60655827,2005-02-23,PRO
14749176,60676053,2005-04-29,PRO
14749176,11218690,2005-09-02,CIP
14749176,11251035,2005-10-14,CIP
14749176,60751909,2005-12-19,PRO
14749176,11326900,2006-01-06,CIP
14749176,60776367,2006-02-24,PRO
14749176,11361294,2006-02-23,CIP
14749176,11643042,2006-12-19,CIP
14749176,60881757,2007-01-19,PRO
14749176,11811842,2007-06-12,CIP
14749176,12652477,2010-01-05,CIP
14749176,61300735,2010-02-02,PRO
14749176,13019215,2011-02-01,CON
14749178,60650225,2005-02-03,PRO
14749178,11347562,2006-02-03,CON
14749178,13158137,2011-06-10,CON
14749178,13526375,2012-06-18,DIV
14749178,13647873,2012-10-09,CON
14749180,11977884,2007-10-26,CON
14749180,13439622,2012-04-04,CON
14749180,13802429,2013-03-13,CON
14749180,14293675,2014-06-02,CON
14749181,12494951,2009-06-30,DIV
14749184,13536708,2012-06-28,CON
14749185,62037221,2014-08-14,PRO
14749186,PCT/KR2013/012128,2013-12-24,CON
14749188,13454136,2012-04-24,DIV
14749191,PCT/US12/31475,2012-03-30,NST
14749191,14389360,,CON
14749192,62017058,2014-06-25,PRO
14749195,61154866,2009-02-24,PRO
14749195,12707276,2010-02-17,CON
14749195,14215856,2014-03-17,CON
14749201,61901553,2013-11-08,PRO
14749201,14534941,2014-11-06,CON
14749204,12508503,2009-07-23,DIV
14749204,13412489,2012-03-05,CON
14749205,61276842,2009-09-17,PRO
14749205,PCT/US10/02514,2010-09-16,NST
14749205,13497026,2012-07-23,CON
14749211,61554360,2011-11-01,PRO
14749211,13525832,2012-06-18,CON
14749213,61324245,2010-04-14,PRO
14749213,13087022,2011-04-14,CON
14749218,62017719,2014-06-26,PRO
14749221,62017595,2014-06-26,PRO
14749222,62018471,2014-06-27,PRO
14749223,62016293,2014-06-24,PRO
14749226,62016500,2014-06-24,PRO
14749228,61651981,2012-05-25,PRO
14749228,13489325,2012-06-05,CON
14749228,13783129,2013-03-01,CON
14749230,14075034,2013-11-08,DIV
14749231,62018411,2014-06-27,PRO
14749232,62016439,2014-06-24,PRO
14749232,62158301,2015-05-07,PRO
14749233,62017486,2014-06-26,PRO
14749242,13410392,2012-03-02,CON
14749242,13962651,2013-08-08,DIV
14749245,13954289,2013-07-30,DIV
14749249,PCT/CN2013/082016,2013-08-22,CON
14749251,PCT/CN2013/087060,2013-11-13,CON
14749252,62032751,2014-08-04,PRO
14749253,13796556,2013-03-12,CON
14749256,12942478,2010-11-09,CIP
14749256,12961993,2010-12-07,CON
14749256,13684766,2012-11-26,CON
14749257,61545895,2011-10-11,PRO
14749257,61545922,2011-10-11,PRO
14749257,61598499,2012-02-14,PRO
14749257,61640389,2012-04-30,PRO
14749257,13648998,2012-10-10,CON
14749258,60879333,2007-01-09,PRO
14749258,11778267,2007-07-16,CON
14749261,PCT/CN2012/087445,2012-12-25,CON
14749262,62018467,2014-06-27,PRO
14749263,13091922,2011-04-21,CON
14749263,14330728,2014-07-14,CON
14749264,13955827,2013-07-31,CON
14749265,62016213,2014-06-24,PRO
14749268,62016656,2014-06-25,PRO
14749268,62026048,2014-07-18,PRO
14749269,62021939,2014-07-08,PRO
14749270,PCT/CN2012/087796,2012-12-28,CON
14749274,61625929,2012-04-18,PRO
14749274,13795926,2013-03-12,DIV
14749278,PCT/CN2013/088013,2013-11-28,CON
14749280,12047923,2008-03-13,CON
14749282,10571845,2006-03-15,DIV
14749282,13160205,2011-06-14,CON
14749282,13786808,2013-03-06,CON
14749282,14339987,2014-07-24,CON
14749282,PCT/JP04/13647,2004-09-17,NST
14749283,13619008,2012-09-14,CON
14749284,60896096,2007-03-21,PRO
14749284,PCT/US08/57821,2008-03-21,NST
14749284,12297665,2010-04-22,CON
14749284,14056618,2013-10-17,CON
14749284,14625426,2015-02-18,CON
14749287,13199402,2011-08-26,CON
14749288,62016593,2014-06-24,PRO
14749289,13322537,2011-11-25,DIV
14749289,PCT/JP2010/059049,2010-05-27,NST
14749296,62018712,2014-06-30,PRO
14749297,62041528,2014-08-25,PRO
14749300,61021897,2008-01-18,PRO
14749300,12357262,2009-01-21,DIV
14749300,12938351,2010-11-02,CON
14749300,14547060,2014-11-18,CON
14749302,62020791,2014-07-03,PRO
14749304,61926068,2014-01-10,PRO
14749304,62016918,2014-06-25,PRO
14749304,14592723,2015-01-08,CIP
14749306,62016278,2014-06-24,PRO
14749307,62016602,2014-06-24,PRO
14749308,PCT/JP2013/080380,2013-11-11,CON
14749314,PCT/CN2013/090402,2013-12-25,CON
14749315,61670412,2012-07-11,PRO
14749315,61707274,2012-09-28,PRO
14749315,13937673,2013-07-09,CON
14749317,62018433,2014-06-27,PRO
14749318,61219549,2009-06-23,PRO
14749318,12821976,2010-06-23,CON
14749318,14094434,2013-12-02,DIV
14749319,62016521,2014-06-24,PRO
14749319,62114863,2015-02-11,PRO
14749323,60631397,2004-11-29,PRO
14749323,11288959,2005-11-29,CIP
14749323,11531339,2006-09-13,CIP
14749323,12399749,2009-03-06,CON
14749323,13849261,2013-03-22,CON
14749325,09589725,2000-06-08,CIP
14749325,10010108,2001-11-30,CIP
14749325,10137608,2002-05-01,CON
14749325,11419399,2006-05-19,CON
14749325,12766439,2010-04-23,CON
14749325,13630370,2012-09-28,CON
14749325,13962617,2013-08-08,CON
14749327,62018331,2014-06-27,PRO
14749332,13543019,2012-07-06,CON
14749332,14486545,2014-09-15,CON
14749334,62017727,2014-06-26,PRO
14749337,13782821,2013-03-01,CON
14749339,14062884,2013-10-24,CON
14749341,62017089,2014-06-25,PRO
14749341,62053598,2014-09-22,PRO
14749341,62117316,2015-02-17,PRO
14749344,62016582,2014-06-24,PRO
14749347,62017585,2014-06-26,PRO
14749351,62017089,2014-06-25,PRO
14749351,62053598,2014-09-22,PRO
14749351,62117316,2015-02-17,PRO
14749352,14625016,2015-02-18,CON
14749353,62016598,2014-06-24,PRO
14749359,62017089,2014-06-25,PRO
14749359,62053598,2014-09-22,PRO
14749359,62117316,2015-02-17,PRO
14749361,12415967,2009-03-31,CON
14749364,12162589,2008-11-17,CON
14749364,14141323,2013-12-26,CON
14749364,PCT/EP2007/000648,2007-01-25,NST
14749365,62018443,2014-06-27,PRO
14749366,62017184,2014-06-25,PRO
14749367,62016336,2014-06-24,PRO
14749368,62016259,2014-06-24,PRO
14749368,62016262,2014-06-24,PRO
14749368,62016280,2014-06-24,PRO
14749368,62016451,2014-06-24,PRO
14749368,62016456,2014-06-24,PRO
14749368,62016466,2014-06-24,PRO
14749369,62018257,2014-06-27,PRO
14749371,13696872,2012-11-08,CON
14749371,PCT/CA2011/050289,2011-05-10,NST
14749372,62016842,2014-06-25,PRO
14749374,10592250,2007-07-02,CON
14749374,13244103,2011-09-23,REI
14749374,PCT/GB2004/003835,2004-09-07,NST
14749375,62017651,2014-06-26,PRO
14749376,14236577,2014-05-23,CON
14749376,PCT/US2012/049062,2012-07-31,NST
14749377,13356359,2012-01-23,CIP
14749377,13655056,2012-10-18,DIV
14749380,13352820,2012-01-18,REI
14749381,PCT/US2013/077970,2013-12-27,CON
14749386,61752826,2013-01-15,PRO
14749386,61830600,2013-06-03,PRO
14749386,14029760,2013-09-17,CON
14749389,14674574,2015-03-31,CON
14749392,61375653,2010-08-20,PRO
14749392,61375660,2010-08-20,PRO
14749392,13026656,2011-02-14,CIP
14749392,13026752,2011-02-14,CIP
14749392,61609353,2012-03-11,PRO
14749392,13471704,2012-05-15,CIP
14749392,61668031,2012-07-05,PRO
14749392,61684800,2012-08-19,PRO
14749392,61728240,2012-11-20,PRO
14749392,13842824,2013-03-15,CON
14749394,PCT/EP2013/077372,2013-12-19,CON
14749398,62037505,2014-08-14,PRO
14749399,61488371,2011-05-20,PRO
14749399,13475816,2012-05-18,CON
14749405,12174500,2008-07-16,CON
14749407,61505658,2011-07-08,PRO
14749407,13544330,2012-07-09,CON
14749408,14238450,2014-03-27,DIV
14749408,PCT/EP2012/063789,2012-07-13,NST
14749409,12725371,2010-03-16,CON
14749411,13293832,2011-11-10,CON
14749412,61604693,2012-02-29,PRO
14749412,13556461,2012-07-24,CON
14749412,13940115,2013-07-11,CIP
14749412,14538743,2014-11-11,CIP
14749415,13642954,2012-10-23,CON
14749415,PCT/KR2011/002882,2011-04-21,NST
14749417,62031729,2014-07-31,PRO
14749418,60631397,2004-11-29,PRO
14749418,11288959,2005-11-29,CIP
14749418,11531339,2006-09-13,CIP
14749418,12399749,2009-03-06,CIP
14749418,61424566,2010-12-17,PRO
14749418,13329141,2011-12-16,DIV
14749418,14585592,2014-12-30,DIV
14749419,12852453,2010-08-07,CON
14749419,14040034,2013-09-27,CON
14749422,13626818,2012-09-25,CON
14749428,13368988,2012-02-08,DIV
14749430,62016967,2014-06-25,PRO
14749434,62017179,2014-06-25,CON
14749435,PCT/CN2013/090500,2013-12-26,CON
14749437,62019835,2014-07-01,PRO
14749441,62017696,2014-06-26,PRO
14749448,60995676,2007-09-26,PRO
14749448,12238354,2008-09-25,DIV
14749448,13928147,2013-06-26,DIV
14749454,14103503,2013-12-11,CON
14749455,62019874,2014-07-01,PRO
14749455,62019879,2014-07-01,PRO
14749455,62130439,2015-03-09,PRO
14749456,PCT/JP2013/084547,2013-12-24,CON
14749461,62016425,2014-06-24,PRO
14749462,62016590,2014-06-24,PRO
14749465,14074615,2013-11-07,CON
14749466,62016554,2014-06-24,PRO
14749467,62016431,2014-06-24,PRO
14749467,62069462,2014-10-28,PRO
14749467,62103231,2015-01-14,PRO
14749467,62103233,2015-01-14,PRO
14749469,11833065,2007-08-02,CON
14749469,13013681,2011-01-25,CON
14749469,13779430,2013-02-27,CON
14749469,13779443,2013-02-27,CON
14749474,62027595,2014-07-22,PRO
14749474,62042013,2014-08-26,PRO
14749477,13892161,2013-05-10,CON
14749481,10547430,2005-12-01,CON
14749481,13590095,2012-08-20,CON
14749481,PCT/GB04/00808,2004-02-27,NST
14749484,62018391,2014-06-27,PRO
14749486,14138665,2013-12-23,CIP
14749487,61692138,2012-08-22,PRO
14749487,13973847,2013-08-22,DIV
14749489,12833115,2010-07-09,DIV
14749490,13779720,2013-02-27,DIV
14749491,62017069,2014-06-25,PRO
14749491,62057765,2014-09-30,PRO
14749492,62017424,2014-06-26,PRO
14749494,62016563,2014-06-24,PRO
14749496,62017810,2014-06-26,PRO
14749497,13841651,2013-03-15,DIV
14749504,61468334,2011-03-28,PRO
14749504,13431592,2012-03-27,CON
14749506,61726502,2012-11-14,PRO
14749506,61793638,2013-03-15,PRO
14749506,61805852,2013-03-27,PRO
14749506,14079497,2013-11-13,DIV
14749507,61809629,2013-04-08,PRO
14749507,61809636,2013-04-08,PRO
14749507,61809646,2013-04-08,PRO
14749507,61820992,2013-05-08,PRO
14749507,61821001,2013-05-08,PRO
14749507,61821014,2013-05-08,PRO
14749507,61829985,2013-05-31,PRO
14749507,61864335,2013-08-09,PRO
14749507,61895880,2013-10-25,PRO
14749507,61934640,2014-01-31,PRO
14749507,61934647,2014-01-31,PRO
14749507,61939185,2014-02-12,PRO
14749507,61945005,2014-02-26,PRO
14749507,61947950,2014-03-04,PRO
14749507,14248288,2014-04-08,CIP
14749507,62016585,2014-06-24,PRO
14749507,62025378,2014-07-16,PRO
14749507,62043357,2014-08-28,PRO
14749507,62127651,2015-03-03,PRO
14749507,62142398,2015-04-02,PRO
14749507,62149438,2015-04-17,PRO
14749507,62150207,2015-04-20,PRO
14749507,62154978,2015-04-30,PRO
14749508,14295265,2014-06-03,CIP
14749508,14492465,2014-09-22,CIP
14749510,62016533,2014-06-24,PRO
14749513,62016475,2014-06-24,PRO
14749514,60566896,2004-04-30,PRO
14749514,11119599,2005-05-02,DIV
14749514,12648533,2009-12-29,DIV
14749517,13130467,2011-05-20,DIV
14749517,PCT/CH2009/000370,2009-11-19,NST
14749522,61916070,2013-12-13,PRO
14749522,14523804,2014-10-24,CIP
14749524,12557962,2009-09-11,CON
14749524,14600973,2015-01-20,DIV
14749526,62017120,2014-06-25,PRO
14749527,62017742,2014-06-26,PRO
14749532,62017139,2014-06-25,PRO
14749533,62017742,2014-06-26,PRO
14749534,62017120,2014-06-25,PRO
14749536,13342824,2012-01-03,DIV
14749536,13946225,2013-07-19,CON
14749539,61800088,2013-03-15,PRO
14749539,14214467,2014-03-14,CON
14749544,62017120,2014-06-25,PRO
14749549,62017197,2014-06-25,PRO
14749553,14042082,2013-09-30,CIP
14749555,12635614,2009-12-10,CON
14749555,14021349,2013-09-09,CON
14749555,14097145,2013-12-04,CON
14749555,14623744,2015-02-17,CON
14749556,11853975,2007-09-12,CON
14749556,13228080,2011-09-08,CON
14749556,13795662,2013-03-12,CON
14749556,14512639,2014-10-13,CON
14749561,62017120,2014-06-25,PRO
14749562,62017786,2014-06-26,PRO
14749562,62027198,2014-07-21,PRO
14749564,62017264,2014-06-26,PRO
14749564,62111402,2015-02-03,PRO
14749565,PCT/US2015/015945,2015-02-13,CON
14749567,62016615,2014-06-24,PRO
14749568,61998306,2014-06-24,PRO
14749570,62016755,2014-06-25,PRO
14749573,62016556,2014-06-24,PRO
14749577,62017238,2014-06-25,PRO
14749579,PCT/CN2013/084463,2013-09-27,CON
14749590,60793680,2006-04-20,PRO
14749590,11788694,2007-04-20,CIP
14749590,12288417,2008-10-20,CIP
14749590,61300768,2010-02-02,PRO
14749590,13019477,2011-02-02,CON
14749590,13868015,2013-04-22,CON
14749591,62016210,2014-06-24,PRO
14749592,62016203,2014-06-24,PRO
14749593,62019745,2014-07-01,PRO
14749594,61781598,2013-03-14,PRO
14749594,61818382,2013-05-01,PRO
14749594,61818386,2013-05-01,PRO
14749594,61822002,2013-05-10,PRO
14749594,61832690,2013-06-07,PRO
14749594,61845714,2013-07-12,PRO
14749594,61858767,2013-07-26,PRO
14749594,61859661,2013-07-29,PRO
14749594,61865743,2013-08-14,PRO
14749594,61883804,2013-09-27,PRO
14749594,61899712,2013-11-04,PRO
14749594,61900311,2013-11-05,PRO
14749594,61902723,2013-11-11,PRO
14749594,61903232,2013-11-12,PRO
14749594,61906211,2013-11-19,PRO
14749594,61906335,2013-11-19,PRO
14749594,61907216,2013-11-21,PRO
14749594,61907777,2013-11-22,PRO
14749594,14206319,2014-03-12,CON
14749598,PCT/CN2013/084284,2013-09-26,CON
14749599,61781598,2013-03-14,PRO
14749599,61818382,2013-05-01,PRO
14749599,61818386,2013-05-01,PRO
14749599,61822002,2013-05-10,PRO
14749599,61832690,2013-06-07,PRO
14749599,61845714,2013-07-12,PRO
14749599,61858767,2013-07-26,PRO
14749599,61859661,2013-07-29,PRO
14749599,61865743,2013-08-14,PRO
14749599,61883804,2013-09-27,PRO
14749599,61899712,2013-11-04,PRO
14749599,61900311,2013-11-05,PRO
14749599,61902723,2013-11-11,PRO
14749599,61903232,2013-11-12,PRO
14749599,61906211,2013-11-19,PRO
14749599,61906335,2013-11-19,PRO
14749599,61907216,2013-11-21,PRO
14749599,61907777,2013-11-22,PRO
14749599,14206319,2014-03-12,CON
14749600,11614935,2006-12-21,CON
14749604,62016706,2014-06-25,PRO
14749611,61345115,2010-05-15,PRO
14749611,61362640,2010-07-08,PRO
14749611,12983182,2010-12-31,CON
14749615,62016638,2014-06-24,PRO
14749615,62060290,2014-10-06,PRO
14749616,62016450,2014-06-24,PRO
14749616,62063135,2014-10-13,PRO
14749616,62115601,2015-02-12,PRO
14749616,62141853,2015-04-02,PRO
14749618,62016335,2014-06-24,PRO
14749621,61313423,2010-03-12,PRO
14749621,61313454,2010-03-12,PRO
14749621,61313864,2010-03-15,PRO
14749621,61316799,2010-03-23,PRO
14749621,PCT/US11/28387,2011-03-14,NST
14749621,13583840,2012-10-16,DIV
14749624,62016114,2014-06-24,PRO
14749626,PCT/US2013/077969,2013-12-27,CON
14749627,13720020,2012-12-19,CON
14749628,PCT/US2013/073426,2013-12-05,CON
14749629,PCT/CN2013/088594,2013-12-05,CIP
14749631,PCT/IB11/53429,2011-08-02,NST
14749631,13813424,2013-01-30,CON
14749634,13757815,2013-02-03,CIP
14749644,14019548,2013-09-06,CIP
14749648,13211334,2011-08-17,DIV
14749652,13360815,2012-01-30,CON
14749652,PCT/NL2010/000117,2010-07-21,CON
14749653,61704510,2012-09-23,PRO
14749653,61705150,2012-09-25,PRO
14749653,61720001,2012-10-30,PRO
14749653,61726699,2012-11-15,PRO
14749653,61726717,2012-11-15,PRO
14749653,61727121,2012-11-16,PRO
14749653,61727120,2012-11-16,PRO
14749653,14034158,2013-09-23,CON
14749654,13810451,2013-01-16,CON
14749654,PCT/IB2011/053560,2011-08-10,NST
14749663,13380057,2011-12-22,CON
14749663,PCT/AU2010/000810,2010-06-29,NST
14749671,62017489,2014-06-26,PRO
14749671,14527201,2014-10-29,CIP
14749671,PCT/US2014/062892,2014-10-29,CIP
14749672,PCT/CN2013/087184,2013-11-15,CIP
14749677,62017468,2014-06-26,PRO
14749686,13005571,2011-01-13,CON
14749691,14045106,2013-10-03,DIV
14749692,13105953,2011-05-12,CON
14749694,09736103,2000-12-13,CON
14749694,09797309,2001-03-01,CON
14749694,10196716,2002-07-16,CON
14749694,10420467,2003-04-22,CON
14749694,11083710,2005-03-18,CON
14749694,11456509,2006-07-10,CIP
14749694,12328964,2008-12-05,CON
14749694,13276617,2011-10-19,CON
14749695,13396016,2012-02-14,CON
14749696,62008435,2014-06-05,PRO
14749696,62017188,2014-06-25,PRO
14749696,PCT/US15/20828,2015-03-16,CON
14749696,14662996,2015-03-19,CIP
14749697,62008435,2014-06-05,PRO
14749697,62017185,2014-06-25,PRO
14749697,PCT/US15/20828,2015-03-16,CON
14749697,14662996,2015-03-19,CIP
14749699,PCT/JP2013/051558,2013-01-25,CON
14749701,12229215,2008-08-20,CIP
14749701,61609268,2012-03-10,PRO
14749701,13437869,2012-04-02,CIP
14749701,61747630,2012-12-31,PRO
14749701,13789518,2013-03-07,CON
14749703,11569609,2006-11-27,DIV
14749703,13626943,2012-09-26,DIV
14749703,PCT/IB05/51547,2005-05-11,NST
14749705,13575203,2012-07-25,CON
14749705,14018950,2013-09-05,CON
14749705,PCT/US2010/060426,2010-12-15,NST
14749708,62039848,2014-08-20,PRO
14749708,62067200,2014-10-22,PRO
14749710,61781719,2013-03-14,PRO
14749710,14187568,2014-02-24,CON
14749712,62034636,2014-08-07,PRO
14749713,13426334,2012-03-21,DIV
14749717,61445315,2011-02-22,PRO
14749717,13402102,2012-02-22,DIV
14749719,12766950,2010-04-26,DIV
14749721,61897977,2013-10-31,PRO
14749721,14530050,2014-10-31,CON
14749723,13990813,2013-08-13,DIV
14749723,PCT/EP2011/071383,2011-11-30,NST
14749726,62033899,2014-08-06,PRO
14749727,PCT/JP2014/003487,2014-07-01,CON
14749731,13864599,2013-04-17,CON
14749732,12996033,2010-12-03,CON
14749732,PCT/EP2008/004543,2008-06-06,NST
14749734,13765383,2013-02-12,CON
14749737,13899746,2013-05-22,CON
14749739,62020587,2014-07-03,PRO
14749742,PCT/JP2013/083459,2013-12-13,CON
14749753,PCT/CN2013/084000,2013-09-23,CON
14749754,13513867,2012-08-15,CON
14749754,PCT/DK2010/050341,2010-12-15,NST
14749755,13148797,2012-02-08,DIV
14749756,62033529,2014-08-05,PRO
14749757,60188050,2000-03-09,PRO
14749757,09802469,2001-03-09,CIP
14749757,09839451,2001-04-20,CIP
14749757,60306080,2001-07-17,PRO
14749757,60346784,2002-01-07,PRO
14749757,60346785,2002-01-07,PRO
14749757,PCT/US02/22898,2002-07-17,NST
14749757,10484518,2004-12-02,CON
14749757,13795229,2013-03-12,CON
14749758,14353305,2014-04-22,CON
14749758,PCT/EP2012/071411,2012-10-29,NST
14749760,60797219,2006-05-02,PRO
14749760,11741535,2007-04-27,CON
14749760,12693960,2010-01-26,CON
14749760,13333456,2011-12-21,DIV
14749760,13865827,2013-04-18,CON
14749760,14487941,2014-09-16,CON
14749761,PCT/JP2013/050631,2013-01-16,CON
14749762,60941286,2007-06-01,PRO
14749762,60941287,2007-06-01,PRO
14749762,60977086,2007-10-02,PRO
14749762,12131886,2008-06-02,CON
14749762,13219737,2011-08-29,CON
14749763,14281925,2014-05-20,CIP
14749767,PCT/JP2014/051651,2014-01-27,CON
14749768,62017995,2014-06-27,PRO
14749772,13864599,2013-04-17,CON
14749772,14024705,2013-09-12,CON
14749774,PCT/JP2013/082477,2013-12-03,CON
14749775,13166181,2011-06-22,DIV
14749777,62017377,2014-06-26,PRO
14749779,61445315,2011-02-22,PRO
14749779,13402102,2012-02-22,DIV
14749780,13279245,2011-10-21,CON
14749781,13688793,2012-11-29,DIV
14749785,62018739,2014-06-30,PRO
14749787,12170997,2008-07-10,CON
14749787,13039959,2011-03-03,CON
14749787,13860093,2013-04-10,CIP
14749795,13509982,2012-08-24,CON
14749795,PCT/CA2011/050693,2011-11-08,NST
14749796,PCT/JP2013/051984,2013-01-30,CON
14749800,13494166,2012-06-12,DIV
14749808,PCT/FR2014/050016,2014-01-07,CON
14749810,62017372,2014-06-26,PRO
14749815,61288803,2009-12-21,PRO
14749815,PCT/US10/61602,2010-12-21,NST
14749815,13518337,2012-06-21,CON
14749816,13742449,2013-01-16,CON
14749821,13602038,2012-08-31,DIV
14749834,60817756,2006-06-29,PRO
14749834,11824393,2007-06-29,CON
14749834,14026289,2013-09-13,CON
14749839,PCT/JP2013/085201,2013-12-27,CON
14749840,61998674,2014-07-03,PRO
14749840,62097925,2014-12-30,PRO
14749840,62176896,2015-03-23,PRO
14749845,62017299,2014-06-26,PRO
14749849,13965975,2013-08-13,CON
14749850,12960638,2010-12-06,DIV
14749852,13733953,2013-01-04,CON
14749855,62016655,2014-06-25,PRO
14749855,62041328,2014-08-25,PRO
14749857,60558477,2004-04-01,PRO
14749857,11097874,2005-04-01,DIV
14749857,13455932,2012-04-25,CON
14749857,14177037,2014-02-10,DIV
14749860,62016655,2014-06-25,PRO
14749860,62041328,2014-08-25,PRO
14749866,62018267,2014-06-27,PRO
14749867,62016898,2014-06-25,PRO
14749869,PCT/CN2013/080863,2013-08-06,CON
14749873,10251505,2002-09-20,CIP
14749873,10642245,2003-08-18,CON
14749873,11930027,2007-10-30,DIV
14749873,13025476,2011-02-11,CON
14749874,13519065,2012-06-25,CON
14749874,PCT/US2011/059375,2011-11-04,NST
14749875,62018248,2014-06-27,PRO
14749877,PCT/JP2013/081448,2013-11-21,CON
14749879,14219172,2014-03-19,CON
14749879,PCT/JP2013/067804,2013-06-28,CON
14749880,13874239,2013-04-30,DIV
14749882,12807262,2010-09-01,CON
14749886,61746069,2012-12-26,PRO
14749886,61746074,2012-12-26,PRO
14749886,61748018,2012-12-31,PRO
14749886,61792582,2013-03-15,PRO
14749886,61793952,2013-03-15,PRO
14749886,14099818,2013-12-06,CIP
14749886,14101245,2013-12-09,CIP
14749886,14101258,2013-12-09,CIP
14749886,14138040,2013-12-21,CIP
14749886,14138052,2013-12-21,CIP
14749886,14138058,2013-12-21,CIP
14749886,PCT/US2012/041739,2012-06-08,CON
14749886,PCT/US2012/041744,2012-06-08,CON
14749886,PCT/US2012/041749,2012-06-08,CON
14749886,PCT/US2013/078369,2013-12-30,CON
14749888,62020094,2014-07-02,PRO
14749889,PCT/US2014/010688,2014-01-08,CON
14749897,13086122,2011-04-13,CON
14749898,62018208,2014-06-27,PRO
14749899,62019035,2014-06-30,PRO
14749901,PCT/JP2012/084127,2012-12-28,NST
14749903,12470802,2009-05-22,CON
14749908,62021976,2014-07-08,PRO
14749908,62063497,2014-10-14,PRO
14749911,62018267,2014-06-27,PRO
14749915,62018089,2014-06-27,PRO
14749919,PCT/JP2013/083695,2013-12-17,CON
14749923,62017100,2014-06-25,PRO
14749925,PCT/JP2013/084608,2013-12-25,CON
14749930,PCT/US2014/019667,2014-02-28,CON
14749932,60848047,2006-09-29,PRO
14749932,11545706,2006-10-11,CON
14749932,12563840,2009-09-21,CON
14749934,62017444,2014-06-26,PRO
14749939,11348295,2006-02-06,DIV
14749939,12640915,2009-12-17,CON
14749939,14141793,2013-12-27,CON
14749940,62018267,2014-06-27,PRO
14749941,11931462,2007-10-31,DIV
14749948,62017100,2014-06-25,PRO
14749949,61772721,2013-03-05,PRO
14749949,14196624,2014-03-04,CON
14749949,14516866,2014-10-17,CON
14749951,PCT/JP2014/003335,2014-06-20,CON
14749955,62019101,2014-06-30,PRO
14749957,61243498,2009-09-17,PRO
14749957,12569713,2009-09-29,CON
14749962,11705828,2007-02-14,CON
14749962,13542693,2012-07-06,CON
14749962,14450967,2014-08-04,CON
14749963,61365086,2010-07-16,PRO
14749963,13180231,2011-07-11,CON
14749968,13255195,2011-10-20,DIV
14749968,PCT/IE2010/000011,2010-03-09,NST
14749971,14085423,2013-11-20,CIP
14749979,13476810,2012-05-21,CON
14749979,14183399,2014-02-18,CON
14749988,62034947,2014-08-08,PRO
14749988,62052807,2014-09-19,PRO
14749989,13826187,2013-03-14,DIV
14749995,13539581,2012-07-02,CON
14749998,13796844,2013-03-12,CON
14750000,13039467,2011-03-03,CON
14750000,14152136,2014-01-10,CON
14750001,62023397,2014-07-11,PRO
14750004,61618862,2012-04-02,PRO
14750004,61618866,2012-04-02,PRO
14750004,61618868,2012-04-02,PRO
14750004,61618870,2012-04-02,PRO
14750004,61618873,2012-04-02,PRO
14750004,61618878,2012-04-02,PRO
14750004,61618885,2012-04-02,PRO
14750004,61618896,2012-04-02,PRO
14750004,61618911,2012-04-02,PRO
14750004,61618922,2012-04-02,PRO
14750004,61618935,2012-04-02,PRO
14750004,61618945,2012-04-02,PRO
14750004,61618953,2012-04-02,PRO
14750004,61618961,2012-04-02,PRO
14750004,61648286,2012-05-17,PRO
14750004,61668157,2012-07-05,PRO
14750004,61681645,2012-08-10,PRO
14750004,61681647,2012-08-10,PRO
14750004,61681648,2012-08-10,PRO
14750004,61681649,2012-08-10,PRO
14750004,61681650,2012-08-10,PRO
14750004,61681654,2012-08-10,PRO
14750004,61681658,2012-08-10,PRO
14750004,61681661,2012-08-10,PRO
14750004,61681667,2012-08-10,PRO
14750004,61681675,2012-08-10,PRO
14750004,61681687,2012-08-10,PRO
14750004,61681696,2012-08-10,PRO
14750004,61681704,2012-08-10,PRO
14750004,61681742,2012-08-10,PRO
14750004,61737130,2012-12-14,PRO
14750004,61737134,2012-12-14,PRO
14750004,61737135,2012-12-14,PRO
14750004,61737139,2012-12-14,PRO
14750004,61737147,2012-12-14,PRO
14750004,61737152,2012-12-14,PRO
14750004,61737155,2012-12-14,PRO
14750004,61737160,2012-12-14,PRO
14750004,61737168,2012-12-14,PRO
14750004,61737174,2012-12-14,PRO
14750004,61737184,2012-12-14,PRO
14750004,61737191,2012-12-14,PRO
14750004,61737203,2012-12-14,PRO
14750004,61737224,2012-12-14,PRO
14750004,13791921,2013-03-09,CON
14750014,62040281,2014-08-21,PRO
14750016,62016995,2014-06-25,PRO
14750017,13675651,2012-11-13,CON
14750019,13120440,2011-03-23,DIV
14750019,PCT/IB2009/054156,2009-09-22,NST
14750020,62017363,2014-06-26,PRO
14750021,11022141,2004-12-23,CON
14750023,62019078,2014-06-30,PRO
14750026,62016921,2014-06-25,PRO
14750027,11457781,2006-07-14,DIV
14750027,12548219,2009-08-26,CON
14750027,13899911,2013-05-22,CON
14750027,14109517,2013-12-17,CON
14750030,14066858,2013-10-30,DIV
14750031,13337291,2011-12-27,CON
14750034,12474832,2009-05-29,CON
14750036,61154120,2009-02-20,PRO
14750036,12709172,2010-02-19,CON
14750040,13151820,2011-06-02,DIV
14750042,62018102,2014-06-27,PRO
14750042,62024736,2014-07-15,PRO
14750045,62018060,2014-06-27,PRO
14750047,62020027,2014-07-02,PRO
14750050,62017100,2014-06-25,PRO
14750052,62018080,2014-06-27,PRO
14750055,61847653,2013-07-18,PRO
14750055,14333070,2014-07-16,CON
14750056,61457316,2011-02-25,PRO
14750056,61573086,2011-08-30,PRO
14750056,13402406,2012-02-22,CON
14750056,14198027,2014-03-05,CON
14750057,60203126,2000-05-08,PRO
14750057,60230739,2000-09-07,PRO
14750057,09851614,2001-05-08,CIP
14750057,10035637,2001-11-07,CON
14750057,12324009,2008-11-26,DIV
14750057,13397476,2012-02-15,DIV
14750061,13808630,2013-02-14,CON
14750061,PCT/NL2011/050488,2011-07-06,NST
14750063,PCT/JP2013/084436,2013-12-24,CON
14750064,13973429,2013-08-22,CIP
14750064,62016854,2014-06-25,PRO
14750066,13160015,2011-06-14,CON
14750068,10475161,2003-10-16,CON
14750068,12378957,2009-02-20,CON
14750068,14137016,2013-12-20,CON
14750068,PCT/JP03/02306,2003-02-28,NST
14750070,13823615,2013-04-12,DIV
14750070,PCT/AU2011/001210,2011-09-20,NST
14750072,61932929,2014-01-29,PRO
14750072,14582314,2014-12-24,CON
14750073,62016993,2014-06-25,PRO
14750075,12171550,2008-07-11,CON
14750075,13455303,2012-04-25,CON
14750075,14179684,2014-02-13,CON
14750078,62018731,2014-06-30,PRO
14750081,61866922,2013-08-16,PRO
14750081,14461209,2014-08-15,CIP
14750082,62017193,2014-06-25,PRO
14750084,13642114,2012-11-20,CON
14750084,PCT/EP2011/056232,2011-04-19,NST
14750087,62016793,2014-06-25,PRO
14750087,62054503,2014-09-24,PRO
14750088,11794996,2007-10-15,DIV
14750088,13690999,2012-11-30,CON
14750088,14159616,2014-01-21,CON
14750088,PCT/JP2005/022603,2005-12-02,NST
14750097,62017380,2014-06-26,PRO
14750099,14107512,2013-12-16,CON
14750107,62017100,2014-06-25,PRO
14750112,62018303,2014-06-27,PRO
14750113,61115136,2008-11-17,PRO
14750113,12620070,2009-11-17,CIP
14750113,61442452,2011-02-14,PRO
14750113,61448823,2011-03-03,PRO
14750113,61475703,2011-04-15,PRO
14750113,61592049,2012-01-30,PRO
14750113,13370339,2012-02-10,CIP
14750113,13407983,2012-02-29,CON
14750113,13832658,2013-03-15,CIP
14750113,62017996,2014-06-27,PRO
14750115,13634859,2012-09-13,CON
14750115,PCT/EP2011/054644,2011-03-25,NST
14750116,62017125,2014-06-25,PRO
14750117,13270289,2011-10-11,DIV
14750118,61452236,2011-03-14,PRO
14750118,PCT/US12/29045,2012-03-14,NST
14750118,14005061,2014-01-23,CON
14750119,61143755,2009-01-09,PRO
14750119,12685652,2010-01-11,CIP
14750119,12832056,2010-07-07,CON
14750119,13709531,2012-12-10,DIV
14750126,14286180,2014-05-23,CON
14750127,62016973,2014-06-25,PRO
14750132,62017652,2014-06-26,PRO
14750141,61264191,2009-11-24,PRO
14750141,12942918,2010-11-09,DIV
14750142,PCT/CN2013/082924,2013-09-04,CON
14750149,62017996,2014-06-27,PRO
14750149,62018774,2014-06-30,PRO
14750150,61286212,2009-12-14,PRO
14750150,PCT/US10/58717,2010-12-02,CON
14750150,13491122,2012-06-07,CON
14750150,14217952,2014-03-18,DIV
14750162,62016793,2014-06-25,PRO
14750162,62054503,2014-09-24,PRO
14750163,14237998,2014-02-10,CON
14750163,PCT/JP2012/068931,2012-07-26,NST
14750167,62016771,2014-06-25,PRO
14750172,62017531,2014-06-26,PRO
14750174,61262126,2009-11-17,PRO
14750174,12917323,2010-11-01,CON
14750180,61607035,2012-03-06,PRO
14750180,13776496,2013-02-25,CON
14750181,62017671,2014-06-26,PRO
14750183,62021072,2014-07-04,PRO
14750183,62060128,2014-10-06,PRO
14750186,62019053,2014-06-30,PRO
14750188,13271861,2011-10-12,CON
14750194,60856593,2006-11-03,PRO
14750194,11981178,2007-10-31,CON
14750194,13685953,2012-11-27,CON
14750198,13171610,2011-06-29,CON
14750201,13126798,2011-09-13,DIV
14750201,PCT/EP2009/007923,2009-10-29,NST
14750202,12090699,2008-04-18,CON
14750202,13469536,2012-05-11,CON
14750202,13910639,2013-06-05,CON
14750202,PCT/KR2006/004260,2006-10-19,NST
14750203,13603495,2012-09-05,CIP
14750203,14081568,2013-11-15,CIP
14750203,14158299,2014-01-17,CIP
14750203,14489582,2014-09-18,CIP
14750203,14511206,2014-10-10,CIP
14750203,14531371,2014-11-03,CIP
14750203,14537587,2014-11-10,CON
14750203,14656880,2015-03-13,CIP
14750203,14681206,2015-04-08,CIP
14750204,62017002,2014-06-25,PRO
14750204,62017100,2014-06-25,PRO
14750206,61543225,2011-10-04,PRO
14750206,13645304,2012-10-04,CON
14750211,PCT/KR2014/011589,2014-11-28,CON
14750214,13578400,2012-08-10,DIV
14750214,PCT/UA2010/000006,2010-02-23,NST
14750216,13719427,2012-12-19,CON
14750222,12621882,2009-11-19,CON
14750234,61512158,2011-07-27,PRO
14750234,61512213,2011-07-27,PRO
14750234,13559994,2012-07-27,DIV
14750241,62021310,2014-07-07,PRO
14750241,62077349,2014-11-10,PRO
14750257,62016667,2014-06-25,PRO
14750257,62016669,2014-06-25,PRO
14750258,61728621,2012-11-20,PRO
14750258,14085320,2013-11-20,CON
14750260,PCT/JP2014/051464,2014-01-24,CON
14750262,61600469,2012-02-17,PRO
14750262,61674553,2012-07-23,PRO
14750262,13749477,2013-01-24,CIP
14750262,13941335,2013-07-12,DIV
14750263,13810262,2013-03-28,CON
14750263,PCT/US2011/044161,2011-07-15,NST
14750267,62017973,2014-06-27,PRO
14750270,62017943,2014-06-27,PRO
14750271,62017073,2014-06-25,PRO
14750271,62017100,2014-06-25,PRO
14750275,62018230,2014-06-27,PRO
14750276,13001994,2011-04-19,DIV
14750276,PCT/EP2009/058345,2009-07-02,NST
14750281,62017005,2014-06-25,PRO
14750284,62016957,2014-06-25,PRO
14750289,62016864,2014-06-25,PRO
14750296,62017348,2014-06-26,PRO
14750296,62095591,2014-12-22,PRO
14750297,60921506,2006-08-25,PRO
14750297,11844440,2007-08-24,CON
14750297,13034340,2011-02-24,CON
14750297,14444513,2014-07-28,CON
14750297,14485083,2014-09-12,CON
14750307,PCT/JP2013/007612,2013-12-26,CON
14750315,62016738,2014-06-25,PRO
14750318,61233974,2009-08-14,PRO
14750318,12856126,2010-08-13,CON
14750318,13692764,2012-12-03,DIV
14750318,14176484,2014-02-10,CON
14750319,11882402,2007-08-01,DIV
14750323,13438515,2012-04-03,CON
14750324,62020036,2014-07-02,PRO
14750326,61088229,2008-08-12,PRO
14750326,61088239,2008-08-12,PRO
14750326,61088267,2008-08-12,PRO
14750326,61097375,2008-09-16,PRO
14750326,61097381,2008-09-16,PRO
14750326,12540179,2009-08-12,CIP
14750326,12561118,2009-09-16,CON
14750327,62018857,2014-06-30,PRO
14750329,PCT/CN2012/087723,2012-12-27,CON
14750330,62019268,2014-06-30,PRO
14750331,11666542,2009-01-28,DIV
14750331,11982679,2007-11-02,CON
14750331,13959739,2013-08-06,CON
14750331,PCT/IT2005/000634,2005-10-28,NST
14750339,13668022,2012-11-02,DIV
14750343,13611696,2012-09-12,CON
14750344,62030284,2014-07-29,PRO
14750345,12932056,2011-02-16,CIP
14750345,14076405,2013-11-11,DIV
14750346,14001077,2013-09-18,CON
14750346,PCT/EP2012/053142,2012-02-24,NST
14750348,62017198,2014-06-25,PRO
14750349,11631637,2007-01-05,CON
14750349,PCT/CN05/00988,2005-07-05,NST
14750355,61477233,2011-04-20,PRO
14750355,PCT/US12/34571,2012-04-20,NST
14750355,13885254,2013-05-14,DIV
14750361,13493817,2012-06-11,DIV
14750362,PCT/JP2013/084859,2013-12-26,CIP
14750363,61932989,2014-01-29,PRO
14750363,14582337,2014-12-24,CON
14750365,PCT/JP2014/061031,2014-04-18,CON
14750370,61357427,2010-06-22,PRO
14750370,61357972,2010-06-23,PRO
14750370,13166745,2011-06-22,CIP
14750370,61625550,2012-04-17,PRO
14750370,13865175,2013-04-17,CIP
14750371,13140363,2011-06-16,CIP
14750371,PCT/KR2009/003521,2009-06-29,NST
14750376,10520738,2005-09-19,DIV
14750376,12205411,2008-09-05,CON
14750376,PCT/IB2003/004645,2003-07-09,NST
14750378,13947683,2013-07-22,DIV
14750379,62040807,2014-08-22,PRO
14750383,11729032,2007-03-28,CON
14750383,13608590,2012-09-10,CON
14750383,13909605,2013-06-04,CON
14750384,13034787,2011-02-25,DIV
14750384,14447847,2014-07-31,DIV
14750386,PCT/US2013/077676,2013-12-24,CON
14750388,62034421,2014-08-07,PRO
14750392,62017346,2014-06-26,PRO
14750394,62016692,2014-06-25,PRO
14750396,13131485,2011-05-26,CON
14750396,14531152,2014-11-03,DIV
14750396,PCT/JP09/70206,2009-11-25,NST
14750397,62026122,2014-07-18,PRO
14750400,62016685,2014-06-25,PRO
14750403,62017724,2014-06-26,PRO
14750405,13599630,2012-08-30,CIP
14750405,13826032,2013-03-14,CON
14750406,61789829,2013-03-15,PRO
14750406,14214437,2014-03-14,CON
14750410,11532265,2006-09-15,CON
14750410,14017937,2013-09-04,CON
14750411,61578322,2011-12-21,PRO
14750411,13718175,2012-12-18,DIV
14750412,60200150,2000-04-28,PRO
14750412,PCT/US01/11732,2001-04-27,NST
14750412,10019680,2002-01-04,DIV
14750412,11206869,2005-08-19,DIV
14750412,12453577,2009-05-15,CON
14750412,13680350,2012-11-19,CON
14750412,14160809,2014-01-22,DIV
14750415,62020038,2014-07-02,PRO
14750416,13734750,2013-01-04,CON
14750418,13352820,2012-01-18,REI
14750418,14749380,2015-06-24,CON
14750422,62018272,2014-06-27,PRO
14750423,60749998,2005-12-13,PRO
14750423,60814134,2006-06-16,PRO
14750423,11638796,2006-12-13,CON
14750423,13305088,2011-11-28,CON
14750423,14223759,2014-03-24,CON
14750424,62021072,2014-07-04,PRO
14750424,62060128,2014-10-06,PRO
14750425,PCT/JP2013/083112,2013-12-10,CON
14750432,62014661,2014-06-19,PRO
14750432,62022179,2014-07-08,PRO
14750432,62042580,2014-08-27,PRO
14750432,62042610,2014-08-27,PRO
14750432,62042629,2014-08-27,PRO
14750432,62054951,2014-09-24,PRO
14750432,62054952,2014-09-24,PRO
14750432,62054956,2014-09-24,PRO
14750432,62054960,2014-09-24,PRO
14750432,62054963,2014-09-24,PRO
14750432,62054964,2014-09-24,PRO
14750432,62075819,2014-11-05,PRO
14750432,14744997,2015-06-19,CON
14750433,13887766,2013-05-06,CON
14750433,14027591,2013-09-16,CIP
14750433,14674526,2015-03-31,CON
14750434,62019092,2014-06-30,PRO
14750435,61535062,2011-09-15,PRO
14750435,13605498,2012-09-06,CON
14750436,61210392,2009-03-18,PRO
14750436,PCT/US10/27460,2010-03-16,NST
14750436,13256882,2011-11-30,DIV
14750439,61643623,2012-05-07,PRO
14750439,13887726,2013-05-06,CON
14750444,12685098,2010-01-11,CON
14750448,61932989,2014-01-29,PRO
14750448,14582337,2014-12-24,CIP
14750448,14615599,2015-02-06,CON
14750449,PCT/JP2012/008317,2012-12-26,CON
14750450,60246842,2000-11-08,PRO
14750450,09805470,2001-03-12,CON
14750450,11563232,2006-11-27,CON
14750450,13282758,2011-10-27,CON
14750450,14256222,2014-04-18,CON
14750452,62021565,2014-07-07,PRO
14750457,60797149,2006-05-03,PRO
14750457,11799148,2007-04-30,CON
14750460,61631973,2012-01-17,PRO
14750460,13743669,2013-01-17,CIP
14750462,13981551,2013-12-13,CON
14750462,PCT/GB12/50160,2012-01-26,NST
14750463,60898064,2007-01-29,PRO
14750463,12022079,2008-01-29,CON
14750463,13673574,2012-11-09,CON
14750464,13695324,2012-12-17,CON
14750464,PCT/AU2011/000545,2011-05-11,NST
14750466,12883972,2010-09-16,CIP
14750466,12895515,2010-09-30,DIV
14750467,60868539,2006-12-04,PRO
14750467,11947880,2007-11-30,DIV
14750467,12707600,2010-02-17,CON
14750467,13491315,2012-06-07,CON
14750467,14187930,2014-02-24,DIV
14750468,62017029,2014-06-25,PRO
14750470,62017594,2014-06-26,PRO
14750473,62017064,2014-06-25,PRO
14750475,60318536,2001-09-10,PRO
14750475,10236538,2002-09-06,DIV
14750475,10938361,2004-09-10,DIV
14750475,12630219,2009-12-03,DIV
14750475,13430839,2012-03-27,DIV
14750475,13848945,2013-03-22,CON
14750475,14521492,2014-10-23,CON
14750484,13904314,2013-05-29,CON
14750486,62017300,2014-06-26,PRO
14750490,PCT/CN2014/079598,2014-06-10,CON
14750491,13084032,2011-04-11,CON
14750493,61303753,2010-02-12,PRO
14750493,13025862,2011-02-11,DIV
14750496,13143808,2011-07-08,CON
14750496,PCT/IN2010/000015,2010-01-08,NST
14750497,62024110,2014-07-14,PRO
14750498,PCT/CN2013/070892,2013-01-23,CON
14750500,13063685,2011-05-05,CON
14750500,13931168,2013-06-28,CON
14750500,PCT/EP2009/006619,2009-09-11,NST
14750501,62017032,2014-06-25,PRO
14750503,62016947,2014-06-25,PRO
14750505,PCT/JP2013/050817,2013-01-17,CON
14750506,62017911,2014-06-27,PRO
14750506,62087295,2014-12-04,PRO
14750507,13971261,2013-08-20,CON
14750508,13477783,2012-05-22,CON
14750511,61174029,2009-04-30,PRO
14750511,PCT/US10/31880,2010-04-21,NST
14750511,13266487,2012-08-09,CON
14750513,13985905,2013-10-04,DIV
14750513,PCT/NL2012/050081,2012-02-15,NST
14750517,61509171,2011-07-19,PRO
14750517,61509178,2011-07-19,PRO
14750517,13482164,2012-05-29,DIV
14750519,PCT/JP2013/081817,2013-11-26,CON
14750523,60723465,2005-10-04,PRO
14750523,11538763,2006-10-04,CON
14750523,13372804,2012-02-14,CON
14750525,13647527,2012-10-09,CON
14750526,62018201,2014-06-27,PRO
14750527,60471869,2003-05-20,PRO
14750527,60492015,2003-08-01,PRO
14750527,10792467,2004-03-03,CIP
14750527,60585781,2004-07-06,PRO
14750527,60586375,2004-07-08,PRO
14750527,10903316,2004-07-30,CIP
14750527,60613993,2004-09-28,PRO
14750527,60633999,2004-12-07,PRO
14750527,11238167,2005-09-28,CON
14750527,12729811,2010-03-23,CON
14750527,13304129,2011-11-23,CON
14750527,14142192,2013-12-27,CON
14750531,13745180,2013-01-18,CON
14750534,61476736,2011-04-18,PRO
14750534,13195732,2011-08-01,DIV
14750534,14082093,2013-11-15,CON
14750538,13093748,2011-04-25,CON
14750538,PCT/US2010/053244,2010-10-19,CIP
14750541,62017390,2014-06-26,PRO
14750542,62018268,2014-06-27,PRO
14750543,62017472,2014-06-26,PRO
14750546,PCT/CN2013/084271,2013-09-26,CON
14750548,61566327,2011-12-02,PRO
14750548,13692878,2012-12-03,CON
14750550,62018425,2014-06-27,PRO
14750553,60680780,2005-05-13,PRO
14750553,60728066,2005-10-19,PRO
14750553,11382644,2006-05-10,CON
14750553,12844886,2010-07-28,CIP
14750553,13458134,2012-04-27,CON
14750553,14589141,2015-01-05,CIP
14750555,62027352,2014-07-22,PRO
14750557,13822173,2013-05-28,CON
14750557,PCT/US2011/052499,2011-09-21,NST
14750558,61882990,2013-09-26,PRO
14750558,14498555,2014-09-26,CON
14750559,11915718,2008-07-14,CON
14750559,14536320,2014-11-07,CON
14750559,PCT/US2006/020950,2006-05-30,NST
14750561,PCT/EP2013/065900,2013-07-29,CON
14750562,61010313,2008-01-07,PRO
14750562,12349897,2009-01-07,CON
14750562,13903444,2013-05-28,CON
14750566,62017178,2014-06-25,PRO
14750570,13255464,2011-09-08,CON
14750570,PCT/IB2010/050807,2010-02-24,NST
14750571,62021536,2014-07-07,PRO
14750572,13821583,2013-05-21,DIV
14750572,PCT/IB2010/054102,2010-09-10,NST
14750573,13858019,2013-04-06,CON
14750577,PCT/JP2013/084303,2013-12-20,CON
14750578,62017907,2014-06-27,PRO
14750580,61437288,2011-01-28,PRO
14750580,61437296,2011-01-28,PRO
14750580,61437932,2011-01-31,PRO
14750580,61438304,2011-02-01,PRO
14750580,61438308,2011-02-01,PRO
14750580,61442732,2011-02-14,PRO
14750580,61467782,2011-03-25,PRO
14750580,61565574,2011-12-01,PRO
14750580,13360477,2012-01-27,DIV
14750581,62017393,2014-06-26,PRO
14750592,PCT/JP2014/057811,2014-03-20,CON
14750595,13826825,2013-03-14,DIV
14750596,62018212,2014-06-27,PRO
14750600,11809489,2007-06-01,CIP
14750600,61200664,2008-12-01,PRO
14750600,12628791,2009-12-01,CON
14750600,14169494,2014-01-31,CON
14750602,PCT/JP2013/084776,2013-12-26,CIP
14750605,13697175,2012-11-09,CIP
14750605,PCT/JP2011/061521,2011-05-19,NST
14750607,62017987,2014-06-27,PRO
14750608,14102186,2013-12-10,CON
14750608,14317083,2014-07-25,CON
14750608,PCT/CN2012/080334,2012-08-20,CON
14750609,13809878,2013-01-11,CON
14750609,PCT/EP2011/063519,2011-08-05,NST
14750614,13351323,2012-01-17,CIP
14750614,13734089,2013-01-04,CIP
14750614,13934807,2013-07-03,CON
14750615,61468458,2011-03-28,PRO
14750615,13371862,2012-02-13,CON
14750620,61998388,2014-06-26,PRO
14750621,13408510,2012-02-29,DIV
14750621,14622170,2015-02-13,CON
14750621,14622204,2015-02-13,CON
14750622,13394824,2012-03-08,CON
14750622,PCT/JP2010/004763,2010-07-27,NST
14750625,11394232,2006-03-31,CON
14750625,12550882,2009-08-31,CON
14750625,13477569,2012-05-22,CON
14750625,14096615,2013-12-04,CON
14750626,62022478,2014-07-09,PRO
14750630,13607759,2012-09-09,CON
14750630,14614983,2015-02-05,CIP
14750630,14716218,2015-05-19,CIP
14750633,13643241,2013-10-29,CON
14750633,PCT/IB2011/050829,2011-02-25,NST
14750643,13856061,2013-04-03,CON
14750644,61230050,2009-07-30,PRO
14750644,12580861,2009-10-16,CON
14750644,14053825,2013-10-15,CON
14750645,PCT/CN2013/090561,2013-12-26,CON
14750647,PCT/JP2013/004813,2013-08-09,CON
14750650,13923694,2013-06-21,DIV
14750654,PCT/CN2013/081603,2013-08-16,CON
14750655,62036925,2014-08-13,PRO
14750657,62037751,2014-08-15,PRO
14750658,61446817,2011-02-25,PRO
14750658,13405096,2012-02-24,DIV
14750663,PCT/CN2013/089931,2013-12-19,CON
14750665,12001878,2007-12-13,CIP
14750665,12156822,2008-06-04,CON
14750665,14081303,2013-11-15,DIV
14750665,14497944,2014-09-26,DIV
14750667,62016857,2014-06-25,PRO
14750668,14067801,2013-10-30,CON
14750669,62017682,2014-06-26,PRO
14750669,62091865,2014-12-15,PRO
14750672,62018218,2014-06-27,PRO
14750679,13448987,2012-04-17,CON
14750679,13691023,2012-11-30,DIV
14750679,14047755,2013-10-07,CON
14750679,PCT/JP2011/063993,2011-06-13,CON
14750680,13048033,2011-03-15,CON
14750681,PCT/JP2013/081763,2013-11-26,CON
14750682,61665090,2012-06-27,PRO
14750682,13920933,2013-06-18,CON
14750683,62016960,2014-06-25,PRO
14750689,62017756,2014-06-26,PRO
14750690,62017036,2014-06-25,PRO
14750693,62017170,2014-06-25,PRO
14750696,62020700,2014-07-03,PRO
14750696,62113862,2015-02-09,PRO
14750697,PCT/CN2013/087811,2013-11-26,CON
14750702,61180618,2009-05-22,PRO
14750702,61244643,2009-09-22,PRO
14750702,12650775,2009-12-31,CON
14750706,10950368,2004-09-24,DIV
14750706,13297431,2011-11-16,DIV
14750709,62032737,2014-08-04,PRO
14750709,14483083,2014-09-10,CON
14750709,14678558,2015-04-03,CON
14750709,14692518,2015-04-21,CON
14750711,13776591,2013-02-25,CON
14750713,62039626,2014-08-20,PRO
14750713,62093882,2014-12-18,PRO
14750713,62097328,2014-12-29,PRO
14750715,09589725,2000-06-08,CIP
14750715,09790349,2001-02-21,CON
14750715,10035734,2001-10-22,CON
14750715,10930306,2004-08-31,CON
14750715,11422514,2006-06-06,CON
14750715,12817680,2010-06-17,CON
14750715,13346204,2012-01-09,CON
14750715,13630225,2012-09-28,CON
14750715,13962677,2013-08-08,CON
14750716,61253583,2009-10-21,PRO
14750716,12909220,2010-10-21,CON
14750717,PCT/JP2013/006997,2013-11-28,CON
14750721,14042661,2013-09-30,CON
14750722,62018322,2014-06-27,PRO
14750728,14017028,2013-09-03,DIV
14750729,62018345,2014-06-27,PRO
14750732,11405976,2006-04-17,DIV
14750732,14149533,2014-01-07,DIV
14750732,14493197,2014-09-22,CON
14750733,60987312,2007-11-12,PRO
14750733,61049613,2008-05-01,PRO
14750733,12172654,2008-07-14,DIV
14750733,13303357,2011-11-23,REI
14750734,12636693,2009-12-11,CON
14750734,13595211,2012-08-27,CON
14750734,14221894,2014-03-21,CON
14750734,14656568,2015-03-12,CON
14750735,14042661,2013-09-30,CON
14750736,62018267,2014-06-27,PRO
14750743,62018250,2014-06-27,PRO
14750745,62018235,2014-06-27,PRO
14750749,13201203,2011-08-31,DIV
14750749,PCT/EP2010/051729,2010-02-11,NST
14750751,PCT/CN2013/078907,2013-07-05,CON
14750752,62039626,2014-08-20,PRO
14750752,62093882,2014-12-18,PRO
14750752,62097328,2014-12-29,PRO
14750754,61822493,2013-05-13,PRO
14750754,14057351,2013-10-18,CIP
14750754,14162244,2014-01-23,CIP
14750759,62018054,2014-06-27,PRO
14750765,12623268,2009-11-20,CON
14750767,PCT/CN2013/079402,2013-07-15,CON
14750768,PCT/CN2014/088206,2014-10-09,CON
14750769,61695160,2012-08-30,PRO
14750769,13969376,2013-08-16,CON
14750770,PCT/JP2013/084693,2013-12-25,CON
14750771,61556657,2011-11-07,PRO
14750771,13670249,2012-11-06,DIV
14750779,62039626,2014-08-20,PRO
14750779,62093882,2014-12-18,PRO
14750779,62097328,2014-12-29,PRO
14750780,61654696,2012-06-01,PRO
14750780,13907904,2013-06-01,DIV
14750781,12396340,2009-03-02,CON
14750781,13529772,2012-06-21,CIP
14750781,13622178,2012-09-18,CIP
14750781,61745489,2012-12-21,PRO
14750781,61745504,2012-12-21,PRO
14750781,61746069,2012-12-26,PRO
14750781,61746074,2012-12-26,PRO
14750781,61748018,2012-12-31,PRO
14750781,61792582,2013-03-15,PRO
14750781,61793952,2013-03-15,PRO
14750781,14029683,2013-09-17,CIP
14750781,14029716,2013-09-17,CIP
14750781,14099818,2013-12-06,CIP
14750781,14101245,2013-12-09,CIP
14750781,14101258,2013-12-09,CIP
14750781,14138040,2013-12-21,CIP
14750781,14138052,2013-12-21,CIP
14750781,14138058,2013-12-21,CIP
14750781,PCT/US2012/041739,2012-06-08,CON
14750781,PCT/US2012/041744,2012-06-08,CON
14750781,PCT/US2012/041749,2012-06-08,CON
14750781,PCT/US2013/078554,2013-12-31,CON
14750784,62017753,2014-06-26,PRO
14750786,62018171,2014-06-27,PRO
14750786,62020852,2014-07-03,PRO
14750786,62024902,2014-07-15,PRO
14750786,62087647,2014-12-04,PRO
14750786,62087743,2014-12-04,PRO
14750788,13189684,2011-07-25,DIV
14750790,12607268,2009-10-28,CON
14750790,13764386,2013-02-11,CON
14750791,14051776,2013-10-11,CON
14750792,14065406,2013-10-28,CON
14750793,62040761,2014-08-22,PRO
14750794,61756781,2013-01-25,PRO
14750794,14163822,2014-01-24,CON
14750797,62040739,2014-08-22,PRO
14750806,13255438,2011-09-08,CIP
14750806,PCT/CA2010/000316,2010-03-11,NST
14750811,13995778,2013-06-19,CON
14750813,62018267,2014-06-27,PRO
14750814,62018470,2014-06-27,PRO
14750817,12619323,2009-11-16,REI
14750818,62018298,2014-06-27,PRO
14750819,12619670,2009-11-16,CIP
14750819,29396206,2011-06-27,CIP
14750819,13335883,2011-12-22,CON
14750819,14138895,2013-12-23,CON
14750823,61959873,2013-09-04,PRO
14750823,14474228,2014-09-01,CIP
14750824,14327532,2014-07-09,CON
14750827,13363084,2012-01-31,CON
14750828,60672322,2005-04-18,PRO
14750828,60673566,2005-04-21,PRO
14750828,11263890,2005-11-01,CON
14750828,12273775,2008-11-19,CON
14750828,13244058,2011-09-23,CON
14750828,13649766,2012-10-11,CON
14750828,14057309,2013-10-18,CON
14750828,14261008,2014-04-24,CON
14750829,61462760,2011-02-08,PRO
14750829,13136657,2011-08-08,CON
14750829,14269619,2014-05-05,CON
14750835,PCT/CN2013/084861,2013-10-09,CON
14750836,61238903,2009-09-01,PRO
14750836,61308524,2010-02-26,PRO
14750836,61310952,2010-03-05,PRO
14750836,12872555,2010-08-31,CIP
14750836,61478091,2011-04-22,PRO
14750836,13451217,2012-04-19,REI
14750837,10111983,2003-02-26,DIV
14750837,13405213,2012-02-24,CON
14750837,PCT/IB2000/001661,2000-10-30,NST
14750838,62017084,2014-06-25,PRO
14750847,61180618,2009-05-22,PRO
14750847,61244643,2009-09-22,PRO
14750847,12650775,2009-12-31,CON
14750848,PCT/CN2013/090449,2013-12-25,CON
14750853,61179012,2009-05-18,PRO
14750853,PCT/US10/35270,2010-05-18,NST
14750853,13321331,2012-01-10,DIV
14750857,60928946,2007-05-11,PRO
14750857,12152109,2008-05-09,CON
14750857,13954614,2013-07-30,DIV
14750857,14682978,2015-04-09,CON
14750861,13686693,2012-11-27,DIV
14750867,13452338,2012-04-20,CON
14750869,62017754,2014-06-26,PRO
14750869,62021063,2014-07-04,PRO
14750870,13310431,2011-12-02,DIV
14750870,13740727,2013-01-14,CON
14750870,14137902,2013-12-20,CON
14750870,PCT/GB2010/051122,2010-07-07,CIP
14750870,PCT/GB2011/050019,2011-01-07,CIP
14750876,62018520,2014-06-27,CIP
14750876,62018520,2014-06-27,PRO
14750876,62018522,2014-06-27,PRO
14750876,14500954,2014-09-29,CIP
14750876,14500960,2014-09-29,CIP
14750876,14500968,2014-09-29,CIP
14750876,14500984,2014-09-29,CIP
14750876,14500998,2014-09-29,CIP
14750876,62062818,2014-10-10,PRO
14750877,61587420,2012-01-17,PRO
14750877,13371076,2012-02-10,CIP
14750877,13742865,2013-01-16,CON
14750879,61238903,2009-09-01,PRO
14750879,61308524,2010-02-26,PRO
14750879,61310952,2010-03-05,PRO
14750879,12872555,2010-08-31,CIP
14750879,61478091,2011-04-22,PRO
14750879,13451217,2012-04-19,DIV
14750879,14143948,2013-12-30,REI
14750881,61240578,2009-09-08,PRO
14750881,61359265,2010-06-28,PRO
14750881,12876840,2010-09-07,CON
14750881,14088844,2013-11-25,CON
14750881,14739976,2015-06-15,CON
14750882,PCT/CN2013/084014,2013-09-23,CON
14750885,62018296,2014-06-27,PRO
14750885,62080068,2014-11-14,PRO
14750887,PCT/CN2013/084860,2013-10-09,CON
14750890,61695263,2012-08-30,PRO
14750890,13607544,2012-09-07,DIV
14750893,PCT/CN2013/090393,2013-12-25,CON
14750897,14110131,2013-10-04,DIV
14750897,PCT/JP2012/059040,2012-04-03,NST
14750898,13141674,2011-12-13,DIV
14750898,PCT/NL2009/050791,2009-12-22,NST
14750904,13309995,2011-12-02,CON
14750908,PCT/JP2013/084541,2013-12-24,CON
14750909,13293805,2011-11-10,REI
14750909,PCT/CA2011/000595,2011-05-19,CON
14750919,13502678,2012-04-18,CON
14750919,14292502,2014-05-30,DIV
14750919,PCT/JP2010/068150,2010-10-15,NST
14750924,62018399,2014-06-27,PRO
14750928,62017788,2014-06-26,PRO
14750930,13115861,2011-05-25,CON
14750933,12006566,2008-01-03,DIV
14750933,13757445,2013-02-01,CON
14750935,62019239,2014-06-30,PRO
14750935,62041527,2014-08-25,PRO
14750939,62018403,2014-06-27,PRO
14750941,12809952,2012-02-21,CON
14750941,14557316,2014-12-01,DIV
14750941,PCT/US2008/013913,2008-12-19,NST
14750942,PCT/AU2014/000006,2014-01-08,CON
14750948,13751408,2013-01-28,CIP
14750949,14192713,2014-02-27,CIP
14750949,62016750,2014-06-25,PRO
14750949,62016765,2014-06-25,PRO
14750950,13494536,2012-06-12,CIP
14750950,13494654,2012-06-12,CIP
14750950,13528298,2012-06-20,CIP
14750950,13528331,2012-06-20,CIP
14750950,13535855,2012-06-28,CIP
14750950,13535902,2012-06-28,CIP
14750950,13548633,2012-07-13,CIP
14750950,13548671,2012-07-13,CIP
14750950,13554194,2012-07-20,CIP
14750950,13554237,2012-07-20,CIP
14750950,13560447,2012-07-27,CIP
14750950,13560477,2012-07-27,CIP
14750950,13590774,2012-08-21,CIP
14750951,62018409,2014-06-27,PRO
14750952,12624253,2009-11-23,CON
14750952,13470192,2012-05-11,CON
14750952,13774787,2013-02-22,CON
14750952,14268917,2014-05-02,CON
14750953,13464587,2012-05-04,DIV
14750956,60999603,2007-10-17,PRO
14750956,61133935,2008-07-07,PRO
14750956,12253926,2008-10-17,CIP
14750956,12499075,2009-07-07,CIP
14750956,13007595,2011-01-14,CIP
14750956,61696770,2012-09-04,PRO
14750956,13844464,2013-03-15,CON
14750958,62016826,2014-06-25,PRO
14750962,62016726,2014-06-25,PRO
14750965,12266461,2008-11-06,REI
14750968,62017669,2014-06-26,PRO
14750968,62017673,2014-06-26,PRO
14750970,12935246,2010-09-28,DIV
14750970,PCT/JP2009/056559,2009-03-30,NST
14750977,62017119,2014-06-25,PRO
14750979,13985548,2013-08-14,DIV
14750979,PCT/US2012/025044,2012-02-14,NST
14750980,PCT/CN2013/088920,2013-12-10,CON
14750981,61939782,2014-02-14,PRO
14750981,14622360,2015-02-13,CON
14750984,62017669,2014-06-26,PRO
14750984,62017673,2014-06-26,PRO
14750990,62016971,2014-06-25,PRO
14750994,14568639,2014-12-12,CON
14750995,61049405,2008-04-30,PRO
14750995,61073674,2008-06-18,PRO
14750995,61139453,2008-12-19,PRO
14750995,12417900,2009-04-03,CON
14750995,13902246,2013-05-24,CON
14750995,14333675,2014-07-17,CON
14750998,61569169,2011-12-09,PRO
14750998,13659699,2012-10-24,CON
14750998,61969043,2014-03-21,PRO
14750998,14296298,2014-06-04,CIP
14750998,14666244,2015-03-23,CON
14751002,62016970,2014-06-25,PRO
14751003,62017670,2014-06-26,PRO
14751004,62024523,2014-07-15,PRO
14751007,62017201,2014-06-25,PRO
14751008,PCT/JP2013/084531,2013-12-24,CON
14751011,14027372,2013-09-16,DIV
14751013,60674622,2005-04-25,PRO
14751013,11380199,2006-04-25,CON
14751013,12127011,2008-05-27,CON
14751013,12236636,2008-09-24,CIP
14751013,12711236,2010-02-23,CON
14751013,13608881,2012-09-10,CIP
14751013,13831860,2013-03-15,CON
14751016,PCT/CN2013/088159,2013-11-29,CON
14751017,62016650,2014-06-25,PRO
14751025,62016983,2014-06-25,PRO
14751026,10397054,2003-03-25,CIP
14751026,10954025,2004-09-29,CIP
14751026,11274760,2005-11-15,CON
14751026,11777874,2007-07-13,CON
14751026,13037200,2011-02-28,CON
14751026,13469443,2012-05-11,CON
14751026,13801955,2013-03-13,CON
14751026,14464652,2014-08-20,CON
14751026,14720080,2015-05-22,CIP
14751029,61609142,2012-03-09,PRO
14751029,13754773,2013-01-30,DIV
14751037,61616322,2012-03-27,PRO
14751037,13831219,2013-03-14,CON
14751040,12951116,2010-11-22,CON
14751040,14150912,2014-01-09,CON
14751041,61349619,2010-05-28,PRO
14751041,13117119,2011-05-26,CON
14751041,14341820,2014-07-27,CON
14751043,62017150,2014-06-25,PRO
14751045,61998333,2014-06-25,PRO
14751049,61349619,2010-05-28,PRO
14751049,13117119,2011-05-26,CIP
14751049,61615884,2012-03-26,PRO
14751049,13430690,2012-03-27,CON
14751051,PCT/GB2014/050993,2014-03-28,CON
14751053,62017172,2014-06-25,PRO
14751055,61781598,2013-03-14,PRO
14751055,61818382,2013-05-01,PRO
14751055,61818386,2013-05-01,PRO
14751055,61822002,2013-05-10,PRO
14751055,61832690,2013-06-07,PRO
14751055,61845714,2013-07-12,PRO
14751055,61858767,2013-07-26,PRO
14751055,61859661,2013-07-29,PRO
14751055,61865743,2013-08-14,PRO
14751055,61883804,2013-09-27,PRO
14751055,61899712,2013-11-04,PRO
14751055,61900311,2013-11-05,PRO
14751055,61902723,2013-11-11,PRO
14751055,61903232,2013-11-12,PRO
14751055,61906211,2013-11-19,PRO
14751055,61906335,2013-11-19,PRO
14751055,61907216,2013-11-21,PRO
14751055,61907777,2013-11-22,PRO
14751055,14206319,2014-03-12,CON
14751066,62016650,2014-06-25,PRO
14751068,PCT/JP2013/084530,2013-12-24,CON
14751076,14314662,2014-06-25,CIP
14751076,62025589,2014-07-17,PRO
14751076,14498478,2014-09-26,CIP
14751076,14499001,2014-09-26,CIP
14751076,14499090,2014-09-27,CIP
14751080,62018480,2014-06-27,PRO
14751085,62017143,2014-06-25,PRO
14751086,62017217,2014-06-25,PRO
14751088,61781598,2013-03-14,PRO
14751088,61818382,2013-05-01,PRO
14751088,61818386,2013-05-01,PRO
14751088,61822002,2013-05-10,PRO
14751088,61832690,2013-06-07,PRO
14751088,61845714,2013-07-12,PRO
14751088,61858767,2013-07-26,PRO
14751088,61859661,2013-07-29,PRO
14751088,61865743,2013-08-14,PRO
14751088,61883804,2013-09-27,PRO
14751088,61899712,2013-11-04,PRO
14751088,61900311,2013-11-05,PRO
14751088,61902723,2013-11-11,PRO
14751088,61903232,2013-11-12,PRO
14751088,61906211,2013-11-19,PRO
14751088,61906335,2013-11-19,PRO
14751088,61907216,2013-11-21,PRO
14751088,61907777,2013-11-22,PRO
14751088,14206319,2014-03-12,CON
14751093,13754816,2013-01-30,CON
14751093,14102234,2013-12-10,CON
14751094,62017236,2014-06-25,PRO
14751097,14022104,2013-09-09,CON
14751100,13723965,2012-12-21,CON
14751102,62014661,2014-06-19,PRO
14751102,62022179,2014-07-08,PRO
14751102,62042580,2014-08-27,PRO
14751102,62042610,2014-08-27,PRO
14751102,62042629,2014-08-27,PRO
14751102,62054951,2014-09-24,PRO
14751102,62054952,2014-09-24,PRO
14751102,62054956,2014-09-24,PRO
14751102,62054960,2014-09-24,PRO
14751102,62054963,2014-09-24,PRO
14751102,62054964,2014-09-24,PRO
14751102,62075819,2014-11-05,PRO
14751102,14744997,2015-06-19,CON
14751104,13096168,2011-04-28,CIP
14751104,14022213,2013-09-09,DIV
14751106,62017101,2014-06-25,PRO
14751108,62016741,2014-06-25,PRO
14751110,12934065,2010-09-22,CON
14751110,13975250,2013-08-23,CON
14751110,PCT/IB2009/051611,2009-04-18,NST
14751119,14099329,2013-12-06,CON
14751120,61612823,2012-03-19,PRO
14751120,61614760,2012-03-23,PRO
14751120,13847464,2013-03-19,DIV
14751121,62017243,2014-06-25,PRO
14751125,PCT/CN2013/084417,2013-09-27,CON
14751133,PCT/CN2013/084364,2013-09-26,CON
14751137,62028799,2014-07-24,PRO
14751141,62017831,2014-06-26,PRO
14751146,62029767,2014-07-28,PRO
14751151,13332480,2011-12-21,CON
14751152,12687892,2010-01-15,CON
14751152,13339373,2011-12-29,CON
14751152,14474315,2014-09-02,CIP
14751165,62020413,2014-07-03,PRO
14751167,61810400,2013-04-10,PRO
14751167,14249617,2014-04-10,CON
14751170,13161514,2011-06-16,DIV
14751172,13040462,2011-03-04,CON
14751183,PCT/JP2014/061130,2014-04-21,CON
14751185,13211342,2011-08-17,DIV
14751185,PCT/NL2010/000025,2010-02-12,CON
14751186,62020018,2014-07-02,PRO
14751188,13211342,2011-08-17,DIV
14751188,PCT/NL2010/000025,2010-02-12,CON
14751199,PCT/JP2013/085251,2013-12-27,CON
14751202,61569457,2011-12-12,PRO
14751202,13693453,2012-12-04,CIP
14751202,62017403,2014-06-26,PRO
14751204,PCT/US2013/077910,2013-12-27,CON
14751206,PCT/JP2013/084882,2013-12-26,CON
14751207,61312843,2010-03-11,PRO
14751207,13044723,2011-03-10,DIV
14751209,61495724,2011-06-10,PRO
14751209,13492016,2012-06-08,CON
14751211,61998400,2014-06-27,PRO
14751218,61705803,2012-09-26,PRO
14751218,14030074,2013-09-18,CON
14751218,14644761,2015-03-11,CON
14751219,62025143,2014-07-16,PRO
14751221,13838060,2013-03-15,CON
14751221,14513512,2014-10-14,CON
14751224,60963616,2007-08-06,PRO
14751224,12221646,2008-08-05,CON
14751225,12659196,2010-02-26,DIV
14751225,13625940,2012-09-25,CON
14751225,14311382,2014-06-23,CON
14751229,13912794,2013-06-07,CIP
14751235,61815223,2013-04-23,PRO
14751235,14260273,2014-04-23,CON
14751238,12704885,2010-02-12,CON
14751242,61122592,2008-12-15,PRO
14751242,12638656,2009-12-15,CON
14751242,61557073,2011-11-08,PRO
14751242,13672227,2012-11-08,DIV
14751243,13317176,2011-10-12,CON
14751243,14025144,2013-09-12,CON
14751243,14471208,2014-08-28,CON
14751245,PCT/JP2014/053246,2014-02-13,CON
14751248,62018922,2014-06-30,PRO
14751257,62020262,2014-07-02,PRO
14751260,62018336,2014-06-27,PRO
14751261,PCT/JP2013/085175,2013-12-27,CON
14751266,61163594,2009-03-26,PRO
14751266,PCT/US10/28401,2010-03-24,NST
14751266,13256998,2012-01-25,DIV
14751267,61718816,2012-10-26,PRO
14751267,61814558,2013-04-22,PRO
14751267,14036040,2013-09-25,CIP
14751268,12549853,2009-08-28,CON
14751270,62017521,2014-06-26,PRO
14751271,13686075,2012-11-27,CON
14751273,61789837,2013-03-15,PRO
14751273,14210704,2014-03-14,DIV
14751274,62020506,2014-07-03,PRO
14751281,13272283,2011-10-13,CON
14751281,14257062,2014-04-21,CON
14751283,14163033,2014-01-24,CON
14751284,61815223,2013-04-23,PRO
14751284,14260260,2014-04-23,CON
14751285,62018052,2014-06-27,PRO
14751288,62018049,2014-06-27,PRO
14751295,60444851,2003-02-04,PRO
14751295,PCT/US03/15658,2003-05-19,NST
14751295,10514759,2005-08-08,DIV
14751295,12836277,2010-07-14,DIV
14751295,14109675,2013-12-17,CON
14751302,10589543,2006-10-31,CON
14751302,13164069,2011-06-20,CON
14751302,13614329,2012-09-13,CON
14751302,14328163,2014-07-10,CON
14751302,PCT/US2005/005254,2005-02-18,NST
14751304,60405459,2002-08-23,PRO
14751304,10648630,2003-08-25,CON
14751304,12776337,2010-05-07,CON
14751304,13776266,2013-02-25,CON
14751307,13220737,2011-08-30,DIV
14751308,61561613,2011-11-18,PRO
14751308,61596487,2012-02-08,PRO
14751308,61718491,2012-10-25,PRO
14751308,13679695,2012-11-16,CON
14751312,10802634,2004-03-17,CON
14751312,11243032,2005-10-04,CON
14751312,11560031,2006-11-15,CON
14751312,11744006,2007-05-03,CON
14751312,12619076,2009-11-16,CON
14751312,13949101,2013-07-23,CON
14751313,62017749,2014-06-26,PRO
14751321,PCT/JP2013/085126,2013-12-27,CON
14751323,61877779,2013-09-13,PRO
14751323,14486899,2014-09-15,CON
14751324,62018255,2014-06-27,PRO
14751324,62096164,2014-12-23,PRO
14751333,PCT/JP2013/084589,2013-12-25,CON
14751334,61161996,2009-03-20,PRO
14751334,61162111,2009-03-20,PRO
14751334,12727459,2010-03-19,DIV
14751335,62017695,2014-06-26,PRO
14751338,61641492,2012-05-02,PRO
14751338,13764920,2013-02-12,DIV
14751346,62022958,2014-07-10,PRO
14751347,62017782,2014-06-26,PRO
14751347,62023107,2014-07-10,PRO
14751347,62023138,2014-07-10,PRO
14751347,62035237,2014-08-08,PRO
14751349,62018462,2014-06-27,PRO
14751351,10492140,2004-04-06,REI
14751351,12903760,2010-10-13,CON
14751351,13653024,2012-10-16,CON
14751351,14326697,2014-07-09,CON
14751351,PCT/JP02/10463,2002-10-09,NST
14751356,12507629,2009-07-22,CON
14751356,PCT/CN2008/071216,2008-06-06,CON
14751357,61325790,2010-04-19,PRO
14751357,13090172,2011-04-19,DIV
14751359,14087080,2013-11-22,CON
14751359,PCT/CN2011/074508,2011-05-23,CON
14751363,12954866,2010-11-27,CON
14751368,PCT/CN2013/084257,2013-09-26,CON
14751370,62026280,2014-07-18,PRO
14751371,62017388,2014-06-26,PRO
14751373,PCT/CN2013/080882,2013-08-06,CON
14751374,13830219,2013-03-14,CON
14751375,62018094,2014-06-27,PRO
14751377,62021979,2014-07-08,PRO
14751379,61560371,2011-11-16,PRO
14751379,13678885,2012-11-16,CON
14751381,60871190,2006-12-21,PRO
14751381,60985542,2007-11-05,PRO
14751381,11958720,2007-12-18,CON
14751381,12771661,2010-04-30,CON
14751381,13359008,2012-01-26,CON
14751381,14078918,2013-11-13,CON
14751383,62018094,2014-06-27,PRO
14751389,61599020,2012-02-15,PRO
14751389,13767581,2013-02-14,DIV
14751389,14592175,2015-01-08,DIV
14751394,PCT/CN2012/087592,2012-12-26,CON
14751395,61815223,2013-04-23,PRO
14751395,14260270,2014-04-23,CON
14751397,10887642,2004-07-09,DIV
14751397,12334886,2008-12-15,DIV
14751397,13102382,2011-05-06,DIV
14751397,13777236,2013-02-26,DIV
14751397,14191576,2014-02-27,DIV
14751399,14051071,2013-10-10,CIP
14751399,14051089,2013-10-10,CIP
14751399,14270534,2014-05-06,CIP
14751399,14455279,2014-08-08,CIP
14751399,14455297,2014-08-08,CIP
14751402,62018936,2014-06-30,PRO
14751403,60945524,2007-06-21,PRO
14751403,PCT/US08/67742,2008-06-20,NST
14751403,12664995,2010-06-21,DIV
14751403,14079489,2013-11-13,CON
14751416,60953178,2007-07-31,PRO
14751416,12183656,2008-07-31,DIV
14751418,61026273,2008-02-05,PRO
14751418,PCT/US09/30570,2009-01-09,NST
14751418,12866079,2010-11-03,DIV
14751418,13603818,2012-09-05,CON
14751418,14189501,2014-02-25,CON
14751420,62018264,2014-06-27,PRO
14751425,09176022,1998-10-21,CIP
14751425,09293095,1999-04-16,CON
14751425,10330219,2002-12-30,CON
14751425,11020547,2004-12-27,DIV
14751425,11355167,2006-02-16,CON
14751425,12059333,2008-03-31,CON
14751425,13040570,2011-03-04,CON
14751425,13428816,2012-03-23,CON
14751425,14085008,2013-11-20,CON
14751425,14632338,2015-02-26,CON
14751428,PCT/JP2014/075354,2014-09-25,CON
14751431,13885537,2013-05-15,DIV
14751431,PCT/US2011/060996,2011-11-16,NST
14751435,61776733,2013-03-11,PRO
14751435,61800746,2013-03-15,PRO
14751435,14205329,2014-03-11,CIP
14751437,61746069,2012-12-26,PRO
14751437,61746074,2012-12-26,PRO
14751437,61748018,2012-12-31,PRO
14751437,61792582,2013-03-15,PRO
14751437,61793952,2013-03-15,PRO
14751437,14099818,2013-12-06,CIP
14751437,14101245,2013-12-09,CIP
14751437,14101258,2013-12-09,CIP
14751437,14138040,2013-12-21,CIP
14751437,14138052,2013-12-21,CIP
14751437,14138058,2013-12-21,CIP
14751437,PCT/US2012/041739,2012-06-08,CON
14751437,PCT/US2012/041744,2012-06-08,CON
14751437,PCT/US2012/041749,2012-06-08,CON
14751437,PCT/US2013/077696,2013-12-24,CON
14751438,61057797,2008-05-30,PRO
14751438,61057798,2008-05-30,PRO
14751438,61057800,2008-05-30,PRO
14751438,61057802,2008-05-30,PRO
14751438,61057803,2008-05-30,PRO
14751438,61057805,2008-05-30,PRO
14751438,61057807,2008-05-30,PRO
14751438,61057808,2008-05-30,PRO
14751438,61057810,2008-05-30,PRO
14751438,61121362,2008-12-10,PRO
14751438,61144067,2009-01-12,PRO
14751438,12475328,2009-05-29,DIV
14751438,13769127,2013-02-15,CON
14751440,PCT/JP2013/083461,2013-12-13,CON
14751442,61835897,2013-06-17,PRO
14751442,61921845,2013-12-30,PRO
14751442,14307267,2014-06-17,CON
14751442,14448823,2014-07-31,CON
14751445,62017402,2014-06-26,PRO
14751447,PCT/JP2013/074951,2013-09-13,CON
14751452,13885537,2013-05-15,DIV
14751452,PCT/US2011/060996,2011-11-16,NST
14751457,62017420,2014-06-26,PRO
14751458,62017569,2014-06-26,PRO
14751459,62034941,2014-08-08,PRO
14751463,62017658,2014-06-26,PRO
14751464,13780496,2013-02-28,CON
14751465,62017782,2014-06-26,PRO
14751465,62023107,2014-07-10,PRO
14751465,62023138,2014-07-10,PRO
14751465,62035237,2014-08-08,PRO
14751474,61722012,2012-11-02,PRO
14751474,14068933,2013-10-31,DIV
14751474,14618474,2015-02-10,CON
14751476,62019328,2014-06-30,PRO
14751476,62024345,2014-07-14,PRO
14751479,14238622,2014-02-12,CON
14751479,PCT/IB2011/001878,2011-08-15,NST
14751481,61748231,2013-01-02,PRO
14751481,PCT/US2014/010045,2014-01-02,CON
14751483,62020312,2014-07-02,PRO
14751490,PCT/JP2013/050340,2013-01-10,CON
14751491,PCT/JP2013/083878,2013-12-18,CON
14751492,13578017,2012-08-09,CON
14751492,14456562,2014-08-11,CON
14751492,PCT/EP2011/054735,2011-03-28,NST
14751493,14035060,2013-09-24,CON
14751493,14046069,2013-10-04,CON
14751493,14532122,2014-11-04,CON
14751510,13804742,2013-03-14,CIP
14751511,PCT/JP2014/051139,2014-01-21,CON
14751518,61157505,2009-03-04,PRO
14751518,12646865,2009-12-23,CON
14751522,62017960,2014-06-27,PRO
14751527,60961173,2007-07-18,PRO
14751527,11932782,2007-10-31,CIP
14751527,12176320,2008-07-18,CON
14751527,13531419,2012-06-22,CON
14751527,PCT/US2007/001653,2007-01-19,CON
14751529,10530578,2008-11-24,REI
14751529,14162456,2014-01-23,CON
14751529,PCT/US2005/008291,2005-03-11,NST
14751530,14004486,2014-01-21,CON
14751530,14479805,2014-09-08,CON
14751530,PCT/GB2012/050545,2012-03-13,NST
14751532,13410901,2012-03-02,CON
14751532,14141898,2013-12-27,CON
14751533,13808880,2013-01-07,CON
14751533,PCT/KR2011/005273,2011-07-18,NST
14751535,14320961,2014-07-01,CON
14751536,62017782,2014-06-26,PRO
14751536,62023107,2014-07-10,PRO
14751536,62023138,2014-07-10,PRO
14751536,62035237,2014-08-08,PRO
14751542,14035060,2013-09-24,CON
14751542,14046069,2013-10-04,CON
14751542,14532122,2014-11-04,CON
14751545,14336147,2014-07-21,CIP
14751548,12842680,2010-07-23,CON
14751548,13964734,2013-08-12,CON
14751554,62017989,2014-06-27,PRO
14751556,12584165,2009-08-31,CIP
14751556,12590352,2009-11-05,CIP
14751556,13606391,2012-09-07,CON
14751556,14246315,2014-04-07,CON
14751558,62018377,2014-06-27,PRO
14751562,12397837,2009-03-04,DIV
14751562,14141064,2013-12-26,DIV
14751564,62018819,2014-06-30,PRO
14751568,12995778,2011-02-02,CON
14751568,14145621,2013-12-31,CON
14751568,PCT/GB2009/001421,2009-06-05,NST
14751570,13901243,2013-05-23,CIP
14751570,61883097,2013-09-26,PRO
14751570,61902469,2013-11-11,PRO
14751570,61948187,2014-03-05,PRO
14751570,14496645,2014-09-25,CON
14751570,14538008,2014-11-11,CON
14751570,14638411,2015-03-04,CIP
14751574,10846850,2004-05-14,CIP
14751574,10894433,2004-07-19,CIP
14751574,11089949,2005-03-25,CIP
14751574,11255663,2005-10-21,CON
14751574,13210097,2011-08-15,CON
14751586,62019119,2014-06-30,PRO
14751590,61441210,2011-02-09,PRO
14751590,13370177,2012-02-09,CON
14751592,11557583,2006-11-08,CON
14751592,14094768,2013-12-02,CON
14751595,PCT/JP2013/006789,2013-11-19,CON
14751597,62017990,2014-06-27,PRO
14751602,62031482,2014-07-31,PRO
14751609,12209769,2008-09-12,CON
14751609,13749755,2013-01-25,CON
14751615,13462124,2012-05-02,CON
14751618,62036264,2014-08-12,PRO
14751619,PCT/RU2013/000104,2013-11-14,CON
14751620,61998361,2014-06-26,CON
14751621,62018205,2014-06-27,PRO
14751623,09923760,2001-08-07,CON
14751623,11645095,2006-12-21,CON
14751623,12984948,2011-02-04,CON
14751629,14320961,2014-07-01,CON
14751631,62018440,2014-06-27,PRO
14751634,13635064,2012-09-14,DIV
14751634,PCT/EP2011/001274,2011-03-15,NST
14751636,12945734,2010-11-12,CON
14751637,61492115,2011-06-01,PRO
14751637,13485016,2012-05-31,CON
14751639,61835965,2013-06-17,PRO
14751639,14306303,2014-06-17,CON
14751646,14035060,2013-09-24,CON
14751646,14046069,2013-10-04,CON
14751646,14532122,2014-11-04,CON
14751651,13663763,2012-10-30,DIV
14751658,10516937,2004-12-14,CON
14751658,12417284,2009-04-02,CON
14751658,12541400,2009-08-14,CON
14751658,13010150,2011-01-20,CON
14751658,13433577,2012-03-29,CON
14751658,13770199,2013-02-19,CON
14751658,PCT/JP03/09011,2003-07-16,NST
14751659,61705769,2012-09-26,PRO
14751659,13790329,2013-03-08,CIP
14751659,PCT/US13/61133,2013-09-23,CON
14751659,14091548,2013-11-27,CON
14751659,14249656,2014-04-10,CON
14751661,62021072,2014-07-04,PRO
14751661,62060128,2014-10-06,PRO
14751661,14750424,2015-06-25,CIP
14751665,62017317,2014-06-26,PRO
14751668,13857364,2013-04-05,CON
14751669,PCT/JP2013/085328,2013-12-25,CON
14751671,62038548,2014-08-18,PRO
14751672,61655951,2012-06-05,PRO
14751672,13906211,2013-05-30,CON
14751676,PCT/JP2014/057449,2014-03-19,CON
14751677,60981735,2007-10-22,PRO
14751677,12288593,2008-10-22,DIV
14751677,13309986,2011-12-02,CON
14751677,13691485,2012-11-30,CON
14751677,14106651,2013-12-13,CON
14751679,61090730,2008-08-21,PRO
14751679,12534903,2009-08-04,DIV
14751685,13663763,2012-10-30,DIV
14751687,14202521,2014-03-10,DIV
14751688,12955275,2010-11-29,DIV
14751688,PCT/US2009/045668,2009-05-29,CON
14751691,12569567,2009-09-29,CIP
14751693,62018055,2014-06-27,PRO
14751695,11757336,2007-06-01,CON
14751696,12416967,2009-04-02,CON
14751700,62018075,2014-06-27,PRO
14751704,62019762,2014-07-01,PRO
14751704,62148920,2015-04-17,PRO
14751705,14448645,2014-07-31,CIP
14751706,14035060,2013-09-24,CON
14751706,14046069,2013-10-04,CON
14751706,14532122,2014-11-04,CON
14751709,11960537,2007-12-19,CON
14751710,14320961,2014-07-01,CON
14751711,13593642,2012-08-24,CIP
14751713,12275745,2008-11-21,DIV
14751715,62018011,2014-06-27,PRO
14751716,62018140,2014-06-27,PRO
14751724,61509686,2011-07-20,PRO
14751724,13540673,2012-07-03,CON
14751727,62017782,2014-06-26,PRO
14751727,62023107,2014-07-10,PRO
14751727,62023138,2014-07-10,PRO
14751727,62035237,2014-08-08,PRO
14751728,62021756,2014-07-08,PRO
14751731,13054951,2011-01-20,CON
14751731,PCT/JP2009/062884,2009-07-16,NST
14751734,62031586,2014-07-31,PRO
14751735,62018709,2014-06-30,PRO
14751739,61151689,2009-02-11,PRO
14751739,12704117,2010-02-11,CON
14751739,13353950,2012-01-19,CON
14751741,61668268,2012-07-05,PRO
14751741,13933601,2013-07-02,CON
14751745,62017782,2014-06-26,PRO
14751745,62023107,2014-07-10,PRO
14751745,62023138,2014-07-10,PRO
14751745,62035237,2014-08-08,PRO
14751746,62018921,2014-06-30,PRO
14751747,13700029,2013-01-30,DIV
14751747,PCT/IB2011/052281,2011-05-25,NST
14751748,13484424,2012-05-31,CON
14751755,PCT/CN2012/087652,2012-12-27,CON
14751757,62021756,2014-07-08,PRO
14751761,14035060,2013-09-24,CON
14751761,14046069,2013-10-04,CON
14751761,14532122,2014-11-04,CON
14751767,62017503,2014-06-26,PRO
14751767,62087876,2014-12-05,PRO
14751769,61501322,2011-06-27,PRO
14751769,13534428,2012-06-27,DIV
14751770,14001180,2013-12-02,CON
14751770,PCT/EP2012/070219,2012-10-11,NST
14751771,PCT/JP2013/083726,2013-12-17,CON
14751772,62017721,2014-06-26,PRO
14751774,62018736,2014-06-30,PRO
14751774,62018751,2014-06-30,PRO
14751775,PCT/CN2012/088073,2012-12-31,CON
14751777,PCT/US2013/077410,2013-12-23,CIP
14751778,13492008,2012-06-08,DIV
14751779,61579385,2011-12-22,PRO
14751779,61589528,2012-01-23,PRO
14751779,13721125,2012-12-20,CON
14751780,12710829,2010-02-23,DIV
14751780,13706527,2012-12-06,CON
14751780,14285109,2014-05-22,CON
14751782,62019568,2014-07-01,PRO
14751786,62017330,2014-06-26,PRO
14751789,PCT/JP2013/084764,2013-12-25,CON
14751790,10415182,2003-10-14,CON
14751790,11434203,2006-05-16,DIV
14751790,13598657,2012-08-30,CON
14751790,14615108,2015-02-05,CON
14751790,PCT/GB2001/004789,2001-10-29,NST
14751794,PCT/US2015/026478,2015-04-17,CON
14751798,62018980,2014-06-30,PRO
14751807,62017582,2014-06-26,PRO
14751807,62017627,2014-06-26,PRO
14751809,13817518,2013-02-18,DIV
14751809,PCT/US2011/048387,2011-08-19,NST
14751811,13522534,2012-07-17,DIV
14751813,12692329,2010-01-22,CON
14751814,PCT/JP2014/061233,2014-04-22,CON
14751815,13834900,2013-03-15,CON
14751817,61621665,2012-04-09,PRO
14751817,13665562,2012-10-31,CON
14751827,62038449,2014-08-18,PRO
14751829,13587459,2012-08-16,CON
14751830,62024269,2014-07-14,PRO
14751833,60794625,2006-04-24,PRO
14751833,60796845,2006-05-02,PRO
14751833,11788371,2007-04-18,CIP
14751833,11789446,2007-04-23,CIP
14751835,62017423,2014-06-26,PRO
14751835,62017701,2014-06-26,PRO
14751838,13545050,2012-07-10,DIV
14751839,62017461,2014-06-26,PRO
14751844,13790356,2013-03-08,CIP
14751844,14199004,2014-03-06,CON
14751848,62018533,2014-06-28,PRO
14751849,60749071,2005-12-09,PRO
14751849,11636001,2006-12-08,CON
14751849,13326180,2011-12-14,CON
14751860,62017506,2014-06-26,PRO
14751864,61440699,2011-02-08,PRO
14751864,61510276,2011-07-21,PRO
14751864,13368965,2012-02-08,CON
14751865,13230196,2011-09-12,CON
14751871,13729261,2012-12-28,DIV
14751873,62033406,2014-08-05,PRO
14751876,11364514,2006-02-28,CON
14751878,62017337,2014-06-26,PRO
14751879,14320961,2014-07-01,CON
14751884,61035697,2008-03-11,PRO
14751884,12402486,2009-03-11,CON
14751885,62017624,2014-06-26,PRO
14751898,PCT/JP2013/084753,2013-12-25,CON
14751903,PCT/JP2013/006712,2013-11-15,CON
14751904,62017874,2014-06-27,PRO
14751905,62017881,2014-06-27,PRO
14751905,62076995,2014-11-07,PRO
14751907,62017718,2014-06-26,PRO
14751912,10542702,2006-03-24,REI
14751912,PCT/AU2004/000065,2006-03-24,NST
14751913,60677951,2005-05-04,PRO
14751913,11381692,2006-05-04,CON
14751913,11612221,2006-12-18,CON
14751913,12426470,2009-04-20,CON
14751913,13894971,2013-05-15,CON
14751916,62022832,2014-07-10,PRO
14751917,62018065,2014-06-27,PRO
14751918,61724694,2012-11-09,PRO
14751918,14075449,2013-11-08,DIV
14751921,60749071,2005-12-09,PRO
14751921,11636001,2006-12-08,CON
14751921,13326180,2011-12-14,CON
14751923,PCT/JP2014/061889,2014-04-28,CON
14751925,13319924,2012-01-09,CON
14751925,14297149,2014-06-05,CON
14751925,PCT/US2010/034773,2010-05-13,NST
14751938,62017902,2014-06-27,PRO
14751939,12508669,2009-07-24,DIV
14751940,62019396,2014-06-30,PRO
14751940,62019742,2014-07-01,PRO
14751942,61724694,2012-11-09,PRO
14751942,14075449,2013-11-08,DIV
14751943,62018459,2014-06-27,PRO
14751943,62101524,2015-01-09,PRO
14751948,61847237,2013-07-17,PRO
14751948,61859874,2013-07-30,PRO
14751948,61867298,2013-08-19,PRO
14751948,61900473,2013-11-06,PRO
14751948,14146315,2014-01-02,CON
14751951,61308728,2010-02-26,PRO
14751951,13036340,2011-02-28,DIV
14751951,13763964,2013-02-11,CON
14751956,62021072,2014-07-04,PRO
14751956,62060128,2014-10-06,PRO
14751960,62018118,2014-06-27,PRO
14751962,62018414,2014-06-27,PRO
14751964,62020125,2014-07-02,PRO
14751967,60749071,2005-12-09,PRO
14751967,11636001,2006-12-08,CON
14751967,13326180,2011-12-14,CON
14751968,13811977,2013-03-21,CON
14751968,PCT/EP2011/062618,2011-07-22,NST
14751971,13532608,2012-06-25,CON
14751981,PCT/JP2013/084629,2013-12-25,CON
14751983,PCT/JP2014/066181,2014-06-18,CON
14751986,62017572,2014-06-26,PRO
14751990,10542889,2005-11-18,REI
14751990,PCT/AU2004/000064,2005-11-18,NST
14751994,62017638,2014-06-26,PRO
14751997,62020645,2014-07-03,PRO
14751999,13213409,2011-08-19,CON
14752000,62019138,2014-06-30,PRO
14752003,60436913,2002-12-27,PRO
14752003,10739769,2003-12-18,CON
14752006,12645201,2009-12-22,CON
14752006,14079976,2013-11-14,CON
14752008,13530808,2012-06-22,DIV
14752009,61658584,2012-06-12,PRO
14752009,13783719,2013-03-04,CON
14752010,61234775,2009-08-18,PRO
14752010,12859222,2010-08-18,CON
14752016,12502416,2009-07-14,DIV
14752017,PCT/JP2013/007479,2013-12-19,CON
14752020,11652411,2007-01-10,CON
14752020,13616049,2012-09-14,CON
14752022,10205688,2002-07-26,CON
14752022,13736707,2013-01-08,CON
14752023,61419661,2010-12-03,PRO
14752023,13310157,2011-12-02,CON
14752023,14055510,2013-10-16,CON
14752027,61339152,2010-03-01,PRO
14752027,13037120,2011-02-28,CON
14752027,13222589,2011-08-31,CON
14752027,14075074,2013-11-08,CON
14752028,62018933,2014-06-30,PRO
14752030,62026449,2014-07-18,PRO
14752034,62018242,2014-06-27,PRO
14752038,PCT/JP2013/072787,2013-08-27,CON
14752039,12169928,2008-07-09,CON
14752039,12901121,2010-10-08,CON
14752043,62017625,2014-06-26,PRO
14752043,62027386,2014-07-22,PRO
14752045,61746308,2012-12-27,PRO
14752045,PCT/US13/77996,2013-12-27,CON
14752046,13776086,2013-02-25,CON
14752055,62018009,2014-06-27,PRO
14752055,62183559,2015-06-23,PRO
14752057,62018127,2014-06-27,PRO
14752062,14115760,2013-11-05,CON
14752062,PCT/JP2012/003264,2012-05-18,NST
14752065,62018950,2014-06-30,PRO
14752066,13453127,2012-04-23,DIV
14752067,61748818,2013-01-04,PRO
14752067,13780350,2013-02-28,CON
14752068,PCT/CN2012/087743,2012-12-27,CON
14752072,62017637,2014-06-26,PRO
14752073,62018310,2014-06-27,PRO
14752073,62019610,2014-07-01,PRO
14752076,PCT/CN2013/088175,2013-11-29,CON
14752077,PCT/CN2012/087506,2012-12-26,CON
14752078,62018232,2014-06-27,PRO
14752081,61517074,2011-04-13,PRO
14752081,13438263,2012-04-03,CON
14752085,61998453,2014-06-27,PRO
14752086,13590140,2012-08-20,CON
14752087,13579999,2012-08-20,DIV
14752087,PCT/GB2011/050298,2011-02-16,NST
14752089,62027124,2014-07-21,PRO
14752090,13741569,2013-01-15,CON
14752092,PCT/CN2013/089989,2013-12-19,CON
14752095,14011186,2013-08-27,CON
14752098,13424817,2012-03-20,CON
14752099,PCT/CN2013/091227,2013-12-31,CON
14752101,62018112,2014-06-27,PRO
14752102,13496135,2012-04-27,DIV
14752102,PCT/US2010/050858,2010-09-30,NST
14752105,62017601,2014-06-26,PRO
14752108,13641673,2012-10-16,CON
14752108,PCT/KR2011/002761,2011-04-18,NST
14752111,62020085,2014-07-02,PRO
14752112,62018097,2014-06-27,PRO
14752122,12067259,2008-04-21,CON
14752122,13352044,2012-01-17,CON
14752122,PCT/GB2006/003444,2006-09-15,NST
14752124,62017609,2014-06-26,PRO
14752126,13465755,2012-05-07,CON
14752126,14559167,2014-12-03,CON
14752127,12031030,2008-02-14,DIV
14752127,12878574,2010-09-09,CON
14752127,14314525,2014-06-25,CON
14752136,61997225,2014-07-07,PRO
14752138,13930928,2013-06-28,CON
14752139,13862601,2013-04-15,CON
14752139,14025098,2013-09-12,CON
14752142,62018220,2014-06-27,PRO
14752142,62107697,2015-01-26,PRO
14752144,62017571,2014-06-26,PRO
14752145,12888555,2010-09-23,CON
14752149,62018405,2014-06-27,PRO
14752151,12031030,2008-02-14,DIV
14752151,12878574,2010-09-09,CON
14752151,14314525,2014-06-25,CON
14752152,13352361,2012-01-18,DIV
14752154,14446047,2014-07-29,CON
14752158,61596939,2012-02-09,PRO
14752158,61677237,2012-07-30,PRO
14752158,13761887,2013-02-07,CON
14752158,62023441,2014-07-11,PRO
14752158,14519514,2014-10-21,CIP
14752161,12616747,2009-11-11,CIP
14752161,12729222,2010-03-22,CIP
14752161,13417079,2012-03-09,CON
14752161,PCT/US2009/063015,2009-11-02,CON
14752162,61280163,2009-10-30,PRO
14752162,12925846,2010-10-29,DIV
14752162,62017940,2014-06-27,PRO
14752162,62087872,2014-12-05,PRO
14752162,14696289,2015-04-24,CIP
14752164,61998543,2014-07-01,PRO
14752165,12846545,2010-07-29,CON
14752166,61474712,2011-04-12,PRO
14752166,13445810,2012-04-12,DIV
14752172,62019012,2014-06-30,PRO
14752177,PCT/EP2013/077885,2013-12-23,CON
14752182,62016450,2014-06-24,PRO
14752182,62063135,2014-10-13,PRO
14752182,62115601,2015-02-12,PRO
14752182,62141853,2015-04-02,PRO
14752182,14749616,2015-06-24,CON
14752187,PCT/JP2013/084856,2013-12-26,CON
14752188,PCT/JP2013/084667,2013-12-25,CON
14752189,13641673,2012-10-16,CON
14752189,14752108,2015-06-26,CON
14752189,PCT/KR2011/002761,2011-04-18,NST
14752190,62017434,2014-06-26,PRO
14752191,62017435,2014-06-26,PRO
14752192,61439652,2011-02-04,PRO
14752192,61467767,2011-03-25,PRO
14752192,61556023,2011-11-04,PRO
14752192,13367052,2012-02-06,CON
14752192,13425913,2012-03-21,CON
14752192,14079054,2013-11-13,CIP
14752192,61919297,2013-12-20,PRO
14752192,14225503,2014-03-26,CIP
14752192,14283459,2014-05-21,CIP
14752192,14307651,2014-06-18,CON
14752192,62014855,2014-06-20,PRO
14752192,62053926,2014-09-23,PRO
14752192,14502097,2014-09-30,CON
14752192,62072476,2014-10-30,PRO
14752192,14574517,2014-12-18,CIP
14752192,14611458,2015-02-02,CIP
14752195,13983818,2013-10-17,DIV
14752195,PCT/CN2012/071017,2012-02-10,NST
14752199,62018748,2014-06-30,PRO
14752208,PCT/CN2012/087917,2012-12-28,CON
14752209,14265634,2014-04-30,CON
14752212,62018076,2014-06-27,PRO
14752212,62061313,2014-10-08,PRO
14752222,PCT/CN2013/087607,2013-11-21,CON
14752232,62018376,2014-06-27,PRO
14752240,60891395,2007-02-23,PRO
14752240,60891400,2007-02-23,PRO
14752240,60891707,2007-02-26,PRO
14752240,12037079,2008-02-25,CON
14752240,13158861,2011-06-13,CON
14752242,62019113,2014-06-30,PRO
14752245,62026641,2014-07-19,PRO
14752248,12659461,2010-03-09,CON
14752248,14570905,2014-12-15,CON
14752251,61398949,2010-07-02,PRO
14752251,13175024,2011-07-01,CON
14752255,61608804,2012-03-09,PRO
14752255,13771311,2013-02-20,DIV
14752256,PCT/CN2012/087486,2012-12-26,CON
14752262,62018282,2014-06-27,PRO
14752262,62107782,2015-01-26,PRO
14752265,61476696,2011-04-18,PRO
14752265,13449641,2012-04-18,DIV
14752268,62018197,2014-06-27,PRO
14752273,62018333,2014-06-27,PRO
14752275,62017454,2014-06-26,PRO
14752277,61537354,2011-09-21,PRO
14752277,61537375,2011-09-21,PRO
14752277,13624002,2012-09-21,DIV
14752278,62019136,2014-06-30,PRO
14752279,12438518,2009-03-24,CIP
14752279,12395665,2009-02-28,CIP
14752279,61264124,2009-11-24,PRO
14752279,12954596,2010-11-24,CON
14752279,13940101,2013-07-11,CON
14752279,PCT/US2007/076034,2007-08-15,NST
14752280,13982098,2013-07-26,DIV
14752280,PCT/EP2012/000378,2012-01-27,NST
14752282,62018501,2014-06-27,PRO
14752283,61094055,2008-09-03,PRO
14752283,12553788,2009-09-03,CON
14752283,14295106,2014-06-03,CON
14752286,14653095,2015-06-17,CON
14752286,PCT/EP2013/077495,2013-12-19,NST
14752287,PCT/JP2013/084023,2013-12-19,CON
14752289,14063852,2013-10-25,CON
14752291,61608804,2012-03-09,PRO
14752291,13771311,2013-02-20,DIV
14752292,62016450,2014-06-24,PRO
14752292,62063135,2014-10-13,PRO
14752292,62115601,2015-02-12,PRO
14752292,62141853,2015-04-02,PRO
14752292,14749616,2015-06-24,CON
14752295,11725973,2007-03-20,DIV
14752295,13548120,2012-07-12,CON
14752295,14144192,2013-12-30,CON
14752296,62030256,2014-07-29,PRO
14752298,PCT/JP2013/085325,2013-12-25,CON
14752303,62017643,2014-06-26,PRO
14752303,62060371,2014-10-06,PRO
14752304,62025295,2014-07-16,PRO
14752307,12682714,2010-04-12,DIV
14752307,13965471,2013-08-13,CON
14752307,PCT/JP2008/068599,2008-10-14,NST
14752310,62031576,2014-07-31,PRO
14752316,61266427,2009-12-03,PRO
14752316,12843595,2010-07-26,DIV
14752316,13764549,2013-02-11,CON
14752316,14046188,2013-10-04,CIP
14752316,14277160,2014-05-14,DIV
14752317,62018045,2014-06-27,PRO
14752319,12915452,2010-10-29,DIV
14752320,11012414,2004-12-15,CON
14752320,12193538,2008-08-18,CIP
14752320,12897559,2010-10-04,DIV
14752327,62016450,2014-06-24,PRO
14752327,62063135,2014-10-13,PRO
14752327,62115601,2015-02-12,PRO
14752327,62141853,2015-04-02,PRO
14752327,14749616,2015-06-24,CON
14752330,61155096,2009-02-24,PRO
14752330,12711885,2010-02-24,CON
14752330,13927756,2013-06-26,CON
14752332,62022074,2014-07-08,PRO
14752334,61493380,2011-06-03,PRO
14752334,13231381,2011-09-13,CON
14752336,14653095,2015-06-17,CON
14752336,PCT/EP2013/077495,2013-12-19,NST
14752337,62025295,2014-07-16,PRO
14752341,14196251,2014-03-04,CIP
14752342,13943224,2013-07-16,DIV
14752347,11256225,2005-10-21,DIV
14752348,13644104,2012-10-03,DIV
14752349,PCT/JP2013/076002,2013-09-26,CON
14752352,13318004,2011-10-28,DIV
14752352,PCT/JP2010/057314,2010-04-20,NST
14752354,62018543,2014-06-28,PRO
14752358,13147194,2011-09-14,CON
14752358,PCT/EP2010/000722,2010-02-05,NST
14752359,PCT/RU2012/001115,2012-12-26,CON
14752360,62018987,2014-06-30,PRO
14752361,13651785,2012-10-15,DIV
14752364,61901886,2013-11-08,PRO
14752364,61914354,2013-12-10,PRO
14752364,61930328,2014-01-22,PRO
14752364,61930336,2014-01-22,PRO
14752364,62005484,2014-05-30,PRO
14752364,62015215,2014-06-20,PRO
14752364,62053732,2014-09-22,PRO
14752364,62068498,2014-10-24,PRO
14752364,14536056,2014-11-07,CON
14752365,13631534,2012-09-28,DIV
14752366,14236061,2014-01-29,CON
14752366,PCT/US2013/031003,2013-03-13,NST
14752367,62020712,2014-07-03,PRO
14752370,62019205,2014-06-30,PRO
14752373,62031044,2014-07-30,PRO
14752375,61498951,2011-06-20,PRO
14752375,61526107,2011-08-22,PRO
14752375,13525644,2012-06-18,DIV
14752377,60779450,2006-03-07,PRO
14752377,11682485,2007-03-06,CON
14752377,13588563,2012-08-17,CON
14752378,PCT/CN2013/090837,2013-12-30,CON
14752380,62016450,2014-06-24,PRO
14752380,62063135,2014-10-13,PRO
14752380,62115601,2015-02-12,PRO
14752380,62141853,2015-04-02,PRO
14752380,14749616,2015-06-24,CON
14752383,60762715,2006-01-27,PRO
14752383,PCT/US07/02325,2007-01-26,NST
14752383,11990869,2008-11-13,DIV
14752383,13190396,2011-07-25,CON
14752383,13399900,2012-02-17,CON
14752383,14555993,2014-11-28,DIV
14752384,61895915,2013-10-25,PRO
14752384,14522198,2014-10-23,CON
14752387,11515348,2006-09-01,DIV
14752387,12792477,2010-06-02,DIV
14752387,13886748,2013-05-03,DIV
14752388,61193658,2008-12-12,PRO
14752388,12617083,2009-11-12,CON
14752391,62018211,2014-06-27,PRO
14752394,60692092,2005-06-20,PRO
14752394,60793951,2006-04-21,PRO
14752394,11452990,2006-06-14,REI
14752394,13965078,2013-08-12,CON
14752396,60431156,2002-12-04,PRO
14752396,60525284,2003-11-25,PRO
14752396,10723520,2003-11-26,CON
14752396,13645264,2012-10-04,CON
14752398,61821146,2013-05-08,PRO
14752398,14074534,2013-11-07,CON
14752401,PCT/JP2013/084670,2013-12-25,CON
14752402,13629109,2012-09-27,DIV
14752403,61751409,2013-01-11,PRO
14752403,61800208,2013-03-15,PRO
14752403,14014270,2013-08-29,DIV
14752407,13674695,2012-11-12,CON
14752411,62018378,2014-06-27,PRO
14752412,12544715,2009-08-20,CON
14752412,13490843,2012-06-07,CON
14752413,14588878,2015-01-02,CIP
14752413,PCT/KR2013/005557,2013-06-24,CIP
14752426,12649942,2009-12-30,CON
14752426,13314612,2011-12-08,CON
14752426,13915457,2013-06-11,CON
14752426,PCT/CN2008/072864,2008-10-28,CON
14752428,62018172,2014-06-27,PRO
14752431,11925162,2007-10-26,CON
14752433,PCT/US2013/078359,2013-12-30,CON
14752434,PCT/CN2013/089624,2013-12-17,CON
14752436,62018021,2014-06-27,PRO
14752437,13020650,2011-02-03,CON
14752437,13953979,2013-07-30,CON
14752439,PCT/CN2013/083477,2013-09-13,CON
14752442,PCT/US2013/077176,2013-12-20,CON
14752443,62016450,2014-06-24,PRO
14752443,62063135,2014-10-13,PRO
14752443,62115601,2015-02-12,PRO
14752443,62141853,2015-04-02,PRO
14752443,14749616,2015-06-24,CON
14752447,61942857,2014-02-21,PRO
14752447,14526198,2014-10-28,CON
14752448,60089900,1998-06-17,PRO
14752448,09203227,1998-11-30,CON
14752448,09961621,2001-09-24,CON
14752448,10385069,2003-03-10,DIV
14752448,11277696,2006-03-28,CON
14752448,11768560,2007-06-26,CON
14752448,12876816,2010-09-07,CON
14752448,12944551,2010-11-11,CON
14752448,13567903,2012-08-06,CON
14752448,13862153,2013-04-12,CON
14752448,14218589,2014-03-18,CON
14752448,14543480,2014-11-17,CON
14752452,61823826,2013-05-15,PRO
14752452,61876161,2013-09-10,PRO
14752452,14279105,2014-05-15,CIP
14752453,12241588,2008-09-30,CON
14752453,13327459,2011-12-15,CON
14752453,14473893,2014-08-29,CON
14752454,62018110,2014-06-27,PRO
14752457,61294013,2010-01-11,PRO
14752457,12942108,2010-11-09,CON
14752457,13946129,2013-07-19,CON
14752458,62031052,2014-07-30,PRO
14752459,62020883,2014-07-03,PRO
14752461,61365588,2010-07-19,PRO
14752461,61377410,2010-08-26,PRO
14752461,61384812,2010-09-21,PRO
14752461,PCT/US11/44407,2011-07-18,NST
14752461,13810327,2013-01-25,CON
14752461,14219792,2014-03-19,CON
14752462,62017574,2014-06-26,PRO
14752462,62018452,2014-06-27,PRO
14752462,62063158,2014-10-13,PRO
14752463,61480518,2011-04-29,PRO
14752463,PCT/US12/34452,2012-04-20,NST
14752463,14112322,2013-10-17,CON
14752466,61252086,2009-10-15,PRO
14752466,61261199,2009-11-13,PRO
14752466,61366866,2010-07-22,PRO
14752466,12905449,2010-10-15,CON
14752470,12903369,2010-10-13,DIV
14752473,60680728,2005-05-12,PRO
14752473,11417794,2006-05-03,CIP
14752473,11453440,2006-06-14,CON
14752473,13281603,2011-10-26,CON
14752473,14028282,2013-09-16,CON
14752473,14481208,2014-09-09,CON
14752474,60610050,2004-09-15,PRO
14752474,11227861,2005-09-15,CIP
14752474,60785251,2006-03-23,PRO
14752474,60793573,2006-04-20,PRO
14752474,11726828,2007-03-23,CIP
14752474,13836117,2013-03-15,CIP
14752480,13689327,2012-11-29,CON
14752481,61998413,2014-06-27,PRO
14752485,14094144,2013-12-02,CON
14752488,61898674,2013-11-01,PRO
14752488,14169626,2014-01-31,DIV
14752489,13664226,2012-10-30,CON
14752490,61553942,2011-10-31,PRO
14752490,13664061,2012-10-30,CON
14752492,62016450,2014-06-24,PRO
14752492,62063135,2014-10-13,PRO
14752492,62115601,2015-02-12,PRO
14752492,62141853,2015-04-02,PRO
14752492,14749616,2015-06-24,CON
14752493,61203569,2008-12-23,PRO
14752493,61264622,2009-11-25,PRO
14752493,12642711,2009-12-18,DIV
14752496,PCT/JP2013/085189,2013-12-27,CON
14752498,13265794,2011-10-21,CIP
14752498,PCT/KR2010/002513,2010-04-22,NST
14752499,60762715,2006-01-27,PRO
14752499,PCT/US07/02325,2007-01-26,NST
14752499,11990869,2008-11-13,DIV
14752499,13190396,2011-07-25,CON
14752499,13399900,2012-02-17,CON
14752499,14555993,2014-11-28,DIV
14752500,62019141,2014-06-30,PRO
14752500,62019151,2014-06-30,PRO
14752500,62019163,2014-06-30,PRO
14752500,62019169,2014-06-30,PRO
14752500,62019176,2014-06-30,PRO
14752502,14170360,2014-01-31,CON
14752503,11519717,2006-09-11,CON
14752504,PCT/RU2012/001117,2012-12-26,CON
14752507,13573770,2012-10-03,DIV
14752510,62018374,2014-06-27,PRO
14752510,62033427,2014-08-05,PRO
14752514,09565535,2000-05-05,CON
14752514,10606954,2003-06-27,CON
14752514,11042172,2005-01-26,CON
14752514,12348524,2009-01-05,CON
14752514,12821329,2010-06-23,CON
14752514,13616435,2012-09-14,CON
14752517,PCT/CN2013/084966,2013-10-10,CON
14752521,62017733,2014-06-26,PRO
14752523,61549010,2011-10-19,PRO
14752523,13655874,2012-10-19,CON
14752526,61308768,2010-02-26,PRO
14752526,13025874,2011-02-11,DIV
14752526,14325062,2014-07-07,CON
14752527,61382726,2010-09-14,PRO
14752527,13232736,2011-09-14,CON
14752528,PCT/CN2013/084864,2013-10-09,CON
14752531,62019129,2014-06-30,PRO
14752535,61096172,2008-09-11,PRO
14752535,12554427,2009-09-04,CON
14752537,PCT/CN2013/084862,2013-10-09,CON
14752540,14152499,2014-01-10,CON
14752540,PCT/US2012/046560,2012-07-12,CON
14752544,PCT/JP2013/083161,2013-12-11,CON
14752545,62017716,2014-06-26,PRO
14752545,62017717,2014-06-26,PRO
14752545,62017729,2014-06-26,PRO
14752545,62017732,2014-06-26,PRO
14752550,62017933,2014-06-27,PRO
14752550,PCT/CA2014/050797,2014-08-20,CIP
14752553,62017419,2014-06-26,PRO
14752556,13493219,2012-06-11,DIV
14752558,62017606,2014-06-26,PRO
14752559,PCT/FI2013/051205,2013-12-27,CON
14752563,62020176,2014-07-02,PRO
14752568,62017767,2014-06-26,PRO
14752574,14318000,2014-06-27,CIP
14752577,14057737,2013-10-18,CIP
14752578,61378904,2010-08-31,PRO
14752578,12895694,2010-09-30,CON
14752578,14136905,2013-12-20,CON
14752579,61261192,2009-11-13,PRO
14752579,12945113,2010-11-12,DIV
14752582,PCT/EP2013/003731,2013-12-10,CON
14752583,60820565,2006-07-27,PRO
14752583,11782839,2007-07-25,CON
14752583,13936945,2013-07-08,CON
14752583,14498940,2014-09-26,CON
14752584,61051237,2008-05-07,PRO
14752584,12436380,2009-05-06,CON
14752586,60970492,2007-09-06,PRO
14752586,12203694,2008-09-03,DIV
14752588,62018445,2014-06-27,PRO
14752589,62017808,2014-06-26,PRO
14752589,62072214,2014-10-29,PRO
14752590,11529730,2006-09-29,CON
14752591,62018229,2014-06-27,PRO
14752592,61346953,2010-05-21,PRO
14752592,61358384,2010-06-24,PRO
14752592,61368158,2010-07-27,PRO
14752592,61439400,2011-02-04,PRO
14752592,61468051,2011-03-27,PRO
14752592,13111902,2011-05-19,CIP
14752592,13167782,2011-06-24,CIP
14752592,13366352,2012-02-05,CIP
14752592,14003826,2013-09-27,CON
14752592,PCT/US2012/030618,2012-03-26,NST
14752593,13276903,2011-10-19,CON
14752597,12814001,2010-06-11,CON
14752599,61259935,2009-11-10,PRO
14752599,12943887,2010-11-10,CON
14752601,62017738,2014-06-26,PRO
14752602,62017580,2014-06-26,PRO
14752602,62063870,2014-10-14,PRO
14752607,12899413,2010-10-06,CON
14752610,13638514,2012-09-28,CON
14752610,13734798,2013-01-04,CON
14752610,PCT/KR2011/002289,2011-04-01,NST
14752612,62019332,2014-06-30,PRO
14752622,62017338,2014-06-26,PRO
14752623,PCT/JP2013/085277,2013-12-27,CON
14752624,60992030,2007-12-03,PRO
14752624,12327561,2008-12-03,CON
14752624,13971718,2013-08-20,CON
14752628,14075141,2013-11-08,CIP
14752628,62021977,2014-07-08,PRO
14752634,61847079,2013-07-16,PRO
14752634,61847555,2013-07-17,PRO
14752634,61858563,2013-07-25,PRO
14752634,14283080,2014-05-20,CIP
14752635,62018580,2014-06-28,PRO
14752635,62018582,2014-06-28,PRO
14752635,62041047,2014-08-23,PRO
14752635,62041626,2014-08-25,PRO
14752635,14587826,2014-12-31,CIP
14752635,14587980,2014-12-31,CIP
14752635,14588023,2014-12-31,CIP
14752635,62146180,2015-04-10,PRO
14752637,11824011,2007-06-29,CON
14752637,14081287,2013-11-15,CON
14752640,62017686,2014-06-26,PRO
14752641,62017558,2014-06-26,PRO
14752641,62061567,2014-10-08,PRO
14752643,62018580,2014-06-28,PRO
14752643,62018582,2014-06-28,PRO
14752643,62041047,2014-08-23,PRO
14752643,62041626,2014-08-25,PRO
14752643,14587826,2014-12-31,CIP
14752643,14587980,2014-12-31,CIP
14752643,14588023,2014-12-31,CIP
14752643,62146180,2015-04-10,PRO
14752645,62017731,2014-06-26,PRO
14752647,12393910,2009-02-26,DIV
14752647,13080439,2011-04-05,CON
14752650,62018502,2014-06-27,PRO
14752652,62018580,2014-06-28,PRO
14752652,62018582,2014-06-28,PRO
14752652,62041047,2014-08-23,PRO
14752652,62041626,2014-08-25,PRO
14752652,14587826,2014-12-31,CIP
14752652,14587980,2014-12-31,CIP
14752652,14588023,2014-12-31,CIP
14752652,62146180,2015-04-10,PRO
14752654,62018420,2014-06-27,PRO
14752654,62066325,2014-10-20,PRO
14752657,11689982,2007-03-22,CON
14752657,13891095,2013-05-09,CON
14752657,14151536,2014-01-09,CON
14752661,60464937,2003-04-22,PRO
14752661,10815304,2004-03-31,CIP
14752661,11804432,2007-05-18,CIP
14752661,11827574,2007-07-11,CIP
14752661,11900277,2007-09-10,CIP
14752661,14162629,2014-01-23,CIP
14752661,14331210,2014-07-14,CON
14752665,60400159,2002-08-01,PRO
14752665,60406525,2002-08-28,PRO
14752665,60427388,2002-11-18,PRO
14752665,60489191,2003-07-22,PRO
14752665,10632878,2003-08-01,CON
14752665,12471260,2009-05-22,DIV
14752668,62018580,2014-06-28,PRO
14752668,62018582,2014-06-28,PRO
14752668,62041047,2014-08-23,PRO
14752668,62041626,2014-08-25,PRO
14752668,14587826,2014-12-31,CIP
14752668,14587980,2014-12-31,CIP
14752668,14588023,2014-12-31,CIP
14752668,62146180,2015-04-10,PRO
14752674,62018580,2014-06-28,PRO
14752674,62018582,2014-06-28,PRO
14752674,62041047,2014-08-23,PRO
14752674,62041626,2014-08-25,PRO
14752674,14587826,2014-12-31,CIP
14752674,14587980,2014-12-31,CIP
14752674,14588023,2014-12-31,CIP
14752674,62146180,2015-04-10,PRO
14752677,61266948,2009-12-04,PRO
14752677,12958570,2010-12-02,CON
14752677,13762703,2013-02-08,CON
14752677,14201539,2014-03-07,CON
14752677,14617437,2015-02-09,CON
14752677,14737154,2015-06-11,CON
14752679,PCT/CN2013/088836,2013-12-09,CON
14752680,13443141,2012-04-10,DIV
14752680,14063981,2013-10-25,CON
14752686,12717880,2010-03-04,CON
14752686,13343644,2012-01-04,CON
14752686,13854663,2013-04-01,CON
14752687,62028207,2014-07-23,PRO
14752687,62028230,2014-07-23,PRO
14752687,62040120,2014-08-21,PRO
14752687,14670345,2015-03-26,CIP
14752692,12513701,2009-05-06,CON
14752692,PCT/US2004/043779,2004-12-28,NST
14752694,62017436,2014-06-26,PRO
14752696,61998386,2014-06-26,PRO
14752697,14394204,2014-10-13,DIV
14752697,PCT/US2013/035527,2013-04-05,NST
14752698,62027855,2014-07-23,PRO
14752699,62023813,2014-07-11,PRO
14752702,13686746,2012-11-27,CON
14752703,61016395,2007-12-21,PRO
14752703,12340595,2008-12-19,CIP
14752703,61220175,2009-06-24,PRO
14752703,12823004,2010-06-24,CON
14752703,14040283,2013-09-27,CON
14752706,14425546,,DIV
14752706,PCT/JP2014/004738,2014-09-12,NST
14752708,13093707,2011-04-25,DIV
14752708,14542358,2014-11-14,DIV
14752709,61998385,2014-06-26,PRO
14752714,62017453,2014-06-26,PRO
14752718,62021626,2014-07-07,PRO
14752726,12941885,2010-11-08,CON
14752726,PCT/EP2009/003076,2009-04-28,CON
14752729,61998396,2014-06-26,PRO
14752730,61570922,2011-12-15,PRO
14752730,13716540,2012-12-17,DIV
14752731,61600477,2012-02-17,PRO
14752731,61602520,2012-02-23,PRO
14752731,13771021,2013-02-19,CON
14752737,61709873,2012-10-04,PRO
14752737,13790269,2013-03-08,CON
14752737,13790289,2013-03-08,CON
14752738,62017459,2014-06-26,PRO
14752741,62017462,2014-06-26,PRO
14752743,62018492,2014-06-27,PRO
14752748,62021538,2014-07-07,PRO
14752749,13987177,2013-07-08,CON
14752761,13550480,2012-07-16,CON
14752762,62017834,2014-06-26,PRO
14752762,14587856,2014-12-31,CIP
14752763,62017465,2014-06-26,PRO
14752767,60692092,2005-06-20,PRO
14752767,60793951,2006-04-21,PRO
14752767,11452990,2006-06-14,REI
14752767,13965078,2013-08-12,CON
14752770,62018417,2014-06-27,PRO
14752771,62017471,2014-06-26,PRO
14752773,62017589,2014-06-26,PRO
14752776,62018529,2014-06-27,PRO
14752776,62047611,2014-09-08,PRO
14752776,62129848,2015-03-08,PRO
14752777,62017474,2014-06-26,PRO
14752779,14538055,2014-11-11,CON
14752780,61391991,2010-10-11,PRO
14752780,61411854,2010-11-09,PRO
14752780,13269480,2011-10-07,DIV
14752784,10242309,2002-09-12,CON
14752784,12115301,2008-05-05,CON
14752784,13763363,2013-02-08,CON
14752787,12423374,2009-04-14,CON
14752791,62017814,2014-06-26,PRO
14752803,62018511,2014-06-27,PRO
14752804,61169969,2009-04-16,PRO
14752804,12761724,2010-04-16,CON
14752804,13709597,2012-12-10,CON
14752804,14475432,2014-09-02,CON
14752806,12208853,2008-09-11,CON
14752808,61563505,2011-11-23,PRO
14752808,13418691,2012-03-13,CIP
14752808,13418703,2012-03-13,CIP
14752808,13418720,2012-03-13,CIP
14752808,13539311,2012-06-30,CIP
14752808,61745281,2012-12-21,PRO
14752808,13842975,2013-03-15,CON
14752809,PCT/CN2013/080037,2013-07-24,CON
14752820,62017830,2014-06-26,PRO
14752825,62017514,2014-06-26,PRO
14752825,62167588,2015-05-28,PRO
14752829,62017796,2014-06-26,PRO
14752829,62017809,2014-06-26,PRO
14752829,62017813,2014-06-26,PRO
14752829,62017815,2014-06-26,PRO
14752829,62017816,2014-06-26,PRO
14752829,62017818,2014-06-26,PRO
14752829,PCT/US2014/044427,2014-06-26,CIP
14752831,PCT/KR2013/008362,2013-09-16,CON
14752835,62019427,2014-07-01,PRO
14752839,14398947,2014-11-04,CON
14752839,PCT/US2013/040194,2013-05-08,NST
14752840,60910662,2007-04-08,PRO
14752840,12049364,2008-03-16,CON
14752840,13556195,2012-07-23,CON
14752840,13748519,2013-01-23,CON
14752840,14281878,2014-05-19,CON
14752844,14386801,2014-09-21,CON
14752844,PCT/IB2013/052243,2013-03-21,NST
14752846,12576269,2009-10-09,CON
14752846,13857177,2013-04-05,CON
14752847,10928338,2004-08-27,CON
14752847,12619057,2009-11-16,CON
14752847,13227509,2011-09-08,CON
14752847,14169212,2014-01-31,CON
14752859,62018535,2014-06-28,PRO
14752860,13990588,2013-05-30,CON
14752860,PCT/EP2011/071081,2011-11-25,NST
14752862,62125530,2015-01-26,PRO
14752863,13553682,2012-07-19,CON
14752864,13243252,2011-09-23,CIP
14752864,61759127,2013-01-31,PRO
14752864,13783009,2013-03-01,CON
14752866,13840626,2013-03-15,CON
14752868,60112129,1998-12-11,PRO
14752868,60090762,1998-06-26,PRO
14752868,60094983,1998-07-31,PRO
14752868,60102686,1998-10-01,PRO
14752868,09720533,2001-03-20,DIV
14752868,PCT/US99/14484,1999-06-25,NST
14752868,10820474,2004-04-07,DIV
14752868,11905820,2007-10-04,CON
14752868,12457389,2009-06-09,DIV
14752868,13397592,2012-02-15,DIV
14752868,14248260,2014-04-08,DIV
14752871,12234284,2008-09-19,CON
14752889,62025086,2014-07-16,PRO
14752892,62021080,2014-07-04,PRO
14752903,12157081,2008-06-06,CIP
14752903,13172740,2011-06-29,CON
14752903,14023630,2013-09-11,CON
14752903,14152902,2014-01-10,CON
14752908,61287077,2009-12-16,PRO
14752908,12970604,2010-12-16,CIP
14752908,13531477,2012-06-22,CIP
14752908,13913466,2013-06-09,CON
14752910,62018647,2014-06-29,PRO
14752912,60260592,2001-01-09,PRO
14752912,10025506,2001-12-19,CIP
14752912,10279468,2002-10-24,CON
14752912,11487750,2006-07-17,CIP
14752912,60923101,2007-04-12,PRO
14752912,12079716,2008-03-28,CON
14752912,12497574,2009-07-03,CON
14752912,13947088,2013-07-21,CON
14752915,61514859,2011-08-03,PRO
14752915,13566754,2012-08-03,CON
14752918,13977013,2013-08-28,CON
14752918,PCT/US2012/071847,2012-12-27,NST
14752921,12391408,2009-02-24,CON
14752923,13943674,2013-07-16,CON
14752923,14285271,2014-05-22,CON
14752924,12954203,2010-11-24,CON
14752926,62018524,2014-06-27,PRO
14752928,62017986,2014-06-27,PRO
14752929,13769460,2013-02-18,CON
14752932,12768638,2010-04-27,CIP
14752932,13016976,2011-01-29,DIV
14752940,13653329,2012-10-16,DIV
14752942,61311524,2010-03-08,PRO
14752942,13041457,2011-03-07,CIP
14752942,13706440,2012-12-06,CON
14752944,14337257,2014-07-22,CIP
14752945,12077041,2008-03-14,CIP
14752945,12287064,2008-10-03,CIP
14752945,12590831,2009-11-13,CON
14752945,13972125,2013-08-21,CON
14752947,61750856,2013-01-10,PRO
14752947,14150939,2014-01-09,DIV
14752947,PCT/IL2012/000310,2012-08-21,CIP
14752952,14218827,2014-03-18,DIV
14752959,14178443,2014-02-12,CIP
14752961,62026003,2014-07-17,PRO
14752974,61486309,2011-05-15,PRO
14752974,13470980,2012-05-14,CON
14752975,13154377,2011-06-06,CON
14752975,13434576,2012-03-29,CON
14752976,12317810,2008-12-29,CIP
14752977,62027748,2014-07-22,PRO
14752979,61323973,2010-04-14,PRO
14752979,13086391,2011-04-14,CON
14752981,PCT/US04/28217,2004-08-31,NST
14752981,10536692,2005-09-28,DIV
14752983,62018537,2014-06-28,PRO
14752984,13879162,2013-07-15,CON
14752984,PCT/EP2011/006782,2011-10-12,NST
14752986,62019405,2014-06-30,PRO
14752987,61009625,2007-12-31,PRO
14752987,12139018,2008-06-13,CON
14752987,13411716,2012-03-05,CON
14752987,13784898,2013-03-05,CON
14752987,14252536,2014-04-14,CON
14752988,61136141,2008-08-14,PRO
14752988,12461474,2009-08-12,CON
14752988,14659453,2015-03-16,CON
14752991,13136037,2011-07-20,DIV
14752997,61350247,2010-06-01,PRO
14752997,13118767,2011-05-31,CON
14752997,14324217,2014-07-06,CIP
14752999,62019925,2014-07-02,PRO
14753000,61264449,2009-11-25,PRO
14753000,12950009,2010-11-19,CIP
14753000,13928573,2013-06-27,CIP
14753003,13952663,2013-07-28,CIP
14753003,PCT/CN2012/000077,2012-01-17,CIP
14753004,62026084,2014-07-18,PRO
14753005,61675790,2012-07-25,PRO
14753005,61675795,2012-07-25,PRO
14753005,61675801,2012-07-25,PRO
14753005,13868031,2013-04-22,DIV
14753005,14080796,2013-11-15,CON
14753005,14190034,2014-02-25,CON
14753005,14306179,2014-06-16,CON
14753005,14462366,2014-08-18,CIP
14753005,PCT/US2013/052150,2013-07-25,CON
14753021,62018617,2014-06-29,PRO
14753033,PCT/KR2014/007471,2014-08-12,CON
14753039,61998509,2014-06-30,PRO
14753040,62018680,2014-06-30,PRO
14753043,13001355,2010-12-23,CON
14753043,13958653,2013-08-05,DIV
14753043,PCT/JP2009/060332,2009-06-05,NST
14753046,14003214,2013-09-04,CON
14753046,PCT/EP2012/053654,2012-03-02,NST
14753048,11504220,2006-08-15,CIP
14753048,13346120,2012-01-09,CIP
14753052,62018611,2014-06-29,PRO
14753055,62040526,2014-08-22,PRO
14753056,62020917,2014-07-03,PRO
14753061,60884233,2007-01-10,PRO
14753061,60912323,2007-04-17,PRO
14753061,60950012,2007-07-16,PRO
14753061,60950021,2007-07-16,PRO
14753061,60950031,2007-07-16,PRO
14753061,60950038,2007-07-16,PRO
14753061,60957505,2007-08-23,PRO
14753061,60968324,2007-08-28,PRO
14753061,60968925,2007-08-30,PRO
14753061,60975731,2007-09-27,PRO
14753061,60984428,2007-11-01,PRO
14753061,60984434,2007-11-01,PRO
14753061,60984594,2007-11-01,PRO
14753061,60984798,2007-11-02,PRO
14753061,60984814,2007-11-02,PRO
14753061,60984983,2007-11-02,PRO
14753061,61014344,2007-12-17,PRO
14753061,61015840,2007-12-21,PRO
14753061,61015866,2007-12-21,PRO
14753061,61015876,2007-12-21,PRO
14753061,61015886,2007-12-21,PRO
14753061,11972158,2008-01-10,CIP
14753061,61023927,2008-01-28,PRO
14753061,61033473,2008-03-04,PRO
14753061,61040041,2008-03-27,PRO
14753061,61042896,2008-04-07,PRO
14753061,61045526,2008-04-16,PRO
14753061,12104726,2008-04-17,CIP
14753061,12104855,2008-04-17,CIP
14753061,12201148,2008-08-29,CON
14753061,13475724,2012-05-18,CON
14753065,13890575,2013-05-09,CON
14753067,60701273,2005-07-21,PRO
14753067,11489919,2006-07-20,CIP
14753067,61577334,2011-12-19,PRO
14753067,13531473,2012-06-22,DIV
14753069,62018940,2014-06-30,PRO
14753071,12892014,2010-09-28,DIV
14753075,13173805,2011-06-30,DIV
14753082,12332245,2008-12-10,CON
14753089,13086387,2011-04-13,CON
14753089,14448312,2014-07-31,CON
14753090,14031305,2013-09-19,CON
14753092,60830136,2006-07-12,PRO
14753092,60834562,2006-08-01,PRO
14753092,11822950,2007-07-11,DIV
14753095,14379866,2014-08-20,DIV
14753095,PCT/NL2013/050107,2013-02-19,NST
14753096,13779248,2013-02-27,CIP
14753096,14636227,2015-03-03,CIP
14753096,PCT/IL2011/000687,2011-08-25,CIP
14753101,13880628,2013-08-06,CON
14753101,PCT/EP2011/068626,2011-10-25,NST
14753108,13696691,2012-11-07,CON
14753108,PCT/EP2011/002293,2011-05-09,NST
14753109,PCT/CN2014/080704,2014-06-25,CON
14753110,11061778,2005-02-22,CON
14753110,13913841,2013-06-10,DIV
14753111,14743367,2015-06-18,CIP
14753112,62019636,2014-07-01,PRO
14753112,62038439,2014-08-18,PRO
14753115,62008708,2014-06-06,PRO
14753115,14732372,2015-06-05,CON
14753121,13770115,2013-02-19,CON
14753124,PCT/JP2013/075862,2013-09-25,CON
14753128,13125338,2011-04-21,DIV
14753128,PCT/EP2009/063979,2009-10-23,NST
14753132,13947350,2013-07-22,CON
14753133,62018271,2014-06-27,PRO
14753140,13267464,2011-10-06,CON
14753140,PCT/IB2010/051507,2010-04-07,CIP
14753141,13821585,2013-03-08,CON
14753141,14251778,2014-04-14,CON
14753141,PCT/EP2011/065419,2011-09-06,NST
14753144,PCT/EP2014/050065,2014-01-04,CON
14753146,62018956,2014-06-30,PRO
14753151,PCT/US2014/045249,2014-07-02,CON
14753156,12764259,2010-04-21,CON
14753159,62035527,2014-08-11,PRO
14753160,61451259,2011-03-10,PRO
14753160,13075746,2011-03-30,CIP
14753160,61488208,2011-05-20,PRO
14753160,13183765,2011-07-15,DIV
14753160,14188588,2014-02-24,CON
14753166,11102047,2005-04-08,DIV
14753166,12265842,2008-11-06,CIP
14753166,12873793,2010-09-01,DIV
14753166,13417662,2012-03-12,CON
14753166,14258193,2014-04-22,CON
14753170,14170703,2014-02-03,CON
14753171,13687064,2012-11-28,CON
14753173,60929775,2007-07-12,PRO
14753173,PCT/US08/08333,2008-07-07,NST
14753173,12668424,2010-02-27,CON
14753177,13202387,2011-08-19,CON
14753177,13213414,2011-08-19,CON
14753177,PCT/CA2010/000227,2010-02-19,NST
14753180,PCT/CN2013/091257,2013-12-31,CON
14753182,62020704,2014-07-03,PRO
14753183,61242234,2009-09-14,PRO
14753183,12850866,2010-08-05,CON
14753185,PCT/CN2013/091174,2013-12-31,CON
14753186,60634070,2004-12-07,PRO
14753186,11295167,2005-12-06,CON
14753186,12636164,2009-12-11,CON
14753187,61998570,2014-06-30,PRO
14753189,PCT/JP2014/052402,2014-02-03,CON
14753190,12565116,2009-09-23,CON
14753191,62036101,2014-08-11,PRO
14753191,62036104,2014-08-11,PRO
14753191,62036107,2014-08-11,PRO
14753193,13256311,2011-12-05,CON
14753193,PCT/GB2010/000465,2010-03-12,NST
14753195,60294588,2001-06-01,PRO
14753195,10158216,2002-05-31,CIP
14753195,11129320,2005-05-16,DIV
14753195,12553804,2009-09-03,DIV
14753195,13215855,2011-08-23,CON
14753195,14045156,2013-10-03,CON
14753195,14231971,2014-04-01,CON
14753195,14515627,2014-10-16,CON
14753200,12471811,2009-05-26,CON
14753201,62018262,2014-06-27,PRO
14753204,PCT/KR2015/001107,2015-02-03,CON
14753207,13070925,2011-03-24,CON
14753210,10974105,2004-10-27,CON
14753212,13965559,2013-08-13,CON
14753222,13535569,2012-06-28,DIV
14753223,12990583,2011-01-14,DIV
14753223,PCT/FR2009/050822,2009-05-05,NST
14753224,12644759,2009-12-22,CIP
14753229,62020177,2014-07-02,PRO
14753232,PCT/CN2014/081141,2014-06-30,CON
14753236,12873427,2010-09-01,CON
14753238,13932791,2013-07-01,CON
14753239,62018790,2014-06-30,PRO
14753242,PCT/CN2014/071038,2014-01-22,CON
14753245,PCT/CN2014/073418,2014-03-14,CON
14753247,29408054,2011-12-06,CIP
14753247,29408061,2011-12-06,CIP
14753247,29408071,2011-12-06,CIP
14753247,29408073,2011-12-06,CIP
14753247,13312831,2012-01-04,DIV
14753247,14070101,2013-11-01,CON
14753249,61807176,2013-04-01,PRO
14753249,61818708,2013-05-02,PRO
14753249,61896909,2013-10-29,PRO
14753249,14242138,2014-04-01,DIV
14753249,62018989,2014-06-30,PRO
14753249,62091932,2014-12-15,PRO
14753249,14632480,2015-02-26,CIP
14753249,62148428,2015-04-16,PRO
14753250,PCT/CN2014/070231,2014-01-07,CON
14753264,61546969,2011-10-13,PRO
14753264,61641098,2012-05-01,PRO
14753264,13644382,2012-10-04,CIP
14753264,14203547,2014-03-10,CIP
14753264,14541044,2014-11-13,CON
14753265,11915797,2008-09-22,DIV
14753265,12955491,2010-11-29,CON
14753265,13532561,2012-06-25,CON
14753265,14010200,2013-08-26,CON
14753265,14453959,2014-08-07,CON
14753265,PCT/US2006/021507,2006-06-02,NST
14753266,62018115,2014-06-27,PRO
14753267,62018750,2014-06-30,PRO
14753267,62018831,2014-06-30,PRO
14753269,12937512,2010-12-28,CON
14753269,PCT/NL2009/000087,2009-04-09,NST
14753272,13882393,2013-07-17,DIV
14753272,PCT/US2011/058452,2011-10-28,NST
14753273,13807410,2012-12-28,CON
14753273,14583883,2014-12-29,CON
14753273,PCT/JP2012/007983,2012-12-13,NST
14753275,61510633,2011-07-22,PRO
14753275,13412564,2012-03-05,DIV
14753275,14507758,2014-10-06,DIV
14753276,61638555,2012-04-26,PRO
14753276,13869101,2013-04-24,CON
14753280,PCT/CN2013/083024,2013-09-05,CON
14753284,62018460,2014-06-27,PRO
14753285,13345062,2012-01-06,CON
14753287,12440053,2010-04-12,DIV
14753287,13592819,2012-08-23,CON
14753287,13943140,2013-07-16,CON
14753287,PCT/US2007/077900,2007-09-07,NST
14753288,62020240,2014-07-02,PRO
14753290,61657192,2012-06-08,PRO
14753290,13911454,2013-06-06,DIV
14753296,62018562,2014-06-28,PRO
14753296,62019399,2014-06-30,PRO
14753297,61046342,2008-04-18,PRO
14753297,61111269,2008-11-04,PRO
14753297,12426778,2009-04-20,CON
14753297,13356455,2012-01-23,CON
14753297,13861208,2013-04-11,CON
14753305,61544945,2011-10-07,PRO
14753305,13644693,2012-10-04,CON
14753306,11473053,2006-06-23,CON
14753307,62021582,2014-07-07,PRO
14753310,13883491,2013-06-26,DIV
14753310,PCT/IB11/02475,2011-10-18,NST
14753315,13037103,2011-02-28,DIV
14753315,PCT/CA2009/001178,2009-08-28,CIP
14753317,13192821,2011-07-28,CON
14753317,14082593,2013-11-18,CON
14753318,13780987,2013-02-28,DIV
14753320,13878644,2013-04-10,CON
14753320,PCT/US2011/048930,2011-08-24,NST
14753321,09674209,2000-10-27,CON
14753321,11012642,2004-12-15,CON
14753321,13871093,2013-04-26,CON
14753321,PCT/EP2000/001741,2000-02-29,NST
14753322,13703045,2012-12-10,DIV
14753322,14164749,2014-01-27,DIV
14753322,PCT/EP2011/059572,2011-06-09,NST
14753326,13504971,2012-06-18,CON
14753326,PCT/EP10/66697,2010-11-03,NST
14753333,PCT/EP2013/077623,2013-12-20,CON
14753335,14225105,2014-03-25,CIP
14753338,62019507,2014-07-01,PRO
14753339,62019541,2014-07-01,PRO
14753340,12867375,2010-12-22,DIV
14753340,PCT/GB09/00229,2009-01-27,NST
14753342,61261873,2009-11-17,PRO
14753342,12694243,2010-01-26,CIP
14753342,12901744,2010-10-11,CIP
14753342,61876714,2013-09-11,PRO
14753342,14186867,2014-02-21,CIP
14753342,62018439,2014-06-27,PRO
14753343,61089456,2008-08-15,PRO
14753343,61159176,2009-03-11,PRO
14753343,12541242,2009-08-14,CON
14753346,13741475,2013-01-15,DIV
14753351,10598600,2008-08-14,CON
14753351,PCT/GB2005/000854,2005-03-07,NST
14753354,13654726,2012-10-18,CON
14753357,61457220,2011-02-03,PRO
14753357,13361015,2012-01-30,CON
14753359,13358173,2012-01-25,CON
14753366,62019401,2014-06-30,PRO
14753369,13197460,2011-08-03,CON
14753370,61645140,2012-05-10,PRO
14753370,13891735,2013-05-10,CON
14753376,62018886,2014-06-30,PRO
14753379,13532631,2012-06-25,DIV
14753379,14092025,2013-11-27,DIV
14753382,11515087,2006-08-31,DIV
14753385,60647044,2005-01-26,PRO
14753385,11341172,2006-01-26,CON
14753388,61622737,2012-04-11,PRO
14753388,13601270,2012-08-31,CON
14753395,PCT/RU2013/000817,2013-09-19,CON
14753398,62019584,2014-07-01,PRO
14753402,61769732,2013-02-26,PRO
14753402,14191085,2014-02-26,CIP
14753402,62020652,2014-07-03,PRO
14753405,12225117,2008-09-15,CIP
14753405,13731919,2012-12-31,CIP
14753405,13967193,2013-08-14,CON
14753406,PCT/JP2013/084433,2013-12-24,CON
14753409,13516166,2012-06-14,CON
14753409,PCT/IB2010/055836,2010-12-15,NST
14753410,61613301,2012-03-20,PRO
14753410,13847929,2013-03-20,CON
14753411,13571077,2012-08-09,CON
14753413,61765062,2013-02-15,PRO
14753413,14180381,2014-02-14,CON
14753416,PCT/JP2013/085125,2013-12-27,CON
14753420,12407746,2009-03-19,CON
14753422,62024011,2014-07-14,PRO
14753423,13820806,2013-03-05,DIV
14753423,PCT/US2011/052472,2011-09-21,NST
14753424,60459964,2003-04-04,PRO
14753424,10816841,2004-04-05,CON
14753424,14026039,2013-09-13,CON
14753427,62019471,2014-07-01,PRO
14753435,12513048,2009-09-21,CON
14753435,13370735,2012-02-10,CON
14753435,13617907,2012-09-14,CON
14753435,13833569,2013-03-15,CON
14753435,14073130,2013-11-06,CON
14753435,14305135,2014-06-16,CON
14753435,14574445,2014-12-18,CON
14753435,PCT/EP08/59640,2008-07-23,NST
14753437,62018802,2014-06-30,PRO
14753438,12601970,2009-11-25,DIV
14753438,PCT/US2008/006554,2008-05-22,NST
14753446,PCT/CN2013/090224,2013-12-23,CON
14753448,13516399,2012-07-24,CON
14753448,14178418,2014-02-12,CON
14753448,14593759,2015-01-09,CON
14753448,14609101,2015-01-29,CON
14753448,PCT/EP2009/067218,2009-12-15,NST
14753457,61551496,2011-10-26,PRO
14753457,PCT/US12/61791,2012-10-25,NST
14753457,14353532,2014-04-23,CON
14753459,62019595,2014-07-01,PRO
14753460,13718183,2012-12-18,CIP
14753464,61289297,2009-12-22,PRO
14753464,12971873,2010-12-17,DIV
14753464,14285009,2014-05-22,CON
14753466,PCT/CN2012/087657,2012-12-27,CON
14753468,12933393,2010-12-14,CON
14753468,14133391,2013-12-18,CON
14753468,PCT/GB2009/000725,2009-03-18,NST
14753469,61944115,2014-02-25,PRO
14753469,14284384,2014-05-21,CIP
14753470,60929239,2007-06-19,PRO
14753470,60929584,2007-07-03,PRO
14753470,12142521,2008-06-19,CON
14753470,12628510,2009-12-01,CON
14753470,13891316,2013-05-10,CON
14753471,PCT/CN2013/091130,2013-12-31,CON
14753472,PCT/JP2013/006223,2013-10-21,CON
14753474,13313433,2011-12-07,CON
14753477,13990192,2013-05-29,DIV
14753477,PCT/JP2011/077294,2011-11-28,NST
14753478,13350505,2012-01-13,CIP
14753478,13350686,2012-01-13,CIP
14753478,13766991,2013-02-14,CIP
14753478,14145692,2013-12-31,CIP
14753478,PCT/US2013/021287,2013-01-11,CON
14753479,14336031,2014-07-21,CIP
14753480,61588378,2012-01-19,PRO
14753480,13744884,2013-01-18,DIV
14753481,61025236,2008-01-31,PRO
14753481,12363378,2009-01-30,CON
14753483,13701269,2013-02-07,CON
14753483,PCT/EP2011/002764,2011-06-01,NST
14753485,62017887,2014-06-27,PRO
14753488,12765328,2010-04-22,CON
14753489,PCT/JP2013/007688,2013-12-27,CIP
14753490,PCT/CN2012/087699,2012-12-27,CON
14753492,14048550,2013-10-08,CON
14753493,13367848,2012-02-07,CON
14753494,PCT/CN2013/090465,2013-12-25,CON
14753496,61083551,2008-07-25,PRO
14753496,61083558,2008-07-25,PRO
14753496,12504265,2009-07-16,CIP
14753496,13157936,2011-06-10,CON
14753496,14275698,2014-05-12,CON
14753500,61019415,2008-01-07,PRO
14753500,12143285,2008-06-20,CON
14753500,13073150,2011-03-28,CON
14753500,14032816,2013-09-20,CON
14753501,13462491,2012-05-02,CON
14753503,61493239,2011-06-03,PRO
14753503,13487927,2012-06-04,CON
14753504,13946253,2013-07-19,DIV
14753511,13319591,2011-11-09,CON
14753511,PCT/EP2010/056688,2010-05-17,NST
14753514,61157883,2009-03-05,PRO
14753514,12716197,2010-03-02,DIV
14753516,PCT/CN2013/088700,2013-12-05,CON
14753519,14035589,2013-09-24,CON
14753523,13757137,2013-02-01,CON
14753530,13589280,2012-08-20,CON
14753534,62021311,2014-07-07,PRO
14753535,13656002,2012-10-19,DIV
14753537,13992879,2013-10-21,CON
14753537,PCT/GB2011/052441,2011-12-08,NST
14753542,14086442,2013-11-21,CIP
14753542,14603681,2015-01-23,CIP
14753544,60281916,2001-04-05,PRO
14753544,60325489,2001-09-26,PRO
14753544,10117709,2002-04-05,DIV
14753544,10757656,2004-01-14,CON
14753544,11876478,2007-10-22,CON
14753544,13277789,2011-10-20,CON
14753544,13838559,2013-03-15,CON
14753544,14101030,2013-12-09,CON
14753551,11439828,2006-05-23,CON
14753551,12173475,2008-07-15,CON
14753551,13349980,2012-01-13,CON
14753551,PCT/DK2004/053206,2004-12-01,CON
14753554,61639078,2012-04-27,PRO
14753554,13835655,2013-03-15,DIV
14753558,14359048,2014-05-16,CON
14753558,PCT/US2014/020195,2014-03-04,NST
14753560,13221968,2011-08-31,CON
14753564,13933495,2013-07-02,CON
14753565,14319168,2014-06-30,DIV
14753567,62018082,2014-06-27,PRO
14753573,13175180,2011-07-01,CON
14753574,61148375,2009-01-29,PRO
14753574,61174887,2009-05-01,PRO
14753574,61261717,2009-11-16,PRO
14753574,61284832,2009-12-24,PRO
14753574,61299282,2010-01-28,PRO
14753574,12696678,2010-01-29,CIP
14753574,61371136,2010-08-05,PRO
14753574,61371154,2010-08-05,PRO
14753574,61371169,2010-08-05,PRO
14753574,61406934,2010-10-26,PRO
14753574,61407361,2010-10-27,PRO
14753574,13204638,2011-08-05,CON
14753574,14147390,2014-01-03,CON
14753575,12541913,2009-08-15,CIP
14753575,12613328,2009-11-05,CON
14753577,PCT/JP2013/070417,2013-07-29,CON
14753578,13248251,2011-09-29,CON
14753578,13672917,2012-11-09,DIV
14753579,10588332,2007-03-22,DIV
14753579,12836969,2010-07-15,CON
14753579,13453481,2012-04-23,CON
14753579,14087889,2013-11-22,CON
14753579,PCT/US2005/002691,2005-02-01,NST
14753582,62025343,2014-07-16,PRO
14753586,13589280,2012-08-20,CON
14753586,13595016,2012-08-27,CON
14753587,13512256,2012-07-17,CON
14753587,PCT/EP2009/065997,2009-11-27,NST
14753592,61648494,2012-05-17,PRO
14753592,61790184,2013-03-15,PRO
14753592,13896564,2013-05-17,CON
14753594,13581792,2012-08-29,CON
14753594,PCT/KR2011/001494,2011-03-04,NST
14753595,13075907,2011-03-30,CON
14753596,13257136,2011-09-16,CON
14753596,PCT/IB2010/051130,2010-03-16,NST
14753598,14162070,2014-01-23,CIP
14753600,13171047,2011-06-28,CON
14753601,13513085,2012-08-09,CON
14753601,13894258,2013-05-14,CON
14753601,PCT/KR2011/002286,2011-04-01,NST
14753604,13892794,2013-05-13,CIP
14753605,13570854,2012-08-09,CON
14753607,61833900,2013-06-11,PRO
14753607,14075020,2013-11-08,CON
14753608,PCT/JP2014/050258,2014-01-09,CON
14753611,12628746,2009-12-01,CON
14753611,61567182,2011-12-06,PRO
14753611,13312134,2011-12-06,CON
14753612,PCT/KR2013/012248,2013-12-27,CON
14753614,13524964,2012-06-15,CON
14753619,62019080,2014-06-30,PRO
14753629,12967994,2010-12-14,CON
14753629,14014581,2013-08-30,CON
14753634,61443042,2011-02-15,PRO
14753634,13396230,2012-02-14,CON
14753641,12668827,2010-05-06,CON
14753641,PCT/UA2008/000041,2008-07-11,NST
14753648,13726271,2012-12-24,DIV
14753650,62018072,2014-06-27,PRO
14753651,10004483,2001-12-06,DIV
14753651,10822848,2004-04-13,CON
14753652,62019276,2014-06-30,PRO
14753656,13596734,2012-08-28,CON
14753656,PCT/JP2010/002052,2010-03-24,CON
14753657,61998576,2014-07-01,PRO
14753663,13257895,2012-01-06,CON
14753663,14511433,2014-10-10,CIP
14753663,PCT/GB2010/000577,2010-03-25,NST
14753664,11846598,2007-08-29,DIV
14753664,12721688,2010-03-11,DIV
14753664,14038900,2013-09-27,DIV
14753665,13377277,2012-02-29,CON
14753665,PCT/DK2010/050131,2010-06-10,NST
14753669,61639795,2012-04-27,PRO
14753669,13730248,2012-12-28,CON
14753669,14104633,2013-12-12,CON
14753671,61096989,2008-09-15,PRO
14753671,12364289,2009-02-02,DIV
14753671,14329452,2014-07-11,CON
14753674,62020253,2014-07-02,PRO
14753677,13698194,2012-11-19,CON
14753677,PCT/EP2011/057883,2011-05-16,NST
14753681,13155759,2011-06-08,CON
14753691,13400223,2012-02-20,CON
14753692,62028486,2014-07-24,PRO
14753693,62024479,2014-07-15,PRO
14753695,60827776,2006-10-02,PRO
14753695,PCT/US07/80182,2007-10-02,NST
14753695,12443906,2009-06-05,CON
14753695,13470779,2012-05-14,CON
14753698,62017892,2014-06-27,PRO
14753699,61411052,2010-11-08,PRO
14753699,61411539,2010-11-09,PRO
14753699,13373218,2011-11-07,CON
14753700,61968950,2014-03-21,PRO
14753700,14269067,2014-05-02,CON
14753703,14552890,2014-11-25,CIP
14753703,PCT/IB2013/001336,2013-05-30,CON
14753703,PCT/IL2013/050979,2013-11-27,CON
14753704,13677819,2012-11-15,DIV
14753704,PCT/US2011/037600,2011-05-23,CON
14753707,61443042,2011-02-15,PRO
14753707,13396141,2012-02-14,CON
14753712,62019227,2014-06-30,PRO
14753713,13222173,2011-08-31,CON
14753713,14599621,2015-01-19,CON
14753717,11679679,2007-02-27,CON
14753717,14023124,2013-09-10,CON
14753717,14305645,2014-06-16,CON
14753718,62019000,2014-06-30,PRO
14753723,13501819,2012-04-13,CON
14753723,PCT/AU2010/001355,2010-10-14,NST
14753724,13289028,2011-11-04,CON
14753731,13680323,2012-11-19,CON
14753731,14189144,2014-02-25,CON
14753734,62028490,2014-07-24,PRO
14753738,13732054,2012-12-31,CON
14753741,61617528,2012-03-29,PRO
14753741,13852476,2013-03-28,DIV
14753743,13613829,2012-09-13,CON
14753748,61749633,2013-01-07,PRO
14753748,14142212,2013-12-27,DIV
14753749,13948875,2013-07-23,CON
14753750,62019144,2014-06-30,PRO
14753751,61411052,2010-11-08,PRO
14753751,61411539,2010-11-09,PRO
14753751,13373218,2011-11-07,CON
14753755,62018826,2014-06-30,PRO
14753759,61340458,2010-03-18,PRO
14753759,13051425,2011-03-18,CON
14753762,10599667,2007-11-29,CON
14753762,13297907,2011-11-16,CON
14753762,13874041,2013-04-30,CON
14753762,14261100,2014-04-24,DIV
14753762,PCT/IL2005/000063,2005-01-19,NST
14753764,11634009,2006-12-05,DIV
14753764,12175794,2008-07-18,DIV
14753764,12556232,2009-09-09,CON
14753765,61378591,2010-08-31,PRO
14753765,13223270,2011-08-31,DIV
14753767,12681347,2010-07-15,DIV
14753767,13346069,2012-01-09,CON
14753767,14094047,2013-12-02,CON
14753767,PCT/CA2008/001760,2008-10-03,NST
14753769,13435209,2012-03-30,CON
14753773,60624978,2004-11-04,PRO
14753773,60697858,2005-07-07,PRO
14753773,11266755,2005-11-03,DIV
14753773,13464537,2012-05-04,CON
14753773,14165230,2014-01-27,CON
14753774,PCT/JP2013/061247,2013-04-16,CON
14753775,61363733,2010-07-13,PRO
14753775,13181745,2011-07-13,DIV
14753779,13741449,2013-01-15,CON
14753783,13809081,2013-03-27,DIV
14753783,PCT/EP2011/003458,2011-07-11,NST
14753787,13824166,2013-03-15,CON
14753787,PCT/JP2011/071362,2011-09-20,NST
14753790,PCT/JP2013/007643,2013-12-26,CON
14753792,12294616,2008-09-25,CON
14753792,13941409,2013-07-12,CON
14753792,PCT/GB2007/001108,2007-03-27,NST
14753794,14723045,2015-05-27,CON
14753796,09688138,2000-10-16,CON
14753796,09801826,2001-03-09,CON
14753796,09849341,2001-05-07,CON
14753796,10133979,2002-04-29,CIP
14753796,60415780,2002-10-04,PRO
14753796,60428215,2002-11-22,PRO
14753796,10374523,2003-02-27,CIP
14753796,60490909,2003-07-30,PRO
14753796,10678653,2003-10-06,CON
14753796,12426438,2009-04-20,CON
14753796,13655286,2012-10-18,CON
14753796,PCT/IE99/00122,1999-12-01,CON
14753799,62020179,2014-07-02,PRO
14753800,61708232,2012-10-01,PRO
14753800,14040820,2013-09-30,CON
14753801,14372067,2014-07-14,CIP
14753801,PCT/IL2013/050025,2013-01-10,NST
14753808,13612432,2012-09-12,DIV
14753809,62018984,2014-06-30,PRO
14753819,62019389,2014-06-30,PRO
14753820,12754361,2010-04-05,CON
14753820,13867765,2013-04-22,CON
14753824,62018579,2014-06-28,PRO
14753824,PCT/US2015/038203,2015-06-28,CON
14753829,14090848,2013-11-26,CON
14753834,12683824,2010-01-07,CON
14753834,13797587,2013-03-12,CON
14753834,PCT/CN2008/072090,2008-08-21,CON
14753835,12086245,2009-08-18,CON
14753835,PCT/GB2006/004608,2006-12-11,NST
14753836,13969104,2013-08-16,DIV
14753836,PCT/JP2012/053071,2012-02-10,CON
14753837,60852341,2006-10-17,PRO
14753837,60854031,2006-10-24,PRO
14753837,PCT/US07/81648,2007-10-17,NST
14753837,12445783,2010-10-05,CON
14753840,61470711,2011-04-01,PRO
14753840,13435639,2012-03-30,CON
14753841,13055620,2011-04-11,CON
14753841,PCT/AU2009/000935,2009-07-23,NST
14753842,12774312,2010-05-05,CON
14753842,14586183,2014-12-30,DIV
14753843,13138918,2011-10-24,DIV
14753843,PCT/JP2010/003060,2010-04-28,NST
14753846,62031429,2014-07-31,PRO
14753849,10744770,2003-12-23,REI
14753849,14487817,2014-09-16,CON
14753850,61697755,2012-09-06,PRO
14753850,13873408,2013-04-30,CON
14753853,11610680,2006-12-14,CON
14753853,11610680,2006-12-14,DIV
14753853,12564540,2009-09-22,CIP
14753853,12564779,2009-09-22,CIP
14753853,12567477,2009-09-25,CIP
14753853,12568204,2009-09-28,CIP
14753853,12568231,2009-09-28,CIP
14753853,12638229,2009-12-15,CON
14753853,13914233,2013-06-10,CON
14753856,10979729,2004-11-02,CON
14753856,12718392,2010-03-05,CON
14753857,09799325,2001-03-05,CON
14753857,10756817,2004-01-13,CON
14753857,10977365,2004-10-29,CON
14753857,13169728,2011-06-27,CON
14753858,14222317,2014-03-21,CIP
14753859,09458982,1999-12-10,CON
14753859,14167444,2014-01-29,CON
14753860,61190121,2008-08-25,PRO
14753860,12547474,2009-08-25,CON
14753860,13532254,2012-06-25,DIV
14753861,13953263,2013-07-29,CON
14753863,62030264,2014-07-29,PRO
14753866,PCT/CN2012/088007,2012-12-31,CON
14753868,13193679,2011-07-29,DIV
14753871,62018988,2014-06-30,PRO
14753873,14070949,2013-11-04,CON
14753875,60845796,2006-09-19,PRO
14753875,11901357,2007-09-17,CON
14753875,13792359,2013-03-11,CON
14753875,14300570,2014-06-10,CON
14753879,60824005,2006-08-30,PRO
14753879,11749587,2007-05-16,CIP
14753879,61356813,2010-06-21,PRO
14753879,12861589,2010-08-23,CON
14753879,13741690,2013-01-15,CON
14753879,14188263,2014-02-24,CON
14753880,62038108,2014-08-15,PRO
14753882,61893814,2013-10-21,PRO
14753882,61979384,2014-04-14,PRO
14753882,62012805,2014-06-16,PRO
14753882,14519965,2014-10-21,CON
14753882,PCT/US14/61592,2014-10-21,CON
14753884,62019389,2014-06-30,PRO
14753886,61489806,2011-05-25,PRO
14753886,13481161,2012-05-25,DIV
14753888,10620960,2003-07-16,CON
14753888,10945292,2004-09-20,CON
14753888,13489011,2012-06-05,CON
14753893,13974295,2013-08-23,CON
14753894,PCT/JP2013/050594,2013-01-15,CON
14753895,11603935,2006-11-22,CON
14753895,13407085,2012-02-28,CON
14753895,14177527,2014-02-11,CON
14753897,13293410,2011-11-10,CON
14753900,11971540,2008-01-09,CON
14753901,13016151,2011-01-28,CON
14753901,13864840,2013-04-17,CON
14753904,61113061,2008-11-10,PRO
14753904,12615583,2009-11-10,CON
14753904,14645802,2015-03-12,CON
14753905,12793677,2010-06-04,DIV
14753905,14100927,2013-12-09,CON
14753907,13199361,2011-08-26,CON
14753907,13199481,2011-08-30,CON
14753907,13199545,2011-08-31,CIP
14753907,13199544,2011-08-31,CIP
14753907,13200113,2011-09-16,CIP
14753907,13200106,2011-09-16,CIP
14753907,13200830,2011-09-30,CIP
14753907,13200829,2011-09-30,CIP
14753907,13200907,2011-10-03,CIP
14753907,13200906,2011-10-03,CIP
14753907,13317546,2011-10-19,CIP
14753907,13317545,2011-10-19,CIP
14753907,13317979,2011-10-31,CIP
14753907,13317978,2011-10-31,CIP
14753907,13373675,2011-11-22,CIP
14753909,PCT/CN2014/081081,2014-06-30,CON
14753910,14649720,2015-06-04,CON
14753910,PCT/US2012/072326,2012-12-31,NST
14753911,13817096,2013-03-11,CIP
14753913,61759732,2013-02-01,PRO
14753913,61923023,2014-01-02,PRO
14753913,14169732,2014-01-31,DIV
14753917,60690162,2005-06-14,PRO
14753917,60693771,2005-06-27,PRO
14753917,60721060,2005-09-28,PRO
14753917,60738981,2005-11-23,PRO
14753917,11447984,2006-06-07,DIV
14753917,14552755,2014-11-25,DIV
14753922,61553537,2011-10-31,PRO
14753922,61665504,2012-06-28,PRO
14753922,13663542,2012-10-30,CON
14753923,60423903,2002-11-05,PRO
14753923,60435554,2002-12-20,PRO
14753923,60439626,2003-01-13,PRO
14753923,60489812,2003-07-24,PRO
14753923,60490111,2003-07-25,PRO
14753923,60492225,2003-08-01,PRO
14753923,PCT/US03/29776,2003-09-19,CIP
14753923,PCT/US03/35381,2003-11-05,CIP
14753923,PCT/US03/40611,2003-12-19,NST
14753923,60531838,2003-12-23,PRO
14753923,60535559,2004-01-09,PRO
14753923,60553517,2004-03-16,PRO
14753923,60553842,2004-03-17,PRO
14753923,60556259,2004-03-25,PRO
14753923,60563342,2004-04-19,PRO
14753923,60630061,2004-11-22,PRO
14753923,60629926,2004-11-22,PRO
14753923,11021065,2004-12-23,CON
14753923,11029695,2005-01-05,CON
14753923,60667048,2005-03-31,PRO
14753923,10538724,2005-06-13,CIP
14753923,11284543,2005-11-22,CON
14753923,11829578,2007-07-27,CON
14753923,11837865,2007-08-13,DIV
14753923,12118121,2008-05-09,CIP
14753923,12124365,2008-05-21,CON
14753923,12476309,2009-06-02,CON
14753923,12693740,2010-01-26,CON
14753923,12900063,2010-10-07,CIP
14753923,13422700,2012-03-16,CON
14753923,PCT/US2004/015424,2004-05-18,CIP
14753924,61754804,2013-01-21,PRO
14753924,14159772,2014-01-21,CON
14753925,62019389,2014-06-30,PRO
14753932,62019051,2014-06-30,PRO
14753934,13979053,2013-07-10,DIV
14753934,PCT/IL2012/050009,2012-01-10,NST
14753938,13513139,2012-09-17,CON
14753938,PCT/IT2009/000541,2009-12-02,NST
14753939,10278469,2002-10-22,CON
14753939,11567116,2006-12-05,CON
14753940,62019194,2014-06-30,PRO
14753941,61905750,2013-11-18,PRO
14753941,61905765,2013-11-18,PRO
14753941,61905773,2013-11-18,PRO
14753941,61905782,2013-11-18,PRO
14753941,14479701,2014-09-08,CON
14753945,13445122,2012-04-12,CON
14753946,PCT/CN2012/088135,2012-12-31,CON
14753948,61553555,2011-10-31,PRO
14753948,13527498,2012-06-19,CON
14753950,60577757,2004-06-07,PRO
14753950,10948911,2004-09-24,CON
14753950,12725377,2010-03-16,CON
14753950,13667755,2012-11-02,CON
14753955,13722428,2012-12-20,DIV
14753956,13864654,2013-04-17,CON
14753959,61657579,2012-06-08,PRO
14753959,13671551,2012-11-07,DIV
14753962,62018188,2014-06-27,PRO
14753962,62046695,2014-09-05,PRO
14753969,62018179,2014-06-27,PRO
14753971,13804980,2013-03-14,CON
14753974,11848871,2007-08-31,CON
14753976,13306760,2011-11-29,REI
14753977,62017904,2014-06-27,PRO
14753977,62031473,2014-07-31,PRO
14753981,14075346,2013-11-08,CON
14753992,13651616,2012-10-15,CON
14753992,14219422,2014-03-19,CON
14753992,14528318,2014-10-30,CON
14753993,PCT/US14/64579,2014-11-07,CON
14753994,12963504,2010-12-08,CON
14753996,60915913,2007-05-03,PRO
14753996,12114556,2008-05-02,CON
14753998,62019048,2014-06-30,PRO
14753999,12443121,2009-03-26,CON
14753999,12987884,2011-01-10,CON
14753999,13843182,2013-03-15,CON
14753999,14480356,2014-09-08,CON
14753999,PCT/KR2007/004637,2007-09-21,NST
14754000,60987340,2007-11-12,PRO
14754000,PCT/US08/80648,2008-10-21,NST
14754000,12742250,2010-09-29,DIV
14754000,13952561,2013-07-26,DIV
14754001,PCT/CN2013/070334,2013-01-10,CON
14754003,09577959,2000-05-24,DIV
14754003,11621252,2007-01-09,CON
14754003,12853768,2010-08-10,CON
14754003,13622271,2012-09-18,CON
14754003,14287281,2014-05-27,CON
14754004,13814424,2013-03-04,CON
14754004,PCT/JP2011/066740,2011-07-22,NST
14754005,61625322,2012-04-17,PRO
14754005,13681712,2012-11-20,CON
14754006,62025754,2014-07-17,PRO
14754007,61472561,2011-04-06,PRO
14754007,13425867,2012-03-21,CON
14754011,PCT/CN2013/083702,2013-09-18,CON
14754013,12636057,2009-12-11,CON
14754017,PCT/JP2013/083238,2013-12-11,CON
14754019,PCT/CN2013/087316,2013-11-18,CON
14754020,13311754,2011-12-06,CON
14754020,14266194,2014-04-30,CON
14754021,13421950,2012-03-16,DIV
14754026,12444100,2009-04-02,CON
14754026,12608213,2009-10-29,CON
14754026,13014665,2011-01-26,CON
14754026,PCT/KR2007/004825,2007-10-02,NST
14754033,60784583,2006-03-20,PRO
14754033,60786445,2006-03-27,PRO
14754033,11687645,2007-03-17,CON
14754034,61013543,2007-12-13,PRO
14754034,12334217,2008-12-12,CIP
14754034,12945576,2010-11-12,CON
14754036,12832676,2010-07-08,CON
14754036,14271906,2014-05-07,CON
14754038,13706922,2012-12-06,CON
14754042,62020651,2014-07-03,PRO
14754043,61168926,2009-04-13,PRO
14754043,61170550,2009-04-17,PRO
14754043,61170553,2009-04-17,PRO
14754043,61177218,2009-05-11,PRO
14754043,61177227,2009-05-11,PRO
14754043,61177317,2009-05-12,PRO
14754043,61243502,2009-09-17,PRO
14754043,61249568,2009-10-07,PRO
14754043,12759273,2010-04-13,CIP
14754043,12762269,2010-04-16,CIP
14754043,12762271,2010-04-16,CIP
14754043,12778718,2010-05-12,CIP
14754043,12884993,2010-09-17,CIP
14754043,13549335,2012-07-13,DIV
14754043,14229738,2014-03-28,CON
14754043,14601651,2015-01-21,DIV
14754044,12253399,2008-10-17,CON
14754044,13771343,2013-02-20,CON
14754044,14171298,2014-02-03,CON
14754045,13580779,2012-08-23,CON
14754045,PCT/KR2011/001263,2011-02-23,NST
14754046,13675194,2012-11-13,DIV
14754047,13691776,2012-12-01,DIV
14754050,61677194,2012-07-30,PRO
14754050,13572616,2012-08-11,CON
14754052,12200384,2008-08-28,CON
14754054,12014489,2008-01-15,CON
14754054,13687799,2012-11-28,CON
14754058,62020238,2014-07-02,PRO
14754061,61638968,2012-04-26,PRO
14754061,13787914,2013-03-07,CON
14754064,61728138,2012-11-19,PRO
14754064,14083938,2013-11-19,CON
14754067,62020000,2014-07-02,PRO
14754072,60940599,2007-05-29,PRO
14754072,12129387,2008-05-29,CON
14754076,13635598,2012-09-17,CON
14754076,PCT/US2011/028691,2011-03-16,NST
14754077,61607942,2012-03-07,PRO
14754077,13789624,2013-03-07,CON
14754079,13070702,2011-03-24,DIV
14754079,13706530,2012-12-06,CON
14754081,13500577,2012-04-05,CON
14754081,PCT/JP2010/067277,2010-10-01,NST
14754082,60447052,2003-02-13,PRO
14754082,10772717,2004-02-05,CON
14754082,13958960,2013-08-05,CON
14754084,62019329,2014-06-30,PRO
14754085,13832547,2013-03-15,CON
14754086,62018384,2014-06-27,PRO
14754087,61496930,2011-06-14,PRO
14754087,61603864,2012-02-27,PRO
14754087,13495844,2012-06-13,CIP
14754087,14319087,2014-06-30,CON
14754089,61998431,2014-06-28,PRO
14754091,14094208,2013-12-02,CON
14754093,62020946,2014-07-03,PRO
14754095,62019775,2014-07-01,PRO
14754097,11156205,2005-06-18,DIV
14754097,60595935,2005-08-18,PRO
14754097,60596035,2005-08-25,PRO
14754097,60596053,2005-08-26,PRO
14754097,60596099,2005-08-31,PRO
14754097,60596173,2005-09-06,PRO
14754097,60596343,2005-09-18,PRO
14754097,11502689,2006-08-12,CIP
14754097,11933280,2007-10-31,DIV
14754097,14024335,2013-09-11,CIP
14754097,62018664,2014-06-30,PRO
14754099,PCT/JP2013/083624,2013-12-16,CON
14754101,62018302,2014-06-27,PRO
14754103,61561906,2011-11-20,PRO
14754103,13680108,2012-11-18,CON
14754104,61453540,2011-03-16,PRO
14754104,13311486,2011-12-05,CON
14754104,13856429,2013-04-03,CON
14754104,14300472,2014-06-10,CON
14754104,14668068,2015-03-25,DIV
14754108,13997592,2013-06-24,CON
14754108,PCT/US2011/065793,2011-12-19,NST
14754111,09505283,2000-02-16,CON
14754111,10913441,2004-08-09,CON
14754111,11980664,2007-10-31,CON
14754111,12720368,2010-03-09,CON
14754111,12954740,2010-11-26,CON
14754111,13341273,2011-12-30,DIV
14754111,14197070,2014-03-04,DIV
14754112,61652549,2012-05-29,PRO
14754112,13904587,2013-05-29,DIV
14754115,61140884,2008-12-25,PRO
14754115,12647672,2009-12-28,CON
14754115,13620171,2012-09-14,CON
14754117,62023541,2014-07-11,PRO
14754117,62184656,2015-06-25,PRO
14754118,62036960,2014-08-13,PRO
14754118,62069558,2014-10-28,PRO
14754120,12618104,2009-11-13,DIV
14754120,13644743,2012-10-04,CON
14754123,61166130,2009-04-02,PRO
14754123,12752335,2010-04-01,CON
14754125,13802225,2013-03-13,DIV
14754127,14268474,2014-05-02,CON
14754129,61150910,2009-02-09,PRO
14754129,61170187,2009-04-17,PRO
14754129,12702405,2010-02-09,CIP
14754129,61648985,2012-05-18,PRO
14754129,13750934,2013-01-25,CIP
14754129,13830796,2013-03-14,CON
14754131,62019021,2014-06-30,PRO
14754133,61104066,2008-10-09,PRO
14754133,12537365,2009-08-07,CON
14754135,PCT/JP2013/083836,2013-12-18,CON
14754136,61471355,2011-04-04,PRO
14754136,13439703,2012-04-04,CON
14754136,14461702,2014-08-18,CON
14754137,14649720,2015-06-04,CIP
14754137,PCT/US2012/072326,2012-12-31,NST
14754144,11472997,2006-06-23,CON
14754144,12781434,2010-05-17,CON
14754144,13305180,2011-11-28,CON
14754144,13912944,2013-06-07,CON
14754146,61652549,2012-05-29,PRO
14754146,13904587,2013-05-29,DIV
14754149,61603032,2012-02-24,PRO
14754149,13775993,2013-02-25,CON
14754150,12908681,2010-10-20,CON
14754152,14114878,2013-10-30,CON
14754152,PCT/US2012/036589,2012-05-04,NST
14754153,61476067,2011-04-15,PRO
14754153,61532444,2011-09-08,PRO
14754153,13446392,2012-04-13,CON
14754155,62018329,2014-06-27,PRO
14754157,62020267,2014-07-02,PRO
14754158,61760533,2013-02-04,PRO
14754158,14172544,2014-02-04,CON
14754159,12934502,2010-12-23,CON
14754159,PCT/AT2009/000121,2009-03-26,NST
14754160,62018484,2014-06-27,PRO
14754162,61883443,2013-09-27,PRO
14754162,14153760,2014-01-13,CIP
14754162,62000156,2014-05-19,PRO
14754162,14321458,2014-07-01,CIP
14754165,13787641,2013-03-06,CON
14754166,14010142,2013-08-26,DIV
14754170,14077592,2013-11-12,CON
14754172,11217270,2005-09-01,DIV
14754172,12498951,2009-07-07,DIV
14754172,13548077,2012-07-12,DIV
14754172,14094482,2013-12-02,CON
14754173,61595576,2012-02-06,PRO
14754173,13563508,2012-07-31,CON
14754174,13659229,2012-10-24,CON
14754174,PCT/JP2011/004147,2011-07-22,CON
14754179,61794479,2013-03-15,PRO
14754179,14202032,2014-03-10,CIP
14754189,62019353,2014-06-30,PRO
14754189,62094869,2014-12-19,PRO
14754190,13088110,2011-04-15,DIV
14754190,13970124,2013-08-19,DIV
14754194,11641135,2006-12-19,CON
14754194,12566709,2009-09-25,CON
14754194,12823183,2010-06-25,CON
14754194,13205380,2011-08-08,CON
14754194,14331129,2014-07-14,CON
14754197,PCT/CN2013/081259,2013-08-12,CON
14754199,09463040,2000-01-17,CON
14754199,09978982,2001-10-15,CON
14754199,PCT/US98/14625,1998-07-15,NST
14754199,10685995,2003-10-14,CON
14754199,10981015,2004-11-03,CON
14754200,62019027,2014-06-30,PRO
14754203,61522125,2011-08-10,PRO
14754203,61545434,2011-10-10,PRO
14754203,61585133,2012-01-10,PRO
14754203,61643844,2012-05-07,PRO
14754203,61681593,2012-08-09,PRO
14754203,13572488,2012-08-10,CON
14754204,13489677,2012-06-06,CON
14754205,12894369,2010-09-30,CIP
14754205,13097856,2011-04-29,CON
14754209,61915779,2013-12-13,PRO
14754209,14565870,2014-12-10,CON
14754210,13780990,2013-02-28,CON
14754211,11197184,2005-08-04,CON
14754211,12542423,2009-08-17,DIV
14754214,61150910,2009-02-09,PRO
14754214,61170187,2009-04-17,PRO
14754214,12702405,2010-02-09,CIP
14754214,61648985,2012-05-18,PRO
14754214,13750934,2013-01-25,CIP
14754214,13830796,2013-03-14,CON
14754216,12894369,2010-09-30,CIP
14754216,13097856,2011-04-29,CON
14754221,12894369,2010-09-30,CIP
14754221,13097856,2011-04-29,CON
14754224,12572367,2009-10-02,CON
14754224,14013413,2013-08-29,CON
14754226,60995655,2007-09-26,PRO
14754226,12284757,2008-09-24,DIV
14754228,61164253,2009-03-27,PRO
14754228,12463993,2009-05-11,CON
14754229,61486731,2011-05-16,PRO
14754229,61536936,2011-09-20,PRO
14754229,13472352,2012-05-15,DIV
14754230,61147430,2009-01-26,PRO
14754230,12578382,2009-10-13,DIV
14754231,61359790,2010-06-29,PRO
14754231,61502197,2011-06-28,PRO
14754231,13172048,2011-06-29,CON
14754233,12919458,2010-10-07,CON
14754233,PCT/JP2008/053200,2008-02-25,NST
14754236,12894369,2010-09-30,CIP
14754236,13097856,2011-04-29,CON
14754238,13749534,2013-01-24,CON
14754239,60995238,2007-09-25,PRO
14754239,PCT/US08/78021,2008-09-26,NST
14754239,12680548,2010-10-06,CON
14754242,14011065,2013-08-27,CON
14754245,12894369,2010-09-30,CIP
14754245,13097856,2011-04-29,CON
14754249,13220345,2011-08-29,DIV
14754259,11073325,2005-03-04,CON
14754259,13087777,2011-04-15,CON
14754262,61322195,2010-04-08,PRO
14754262,13081272,2011-04-06,CON
14754263,60960709,2007-10-10,PRO
14754263,12222113,2008-08-01,CON
14754263,14021993,2013-09-09,CON
14754266,13361978,2012-01-31,CIP
14754266,13900525,2013-05-22,CIP
14754267,61379252,2010-09-01,PRO
14754267,13223122,2011-08-31,CON
14754268,13132855,2011-10-28,DIV
14754268,PCT/US2009/066891,2009-12-04,NST
14754273,PCT/CN2013/090230,2013-12-23,CON
14754276,62020877,2014-07-03,PRO
14754278,PCT/CN2013/089426,2013-12-13,CON
14754279,13595490,2012-08-27,CON
14754281,14350789,2014-04-09,CON
14754281,PCT/IL2011/000804,2011-10-11,NST
14754282,14601724,2015-01-21,CON
14754284,62019046,2014-06-30,PRO
14754286,61310543,2010-03-04,PRO
14754286,13039498,2011-03-03,CON
14754290,13807916,2013-01-28,DIV
14754290,PCT/EP2011/060437,2011-06-22,NST
14754291,PCT/KR2013/009273,2013-10-17,CON
14754293,14050193,2013-10-09,DIV
14754304,12530433,2010-03-19,CON
14754304,13791576,2013-03-08,CON
14754304,PCT/US2008/006895,2008-05-30,NST
14754309,13111472,2011-05-19,CIP
14754310,60576316,2004-06-01,PRO
14754310,60626791,2004-11-10,PRO
14754310,60666765,2005-03-29,PRO
14754310,PCT/US05/19451,2005-06-01,NST
14754310,11596942,2006-11-17,DIV
14754310,13950259,2013-07-24,CON
14754312,14413912,2015-01-09,CON
14754312,PCT/JP2012/068123,2012-07-17,NST
14754313,62019410,2014-06-30,PRO
14754314,14322857,2014-07-02,CIP
14754317,62026421,2014-07-18,PRO
14754321,13873083,2013-04-29,CON
14754322,62019469,2014-07-01,PRO
14754325,62029237,2014-07-25,PRO
14754327,13909679,2013-06-04,CON
14754328,12933830,2010-09-21,DIV
14754328,PCT/JP2009/055700,2009-03-23,NST
14754330,13689912,2012-11-30,CON
14754333,62018167,2014-06-27,PRO
14754334,12275489,2008-11-21,CON
14754334,13721915,2012-12-20,DIV
14754334,14490345,2014-09-18,CON
14754335,62020891,2014-07-03,PRO
14754337,13655507,2012-10-19,CON
14754337,61895556,2013-10-25,PRO
14754337,14089432,2013-11-25,CIP
14754337,14137890,2013-12-20,CIP
14754337,14144437,2013-12-30,CIP
14754337,14154050,2014-01-13,CIP
14754337,14524948,2014-10-27,CIP
14754337,14614279,2015-02-04,CIP
14754337,14724620,2015-05-28,CIP
14754338,13980243,2013-07-17,CON
14754338,PCT/KR2012/000641,2012-02-03,NST
14754339,62019337,2014-06-30,PRO
14754339,62076436,2014-11-06,PRO
14754342,62029914,2014-07-28,PRO
14754343,62020925,2014-07-03,PRO
14754345,61478759,2011-04-25,PRO
14754345,13455748,2012-04-25,CON
14754347,12939885,2010-11-04,DIV
14754352,PCT/CN2012/088062,2012-12-31,CON
14754354,12686760,2010-01-13,CON
14754355,13128854,2011-08-01,DIV
14754355,14268488,2014-05-02,DIV
14754355,PCT/US2009/063837,2009-11-10,NST
14754358,61096556,2008-09-12,PRO
14754358,12557413,2009-09-10,CON
14754358,13794531,2013-03-11,CON
14754358,14335774,2014-07-18,CON
14754360,60927785,2007-05-04,PRO
14754360,12114608,2008-05-02,CIP
14754360,61323789,2010-04-13,PRO
14754360,12831440,2010-07-07,DIV
14754360,13665529,2012-10-31,CON
14754364,13011052,2011-01-21,DIV
14754365,13666566,2012-11-01,CON
14754370,13269261,2011-10-07,DIV
14754372,14069015,2013-10-31,CON
14754373,13843960,2013-03-15,CON
14754374,61786827,2013-03-15,PRO
14754374,13961832,2013-08-07,CIP
14754375,10285910,2002-10-31,CON
14754375,12766321,2010-04-23,DIV
14754378,PCT/CN2013/091253,2013-12-31,CON
14754380,13261604,2013-05-07,CON
14754380,PCT/CA2011/000979,2011-08-30,NST
14754381,13132762,2011-06-03,DIV
14754381,PCT/US2009/067149,2009-12-08,NST
14754382,61720451,2012-10-31,PRO
14754382,13871642,2013-04-26,CON
14754383,62026787,2014-07-21,PRO
14754385,13520960,2012-08-10,CON
14754385,PCT/JP2010/073409,2010-12-24,NST
14754387,62019736,2014-07-01,PRO
14754389,61409030,2010-11-01,PRO
14754389,13286984,2011-11-01,CON
14754390,61604993,2012-02-29,PRO
14754390,61682675,2012-08-13,PRO
14754390,13740030,2013-01-11,CIP
14754390,13781386,2013-02-28,CON
14754395,13261100,2012-02-16,CON
14754395,PCT/EP2010/004023,2010-06-25,NST
14754396,61998549,2014-07-02,PRO
14754397,62024851,2014-07-15,PRO
14754398,13262350,2011-09-30,CON
14754398,PCT/GB2010/050531,2010-03-29,NST
14754399,14123006,2014-02-18,CON
14754399,PCT/JP2012/068447,2012-07-20,NST
14754401,61803435,2013-03-19,PRO
14754401,13854956,2013-04-01,CON
14754405,14131166,2014-01-06,CON
14754405,PCT/CN2012/075720,2012-05-18,NST
14754411,13492388,2012-06-08,CON
14754415,61145021,2009-01-15,PRO
14754415,61147353,2009-01-26,PRO
14754415,12687054,2010-01-13,CON
14754415,13760666,2013-02-06,CON
14754418,61053449,2008-05-15,PRO
14754418,61055398,2008-05-22,PRO
14754418,61079362,2008-07-09,PRO
14754418,61111523,2008-11-05,PRO
14754418,61113927,2008-11-12,PRO
14754418,61201037,2008-12-04,PRO
14754418,12454340,2009-05-15,DIV
14754418,13534700,2012-06-27,CON
14754419,61452330,2011-03-14,PRO
14754419,61474491,2011-04-12,PRO
14754419,61476819,2011-04-19,PRO
14754419,13420436,2012-03-14,CON
14754419,PCT/US2011/042309,2011-06-29,CIP
14754419,PCT/US2011/051403,2011-09-13,CIP
14754420,61055653,2008-05-23,PRO
14754420,12472346,2009-05-26,DIV
14754421,14332276,2014-07-15,CIP
14754422,60862951,2006-10-25,PRO
14754422,60940261,2007-05-25,PRO
14754422,11865501,2007-10-01,CON
14754422,13215966,2011-08-23,CON
14754422,13632929,2012-10-01,CON
14754422,14157257,2014-01-16,CON
14754423,61674852,2012-07-23,PRO
14754423,61674854,2012-07-24,PRO
14754423,13948108,2013-07-22,DIV
14754425,13272363,2011-10-13,CON
14754426,62018308,2014-06-27,PRO
14754430,62021607,2014-07-07,PRO
14754432,61900093,2013-11-05,PRO
14754432,14096869,2013-12-04,CIP
14754432,61981416,2014-04-18,PRO
14754432,61981817,2014-04-20,PRO
14754432,62002656,2014-05-23,PRO
14754432,62018853,2014-06-30,PRO
14754432,62019017,2014-06-30,PRO
14754432,14532659,2014-11-04,CIP
14754432,62080381,2014-11-16,PRO
14754432,62080386,2014-11-16,PRO
14754432,14687752,2015-04-15,CIP
14754432,14689922,2015-04-17,CIP
14754432,14719636,2015-05-22,CIP
14754433,13323311,2011-12-12,DIV
14754434,60627626,2004-11-12,PRO
14754434,60651340,2005-02-09,PRO
14754434,11274931,2005-11-14,CIP
14754434,60888070,2007-02-02,PRO
14754434,12025724,2008-02-04,CIP
14754434,12349437,2009-01-06,CON
14754436,14157764,2014-01-17,CON
14754440,13859683,2013-04-09,CON
14754445,61498663,2011-06-20,PRO
14754445,61638848,2012-04-26,PRO
14754445,13528680,2012-06-20,CIP
14754445,PCT/US13/24145,2013-01-31,NST
14754445,62018327,2014-06-27,PRO
14754445,14397370,2014-10-27,CIP
14754445,62129860,2015-03-08,PRO
14754445,62137888,2015-03-25,PRO
14754445,62175733,2015-06-15,PRO
14754446,61900093,2013-11-05,PRO
14754446,14096869,2013-12-04,CIP
14754446,61981416,2014-04-18,PRO
14754446,61981817,2014-04-20,PRO
14754446,62002656,2014-05-23,PRO
14754446,62018853,2014-06-30,PRO
14754446,62019017,2014-06-30,PRO
14754446,14532659,2014-11-04,CIP
14754446,62080381,2014-11-16,PRO
14754446,62080386,2014-11-16,PRO
14754446,14687752,2015-04-15,CIP
14754446,14689922,2015-04-17,CIP
14754446,14719636,2015-05-22,CIP
14754455,61657232,2012-06-08,PRO
14754455,13629503,2012-09-27,DIV
14754456,12995661,2011-03-04,CON
14754456,PCT/US2009/045866,2009-06-01,NST
14754459,13357502,2012-01-24,CIP
14754459,61607909,2012-03-07,PRO
14754459,61672240,2012-07-16,PRO
14754459,13550587,2012-07-16,CIP
14754459,13602048,2012-08-31,CIP
14754459,13835933,2013-03-15,CON
14754463,14171144,2014-02-03,DIV
14754465,62019285,2014-06-30,PRO
14754468,13829088,2013-03-14,DIV
14754473,61597704,2012-02-10,PRO
14754473,13762231,2013-02-07,CON
14754486,61607407,2012-03-06,PRO
14754486,13787661,2013-03-06,CIP
14754487,62018642,2014-06-29,PRO
14754487,62019375,2014-06-30,PRO
14754492,61943986,2014-02-24,PRO
14754492,PCT/US2015/017131,2015-02-23,CIP
14754494,60576381,2004-06-03,PRO
14754494,11139806,2005-05-31,DIV
14754494,12101186,2008-04-11,CON
14754494,13693961,2012-12-04,DIV
14754494,14593746,2015-01-09,DIV
14754495,61728794,2012-11-20,PRO
14754495,13875173,2013-05-01,CON
14754499,61047024,2008-04-22,PRO
14754499,12425773,2009-04-17,CON
14754503,12594542,2010-05-26,DIV
14754503,PCT/IE2008/000040,2008-04-04,NST
14754504,61085956,2008-08-04,PRO
14754504,61087934,2008-08-11,PRO
14754504,61096278,2008-09-11,PRO
14754504,12393884,2009-02-26,CON
14754504,13419079,2012-03-13,CON
14754504,14242752,2014-04-01,CON
14754506,60888437,2007-02-06,PRO
14754506,60971762,2007-09-12,PRO
14754506,61015042,2007-12-19,PRO
14754506,12020913,2008-01-28,CIP
14754506,12337385,2008-12-17,CON
14754506,12787124,2010-05-25,CON
14754506,14069158,2013-10-31,CON
14754507,61476195,2011-04-15,PRO
14754507,13445244,2012-04-12,CON
14754509,60678395,2005-05-05,PRO
14754509,11418877,2006-05-05,CIP
14754509,11714752,2007-03-05,CON
14754512,60976216,2007-09-28,PRO
14754512,60976222,2007-09-28,PRO
14754512,60976246,2007-09-28,PRO
14754512,60976249,2007-09-28,PRO
14754512,60976252,2007-09-28,PRO
14754512,60976258,2007-09-28,PRO
14754512,60976266,2007-09-28,PRO
14754512,60976269,2007-09-28,PRO
14754512,60976275,2007-09-28,PRO
14754512,60976281,2007-09-28,PRO
14754512,60976283,2007-09-28,PRO
14754512,60976292,2007-09-28,PRO
14754512,60976301,2007-09-28,PRO
14754512,60976304,2007-09-28,PRO
14754512,60976308,2007-09-28,PRO
14754512,60976311,2007-09-28,PRO
14754512,60976312,2007-09-28,PRO
14754512,60976320,2007-09-28,PRO
14754512,60976325,2007-09-28,PRO
14754512,60976327,2007-09-28,PRO
14754512,60976339,2007-09-28,PRO
14754512,12240888,2008-09-29,CON
14754513,62019339,2014-06-30,PRO
14754517,11391033,2006-03-28,CON
14754525,61526572,2011-08-23,PRO
14754525,13316003,2011-12-09,CIP
14754525,61734762,2012-12-07,PRO
14754525,14098226,2013-12-05,CON
14754525,14551818,2014-11-24,CON
14754528,PCT/JP2014/003186,2014-06-16,CON
14754534,62018448,2014-06-27,PRO
14754534,62149988,2015-04-20,PRO
14754534,62156441,2015-05-04,PRO
14754536,62019102,2014-06-30,PRO
14754537,13563429,2012-07-31,CON
14754538,62019131,2014-06-30,PRO
14754539,62018635,2014-06-29,PRO
14754541,62019319,2014-06-30,PRO
14754542,13692858,2012-12-03,CON
14754546,13548231,2012-07-13,CON
14754549,61466849,2011-03-23,PRO
14754549,13404381,2012-02-24,CON
14754549,13887529,2013-05-06,CON
14754550,61792349,2013-03-15,PRO
14754550,14212788,2014-03-14,CON
14754551,61336471,2010-01-21,PRO
14754551,13010749,2011-01-20,CON
14754551,14589911,2015-01-05,CON
14754562,61466849,2011-03-23,PRO
14754562,13404381,2012-02-24,CON
14754562,13887529,2013-05-06,CON
14754564,13352060,2012-01-17,CON
14754567,62018448,2014-06-27,PRO
14754567,62149988,2015-04-20,PRO
14754567,62156441,2015-05-04,PRO
14754571,62019655,2014-07-01,PRO
14754577,62020340,2014-07-02,PRO
14754577,62028039,2014-07-23,PRO
14754582,61466849,2011-03-23,PRO
14754582,13404381,2012-02-24,CON
14754582,13887529,2013-05-06,CON
14754585,13527280,2012-06-19,DIV
14754589,14229612,2014-03-28,CON
14754590,13541244,2012-07-03,CON
14754590,14498677,2014-09-26,CON
14754592,61428699,2010-12-30,PRO
14754592,61470382,2011-03-31,PRO
14754592,61470406,2011-03-31,PRO
14754592,61485104,2011-05-11,PRO
14754592,PCT/US11/68244,2011-12-30,NST
14754592,13977207,2014-02-13,CON
14754593,62022113,2014-07-08,PRO
14754594,62018448,2014-06-27,PRO
14754594,62149988,2015-04-20,PRO
14754594,62156441,2015-05-04,PRO
14754597,61466849,2011-03-23,PRO
14754597,13404381,2012-02-24,CON
14754597,13887529,2013-05-06,CON
14754598,13720909,2012-12-19,CON
14754599,62018079,2014-06-27,PRO
14754599,62162510,2015-05-15,PRO
14754601,61466849,2011-03-23,PRO
14754601,13404381,2012-02-24,CON
14754601,13887529,2013-05-06,CON
14754606,60092807,1998-07-14,PRO
14754606,09332244,1999-06-11,CON
14754606,10361478,2003-02-06,CON
14754606,12797918,2010-06-10,CON
14754606,13338014,2011-12-27,CON
14754606,13557444,2012-07-25,CON
14754606,13918689,2013-06-14,CON
14754606,14254748,2014-04-16,CON
14754607,62018482,2014-06-27,PRO
14754608,62018448,2014-06-27,PRO
14754608,62149988,2015-04-20,PRO
14754608,62156441,2015-05-04,PRO
14754614,61646806,2012-05-14,PRO
14754614,61678485,2012-08-01,PRO
14754614,61708445,2012-10-01,PRO
14754614,13797747,2013-03-12,DIV
14754615,PCT/JP2014/002331,2014-04-25,CON
14754618,62018448,2014-06-27,PRO
14754618,62149988,2015-04-20,PRO
14754618,62156441,2015-05-04,PRO
14754620,62023530,2014-07-11,PRO
14754623,13363648,2012-02-01,CON
14754624,62018616,2014-06-29,PRO
14754626,62018649,2014-06-29,PRO
14754628,13749108,2013-01-24,CIP
14754631,13367629,2012-02-07,CON
14754631,13623558,2012-09-20,CIP
14754631,14589350,2015-01-05,CIP
14754632,12948028,2010-11-17,CON
14754636,13654432,2012-10-18,DIV
14754637,62018493,2014-06-27,PRO
14754638,61495196,2011-06-09,PRO
14754638,13489586,2012-06-06,DIV
14754641,62020803,2014-07-03,PRO
14754642,13567162,2012-08-06,DIV
14754644,61512924,2011-07-29,PRO
14754644,13561031,2012-07-28,CON
14754646,61523615,2011-08-15,PRO
14754646,13586762,2012-08-15,CON
14754650,62021114,2014-07-05,PRO
14754651,60724565,2005-10-07,PRO
14754651,11255854,2005-10-20,DIV
14754651,14187759,2014-02-24,DIV
14754652,62018326,2014-06-27,PRO
14754653,60615314,2004-10-01,PRO
14754653,11012639,2004-12-14,CON
14754653,12753495,2010-04-02,CON
14754653,13335592,2011-12-22,CON
14754653,13620208,2012-09-14,CON
14754653,13874418,2013-04-30,CON
14754653,13886209,2013-05-02,CON
14754654,13919343,2013-06-17,DIV
14754655,61652099,2012-05-25,PRO
14754655,61662305,2012-06-20,PRO
14754655,13902801,2013-05-25,CIP
14754657,62019444,2014-07-01,PRO
14754658,12856047,2010-08-13,CON
14754663,14217443,2014-03-17,CIP
14754668,13592398,2012-08-23,DIV
14754669,62018552,2014-06-28,PRO
14754670,62018213,2014-06-27,PRO
14754672,14432776,2015-04-01,CON
14754672,PCT/CN2013/090176,2013-12-22,NST
14754674,61426859,2010-12-23,PRO
14754674,13189017,2011-07-22,CIP
14754676,61231596,2009-08-05,PRO
14754676,12850840,2010-08-05,CON
14754677,61273492,2009-08-05,PRO
14754677,12850696,2010-08-05,CIP
14754677,13909072,2013-06-03,CON
14754678,61148394,2009-01-30,PRO
14754678,61164955,2009-03-31,PRO
14754678,12698133,2010-02-01,CON
14754678,13655358,2012-10-18,CON
14754678,13931820,2013-06-29,CIP
14754678,14157546,2014-01-17,CON
14754682,12249154,2008-10-10,CON
14754684,13643295,2013-03-05,CON
14754684,PCT/EP2011/054473,2011-03-23,NST
14754685,62018474,2014-06-27,PRO
14754688,62019545,2014-07-01,PRO
14754688,62185717,2015-06-28,PRO
14754688,PCT/US15/38251,2015-06-29,CON
14754700,13446606,2012-04-13,CON
14754701,61712975,2012-10-12,PRO
14754701,14048060,2013-10-08,CON
14754702,13861514,2013-04-12,DIV
14754707,12685665,2010-01-11,CON
14754716,13582756,2012-09-05,DIV
14754716,PCT/IL2011/000233,2011-03-10,NST
14754720,14061759,2013-10-24,DIV
14754722,PCT/KR2014/007472,2014-08-12,CON
14754724,62022176,2014-07-08,PRO
14754729,13798181,2013-03-13,DIV
14754738,13647480,2012-10-09,DIV
14754740,61702828,2012-09-19,PRO
14754740,14028606,2013-09-17,DIV
14754744,62018930,2014-06-30,PRO
14754745,PCT/CN2013/088178,2013-11-29,CIP
14754746,13168238,2011-06-24,REI
14754746,PCT/JP2010/068441,2010-10-20,CON
14754748,62019120,2014-06-30,PRO
14754750,13372081,2012-02-13,DIV
14754753,61999278,2014-07-22,PRO
14754755,61368496,2010-07-28,PRO
14754755,13193030,2011-07-28,CIP
14754757,61150276,2009-02-05,PRO
14754757,12414709,2009-03-31,CIP
14754757,12621517,2009-11-19,CIP
14754757,12717957,2010-03-05,CIP
14754757,14181607,2014-02-14,CIP
14754761,60691859,2005-06-17,PRO
14754761,11322067,2005-12-28,CON
14754761,12492870,2009-06-26,CON
14754761,13549925,2012-07-16,CON
14754765,13555618,2012-07-23,DIV
14754766,61602567,2012-02-23,PRO
14754766,61679106,2012-08-03,PRO
14754766,13692021,2012-12-03,CIP
14754766,61870755,2013-08-27,PRO
14754766,14040501,2013-09-27,CON
14754767,62019425,2014-07-01,PRO
14754772,11814342,2007-07-19,DIV
14754772,12943974,2010-11-11,DIV
14754772,PCT/US2006/002013,2006-01-19,NST
14754773,12977146,2010-12-23,CIP
14754773,13336151,2011-12-23,DIV
14754776,13082777,2011-04-08,DIV
14754777,62018732,2014-06-30,PRO
14754782,61795236,2012-10-12,PRO
14754782,14053148,2013-10-14,CON
14754784,62018905,2014-06-30,PRO
14754785,PCT/IL2013/051102,2013-12-31,CIP
14754786,62020075,2014-07-02,PRO
14754787,60826284,2006-09-20,PRO
14754787,60864484,2006-11-06,PRO
14754787,11856740,2007-09-18,DIV
14754787,14461597,2014-08-18,CON
14754789,13162727,2011-06-17,CON
14754789,14141840,2013-12-27,CON
14754793,13162727,2011-06-17,CON
14754793,14141840,2013-12-27,CON
14754794,12479520,2009-06-05,CON
14754794,PCT/US2008/065300,2008-05-30,CIP
14754795,12226177,2009-12-03,CON
14754795,PCT/EP2007/052570,2007-03-19,NST
14754796,PCT/JP2013/081845,2013-11-27,CON
14754801,62020075,2014-07-02,PRO
14754802,61600152,2012-02-17,PRO
14754802,29413658,2012-02-17,CIP
14754802,13769706,2013-02-18,CON
14754802,14573044,2014-12-17,CON
14754802,14614742,2015-02-05,CON
14754804,14128683,2013-12-23,DIV
14754804,PCT/EP2012/058548,2012-05-09,NST
14754806,62018740,2014-06-30,PRO
14754809,PCT/CN2014/080692,2014-06-25,CON
14754815,12231290,2008-08-28,CON
14754815,13285250,2011-10-31,CON
14754815,13619183,2012-09-14,CON
14754815,13939628,2013-07-11,CON
14754816,13687422,2012-11-28,CON
14754817,PCT/JP2014/082993,2014-12-12,CON
14754820,PCT/JP2014/069143,2014-07-18,CON
14754822,09311101,1999-05-13,CIP
14754822,10357151,2003-02-03,CON
14754822,11410382,2006-04-25,DIV
14754822,11971980,2008-01-10,CON
14754822,13675729,2012-11-13,CON
14754823,62019665,2014-07-01,PRO
14754828,13422096,2012-03-16,CON
14754828,14555767,2014-11-28,CON
14754828,14640100,2015-03-06,CON
14754830,62019060,2014-06-30,PRO
14754834,PCT/JP2014/050648,2014-01-16,CON
14754835,11573707,2008-04-16,DIV
14754835,13287098,2011-11-01,DIV
14754835,14341814,2014-07-27,DIV
14754835,PCT/IL2005/000908,2005-08-23,NST
14754846,62020022,2014-07-02,PRO
14754849,61234032,2009-08-14,PRO
14754849,12855788,2010-08-13,CON
14754850,13648500,2012-10-10,CON
14754854,61871613,2013-08-29,PRO
14754854,14471516,2014-08-28,CON
14754856,60517730,2003-11-05,PRO
14754856,10982170,2004-11-04,CON
14754856,12885006,2010-09-17,CON
14754860,61622317,2012-04-10,PRO
14754860,13798241,2013-03-13,CON
14754861,13692789,2012-12-03,DIV
14754862,60687043,2005-06-03,PRO
14754862,11411333,2006-04-26,DIV
14754862,12490517,2009-06-24,CON
14754862,13966774,2013-08-14,CON
14754866,PCT/JP2014/050418,2014-01-14,CON
14754867,62020261,2014-07-02,PRO
14754869,61694369,2012-08-29,PRO
14754869,13784245,2013-03-04,CIP
14754869,61844975,2013-07-11,PRO
14754869,14248622,2014-04-09,CON
14754870,PCT/JP2014/050416,2014-01-14,CON
14754875,61180912,2009-05-25,PRO
14754875,12786894,2010-05-25,CON
14754875,14183566,2014-02-19,CON
14754879,62019951,2014-07-02,PRO
14754881,60891630,2007-02-26,PRO
14754881,12037436,2008-02-26,DIV
14754883,62023446,2014-07-11,PRO
14754884,14037658,2013-09-26,CON
14754887,62019626,2014-07-01,PRO
14754889,PCT/CN2014/078609,2014-05-28,CON
14754892,62019957,2014-07-02,PRO
14754893,PCT/CN2012/088130,2012-12-31,CON
14754894,61826609,2013-05-23,PRO
14754894,61863063,2013-08-07,PRO
14754894,14269866,2014-05-05,CON
14754900,60925394,2007-04-20,PRO
14754900,60916655,2007-05-08,PRO
14754900,11769565,2007-06-27,CIP
14754900,12099320,2008-04-08,CON
14754900,61181176,2009-05-26,PRO
14754900,12750196,2010-03-30,CIP
14754900,12786032,2010-05-24,CON
14754900,13726871,2012-12-26,CON
14754900,14225640,2014-03-26,CON
14754904,62019383,2014-06-30,PRO
14754906,13155623,2011-06-08,CON
14754908,61288840,2009-12-21,PRO
14754908,12928933,2010-12-21,CON
14754908,14248597,2014-04-09,CON
14754912,14232827,2014-01-14,CON
14754912,PCT/KR2012/005759,2012-07-19,NST
14754914,62018720,2014-06-30,PRO
14754916,13852379,2013-03-28,DIV
14754916,PCT/US2011/053760,2011-09-28,CON
14754917,14036244,2013-09-25,CON
14754919,61259391,2009-11-09,PRO
14754919,12941289,2010-11-08,DIV
14754923,13777767,2013-02-26,DIV
14754925,62020565,2014-07-03,PRO
14754926,13291349,2011-11-08,CON
14754927,61533911,2011-09-13,PRO
14754927,61621205,2012-04-06,PRO
14754927,13612800,2012-09-12,CIP
14754927,13831924,2013-03-15,CON
14754930,61750229,2013-01-08,PRO
14754930,14150126,2014-01-08,CIP
14754930,62018716,2014-06-30,PRO
14754931,62019793,2014-07-01,PRO
14754932,61014232,2007-12-17,PRO
14754932,12334731,2008-12-15,CON
14754932,13548446,2012-07-13,CON
14754932,13933623,2013-07-02,CON
14754933,61802834,2013-03-18,PRO
14754933,14217689,2014-03-18,CIP
14754934,61048027,2008-04-25,PRO
14754934,12430670,2009-04-27,CON
14754937,13314965,2011-12-08,CON
14754939,62020455,2014-07-03,PRO
14754940,13513600,2012-09-18,CON
14754940,PCT/US2010/059093,2010-12-06,NST
14754942,11402492,2006-04-11,DIV
14754942,14272721,2014-05-08,CIP
14754942,14693951,2015-04-23,CIP
14754943,62021377,2014-07-07,PRO
14754946,13852379,2013-03-28,DIV
14754946,PCT/US2011/053760,2011-09-28,CON
14754947,14029136,2013-09-17,CON
14754952,62020475,2014-07-03,PRO
14754953,13322359,2011-11-23,CON
14754953,14187996,2014-02-24,CON
14754953,PCT/US2010/036355,2010-05-27,NST
14754956,10771805,2004-02-04,DIV
14754960,61821873,2013-05-10,PRO
14754960,61824525,2013-05-17,PRO
14754960,14275822,2014-05-12,CON
14754965,61759542,2013-02-01,PRO
14754965,14169342,2014-01-31,CON
14754966,62030661,2014-07-30,PRO
14754966,62030670,2014-07-30,PRO
14754966,62030681,2014-07-30,PRO
14754970,13796876,2013-03-12,CON
14754973,14342627,2014-05-15,CON
14754973,PCT/JP2012/072227,2012-08-31,NST
14754975,11272763,2005-11-15,CON
14754977,11915253,2007-12-12,CON
14754977,13920883,2013-06-18,CIP
14754977,PCT/US2006/019910,2006-05-23,NST
14754978,62020634,2014-07-03,PRO
14754979,13149498,2011-05-31,CON
14754981,61894596,2013-10-23,PRO
14754981,14315623,2014-06-26,CON
14754981,14580538,2014-12-23,CIP
14754983,61513300,2011-07-29,PRO
14754983,13561889,2012-07-30,DIV
14754983,PCT/US2011/027575,2011-03-08,CIP
14754984,62018934,2014-06-30,PRO
14754986,62018703,2014-06-30,PRO
14754989,60751393,2005-12-15,PRO
14754989,11611568,2006-12-15,DIV
14754989,12552125,2009-09-01,DIV
14754989,13242994,2011-09-23,DIV
14754990,14127662,2014-03-12,DIV
14754990,PCT/US2012/044937,2012-06-29,NST
14754992,10367524,2003-02-14,CON
14754992,11461335,2006-07-31,DIV
14754992,12904085,2010-10-13,DIV
14754992,13309537,2011-12-01,DIV
14754992,14070439,2013-11-01,CON
14754993,61609339,2012-03-11,PRO
14754993,61663878,2012-06-25,PRO
14754993,13673302,2012-11-09,CON
14754995,14644290,2015-03-11,CIP
14754998,11561567,2006-11-20,DIV
14754998,13015246,2011-01-27,DIV
14754998,13735661,2013-01-07,CON
14755002,61586635,2012-01-13,PRO
14755002,PCT/US13/21379,2013-01-14,NST
14755002,13824348,2014-04-02,CON
14755004,60591735,2004-07-28,PRO
14755004,60591841,2004-07-28,PRO
14755004,60591842,2004-07-28,PRO
14755004,60591843,2004-07-28,PRO
14755004,60591844,2004-07-28,PRO
14755004,60591845,2004-07-28,PRO
14755004,60591847,2004-07-28,PRO
14755004,11093322,2005-03-30,CON
14755011,12040733,2008-02-29,CON
14755011,12710671,2010-02-23,CON
14755011,13078275,2011-04-01,CON
14755011,13927449,2013-06-26,CON
14755014,62033372,2014-08-05,PRO
14755017,13227944,2011-09-08,CON
14755018,62030661,2014-07-30,PRO
14755018,62030670,2014-07-30,PRO
14755018,62030681,2014-07-30,PRO
14755021,62019198,2014-06-30,PRO
14755022,60110624,1998-12-02,PRO
14755022,09302762,1999-04-30,CON
14755022,11245572,2005-10-07,CON
14755022,12220553,2008-07-26,CON
14755022,12802261,2010-06-03,CON
14755022,13860713,2013-04-11,CON
14755026,62018965,2014-06-30,PRO
14755036,13362288,2012-01-31,DIV
14755036,14044282,2013-10-02,CON
14755037,13550703,2012-07-17,CON
14755039,61752053,2013-01-14,PRO
14755039,14155064,2014-01-14,CON
14755040,13777767,2013-02-26,DIV
14755041,61288585,2009-12-21,PRO
14755041,PCT/US10/60731,2010-12-16,NST
14755041,13517039,2013-02-07,CON
14755044,61401310,2010-08-11,PRO
14755044,61455901,2010-10-28,PRO
14755044,61463390,2011-02-16,PRO
14755044,13206589,2011-08-10,CON
14755048,11571708,2007-11-26,CON
14755048,13008619,2011-01-18,DIV
14755048,PCT/DK2005/000469,2005-07-05,NST
14755052,PCT/JP2013/084046,2013-12-19,CON
14755054,62019744,2014-07-01,PRO
14755055,10785672,2004-02-23,DIV
14755055,13207585,2011-08-11,DIV
14755056,PCT/US10/46020,2010-08-19,NST
14755056,13390677,2012-02-15,DIV
14755057,62031288,2014-07-31,PRO
14755059,11837769,2007-08-13,CON
14755059,13912424,2013-06-07,CON
14755059,14246415,2014-04-07,CON
14755060,61737181,2012-12-14,PRO
14755060,14105334,2013-12-13,DIV
14755061,13808612,2013-01-07,DIV
14755061,PCT/IB2011/001636,2011-07-13,NST
14755065,61838578,2013-06-24,PRO
14755065,61841624,2013-07-01,PRO
14755065,61914491,2013-12-11,PRO
14755065,61914538,2013-12-11,PRO
14755065,61924884,2014-01-08,PRO
14755065,61925311,2014-01-09,PRO
14755065,61928133,2014-01-16,PRO
14755065,61928644,2014-01-17,PRO
14755065,61929731,2014-01-21,PRO
14755065,61929874,2014-01-21,PRO
14755065,61933442,2014-01-30,PRO
14755065,62007004,2014-06-03,PRO
14755065,62008275,2014-06-05,PRO
14755065,14313960,2014-06-24,CON
14755065,14514988,2014-10-15,CON
14755065,14735782,2015-06-10,CON
14755070,62021507,2014-07-07,PRO
14755074,12993960,2011-02-08,DIV
14755076,61392060,2010-10-12,PRO
14755076,13271507,2011-10-12,CON
14755076,14626225,2015-02-19,CON
14755078,61723551,2012-11-07,PRO
14755078,14074086,2013-11-07,CON
14755079,13277169,2011-10-19,CIP
14755079,13775019,2013-02-22,CON
14755079,PCT/US2012/061189,2012-10-19,CIP
14755080,13293917,2011-11-10,DIV
14755084,62021272,2014-07-07,PRO
14755089,62020097,2014-07-02,PRO
14755092,62018873,2014-06-30,PRO
14755093,61247927,2009-10-01,PRO
14755093,12896028,2010-10-01,CON
14755093,14265648,2014-04-30,CON
14755096,60449266,2003-02-21,PRO
14755096,60493145,2003-08-07,PRO
14755096,60502139,2003-09-11,PRO
14755096,10782149,2004-02-19,DIV
14755096,11891981,2007-08-14,CIP
14755096,12098242,2008-04-04,CON
14755096,13324222,2011-12-13,CON
14755096,14010139,2013-08-26,CON
14755100,14240778,2014-02-25,CON
14755100,14642903,2015-03-10,CON
14755100,PCT/JP2012/006353,2012-10-03,NST
14755104,PCT/IL2015/050135,2015-02-05,CIP
14755105,11418896,2006-05-05,DIV
14755105,13491424,2012-06-07,CON
14755105,14203093,2014-03-10,CON
14755106,61911276,2013-12-03,PRO
14755106,14496600,2014-09-25,DIV
14755115,14489697,2014-09-18,CON
14755116,62023298,2014-07-11,PRO
14755123,13422215,2012-03-16,DIV
14755123,14517147,2014-10-17,DIV
14755127,13691482,2012-11-30,CON
14755129,61609339,2012-03-11,PRO
14755129,61663878,2012-06-25,PRO
14755129,13715237,2012-12-14,CIP
14755129,13785902,2013-03-05,CON
14755132,62021445,2014-07-07,PRO
14755140,62030661,2014-07-30,PRO
14755140,62030670,2014-07-30,PRO
14755140,62030681,2014-07-30,PRO
14755141,12644572,2009-12-22,CON
14755141,14226380,2014-03-26,CON
14755143,13979174,2013-07-11,DIV
14755143,PCT/US2012/021199,2012-01-13,NST
14755144,13644520,2012-10-04,DIV
14755145,61768002,2013-02-22,PRO
14755145,13896721,2013-05-17,CON
14755147,14227117,2014-03-27,DIV
14755148,61547614,2011-10-14,PRO
14755148,61713464,2012-10-12,PRO
14755148,13652421,2012-10-15,CON
14755150,62019703,2014-07-01,PRO
14755151,12031628,2008-02-14,CON
14755151,12856099,2010-08-13,CIP
14755151,13118210,2011-05-27,CON
14755151,13832522,2013-03-15,CON
14755154,13977162,2013-08-20,CON
14755154,PCT/NL2011/050555,2011-08-11,NST
14755155,14126121,2013-12-13,CON
14755155,PCT/JP2012/004034,2012-06-21,NST
14755163,12222555,2008-08-12,DIV
14755167,PCT/US2013/076358,2013-12-19,CON
14755171,60580108,2004-06-17,PRO
14755171,60580109,2004-06-17,PRO
14755171,11154520,2005-06-17,CON
14755171,11889112,2007-08-09,CON
14755171,12379343,2009-02-19,CON
14755171,12770379,2010-04-29,CON
14755171,13333351,2011-12-21,CON
14755171,13620159,2012-09-14,CON
14755171,13868926,2013-04-23,CON
14755171,14150505,2014-01-08,CON
14755171,14511091,2014-10-09,CON
14755172,62021340,2014-07-07,PRO
14755175,PCT/CN2014/076179,2014-04-25,CON
14755177,61073616,2008-06-18,PRO
14755177,12487583,2009-06-18,CIP
14755177,13178385,2011-07-07,CON
14755177,14466324,2014-08-22,CIP
14755178,61017296,2007-12-28,PRO
14755178,12342565,2008-12-23,CON
14755182,61136342,2008-08-28,PRO
14755182,12544338,2009-08-20,CON
14755184,62019352,2014-06-30,PRO
14755186,61385011,2010-09-21,PRO
14755186,13213781,2011-08-19,DIV
14755196,61187975,2009-06-17,PRO
14755196,12816309,2010-06-15,CON
14755196,14105673,2013-12-13,CON
14755199,61556094,2011-11-04,PRO
14755199,13435573,2012-03-30,DIV
14755200,61532042,2011-09-07,PRO
14755200,13606354,2012-09-07,CON
14755200,14641040,2015-03-06,CON
14755206,13813994,2013-03-13,CON
14755206,14323034,2014-07-03,CON
14755206,PCT/JP2011/066105,2011-07-14,NST
14755207,62024112,2014-07-14,PRO
14755207,62060741,2014-10-07,PRO
14755209,60659786,2005-03-09,PRO
14755209,11371721,2006-03-09,CIP
14755209,11683744,2007-03-08,CON
14755209,13354583,2012-01-20,CON
14755209,13834069,2013-03-15,CON
14755209,14589176,2015-01-05,CON
14755213,62018939,2014-06-30,PRO
14755215,61104135,2008-10-09,PRO
14755215,PCT/US09/60135,2009-10-09,NST
14755215,13122837,2011-05-31,CON
14755219,61240726,2009-09-09,PRO
14755219,12814807,2010-06-14,CON
14755219,14068554,2013-10-31,CON
14755221,12131876,2008-06-02,CIP
14755221,13340988,2011-12-30,CIP
14755221,14190429,2014-02-26,CON
14755222,61595821,2012-02-07,PRO
14755222,13550183,2012-07-16,CON
14755224,62025704,2014-07-17,PRO
14755226,61532042,2011-09-07,PRO
14755226,13606354,2012-09-07,CON
14755226,14641040,2015-03-06,CON
14755230,14400956,2014-11-13,CIP
14755230,PCT/US2012/038235,2012-05-17,NST
14755232,PCT/CN2013/088555,2013-12-04,CON
14755233,13312652,2011-12-06,DIV
14755236,PCT/CN2014/075902,2014-04-22,CON
14755237,13584854,2012-08-14,CON
14755244,60683584,2005-05-23,PRO
14755244,11438955,2006-05-22,CON
14755245,61369110,2010-07-30,PRO
14755245,13191550,2011-07-27,CIP
14755245,62019091,2014-06-30,PRO
14755251,11800885,2007-05-07,CON
14755251,13632573,2012-10-01,CON
14755252,14159344,2014-01-20,DIV
14755256,61446180,2011-02-24,PRO
14755256,13404707,2012-02-24,DIV
14755259,PCT/CN2013/090201,2013-12-23,CON
14755261,13519957,2012-10-09,DIV
14755261,PCT/EP2010/070932,2010-12-30,NST
14755265,13524049,2012-06-15,CON
14755266,62019354,2014-06-30,PRO
14755268,61862697,2013-08-06,PRO
14755268,61891684,2013-10-16,PRO
14755268,14451133,2014-08-04,CON
14755269,61581710,2011-12-30,PRO
14755269,13404214,2012-02-24,DIV
14755271,62018851,2014-06-30,PRO
14755273,60763659,2006-01-31,PRO
14755273,11563822,2006-11-28,CON
14755273,13104189,2011-05-10,CON
14755273,13943023,2013-07-16,CON
14755274,12142251,2008-06-19,DIV
14755274,13160363,2011-06-14,DIV
14755274,13850840,2013-03-26,DIV
14755275,62019810,2014-07-01,PRO
14755275,62031538,2014-07-31,PRO
14755278,13749826,2013-01-25,CON
14755282,61998469,2014-06-30,PRO
14755285,62019256,2014-06-30,PRO
14755286,13804677,2013-03-14,CON
14755289,PCT/CN2013/070616,2013-01-17,CON
14755297,13422761,2012-03-16,CON
14755301,61256949,2009-10-31,PRO
14755301,12914426,2010-10-28,DIV
14755301,13834269,2013-03-15,DIV
14755302,13766022,2013-02-13,DIV
14755303,61738550,2012-12-18,PRO
14755303,14102837,2013-12-11,CIP
14755304,62019918,2014-07-02,PRO
14755313,PCT/CN2012/088129,2012-12-31,CON
14755317,PCT/JP2013/062423,2013-04-26,CON
14755322,13041211,2011-03-04,CON
14755328,62024266,2014-07-14,PRO
14755329,13479218,2012-05-23,CON
14755329,PCT/KR2010/008362,2010-11-24,CON
14755333,13447611,2012-04-16,CIP
14755333,13741040,2013-01-14,DIV
14755338,62018894,2014-06-30,PRO
14755341,PCT/CN2013/070700,2013-01-18,CON
14755343,62026178,2014-07-18,PRO
14755348,62019190,2014-06-30,PRO
14755349,13061206,2011-02-28,CON
14755349,PCT/EP2008/061332,2008-08-28,NST
14755350,62020041,2014-07-02,PRO
14755355,13716447,2012-12-17,CON
14755357,62018789,2014-06-30,PRO
14755363,61018472,2008-01-01,PRO
14755363,12347323,2008-12-31,CIP
14755363,12615156,2009-11-09,CON
14755363,13647137,2012-10-08,CON
14755364,14043897,2013-10-02,CON
14755366,12131876,2008-06-02,CIP
14755366,13340988,2011-12-30,CIP
14755366,14190429,2014-02-26,CON
14755367,14310595,2014-06-20,CIP
14755369,62020137,2014-07-02,PRO
14755370,14110627,2013-10-08,CON
14755370,PCT/FR2012/050739,2012-04-05,NST
14755372,13682134,2012-11-20,DIV
14755373,PCT/CN2012/088134,2012-12-31,CON
14755374,61354022,2010-06-11,PRO
14755374,61468095,2011-03-28,PRO
14755374,13156999,2011-06-09,CIP
14755374,13296619,2011-11-15,CIP
14755374,61653562,2012-05-31,PRO
14755374,13712563,2012-12-12,CIP
14755374,61856066,2013-07-19,PRO
14755374,14333710,2014-07-17,CON
14755376,14278177,2014-05-15,CON
14755382,62020112,2014-07-02,PRO
14755383,13498491,2012-08-02,CON
14755383,PCT/US2010/051150,2010-10-01,NST
14755390,60911565,2007-04-13,PRO
14755390,60959554,2007-07-13,PRO
14755390,12102629,2008-04-14,CON
14755390,13785552,2013-03-05,CON
14755392,61446180,2011-02-24,PRO
14755392,13404707,2012-02-24,CON
14755394,62020155,2014-07-02,PRO
14755395,13661964,2012-10-26,DIV
14755403,62020259,2014-07-02,PRO
14755405,13787516,2013-03-06,CON
14755407,62022480,2014-07-09,PRO
14755408,13379436,2012-03-28,CON
14755408,PCT/US2010/001819,2010-06-23,NST
14755410,61526062,2011-08-22,PRO
14755410,61526140,2011-08-22,PRO
14755410,61592966,2012-01-31,PRO
14755410,13591563,2012-08-22,DIV
14755412,61220480,2009-06-25,PRO
14755412,61293087,2010-01-07,PRO
14755412,61293133,2010-01-07,PRO
14755412,12823102,2010-06-24,CON
14755412,14172391,2014-02-04,DIV
14755414,14200911,2014-03-07,DIV
14755414,PCT/EP2012/067433,2012-09-06,CON
14755421,10829791,2004-04-22,CON
14755421,14248993,2014-04-09,CON
14755424,61534433,2011-09-14,PRO
14755424,13610960,2012-09-12,CON
14755425,12161303,2008-12-18,DIV
14755425,PCT/KR2007/001155,2007-03-08,NST
14755426,61431198,2011-01-10,PRO
14755426,PCT/US12/20741,2012-01-10,NST
14755426,13978672,2013-08-20,CON
14755433,13176228,2011-07-05,CON
14755434,62020437,2014-07-03,PRO
14755436,62018904,2014-06-30,PRO
14755443,13641954,2012-11-07,DIV
14755443,PCT/JP2011/054468,2011-02-28,NST
14755444,12944474,2010-11-11,CON
14755444,PCT/CA2009/001605,2009-11-06,CON
14755449,13239741,2011-09-22,DIV
14755450,62022248,2014-07-09,PRO
14755451,12672437,2010-02-05,CON
14755451,13771431,2013-02-20,CON
14755451,14556670,2014-12-01,CON
14755451,PCT/JP2008/063849,2008-08-01,NST
14755456,12249294,2008-10-10,DIV
14755456,13344906,2012-01-06,CON
14755456,13725211,2012-12-21,CON
14755456,14260845,2014-04-24,CON
14755456,14538917,2014-11-12,CON
14755457,13703549,2012-12-11,CON
14755457,PCT/US2011/042368,2011-06-29,NST
14755461,PCT/EP2014/000053,2014-01-13,CON
14755463,11500233,2006-08-07,CIP
14755463,14677268,2015-04-02,CIP
14755464,62019233,2014-06-30,PRO
14755464,62153387,2015-04-27,PRO
14755466,13510700,2012-12-05,CIP
14755466,PCT/EP2010/067855,2010-11-19,NST
14755468,14088069,2013-11-22,CON
14755469,62022926,2014-07-10,PRO
14755471,62021011,2014-07-04,PRO
14755473,12064489,2008-02-22,CON
14755473,13679378,2012-11-16,CON
14755473,14483599,2014-09-11,CON
14755473,PCT/IL2006/000976,2006-08-22,NST
14755475,14040867,2013-09-30,CON
14755477,12926261,2010-11-04,DIV
14755480,61593075,2012-01-31,PRO
14755480,13750579,2013-01-25,CON
14755486,14320924,2014-07-01,CON
14755487,12161303,2008-12-18,DIV
14755487,PCT/KR2007/001155,2007-03-08,NST
14755493,11949695,2007-12-03,DIV
14755493,12630309,2009-12-03,CON
14755493,13526929,2012-06-19,CON
14755493,14179985,2014-02-13,CON
14755494,12421694,2009-04-10,CON
14755494,14326179,2014-07-08,CON
14755495,61603680,2012-02-27,PRO
14755495,13654769,2012-10-18,DIV
14755497,10708919,2004-03-31,CON
14755497,12985000,2011-01-05,CON
14755497,14317034,2014-06-27,CON
14755500,13734571,2013-01-04,CON
14755503,13890913,2013-05-09,CIP
14755506,11500233,2006-08-07,CIP
14755506,14677268,2015-04-02,CIP
14755507,62019279,2014-06-30,PRO
14755509,13060113,2011-02-25,CON
14755509,PCT/IB2009/053603,2009-08-15,NST
14755510,61383158,2010-09-15,PRO
14755510,12963411,2010-12-08,CON
14755510,14095919,2013-12-03,CON
14755513,61202239,2009-02-09,PRO
14755513,12704932,2010-02-12,CON
14755514,13524558,2012-06-15,DIV
14755515,61603680,2012-02-27,PRO
14755515,13654769,2012-10-18,DIV
14755521,62020847,2014-07-03,PRO
14755522,13358172,2012-01-25,DIV
14755523,61509900,2011-07-20,PRO
14755523,13554753,2012-07-20,CON
14755526,13122250,2011-07-26,CON
14755526,13965888,2013-08-13,CON
14755526,PCT/AU2009/001298,2009-09-30,NST
14755530,PCT/JP2014/051046,2014-01-21,CON
14755531,62019212,2014-06-30,PRO
14755533,62039483,2014-08-20,PRO
14755535,14113084,2013-10-21,DIV
14755535,PCT/JP2012/060795,2012-04-20,NST
14755541,14198002,2014-03-05,CON
14755545,61528938,2011-08-30,PRO
14755545,13597117,2012-08-28,CON
14755546,61498415,2011-06-17,PRO
14755546,61618637,2012-03-30,PRO
14755546,13526417,2012-06-18,CON
14755548,10926513,2004-08-26,CIP
14755548,11286888,2005-11-23,CIP
14755548,11609101,2006-12-11,CON
14755548,12958228,2010-12-01,CON
14755548,14321639,2014-07-01,CON
14755550,13119353,2011-03-16,DIV
14755550,PCT/JP2009/066413,2009-09-18,NST
14755553,61640856,2012-05-01,PRO
14755553,13874404,2013-04-30,CON
14755554,12161303,2008-12-18,DIV
14755554,PCT/KR2007/001155,2007-03-08,NST
14755555,12569661,2009-09-29,DIV
14755555,13617525,2012-09-14,DIV
14755555,14029422,2013-09-17,CON
14755560,PCT/GB2014/051843,2014-06-16,CIP
14755567,62019286,2014-06-30,PRO
14755571,62019933,2014-07-02,PRO
14755578,14254255,2014-04-16,DIV
14755579,61988023,2014-05-02,PRO
14755579,14506432,2014-10-03,CIP
14755580,62021901,2014-07-08,PRO
14755581,14161872,2014-01-23,CON
14755588,12943711,2010-11-10,CON
14755589,61515547,2011-08-05,PRO
14755589,13566626,2012-08-03,DIV
14755592,11056525,2005-02-10,CON
14755592,12333132,2008-12-11,CON
14755593,14143066,2013-12-30,CIP
14755595,13848819,2013-03-22,DIV
14755598,62019941,2014-07-02,PRO
14755606,13977950,2013-07-02,CON
14755606,PCT/SE2013/050723,2013-06-18,NST
14755610,12161303,2008-12-18,DIV
14755610,PCT/KR2007/001155,2007-03-08,NST
14755613,11458521,2006-07-19,CON
14755613,14029996,2013-09-18,CON
14755614,13789198,2013-03-07,CON
14755614,14139224,2013-12-23,CON
14755614,14743249,2015-06-18,CIP
14755614,14743277,2015-06-18,CIP
14755614,PCT/US2012/028140,2012-03-07,CON
14755614,PCT/US2012/028140,2013-03-07,CON
14755614,PCT/US2013/078261,2013-12-30,CON
14755615,12517230,2010-07-12,CIP
14755615,12535396,2009-08-04,DIV
14755615,PCT/US2007/024958,2007-12-06,NST
14755616,62019182,2014-06-30,PRO
14755617,12334314,2008-12-12,CON
14755618,61304360,2010-02-12,PRO
14755618,13027070,2011-02-14,DIV
14755618,13711377,2012-12-11,CON
14755622,11237564,2005-09-28,CON
14755622,13538637,2012-06-29,CON
14755622,14162979,2014-01-24,CON
14755623,13260000,2011-12-07,DIV
14755623,PCT/EP2010/053508,2010-03-18,NST
14755624,12603216,2009-10-21,CIP
14755624,61364040,2010-07-14,PRO
14755624,PCT/US11/43901,2011-07-13,CIP
14755624,61537814,2011-09-22,PRO
14755624,13624149,2012-09-21,DIV
14755626,13112536,2011-05-20,CON
14755626,14039939,2013-09-27,CON
14755632,61833303,2013-06-10,PRO
14755632,14300653,2014-06-10,CON
14755637,13449497,2012-04-18,CON
14755638,13512308,2012-09-26,CON
14755638,PCT/AU2010/001596,2010-11-26,NST
14755639,11062179,2005-02-18,CIP
14755639,11062035,2005-02-18,CIP
14755639,11069682,2005-03-01,CIP
14755639,11069476,2005-03-01,CIP
14755639,11670620,2007-02-02,CON
14755646,62029263,2014-07-25,PRO
14755648,62019798,2014-07-01,PRO
14755650,61581162,2011-12-29,PRO
14755650,13729765,2012-12-28,DIV
14755655,62020256,2014-07-02,PRO
14755659,61732750,2012-12-03,PRO
14755659,14095826,2013-12-03,DIV
14755662,62018918,2014-06-30,PRO
14755664,62018747,2014-06-30,PRO
14755665,61099902,2008-09-24,PRO
14755665,12565863,2009-09-24,DIV
14755665,13594519,2012-08-24,CON
14755665,14333204,2014-07-16,CON
14755666,62018738,2014-06-30,PRO
14755668,61151552,2009-02-11,PRO
14755669,14728259,2015-06-02,CIP
14755669,14745951,2015-06-22,CIP
14755671,11733273,2007-04-10,CON
14755673,61681685,2012-08-10,PRO
14755673,13960392,2013-08-06,CON
14755677,12906440,2010-10-18,CIP
14755677,12906444,2010-10-18,CIP
14755677,12944444,2010-11-11,CIP
14755677,12944448,2010-11-11,CIP
14755681,61326746,2010-04-22,PRO
14755681,13016096,2011-01-28,CIP
14755681,61439015,2011-02-03,PRO
14755681,13364473,2012-02-02,CON
14755682,13174579,2011-06-30,CON
14755682,13460848,2012-05-01,CON
14755685,12505937,2009-07-20,CIP
14755685,12839130,2010-07-19,CON
14755686,62025284,2014-07-16,PRO
14755688,14408040,2014-12-15,CIP
14755688,PCT/EP2013/062300,2013-06-13,NST
14755689,61726968,2012-11-15,PRO
14755689,61739991,2012-12-20,PRO
14755689,14081264,2013-11-15,DIV
14755690,14057530,2013-10-18,CON
14755691,61315509,2010-03-19,PRO
14755691,61441853,2011-02-11,PRO
14755691,13047319,2011-03-14,CON
14755691,13544182,2012-07-09,REI
14755692,PCT/CN2013/091116,2013-12-31,CON
14755698,14351118,2014-04-10,CON
14755698,PCT/US2012/059396,2012-10-09,NST
14755699,12006531,2008-01-03,CON
14755700,14326249,2014-07-08,CON
14755701,62027872,2014-07-23,PRO
14755702,13688151,2012-11-28,CON
14755702,PCT/KR2011/003885,2011-05-26,CIP
14755704,62019587,2014-07-01,PRO
14755707,13442861,2012-04-10,CIP
14755707,61669084,2012-07-08,PRO
14755707,13625148,2012-09-24,DIV
14755707,PCT/IL2012/050178,2012-05-16,CIP
14755707,PCT/IL2012/050199,2012-06-07,CIP
14755708,62020257,2014-07-02,PRO
14755710,12161303,2008-12-18,DIV
14755710,PCT/KR2007/001155,2007-03-08,NST
14755712,60884521,2007-01-11,PRO
14755712,11960262,2007-12-19,CIP
14755712,12112289,2008-04-30,CIP
14755712,12343655,2008-12-24,CIP
14755712,12433212,2009-04-30,CIP
14755712,61266773,2009-12-04,PRO
14755712,61302280,2010-02-08,PRO
14755712,61316125,2010-03-22,PRO
14755712,61347486,2010-05-24,PRO
14755712,61381720,2010-09-10,PRO
14755712,61388268,2010-09-30,PRO
14755712,12958889,2010-12-02,CIP
14755712,12958889,2010-12-02,DIV
14755712,61419082,2010-12-02,PRO
14755712,61422258,2010-12-13,PRO
14755712,61479660,2011-04-27,PRO
14755712,61492613,2011-06-02,PRO
14755712,61523668,2011-08-15,PRO
14755712,61540248,2011-09-28,PRO
14755712,61547434,2011-10-14,PRO
14755712,13309714,2011-12-02,CIP
14755712,13309714,2011-12-02,DIV
14755712,13323139,2011-12-12,CIP
14755712,13474260,2012-05-17,DIV
14755712,61649526,2012-05-21,PRO
14755712,13752877,2013-01-29,CIP
14755712,13850591,2013-03-26,CIP
14755712,13897849,2013-05-20,DIV
14755712,14199625,2014-03-06,DIV
14755712,14509679,2014-10-08,DIV
14755715,12894377,2010-09-30,CIP
14755715,13097891,2011-04-29,CIP
14755715,13433114,2012-03-28,CON
14755716,14021625,2013-09-09,CON
14755717,61746916,2012-12-28,PRO
14755717,13842447,2013-03-15,CIP
14755717,14035884,2013-09-24,CIP
14755717,14134437,2013-12-19,CIP
14755717,14304822,2014-06-13,CIP
14755720,12278714,2009-10-09,CON
14755720,13542544,2012-07-05,CON
14755720,14219896,2014-03-19,CON
14755720,PCT/US2007/003346,2007-02-06,NST
14755721,62020257,2014-07-02,PRO
14755722,61909598,2013-11-27,PRO
14755722,14554497,2014-11-26,DIV
14755724,62019696,2014-07-01,PRO
14755724,62039606,2014-08-20,PRO
14755725,13722516,2012-12-20,CON
14755731,13363996,2012-02-01,CON
14755737,62019106,2014-06-30,PRO
14755740,62019031,2014-06-30,PRO
14755751,13210941,2011-08-16,CON
14755751,13434663,2012-03-29,CON
14755755,62020622,2014-07-03,PRO
14755755,62092960,2014-12-17,PRO
14755758,PCT/US2014/042366,2014-06-13,CON
14755759,61432842,2011-01-14,PRO
14755759,61432860,2011-01-14,PRO
14755759,13350239,2012-01-13,CON
14755763,61763097,2013-02-11,PRO
14755763,14177134,2014-02-10,CON
14755764,62019166,2014-06-30,PRO
14755765,12864388,2010-11-15,CIP
14755765,12933037,2010-11-15,CIP
14755765,PCT/US2009/031969,2009-01-26,NST
14755765,PCT/US2009/037511,2009-03-18,NST
14755766,PCT/JP2013/082617,2013-12-04,CON
14755770,12693248,2010-01-25,CON
14755770,14688955,2015-04-16,CON
14755771,60755015,2005-12-29,PRO
14755771,11617414,2006-12-28,DIV
14755771,12137184,2008-06-11,CON
14755771,13346134,2012-01-09,CON
14755776,13307058,2011-11-30,CON
14755777,14452832,2014-08-06,CON
14755777,14453350,2014-08-06,CON
14755779,62019111,2014-06-30,PRO
14755783,62019376,2014-06-30,PRO
14755785,12161303,2008-12-18,CON
14755785,PCT/KR2007/001155,2007-03-08,NST
14755786,62019031,2014-06-30,PRO
14755792,PCT/JP2013/050486,2013-01-11,CON
14755811,62019558,2014-07-01,PRO
14755814,61909896,2013-11-27,PRO
14755814,14554451,2014-11-26,CON
14755821,61598240,2012-02-13,PRO
14755821,61667606,2012-07-03,PRO
14755821,13766009,2013-02-13,CON
14755823,13598957,2012-08-30,DIV
14755823,PCT/US2011/026743,2011-03-01,CIP
14755825,12859495,2010-08-19,CON
14755825,13431259,2012-03-27,CON
14755825,13714562,2012-12-14,CON
14755825,14155676,2014-01-15,CON
14755825,14525296,2014-10-28,CON
14755825,14615468,2015-02-06,CON
14755826,13370433,2012-02-10,DIV
14755830,12669949,2010-06-10,DIV
14755830,PCT/DK08/50216,2008-08-29,NST
14755832,14460210,2014-08-14,CIP
14755839,62019582,2014-07-01,PRO
14755840,61152251,2009-02-12,PRO
14755840,12537243,2009-08-06,CIP
14755840,61465896,2011-03-24,PRO
14755840,61518486,2011-05-06,PRO
14755840,13430662,2012-03-26,DIV
14755843,13894480,2013-05-15,CON
14755844,13419737,2012-03-14,CON
14755847,61602255,2012-02-23,PRO
14755847,13774840,2013-02-22,DIV
14755850,62025698,2014-07-17,PRO
14755853,61657247,2012-06-08,PRO
14755853,13797404,2013-03-12,CIP
14755853,14050194,2013-10-09,CIP
14755853,61892380,2013-10-17,PRO
14755853,14151148,2014-01-09,CIP
14755853,14162633,2014-01-23,DIV
14755857,PCT/CN2012/088127,2012-12-31,CON
14755861,13233778,2011-09-15,CON
14755862,14059531,2013-10-22,DIV
14755863,13218001,2011-08-25,CON
14755864,12894377,2010-09-30,CIP
14755864,13097891,2011-04-29,CIP
14755864,13433114,2012-03-28,CON
14755865,61163267,2009-03-25,PRO
14755865,12730297,2010-03-24,CON
14755865,13117911,2011-05-27,CON
14755868,61155980,2009-02-27,PRO
14755868,61176227,2009-05-07,PRO
14755868,13202893,2011-08-23,CON
14755869,PCT/US11/34860,2011-05-02,NST
14755869,14114907,2013-10-30,CON
14755869,14712828,2015-05-14,CIP
14755872,13818546,2013-02-22,DIV
14755872,PCT/JP2011/068935,2011-08-23,NST
14755874,13367096,2012-02-06,CON
14755876,13614084,2012-09-13,DIV
14755880,61774766,2013-03-08,PRO
14755880,14201567,2014-03-07,CIP
14755882,12161303,2008-12-18,CON
14755882,PCT/KR2007/001155,2007-03-08,NST
14755883,61384310,2010-09-19,PRO
14755883,61384668,2010-09-20,PRO
14755883,13236574,2011-09-19,CON
14755883,14140090,2013-12-24,CON
14755884,14615468,2015-02-06,CON
14755892,13515237,2012-10-02,DIV
14755892,PCT/FR2010/052636,2010-12-07,NST
14755896,62019709,2014-07-01,PRO
14755897,62036031,2014-08-11,PRO
14755899,60775556,2006-02-22,PRO
14755899,60775557,2006-02-22,PRO
14755899,11677954,2007-02-22,CON
14755899,13773713,2013-02-22,CON
14755903,14004842,2013-09-12,DIV
14755903,PCT/JP2012/002798,2012-04-24,NST
14755908,61721583,2012-11-02,PRO
14755908,14069941,2013-11-01,CON
14755909,62019792,2014-07-01,PRO
14755912,13799203,2013-03-13,CON
14755916,62021493,2014-07-07,PRO
14755918,61746916,2012-12-28,PRO
14755918,13842447,2013-03-15,CIP
14755918,14035884,2013-09-24,CIP
14755918,14134437,2013-12-19,CIP
14755918,14304822,2014-06-13,CIP
14755920,62019356,2014-06-30,PRO
14755923,62019588,2014-07-01,PRO
14755924,12693248,2010-01-25,CON
14755924,14688955,2015-04-16,CON
14755925,PCT/CN2012/087980,2012-12-31,CON
14755928,60389993,2002-06-19,PRO
14755928,60417993,2002-10-11,PRO
14755928,10393526,2003-03-20,CON
14755928,11652707,2007-01-12,CON
14755928,12724194,2010-03-15,CON
14755928,13492341,2012-06-08,DIV
14755928,14080590,2013-11-14,CON
14755929,61872941,2013-09-03,PRO
14755929,14088557,2013-11-25,CIP
14755931,62019371,2014-06-30,PRO
14755932,08795152,1997-02-07,CIP
14755932,08944075,1997-10-04,CIP
14755932,09639441,2000-08-15,CIP
14755932,11033595,2005-01-11,CON
14755932,13007916,2011-01-17,CIP
14755932,14153715,2014-01-13,CON
14755938,13882916,2013-05-01,DIV
14755938,PCT/EP2011/072796,2011-12-14,NST
14755939,62021535,2014-07-07,PRO
14755941,62018893,2014-06-30,PRO
14755943,13698382,2013-02-12,DIV
14755943,PCT/US2011/041454,2011-06-22,NST
14755946,62039921,2014-08-21,PRO
14755946,62051966,2014-09-18,PRO
14755948,14037815,2013-09-26,CON
14755952,62020678,2014-07-03,PRO
14755954,62019054,2014-06-30,PRO
14755956,60745761,2006-04-27,PRO
14755956,11741492,2007-04-27,DIV
14755956,12814271,2010-06-11,CON
14755956,13682303,2012-11-20,CON
14755962,12161303,2008-12-18,CIP
14755962,PCT/KR2007/001155,2007-03-08,NST
14755963,13220822,2011-08-30,DIV
14755965,14546833,2014-11-18,CON
14755968,13676860,2012-11-14,CON
14755970,14135483,2013-12-19,CIP
14755972,60755015,2005-12-29,PRO
14755972,11617414,2006-12-28,DIV
14755972,12137184,2008-06-11,CON
14755972,13346134,2012-01-09,CON
14755978,62019873,2014-07-01,PRO
14755983,62018722,2014-06-30,PRO
14755985,12859495,2010-08-19,CON
14755985,13431259,2012-03-27,CON
14755985,13714562,2012-12-14,CON
14755985,14155676,2014-01-15,CON
14755985,14525296,2014-10-28,CON
14755985,14615468,2015-02-06,CON
14755988,61574750,2011-08-08,PRO
14755988,13569567,2012-08-08,DIV
14755989,62018899,2014-06-30,PRO
14755990,14062838,2013-10-24,DIV
14755992,62018836,2014-06-30,PRO
14755994,61413245,2010-11-12,PRO
14755994,12978117,2010-12-23,CON
14755994,14252516,2014-04-14,CON
14755996,62019357,2014-06-30,PRO
14755997,12040133,2008-02-29,CON
14755997,12710660,2010-02-23,CON
14755997,13614289,2012-09-13,CON
14755998,62021660,2014-07-07,PRO
14755998,62171728,2015-06-05,PRO
14756000,13601642,2012-08-31,CON
14756001,14545525,2015-05-18,CIP
14756004,61999355,2014-07-23,PRO
14756005,14120166,2014-05-01,CIP
14756020,13999934,2014-04-05,CON
14756022,61999320,2014-07-23,PRO
14756027,61999532,2014-07-29,PRO
14756037,13199910,2011-09-12,CIP
14756037,13374417,2011-12-28,CON
14756041,61572126,2011-07-12,PRO
14756041,13507591,2012-07-12,CIP
14756049,13998567,2013-11-12,DIV
14756060,61574064,2011-07-27,PRO
14756060,13507777,2012-07-27,DIV
14756066,13998900,2013-12-18,CIP
14756068,62070043,2014-08-13,PRO
14756075,61999554,2014-07-30,PRO
14756076,62030862,2014-07-30,PRO
14756077,61999746,2014-08-05,PRO
14756093,13987832,2013-09-09,DIV
14756096,61999601,2014-08-01,PRO
14756118,60232711,2000-09-15,PRO
14756118,09952990,2001-09-14,CON
14756118,12657772,2010-01-27,CON
14756118,12932564,2011-02-28,CON
14756118,13694939,2013-01-22,CON
14756118,13999007,2013-12-31,CON
14756122,62070178,2014-08-18,PRO
14756126,61999967,2014-08-11,PRO
14756129,61520815,2011-06-15,PRO
14756129,13507140,2012-06-07,CIP
14756140,61999787,2014-08-06,PRO
14756143,61271986,2009-07-29,PRO
14756143,12800454,2010-05-14,DIV
14756147,13645702,2012-10-05,DIV
14756148,61999846,2014-08-07,PRO
14756150,62039706,2014-08-20,PRO
14756151,62039706,2014-08-20,PRO
14756161,13694474,2012-12-05,CIP
14756162,62039706,2014-08-20,PRO
14756164,62039706,2014-08-20,PRO
14756185,11130645,2005-05-16,DIV
14756185,12661041,2010-03-10,DIV
14756185,13986516,2013-05-08,DIV
14756185,PCT/US2005/016986,2005-05-14,CON
14756190,62039706,2014-08-20,PRO
14756191,62039706,2014-08-20,PRO
14756192,62039706,2014-08-20,PRO
14756194,62039706,2014-08-20,PRO
14756212,12224151,2008-08-14,DIV
14756212,13065139,2011-03-15,DIV
14756212,PCT/US2008/007499,2008-06-13,NST
14756214,PCT/JP2013/057856,2013-03-19,NST
14756229,13385521,2012-02-23,CIP
14756283,13135943,2011-07-19,CIP
14756288,13816000,2013-03-21,CIP
14756288,13999696,2014-03-18,CON
14756299,62041128,2014-08-24,PRO
14756311,62070395,2014-08-25,PRO
14756312,61627526,2011-10-13,PRO
14756312,61627528,2011-10-13,PRO
14756312,61687001,2012-04-16,PRO
14756312,13507114,2012-06-05,CIP
14756312,13573246,2012-09-04,DIV
14756339,13986450,2013-05-06,CIP
14756365,12023753,2008-01-31,CON
14756365,13595072,2012-08-27,CON
14756365,13794467,2013-03-11,CON
14756365,13999347,2014-02-13,CON
14756365,14121621,2014-09-26,CON
14756365,14545061,2015-03-20,CON
14756374,13745745,2013-01-18,CON
14756374,14025206,2013-09-12,CON
14756374,13999339,2014-02-13,CON
14756374,14121682,2014-10-07,CON
14756374,14545060,2015-03-20,CON
14756453,13745742,2013-01-18,CON
14756453,14025176,2013-09-12,CON
14756453,13999331,2014-02-13,CON
14756453,14121680,2014-10-07,CON
14756453,14545058,2015-03-20,CON
14756472,60365125,2002-03-18,PRO
14756472,60403862,2002-08-15,PRO
14756472,10388258,2003-03-13,CON
14756472,11431801,2006-05-09,CON
14756472,11820859,2007-06-21,CON
14756472,12592176,2009-11-20,CON
14756472,12925691,2010-10-27,CON
14756472,13066078,2011-04-06,CON
14756472,13136157,2011-07-25,CON
14756472,13507436,2012-06-28,CON
14756472,13573977,2012-10-17,CON
14756472,13986759,2013-06-03,CON
14756472,13999388,2014-02-20,CON
14756473,13815811,2013-03-16,DIV
14756480,12076585,2008-03-20,CON
14756483,12657743,2010-01-26,DIV
14756483,61690212,2012-06-21,PRO
14756483,13986594,2013-05-16,CIP
14756489,13987618,2013-08-15,CON
14756502,13374225,2011-12-16,DIV
14756524,61634580,2012-03-02,PRO
14756524,29442171,2012-12-26,CIP
14756524,13815281,2013-02-19,CIP
14756524,13815780,2013-03-15,CON
14756542,13998268,2013-10-17,CIP
14756542,14544433,2015-01-06,CIP
14756548,14256754,2014-04-18,CIP
14756587,60519108,2003-11-12,PRO
14756587,10986550,2004-11-10,CON
14756587,13815801,2013-03-15,CON
14756597,13986125,2013-04-03,DIV
14756602,13998397,2014-01-13,CON
14756608,PCT/US13/00098,2013-03-28,CON
14756693,11238626,2005-09-29,CON
14756693,12333547,2008-12-12,CON
14756693,13030230,2011-02-18,CON
14756693,13673114,2012-11-09,CON
14756749,61517511,2011-04-21,PRO
14756749,61572154,2011-07-12,PRO
14756749,PCT/US12/00214,2012-04-20,NST
14756749,13261760,2013-10-18,DIV
14756751,61855787,2013-05-23,PRO
14756751,14120080,2014-04-23,DIV
14756760,61465208,2011-03-16,PRO
14756760,13385915,2012-03-14,CIP
14756789,13717282,2012-12-17,CON
14756789,14301281,2014-06-10,CON
14756812,10840732,2004-05-06,CON
14756812,11500642,2006-08-08,CON
14756812,11503800,2006-08-14,CON
14756812,12322180,2009-01-29,CON
14756812,12806837,2010-08-20,CON
14756834,61340993,2010-03-25,PRO
14756834,13065411,2011-03-22,CON
14756834,14120758,2014-06-24,CIP
14756834,62122779,2014-10-29,PRO
14756834,62230082,2015-05-27,PRO
14756834,62284408,2015-09-29,PRO
14756863,13718937,2012-12-18,CIP
14756870,12076585,2008-03-20,CON
14756870,14756480,2015-09-09,CON
14756958,10943708,2004-09-17,REI
14757225,12952126,2010-11-22,CIP
14757225,13237938,2011-09-21,CIP
14757225,13433651,2012-03-29,REI
14757413,PCT/EP2014/063102,2014-06-23,NST
14757647,12748015,2010-03-26,REI
14757799,10397799,2003-03-26,DIV
14757799,11180350,2005-07-13,CON
14757799,11442032,2006-05-27,DIV
14757799,12315202,2008-12-01,CON
14757799,13248394,2011-09-29,REI
14758001,PCT/KR2013/009740,2013-10-30,NST
14758002,PCT/EP2013/078034,2013-12-27,NST
14758003,PCT/CN2013/076509,2013-05-30,NST
14758004,61746846,2012-12-28,PRO
14758004,PCT/US13/77483,2013-12-23,NST
14758005,PCT/KR2013/010648,2013-11-21,NST
14758007,PCT/FR2013/053260,2013-12-24,NST
14758008,PCT/JP2013/084338,2013-12-20,NST
14758009,PCT/KR2013/012043,2013-12-23,NST
14758010,PCT/JP2013/007511,2013-12-20,NST
14758011,PCT/EP2012/077039,2012-12-28,NST
14758013,PCT/JP2012/083864,2012-12-27,NST
14758014,PCT/DE2014/200026,2014-01-24,NST
14758015,PCT/EP2013/077881,2013-12-23,NST
14758017,PCT/EP2012/077055,2012-12-28,NST
14758018,PCT/EP2012/077036,2012-12-28,NST
14758019,PCT/KR2013/012376,2013-12-30,NST
14758020,61747097,2012-12-28,PRO
14758020,PCT/US13/77988,2013-12-27,NST
14758021,PCT/KR2013/011744,2013-12-17,NST
14758023,PCT/US2014/010577,2014-01-08,NST
14758024,PCT/JP2013/053848,2013-02-18,NST
14758025,PCT/EP2013/050955,2013-01-18,NST
14758026,PCT/CN2012/087963,2012-12-31,NST
14758027,PCT/CN2013/079926,2013-07-23,NST
14758028,PCT/EP2013/077974,2013-12-24,NST
14758029,PCT/JP2014/000275,2014-01-21,NST
14758030,PCT/JP2013/084890,2013-12-26,NST
14758031,PCT/EP13/77883,2013-12-23,NST
14758033,PCT/US2014/033267,2014-04-08,NST
14758034,PCT/JP2014/050025,2014-01-06,NST
14758035,PCT/SG2013/000547,2013-12-23,NST
14758036,PCT/JP2013/053511,2013-02-14,NST
14758038,PCT/FI2013/051141,2013-12-05,NST
14758039,PCT/US2014/012611,2014-01-22,NST
14758040,PCT/IB2013/061311,2013-12-24,NST
14758041,PCT/KR2013/011467,2013-12-11,NST
14758042,PCT/US2013/035381,2013-04-05,NST
14758043,61747509,2012-12-31,PRO
14758043,PCT/US13/78354,2013-12-30,NST
14758044,PCT/GB2014/050920,2014-03-24,NST
14758045,PCT/JP2013/007435,2013-12-18,NST
14758046,PCT/JP2013/074765,2013-09-12,NST
14758047,PCT/JP2013/083117,2013-12-10,NST
14758048,PCT/IB2013/061177,2013-12-20,NST
14758049,PCT/JP2013/084850,2013-12-26,NST
14758050,PCT/JP2013/084552,2013-12-25,NST
14758051,PCT/JP2013/051614,2013-01-25,NST
14758053,PCT/KR2012/002366,2012-03-30,NST
14758054,PCT/JP2013/084156,2013-12-19,NST
14758055,PCT/CN2013/083080,2013-09-06,NST
14758056,PCT/KR2013/012305,2013-12-27,NST
14758057,PCT/GB2014/050918,2014-03-24,NST
14758058,PCT/JP2013/085262,2013-12-27,NST
14758059,PCT/IB2013/061333,2013-12-26,NST
14758060,PCT/KR2013/012355,2013-12-27,NST
14758061,PCT/JP2013/080405,2013-11-11,NST
14758063,PCT/JP2013/083192,2013-12-11,NST
14758064,PCT/EP2013/078090,2013-12-27,NST
14758065,61752208,2013-01-14,PRO
14758065,PCT/US14/11020,2014-01-10,NST
14758067,PCT/EP2013/077827,2013-12-20,NST
14758068,PCT/JP2014/000505,2014-01-31,NST
14758069,PCT/FR2013/000327,2013-12-09,NST
14758070,PCT/EP2013/003940,2013-12-24,NST
14758071,PCT/JP2012/083575,2012-12-26,NST
14758073,PCT/EP2013/078002,2013-12-24,NST
14758074,PCT/IB2013/061260,2013-12-23,NST
14758075,PCT/JP2013/084129,2013-12-19,NST
14758076,PCT/JP13/83347,2013-12-12,NST
14758077,PCT/EP2013/078167,2013-12-31,NST
14758078,PCT/JP2013/007316,2013-12-12,NST
14758079,PCT/IB2014/058098,2014-01-07,NST
14758080,PCT/US12/71999,2012-12-28,NST
14758081,PCT/SE2013/051615,2013-12-23,NST
14758083,PCT/US2013/036429,2013-04-12,NST
14758084,PCT/JP2013/085211,2013-12-27,NST
14758085,PCT/KR2014/000383,2014-01-14,NST
14758086,PCT/JP2013/081893,2013-11-27,NST
14758087,PCT/EP2012/077076,2012-12-28,NST
14758088,PCT/SG2013/000551,2013-12-26,NST
14758089,PCT/CN2013/081605,2013-08-16,NST
14758090,PCT/KR2013/012374,2013-12-30,NST
14758091,61746793,2012-12-28,PRO
14758091,PCT/US13/76151,2013-12-18,NST
14758092,PCT/JP2013/084602,2013-12-25,NST
14758093,PCT/KR2013/012252,2013-12-27,NST
14758094,PCT/EP2013/077311,2013-12-19,NST
14758095,PCT/KR2013/012342,2013-12-27,NST
14758096,PCT/FR2013/000330,2013-12-10,NST
14758097,PCT/KR2013/012051,2013-12-23,NST
14758098,PCT/JP2013/054837,2013-02-26,NST
14758099,61747743,2012-12-31,PRO
14758099,PCT/US13/78539,2013-12-31,NST
14758100,PCT/JP2013/084750,2013-12-25,NST
14758101,PCT/JP2014/052887,2014-02-07,NST
14758102,PCT/JP13/83100,2013-12-10,NST
14758103,PCT/CA2013/051013,2013-12-30,NST
14758104,PCT/JP2013/051234,2013-01-23,NST
14758106,PCT/CN2013/081089,2013-08-08,NST
14758107,PCT/JP2013/084988,2013-12-26,NST
14758108,PCT/JP2013/085355,2013-12-27,NST
14758109,PCT/US13/26881,2013-02-20,NST
14758110,61756113,2013-01-24,PRO
14758110,PCT/US14/12685,2014-01-23,NST
14758111,PCT/JP2013/084797,2013-12-26,NST
14758112,PCT/US2014/053495,2014-08-29,NST
14758113,PCT/FR2013/000341,2013-12-16,NST
14758114,PCT/CN2013/081391,2013-08-13,NST
14758115,PCT/US2013/026696,2013-02-19,NST
14758116,PCT/US2013/077705,2013-12-24,NST
14758117,PCT/EP2013/077274,2013-12-19,NST
14758118,PCT/JP2013/085151,2013-12-27,NST
14758119,PCT/JP2013/007507,2013-12-20,NST
14758120,PCT/SE2013/051614,2013-12-23,NST
14758121,PCT/EP12/77060,2012-12-28,NST
14758122,PCT/JP2013/085162,2013-12-27,NST
14758123,PCT/CN2014/000131,2014-01-28,NST
14758124,PCT/EP2013/078016,2013-12-26,NST
14758125,PCT/KR2014/000513,2014-01-17,NST
14758126,PCT/KR2013/007903,2013-09-02,NST
14758127,PCT/EP2014/051567,2014-01-28,NST
14758128,PCT/IL13/50989,2013-12-02,NST
14758129,PCT/KR2013/012247,2013-12-27,NST
14758130,PCT/JP2013/083786,2013-12-17,NST
14758131,PCT/JP2013/084549,2013-12-25,NST
14758133,PCT/CN2014/000078,2014-01-22,NST
14758134,PCT/ES2014/070007,2014-01-08,NST
14758136,PCT/NL2013/050957,2013-12-24,NST
14758137,PCT/EP2013/077529,2013-12-19,NST
14758138,PCT/IB2013/002874,2013-12-23,NST
14758139,PCT/JP2013/085088,2013-12-27,NST
14758140,PCT/JP2013/083554,2013-12-16,NST
14758141,PCT/CL2013/000097,2013-12-27,NST
14758142,PCT/JP2013/085248,2013-12-27,NST
14758143,PCT/EP2013/078163,2013-12-31,NST
14758144,PCT/CN2013/071249,2013-02-01,NST
14758145,PCT/IB2012/002956,2012-12-27,NST
14758146,PCT/JP2013/082867,2013-12-06,NST
14758147,PCT/EP2013/077621,2013-12-20,NST
14758148,PCT/EP2013/077293,2013-12-19,NST
14758149,PCT/JP2014/050715,2014-01-16,NST
14758150,61747512,2012-12-31,PRO
14758150,14081947,2013-11-15,CON
14758150,PCT/US13/78345,2013-12-30,NST
14758151,PCT/JP2013/085117,2013-12-27,NST
14758153,PCT/EP2013/077837,2013-12-20,NST
14758154,PCT/KR2013/010212,2013-11-12,NST
14758155,PCT/JP2013/084949,2013-12-26,NST
14758156,PCT/JP2014/050073,2014-01-07,NST
14758157,PCT/ES2013/070928,2013-12-26,NST
14758158,PCT/EP2013/077978,2013-12-24,NST
14758159,PCT/CN2013/001244,2013-10-14,NST
14758160,PCT/US13/74376,2013-12-11,NST
14758161,PCT/CN2012/087786,2012-12-28,NST
14758163,PCT/EP2013/077893,2013-12-23,NST
14758164,PCT/JP2013/085253,2013-12-27,NST
14758165,PCT/KR2013/011847,2013-12-19,NST
14758167,PCT/JP2013/084458,2013-12-24,NST
14758168,PCT/KR2013/008757,2013-09-30,NST
14758169,PCT/AT2013/000213,2013-12-20,NST
14758170,PCT/KR2012/011746,2012-12-28,NST
14758171,PCT/EP2013/074281,2013-11-20,NST
14758172,PCT/JP2013/050692,2013-01-16,NST
14758173,PCT/JP2012/084097,2012-12-28,NST
14758174,PCT/JP2013/007242,2013-12-10,NST
14758175,PCT/JP2013/085172,2013-12-27,NST
14758176,PCT/KR2013/011848,2013-12-19,NST
14758177,PCT/KR2014/001334,2014-02-19,NST
14758178,PCT/JP2014/056743,2014-03-13,NST
14758179,PCT/KR2013/011177,2013-12-04,NST
14758180,PCT/JP2014/061861,2014-04-28,NST
14758181,PCT/JP2013/007436,2013-12-18,NST
14758183,PCT/EP2012/076972,2012-12-27,NST
14758184,PCT/JP2013/085053,2013-12-27,NST
14758185,PCT/JP2013/085347,2013-12-27,NST
14758186,PCT/EP2013/077932,2013-12-23,NST
14758187,PCT/JP2013/007563,2013-12-25,NST
14758188,PCT/KR2013/012180,2013-12-26,NST
14758189,PCT/AU2013/001509,2013-12-20,NST
14758190,PCT/JP2013/084961,2013-12-26,NST
14758191,PCT/CN2013/001652,2013-12-27,NST
14758193,PCT/IB2013/061337,2013-12-26,NST
14758194,61746088,2012-12-26,PRO
14758194,61798842,2013-03-15,PRO
14758194,PCT/US13/77817,2013-12-26,NST
14758195,PCT/KR2013/006651,2013-07-24,NST
14758196,PCT/GB2013/053436,2013-12-30,NST
14758197,PCT/FR2013/053272,2013-12-27,NST
14758198,PCT/EP2013/077936,2013-12-23,NST
14758199,PCT/JP2013/084649,2013-12-25,NST
14758200,PCT/KR2013/007740,2013-08-28,NST
14758201,PCT/CN2013/073946,2013-04-09,NST
14758203,PCT/KR2013/012083,2013-12-24,NST
14758204,PCT/JP2013/085254,2013-12-27,NST
14758205,PCT/EP2013/072251,2013-10-24,NST
14758206,PCT/US2013/077393,2013-12-23,NST
14758207,PCT/EP2014/059358,2014-05-07,NST
14758208,13730327,2012-12-28,CON
14758208,PCT/US13/76824,2013-12-20,NST
14758209,PCT/JP2013/085294,2013-12-19,NST
14758210,PCT/CN2012/087877,2012-12-28,NST
14758211,PCT/IB2013/002890,2013-12-31,NST
14758213,PCT/US2013/078132,2013-12-27,NST
14758214,PCT/JP2013/084904,2013-12-26,NST
14758215,PCT/EP2013/077120,2013-12-18,NST
14758216,PCT/GB2013/053077,2013-11-21,NST
14758217,PCT/CN2012/087856,2012-12-28,NST
14758218,PCT/KR2012/011752,2012-12-28,NST
14758219,PCT/KR2012/011749,2012-12-28,NST
14758220,PCT/JP2014/050615,2014-01-16,NST
14758221,PCT/GB2013/053433,2013-12-27,NST
14758222,PCT/KR2012/011751,2012-12-28,NST
14758223,PCT/KR2013/012115,2013-12-24,NST
14758224,PCT/EP2013/076714,2013-12-16,NST
14758225,PCT/KR2012/011664,2012-12-28,NST
14758226,61746419,2012-12-27,PRO
14758226,PCT/US13/77527,2013-12-23,NST
14758227,PCT/EP2013/077983,2013-12-24,NST
14758228,PCT/EP2013/050268,2013-01-09,NST
14758229,PCT/FR2013/053289,2013-12-31,NST
14758233,PCT/IB2012/057796,2012-12-28,NST
14758234,PCT/CN2013/090702,2013-12-27,NST
14758235,PCT/EP2013/078075,2013-12-27,NST
14758236,PCT/EP2013/072194,2013-10-23,NST
14758237,PCT/EP2013/072198,2013-10-23,NST
14758238,PCT/EP2013/077910,2013-12-23,NST
14758239,61746623,2012-12-28,PRO
14758239,PCT/US13/78376,2013-12-30,NST
14758240,PCT/KR2014/002149,2014-03-13,NST
14758241,PCT/NZ2014/000011,2014-01-31,NST
14758242,PCT/EP2013/076392,2013-12-12,NST
14758243,PCT/CA2013/000792,2013-09-19,NST
14758247,PCT/CN2013/090628,2013-12-27,NST
14758248,PCT/CN2013/090609,2013-12-26,NST
14758249,PCT/KR2013/012279,2013-12-27,NST
14758251,PCT/CN2013/090610,2013-12-26,NST
14758253,PCT/CN2013/090632,2013-12-27,NST
14758254,PCT/SE2014/050003,2014-01-02,NST
14758255,PCT/US2013/078342,2013-12-30,NST
14758256,PCT/JP2014/050061,2014-01-07,NST
14758259,PCT/US2013/077714,2013-12-24,NST
14758260,PCT/US2013/077941,2013-12-27,NST
14758261,PCT/EP2013/078145,2013-12-30,NST
14758262,PCT/US2013/078346,2013-12-30,NST
14758263,PCT/JP2013/007582,2013-12-25,NST
14758264,PCT/BR2013/000599,2013-12-26,NST
14758265,PCT/EP2014/050774,2014-01-16,NST
14758267,PCT/US2013/076394,2013-12-19,NST
14758268,PCT/US2013/076842,2013-12-20,NST
14758269,PCT/JP2013/085234,2013-12-27,NST
14758270,PCT/JP2013/061182,2013-04-15,NST
14758271,PCT/JP2013/063493,2013-05-15,NST
14758272,PCT/CN2012/088036,2012-12-31,NST
14758273,PCT/US2013/077003,2013-12-20,NST
14758274,PCT/US2014/010592,2014-01-08,NST
14758275,PCT/US2013/076872,2013-12-20,NST
14758276,PCT/JP2014/066271,2014-06-19,NST
14758277,PCT/US2013/040493,2013-05-10,NST
14758278,PCT/EP2014/071676,2014-10-09,NST
14758279,PCT/JP2013/051286,2013-01-23,NST
14758280,PCT/IB2013/061447,2013-12-31,NST
14758281,PCT/JP2013/063946,2013-05-20,NST
14758282,PCT/JP2012/084168,2012-12-28,NST
14758283,PCT/JP2013/064258,2013-05-22,NST
14758284,PCT/MA2013/000054,2013-12-31,NST
14758285,61748717,2013-01-03,PRO
14758285,PCT/US14/10065,2014-01-02,NST
14758286,PCT/JP2013/007087,2013-12-03,NST
14758287,PCT/JP2013/084424,2013-12-24,NST
14758288,PCT/EP2013/078083,2013-12-27,NST
14758289,PCT/CN2013/090856,2013-12-30,NST
14758290,PCT/JP2014/050180,2014-01-09,NST
14758291,PCT/KR2013/012289,2013-12-27,NST
14758292,PCT/JP2014/001478,2014-03-14,NST
14758293,PCT/IL2013/050807,2013-09-30,NST
14758294,PCT/EP2013/000115,2013-01-16,NST
14758296,PCT/US2013/024281,2013-02-01,NST
14758297,PCT/JP2014/051617,2014-01-27,NST
14758298,PCT/JP2013/061786,2013-04-22,NST
14758299,PCT/EP2013/074685,2013-11-26,NST
14758300,PCT/JP2013/061301,2013-04-16,NST
14758301,PCT/CN2013/070429,2013-01-14,NST
14758304,PCT/EP2014/051907,2014-01-31,NST
14758305,PCT/JP2013/084712,2013-12-25,NST
14758306,PCT/US2013/024266,2013-02-01,NST
14758307,PCT/CN2014/084099,2014-08-11,NST
14758308,PCT/JP2013/056172,2013-03-06,NST
14758309,PCT/US2013/077751,2013-12-26,NST
14758310,PCT/EP2014/050518,2014-01-14,NST
14758311,PCT/US2013/078433,2013-12-31,NST
14758313,PCT/KR2013/012303,2013-12-27,NST
14758314,PCT/FR2013/052851,2013-11-26,NST
14758315,PCT/EP2014/051207,2014-01-22,NST
14758316,PCT/CN2013/086333,2013-10-31,NST
14758317,PCT/US2013/078442,2013-12-31,NST
14758318,PCT/JP2013/085166,2013-12-27,NST
14758319,PCT/US2014/010310,2014-01-06,NST
14758320,PCT/NL2013/050958,2013-12-24,NST
14758321,PCT/US2013/077955,2013-12-27,NST
14758323,PCT/EP2013/074688,2013-11-26,NST
14758324,PCT/EP2013/078069,2013-12-27,NST
14758325,PCT/US2013/024275,2013-02-01,NST
14758326,PCT/JP2013/084327,2013-12-20,NST
14758327,PCT/CN2012/087474,2012-12-26,NST
14758328,PCT/US13/24893,2013-02-06,NST
14758329,PCT/JP2013/084950,2013-12-26,NST
14758330,PCT/EP2012/077069,2012-12-28,NST
14758331,PCT/FI2012/051310,2012-12-31,NST
14758332,PCT/JP2013/007588,2013-12-25,NST
14758333,PCT/JP2013/007163,2013-12-05,NST
14758334,PCT/JP2014/054590,2014-02-25,NST
14758336,PCT/IL2013/051079,2013-07-30,NST
14758337,PCT/JP2013/083059,2013-12-10,NST
14758338,PCT/JP2014/052047,2014-01-30,NST
14758339,PCT/EP2013/077227,2013-12-18,NST
14758340,PCT/IB2013/061284,2013-12-23,NST
14758341,PCT/JP2013/006843,2013-11-21,NST
14758342,PCT/JP2013/084939,2013-12-26,NST
14758343,PCT/EP2013/076936,2013-12-17,NST
14758344,PCT/EP2014/071687,2014-10-09,NST
14758345,PCT/CN2012/087834,2012-12-28,NST
14758346,PCT/JP2013/084969,2013-12-26,NST
14758347,PCT/KR2014/007084,2014-08-01,NST
14758348,PCT/US2013/078398,2013-12-31,NST
14758349,PCT/EP14/50556,2014-01-14,NST
14758350,PCT/JP2013/050039,2013-01-07,NST
14758351,PCT/JP2013/050241,2013-01-09,NST
14758353,PCT/JP2013/069899,2013-07-23,NST
14758354,PCT/JP2013/084469,2013-12-24,NST
14758355,PCT/JP2013/083472,2013-12-13,NST
14758356,PCT/EP2013/001388,2013-05-10,NST
14758358,PCT/JP2014/050707,2014-01-16,NST
14758359,PCT/JP2013/084026,2013-12-19,NST
14758360,PCT/JP2013/081410,2013-11-21,NST
14758361,PCT/BE2014/000003,2014-01-13,NST
14758362,PCT/JP2013/007581,2013-12-25,NST
14758363,PCT/IB2013/061215,2013-12-20,NST
14758364,PCT/JP2013/054364,2013-02-21,NST
14758365,PCT/EP2013/077091,2013-12-18,NST
14758366,PCT/US2014/010047,2014-01-02,NST
14758367,PCT/US2013/076482,2013-12-19,NST
14758368,PCT/US2013/044022,2013-06-04,NST
14758369,PCT/KR2013/011998,2013-12-23,NST
14758370,PCT/US2014/019180,2014-02-28,NST
14758371,PCT/EP2013/077003,2013-12-17,NST
14758372,PCT/JP2013/084367,2013-12-20,NST
14758373,PCT/JP2014/050647,2014-01-16,NST
14758374,PCT/JP14/52368,2014-01-27,NST
14758375,PCT/JP2013/084757,2013-12-25,NST
14758376,61746700,2012-12-28,PRO
14758376,PCT/US13/77395,2013-12-23,NST
14758377,PCT/US2013/076499,2013-12-19,NST
14758378,PCT/JP13/84000,2013-12-12,NST
14758380,PCT/CA2013/050981,2013-12-17,NST
14758383,PCT/JP2012/084171,2012-12-28,NST
14758385,PCT/FR2013/053210,2013-12-20,NST
14758386,PCT/JP2013/084941,2013-12-26,NST
14758387,PCT/KR2014/000133,2014-01-07,NST
14758388,PCT/CN2013/090642,2013-12-27,NST
14758389,PCT/EP2013/074776,2013-11-26,NST
14758390,PCT/JP2014/069809,2014-07-28,NST
14758391,61751157,2013-01-10,PRO
14758391,PCT/US14/10428,2014-01-07,NST
14758392,PCT/US2014/010347,2014-01-06,NST
14758393,PCT/EP2013/053250,2013-02-19,NST
14758394,PCT/JP2013/007133,2013-12-04,NST
14758395,PCT/ES2013/000003,2013-01-02,NST
14758396,PCT/JP2013/081056,2013-11-18,NST
14758397,PCT/KR2012/011837,2012-12-31,NST
14758398,PCT/FR2013/053209,2013-12-20,NST
14758399,PCT/US13/29787,2013-03-08,NST
14758400,PCT/IL2013/051081,2013-12-30,NST
14758401,PCT/BR2012/000548,2012-12-28,NST
14758402,PCT/JP2014/051593,2014-01-20,NST
14758403,PCT/CN2013/090103,2013-12-20,NST
14758404,PCT/US14/19052,2014-02-27,NST
14758405,61747941,2012-12-31,PRO
14758405,61798650,2013-03-15,PRO
14758405,PCT/US13/78478,2013-12-31,NST
14758406,PCT/US12/72288,2012-12-31,NST
14758407,61751069,2013-01-10,PRO
14758407,61762549,2013-02-08,PRO
14758407,PCT/US14/11015,2014-01-10,NST
14758409,PCT/PL2013/000084,2013-06-24,NST
14758410,PCT/JP2013/007086,2013-12-03,NST
14758411,PCT/JP2013/084981,2013-12-26,NST
14758412,PCT/JP2014/051868,2014-01-28,NST
14758413,PCT/CN2014/070237,2014-01-07,NST
14758414,PCT/JP2013/083207,2013-12-11,NST
14758416,PCT/CN2013/090492,2013-12-26,NST
14758417,PCT/IN2013/000612,2013-10-09,NST
14758418,PCT/AU2014/000014,2014-01-10,NST
14758421,PCT/CN2012/088063,2012-12-31,NST
14758422,PCT/CN2013/086308,2013-10-31,NST
14758423,PCT/EP2013/078166,2013-12-31,NST
14758424,PCT/CN2013/090746,2013-12-27,NST
14758425,PCT/CN2014/070445,2014-01-10,NST
14758426,PCT/JP2013/007294,2013-12-11,NST
14758427,PCT/CN2013/071445,2013-02-06,NST
14758428,PCT/KR2013/005485,2013-06-21,NST
14758429,PCT/JP2013/077773,2013-10-11,NST
14758430,61745239,2012-12-21,PRO
14758430,PCT/US13/77264,2013-12-20,NST
14758431,PCT/JP2014/077732,2014-10-17,NST
14758432,PCT/EP2014/052483,2014-02-07,NST
14758433,PCT/KR2012/011675,2012-12-28,NST
14758434,13731160,2012-12-31,CON
14758434,PCT/US13/78272,2013-12-30,NST
14758435,PCT/GB2014/050538,2014-02-21,NST
14758436,PCT/US2014/010100,2014-01-02,NST
14758437,PCT/CN2014/088679,2014-10-15,NST
14758438,PCT/US2014/010070,2014-01-02,NST
14758440,PCT/EP2013/077853,2013-12-20,NST
14758441,61748257,2013-01-02,PRO
14758441,PCT/US13/78480,2013-12-31,NST
14758443,PCT/AU2013/001526,2013-12-24,NST
14758444,PCT/KR2013/012335,2013-12-27,NST
14758445,PCT/US2013/078015,2013-12-27,NST
14758446,PCT/KR2013/011364,2013-12-09,NST
14758447,PCT/CN2014/070086,2014-01-03,NST
14758448,PCT/JP2014/050892,2014-01-20,NST
14758449,PCT/EP2013/078173,2013-12-31,NST
14758450,PCT/EP2013/078159,2013-12-31,NST
14758452,PCT/EP2013/078171,2013-12-31,NST
14758454,PCT/KR2013/012387,2013-12-30,NST
14758455,PCT/EP2014/052334,2014-02-06,NST
14758456,PCT/IB2013/002936,2013-12-12,NST
14758457,PCT/KR2013/012346,2013-12-27,NST
14758458,PCT/IB2014/000230,2014-02-28,NST
14758459,PCT/KR2012/011692,2012-12-28,NST
14758460,PCT/KR2013/011970,2013-12-20,NST
14758461,PCT/EP2014/050460,2014-01-13,NST
14758462,PCT/CN2014/073999,2014-03-25,NST
14758463,PCT/CN2014/078496,2014-05-27,NST
14758464,PCT/EP2013/003803,2013-12-16,NST
14758465,PCT/EP2013/078113,2013-12-30,NST
14758466,PCT/US2013/078315,2013-12-30,NST
14758467,PCT/US13/78056,2013-12-27,NST
14758468,PCT/EP2013/078048,2013-12-27,NST
14758470,PCT/EP2014/052086,2014-02-04,NST
14758472,PCT/KR2014/000085,2014-01-06,NST
14758473,PCT/FI2012/051308,2012-12-28,NST
14758474,PCT/JP2014/050896,2014-01-20,NST
14758475,61748782,2013-01-04,PRO
14758475,61766973,2013-02-20,PRO
14758475,PCT/US14/10177,2014-01-03,NST
14758476,PCT/FI2012/051309,2012-12-28,NST
14758477,PCT/KR2013/012250,2013-12-27,NST
14758478,PCT/IL2014/000003,2014-01-07,NST
14758479,PCT/CN2013/083419,2013-09-12,NST
14758480,PCT/JP2014/050190,2014-01-09,NST
14758481,PCT/JP2013/084870,2013-12-26,NST
14758483,PCT/US2014/010478,2014-01-07,NST
14758484,PCT/CN2013/087591,2013-11-21,NST
14758485,PCT/EP2014/050412,2014-01-10,NST
14758486,PCT/KR2013/012351,2013-12-27,NST
14758487,PCT/EP2013/075936,2013-12-09,NST
14758488,PCT/CN2012/087934,2012-12-29,NST
14758489,PCT/KR2013/010459,2013-11-18,NST
14758491,PCT/US2013/078018,2013-12-27,NST
14758492,PCT/EP2013/051095,2013-01-22,NST
14758493,PCT/IB2013/061368,2013-12-27,NST
14758494,PCT/JP2013/006452,2013-10-31,NST
14758495,PCT/GR2013/000070,2013-12-30,NST
14758496,PCT/JP2013/080809,2013-11-14,NST
14758497,PCT/JP2013/084139,2013-12-19,NST
14758499,PCT/JP2013/085144,2013-12-27,NST
14758518,PCT/JP2013/001998,2013-03-25,NST
14758533,PCT/CN2013/001666,2013-12-30,NST
14758534,PCT/JP2013/084339,2013-12-20,NST
14758554,PCT/KR2013/012399,2013-12-30,NST
14758556,PCT/EP2013/076105,2013-12-10,NST
14758557,61746807,2012-12-28,PRO
14758557,PCT/US13/77232,2013-12-20,NST
14758558,PCT/FR2013/053284,2013-12-30,NST
14758559,PCT/IB2013/050236,2013-01-10,NST
14758560,PCT/EP2013/076164,2013-12-11,NST
14758566,PCT/KR2013/010945,2013-11-29,NST
14758567,PCT/IL2013/051070,2013-12-26,NST
14758568,PCT/ES2014/070013,2014-01-10,NST
14758569,PCT/IL2013/051084,2013-12-30,NST
14758570,PCT/KR2013/012070,2013-12-24,NST
14758571,PCT/EP2013/076692,2013-12-16,NST
14758572,PCT/US13/24280,2013-02-01,NST
14758573,PCT/IL2013/051101,2013-12-31,NST
14758574,PCT/IT2014/000002,2014-01-08,NST
14758575,PCT/US2014/019181,2014-02-28,NST
14758576,PCT/IB2014/058020,2014-01-02,NST
14758577,PCT/FR2014/050001,2014-01-02,NST
14758578,PCT/DK2013/050033,2013-02-07,NST
14758579,PCT/IB2014/058134,2014-01-09,NST
14758580,PCT/SE2014/050002,2014-01-02,NST
14758581,PCT/EP2013/074411,2013-11-21,NST
14758583,PCT/CN2013/070496,2013-01-15,NST
14758584,PCT/KR2013/000461,2013-01-22,NST
14758585,PCT/JP2013/050040,2013-01-07,NST
14758586,PCT/EP2013/077929,2013-12-23,NST
14758587,PCT/IB2013/061068,2013-12-18,NST
14758588,PCT/JP2013/050036,2013-01-07,NST
14758589,PCT/IL2013/051089,2013-12-30,NST
14758590,PCT/JP2014/000002,2014-01-06,NST
14758591,PCT/EP2013/051652,2013-01-29,NST
14758592,PCT/EP2013/078170,2013-12-31,NST
14758593,PCT/KR2013/005702,2013-06-27,NST
14758594,PCT/CN2013/073611,2013-04-02,NST
14758596,PCT/EP2013/077923,2013-12-23,NST
14758597,PCT/JP2013/056714,2013-03-12,NST
14758598,PCT/IB2013/061355,2013-12-27,NST
14758599,PCT/IB2013/061360,2013-12-27,NST
14758600,PCT/EP2012/077116,2012-12-31,NST
14758601,PCT/IB2013/003065,2013-12-31,NST
14758602,PCT/GB2013/053386,2013-12-20,NST
14758603,PCT/IL2013/051088,2013-12-30,NST
14758604,PCT/AT2014/050023,2014-01-21,NST
14758605,PCT/IB2013/003068,2013-12-31,NST
14758606,PCT/EP2013/050456,2013-01-11,NST
14758607,61828331,2013-05-29,PRO
14758607,PCT/US14/39083,2014-05-22,NST
14758608,PCT/JP2014/051035,2014-01-21,NST
14758609,PCT/IB2013/003054,2013-12-31,NST
14758610,PCT/IL2014/050004,2014-01-01,NST
14758611,PCT/CN2013/084233,2013-09-25,NST
14758612,PCT/GB2013/053434,2013-12-30,NST
14758613,PCT/JP2014/000266,2014-01-21,NST
14758614,PCT/IB2013/003069,2013-12-31,NST
14758615,PCT/EP2014/050024,2014-01-02,NST
14758616,PCT/CN2013/081742,2013-08-19,NST
14758617,PCT/IB2013/002958,2013-12-31,NST
14758618,PCT/US2013/044958,2013-06-10,NST
14758619,PCT/CN2013/089288,2013-12-12,NST
14758620,PCT/EP2013/077547,2013-12-19,NST
14758621,PCT/JP2014/051248,2014-01-22,NST
14758622,PCT/US2013/078427,2013-12-31,NST
14758623,PCT/CA2013/001077,2013-12-30,NST
14758624,PCT/JP2014/051380,2014-01-23,NST
14758625,PCT/JP2014/066556,2014-06-23,NST
14758626,PCT/EP2013/077909,2013-12-23,NST
14758627,PCT/JP14/52134,2014-01-30,NST
14758628,PCT/CN2013/071139,2013-01-30,NST
14758629,PCT/EP2014/000121,2014-01-17,NST
14758630,PCT/EP2014/055973,2014-03-25,NST
14758631,PCT/IT2013/000349,2013-12-17,NST
14758632,PCT/EP2013/077915,2013-12-23,NST
14758633,PCT/US2013/078431,2013-12-31,NST
14758635,PCT/KR2014/000318,2014-01-10,NST
14758637,PCT/JP2014/066554,2014-06-23,NST
14758638,PCT/EP2013/077546,2013-12-19,NST
14758639,PCT/JP2014/050260,2014-01-09,NST
14758640,PCT/IB2013/061457,2013-12-31,NST
14758641,PCT/JP2014/066555,2014-06-23,NST
14758642,PCT/KR2014/000443,2014-01-15,NST
14758643,PCT/SG2013/000561,2013-12-31,NST
14758644,PCT/IB2013/061453,2013-12-31,NST
14758645,PCT/US2014/010142,2014-01-03,NST
14758646,PCT/DE2013/100419,2013-12-12,NST
14758648,PCT/EP2013/003666,2013-12-04,NST
14758649,PCT/EP14/50652,2014-01-15,NST
14758650,PCT/EP2013/077545,2013-12-13,NST
14758651,PCT/IB2013/061210,2013-12-20,NST
14758652,PCT/SE2013/051585,2013-12-20,NST
14758653,PCT/CN2012/088017,2012-12-31,NST
14758654,PCT/DK2013/050435,2013-12-17,NST
14758655,PCT/EP2013/077934,2013-12-23,NST
14758657,PCT/CN2014/070160,2014-01-06,NST
14758658,PCT/DE2014/100044,2014-02-07,NST
14758659,PCT/EP2014/064247,2014-07-03,NST
14758660,PCT/CN13/70651,2013-01-18,NST
14758661,PCT/SG2013/000560,2013-12-31,NST
14758663,PCT/GB2013/000568,2013-12-31,NST
14758664,PCT/GB2014/050867,2014-03-19,NST
14758665,PCT/JP2014/067966,2014-07-04,NST
14758666,PCT/GB2013/000571,2013-12-31,NST
14758667,61749739,2013-01-07,PRO
14758667,PCT/US14/10339,2014-01-06,NST
14758668,PCT/JP2013/081652,2013-11-25,NST
14758669,PCT/FR2014/050145,2014-01-27,NST
14758670,PCT/KR2013/004627,2013-05-28,NST
14758671,PCT/JP2013/084299,2013-12-20,NST
14758672,PCT/JP2013/007453,2013-12-19,NST
14758673,PCT/JP2013/052495,2013-02-04,NST
14758674,PCT/JP2013/062132,2013-04-24,NST
14758675,PCT/EP2014/050121,2014-01-07,NST
14758676,61759435,2013-02-01,PRO
14758676,PCT/US14/13098,2014-01-27,NST
14758678,PCT/JP2014/050243,2014-01-09,NST
14758679,PCT/GB2014/050020,2014-01-06,NST
14758680,PCT/JP2013/054043,2013-02-19,NST
14758681,PCT/US2013/078453,2013-12-31,NST
14758682,PCT/GB2013/000570,2013-12-31,NST
14758683,PCT/JP2014/051598,2014-01-20,NST
14758684,PCT/US13/24614,2013-02-04,NST
14758685,61747652,2012-12-31,PRO
14758685,PCT/US13/78300,2013-12-30,NST
14758686,PCT/CN2013/001673,2013-12-31,NST
14758687,PCT/EP2013/077549,2013-12-19,NST
14758688,PCT/JP2014/050432,2014-01-14,NST
14758689,PCT/PL2013/000171,2013-12-19,NST
14758690,PCT/NL2013/050962,2013-12-31,NST
14758691,PCT/DE2013/000448,2013-08-07,NST
14758692,PCT/US14/32570,2014-04-01,NST
14758693,PCT/EP2014/050275,2014-01-09,NST
14758694,PCT/JP2014/062146,2014-05-02,NST
14758695,PCT/US13/78378,2013-12-30,NST
14758696,PCT/CN2013/091065,2013-12-31,NST
14758697,PCT/GB2013/000569,2013-12-31,NST
14758698,PCT/CN2013/090825,2013-12-30,NST
14758699,PCT/CN2013/090824,2013-12-30,NST
14758700,PCT/US14/12310,2014-01-21,NST
14758701,PCT/CN2013/082618,2013-08-30,NST
14758703,PCT/KR2013/012439,2013-12-31,NST
14758704,61758988,2013-01-31,PRO
14758704,PCT/US14/13722,2014-01-30,NST
14758705,PCT/CN2014/090410,2014-11-06,NST
14758706,PCT/JP2014/051857,2014-01-28,NST
14758707,PCT/EP2013/078088,2013-12-27,NST
14758708,PCT/FI2013/051213,2013-12-30,NST
14758709,PCT/JP2013/075673,2013-09-24,NST
14758710,PCT/KR2014/005110,2014-06-11,NST
14758711,PCT/CN2014/076314,2014-04-28,NST
14758712,PCT/JP2013/083950,2013-12-18,NST
14758713,PCT/JP2013/084517,2013-12-24,NST
14758714,PCT/GB2013/000542,2013-12-11,NST
14758715,PCT/JP2013/080914,2013-11-15,NST
14758717,PCT/DE2013/200202,2013-10-08,NST
14758718,PCT/US2013/077102,2013-12-20,NST
14758719,PCT/KR2014/006053,2014-07-07,NST
14758720,PCT/CN2014/071089,2014-01-22,NST
14758721,PCT/EP2013/003949,2013-12-30,NST
14758722,PCT/US2013/078013,2013-12-27,NST
14758723,PCT/DE2013/200286,2013-11-08,NST
14758724,61751617,2013-01-11,PRO
14758724,PCT/US14/10880,2014-01-09,NST
14758725,PCT/KR2014/012341,2014-12-15,NST
14758726,PCT/IB14/58631,2014-01-29,NST
14758728,PCT/JP2014/005107,2014-10-07,NST
14758729,PCT/GB2013/053358,2013-12-19,NST
14758730,PCT/JP2013/083960,2013-12-18,NST
14758731,PCT/US2013/078487,2013-12-31,NST
14758732,PCT/EP2013/003869,2013-12-19,NST
14758735,PCT/US2014/010337,2014-01-06,NST
14758736,PCT/US2014/010348,2014-01-06,NST
14758737,PCT/CN2014/090411,2014-11-06,NST
14758738,PCT/CN2013/089570,2013-12-16,NST
14758739,PCT/US13/20099,2013-01-03,NST
14758740,PCT/FR2014/050116,2014-01-22,NST
14758741,PCT/JP2014/000054,2014-01-09,NST
14758742,61769587,2013-02-26,PRO
14758742,PCT/US13/68708,2013-11-06,NST
14758743,PCT/KR2013/012388,2013-12-30,NST
14758744,PCT/JP2013/083916,2013-12-18,NST
14758745,PCT/IB2013/061299,2013-12-23,NST
14758747,PCT/EP2013/078151,2013-12-30,NST
14758748,PCT/JP2013/085147,2013-12-27,NST
14758749,61753226,2013-01-16,PRO
14758749,PCT/US14/11619,2014-01-15,NST
14758750,PCT/JP2014/050202,2014-01-09,NST
14758751,PCT/KR2013/012398,2013-12-30,NST
14758752,PCT/US2013/078558,2013-12-31,NST
14758753,PCT/KR2013/012410,2013-12-31,NST
14758754,PCT/US2013/073810,2013-12-09,NST
14758755,PCT/US2014/026881,2014-03-13,NST
14758756,PCT/CN2012/088123,2012-12-31,NST
14758757,PCT/KR2013/012268,2013-12-27,NST
14758758,PCT/KR2014/000018,2014-01-02,NST
14758759,PCT/KR2013/011727,2013-12-17,NST
14758760,61783336,2013-03-14,PRO
14758760,PCT/US14/14277,2014-01-31,NST
14758761,PCT/KR2013/012271,2013-12-27,NST
14758762,PCT/JP2014/051679,2014-01-27,NST
14758763,PCT/FR2013/000296,2013-11-15,NST
14758764,PCT/EP2013/078162,2013-12-31,NST
14758765,PCT/JP2013/084029,2013-12-19,NST
14758766,PCT/KR2013/012022,2013-12-23,NST
14758767,PCT/KR2013/012377,2013-12-30,NST
14758768,PCT/CN2013/086286,2013-10-31,NST
14758770,61747885,2012-12-31,PRO
14758770,61747905,2012-12-31,PRO
14758770,61748009,2012-12-31,PRO
14758770,61748046,2012-12-31,PRO
14758770,PCT/US13/78546,2013-12-31,NST
14758771,PCT/KR2013/012048,2013-12-23,NST
14758772,PCT/FR2013/053149,2013-12-18,NST
14758774,61747899,2012-12-31,PRO
14758774,61748046,2012-12-31,PRO
14758774,61773726,2013-03-06,PRO
14758774,PCT/US13/78541,2013-12-31,NST
14758775,PCT/CN2013/073615,2013-04-02,NST
14758777,61747885,2012-12-31,PRO
14758777,61747899,2012-12-31,PRO
14758777,61747905,2012-12-31,PRO
14758777,61748009,2012-12-31,PRO
14758777,61748046,2012-12-31,PRO
14758777,61773726,2013-03-06,PRO
14758777,PCT/US13/78540,2013-12-31,NST
14758778,PCT/US2013/078236,2013-12-30,NST
14758779,PCT/CN2013/086285,2013-10-31,NST
14758780,61748411,2013-01-02,PRO
14758780,61821173,2013-05-08,PRO
14758780,61882773,2013-09-26,PRO
14758780,PCT/US13/73085,2013-12-04,NST
14758781,PCT/US2013/021240,2013-01-11,NST
14758782,PCT/EP2012/077102,2012-12-30,NST
14758783,PCT/EP2013/003279,2013-10-31,NST
14758784,61758546,2013-01-30,PRO
14758784,PCT/US14/10324,2014-01-06,NST
14758785,PCT/US2014/010553,2014-01-07,NST
14758786,PCT/US2014/010252,2014-01-03,NST
14758787,PCT/KR2013/012421,2013-12-31,NST
14758788,PCT/JP2014/050923,2014-01-20,NST
14758789,PCT/EP2014/050587,2014-01-14,NST
14758790,PCT/CN2014/070207,2014-01-07,NST
14758791,PCT/EP2014/050585,2014-01-14,NST
14758792,PCT/EP2014/051918,2014-01-31,NST
14758793,PCT/JP2014/068998,2014-07-17,NST
14758794,PCT/EP2013/078103,2013-12-30,NST
14758795,PCT/CN2013/086287,2013-10-31,NST
14758796,PCT/EP2013/078131,2013-12-30,NST
14758797,PCT/SE2013/051622,2013-12-27,NST
14758798,PCT/EP2013/078118,2013-12-30,NST
14758799,PCT/EP2013/078114,2013-12-30,NST
14758800,PCT/EP2013/078100,2013-12-30,NST
14758801,PCT/US2013/077617,2013-12-23,NST
14758804,PCT/CN2014/075768,2014-04-21,NST
14758805,PCT/KR2014/000110,2014-01-06,NST
14758808,PCT/IB2014/058118,2014-01-08,NST
14758809,PCT/EP2014/050014,2014-01-01,NST
14758810,PCT/EP2013/050283,2013-01-09,NST
14758811,PCT/FR2013/052857,2013-11-26,NST
14758813,PCT/JP1203/072962,2013-08-28,NST
14758814,PCT/CN2013/071163,2013-01-30,NST
14758815,61750600,2013-01-09,PRO
14758815,PCT/US14/10916,2014-01-09,NST
14758816,PCT/JP2013/059616,2013-03-29,NST
14758817,PCT/JP2013/055135,2013-02-27,NST
14758818,PCT/JP2013/079892,2013-11-05,NST
14758819,PCT/EP2013/051403,2013-01-25,NST
14758820,PCT/EP2013/077829,2013-12-20,NST
14758821,PCT/US13/20762,2013-01-09,NST
14758822,PCT/US2013/020800,2013-01-09,NST
14758823,PCT/EP2014/050325,2014-01-09,NST
14758825,PCT/US2014/010486,2014-01-07,NST
14758826,PCT/EP2014/050079,2014-01-06,NST
14758827,PCT/EP2013/076975,2013-12-17,NST
14758828,PCT/JP2013/083771,2013-12-17,NST
14758829,PCT/EP2013/078175,2013-12-31,NST
14758830,PCT/IB2013/050031,2013-01-02,NST
14758831,PCT/US2014/010184,2014-01-03,NST
14758832,PCT/US13/72945,2013-12-04,NST
14758833,PCT/US2014/011390,2014-01-14,NST
14758834,PCT/FR2013/053267,2013-12-26,NST
14758835,PCT/JP2013/050491,2013-01-11,NST
14758836,PCT/EP2013/003716,2013-12-09,NST
14758837,PCT/JP2014/051480,2014-01-24,NST
14758838,PCT/CN2013/070107,2013-01-06,NST
14758839,PCT/JP2013/058047,2013-03-21,NST
14758840,PCT/JP2013/080554,2013-11-12,NST
14758841,61751492,2013-01-11,PRO
14758841,PCT/US14/10814,2014-01-09,NST
14758842,PCT/KR2014/000025,2014-01-03,NST
14758843,PCT/IB2013/000011,2013-01-04,NST
14758844,PCT/US2014/010062,2014-01-02,NST
14758845,PCT/GB2013/053300,2013-12-16,NST
14758846,PCT/JP2013/052239,2013-01-31,NST
14758847,PCT/FR2013/052146,2013-09-18,NST
14758848,61748491,2013-01-03,PRO
14758848,PCT/US14/10026,2014-01-02,NST
14758849,PCT/JP2014/051119,2014-01-21,NST
14758850,PCT/JP2014/066300,2014-06-19,NST
14758851,PCT/KR2014/000289,2014-01-10,NST
14758852,PCT/KR2014/000137,2014-01-07,NST
14758853,PCT/EP2013/050294,2013-01-09,NST
14758854,PCT/JP2013/050493,2013-01-11,NST
14758855,PCT/GB2013/053424,2013-12-23,NST
14758856,PCT/EP2013/003748,2013-12-11,NST
14758857,PCT/US2014/010502,2014-01-07,NST
14758858,PCT/KR2014/000144,2014-01-07,NST
14758859,PCT/JP2014/000482,2014-01-30,NST
14758860,PCT/KR2014/001359,2014-02-20,NST
14758861,PCT/JP2013/061816,2013-04-23,NST
14758862,PCT/CN2013/070392,2013-01-11,NST
14758863,PCT/EP2013/075104,2013-11-29,NST
14758864,PCT/JP2013/084298,2013-12-20,NST
14758865,PCT/IB2013/061092,2013-12-18,NST
14758866,PCT/KR2014/000013,2014-01-02,NST
14758867,61748967,2013-01-04,PRO
14758867,PCT/US14/10200,2014-01-03,NST
14758868,PCT/CN2013/070271,2013-01-09,NST
14758869,PCT/EP2014/050511,2014-01-13,NST
14758870,PCT/US2014/010087,2014-01-02,NST
14758871,PCT/KR2013/011191,2013-12-05,NST
14758872,PCT/JP2013/084674,2013-12-25,NST
14758873,PCT/US2013/074388,2013-12-11,NST
14758875,PCT/EP2013/003715,2013-12-09,NST
14758876,PCT/JP2013/007156,2013-12-05,NST
14758877,61748240,2013-01-02,PRO
14758877,PCT/US14/10102,2014-01-02,NST
14758878,PCT/EP2013/077333,2013-12-19,NST
14758879,PCT/SE2013/050756,2013-06-24,NST
14758880,PCT/EP2013/077967,2013-12-24,NST
14758881,PCT/CN2013/081891,2013-08-20,NST
14758882,61748229,2013-01-02,PRO
14758882,PCT/US14/10033,2014-01-02,NST
14758883,PCT/JP14/50816,2014-01-17,NST
14758884,PCT/EP2013/078105,2013-12-30,NST
14758885,PCT/CN2013/070177,2013-01-07,NST
14758886,PCT/EP2014/052770,2014-02-13,NST
14758887,PCT/US2014/000004,2014-01-06,NST
14758888,PCT/EP2014/000033,2014-01-04,NST
14758889,PCT/EP2014/050062,2014-01-03,NST
14758890,PCT/JP2013/000581,2013-02-01,NST
14758891,PCT/JP2014/050158,2014-01-08,NST
14758892,PCT/JP2013/084200,2013-12-20,NST
14758893,PCT/US2014/038341,2014-05-16,NST
14758894,PCT/CN2014/070807,2014-01-14,NST
14758895,PCT/JP2013/054000,2013-02-19,NST
14758896,PCT/KR2014/000617,2014-01-22,NST
14758897,PCT/FR2014/050318,2014-02-17,NST
14758898,PCT/EP2014/050099,2014-01-06,NST
14758899,PCT/NL2013/050908,2013-12-17,NST
14758900,PCT/JP2013/084741,2013-12-25,NST
14758901,PCT/JP2013/061817,2013-04-23,NST
14758902,13734363,2013-01-04,CIP
14758902,61829608,2013-05-31,PRO
14758902,PCT/US2014/010174,2014-01-03,NST
14758903,61748944,2013-01-04,PRO
14758903,61750862,2013-01-10,PRO
14758903,61761959,2013-02-07,PRO
14758903,61836893,2013-06-19,PRO
14758903,PCT/US14/10329,2014-01-06,NST
14758904,PCT/EP2013/003717,2013-12-09,NST
14758905,PCT/CN2013/079992,2013-07-24,NST
14758906,61748116,2013-01-01,PRO
14758906,PCT/US13/77602,2013-12-23,NST
14758907,PCT/EP2014/050149,2014-01-07,NST
14758908,61748946,2013-01-04,PRO
14758908,PCT/US13/77018,2013-12-20,NST
14758909,61774684,2013-03-08,PRO
14758909,61774723,2013-03-08,PRO
14758909,61774731,2013-03-08,PRO
14758909,61774735,2013-03-08,PRO
14758909,61774740,2013-03-08,PRO
14758909,61774744,2013-03-08,PRO
14758909,61774746,2013-03-08,PRO
14758909,61774750,2013-03-08,PRO
14758909,61774752,2013-03-08,PRO
14758909,61774754,2013-03-08,PRO
14758909,61774761,2013-03-08,PRO
14758909,61774773,2013-03-08,PRO
14758909,61774775,2013-03-08,PRO
14758909,61774780,2013-03-08,PRO
14758909,61793336,2013-03-15,PRO
14758909,PCT/US14/21813,2014-03-07,NST
14758910,PCT/IB2013/061303,2013-12-24,NST
14758911,PCT/FR2013/053278,2013-12-30,NST
14758912,PCT/EP2014/050150,2014-01-07,NST
14758913,PCT/EP2014/050076,2014-01-06,NST
14758914,PCT/GB2014/050050,2014-01-09,NST
14758915,PCT/US2013/070910,2013-11-20,NST
14758916,PCT/JP2013/057340,2013-03-15,NST
14758917,61748613,2013-01-03,PRO
14758917,PCT/US14/10214,2014-01-03,NST
14758918,PCT/EP2014/050021,2014-01-02,NST
14758919,PCT/JP2013/084546,2013-12-24,NST
14758920,PCT/EP2013/076004,2013-12-10,NST
14758921,PCT/US2014/010307,2014-01-06,NST
14758922,PCT/JP2014/050030,2014-01-06,NST
14758923,PCT/KR2014/004356,2014-05-15,NST
14758924,PCT/US2014/010784,2014-01-09,NST
14758925,PCT/FR14/50457,2014-03-03,NST
14758926,PCT/JP2013/082397,2013-12-02,NST
14758927,PCT/IL2014/050005,2014-01-02,NST
14758928,PCT/CN2013/090529,2013-12-26,NST
14758929,PCT/JP2013/051392,2013-01-24,NST
14758930,PCT/IB2014/058232,2014-01-13,NST
14758931,PCT/SE2013/051621,2013-12-27,NST
14758933,61749037,2013-01-04,PRO
14758933,61764727,2013-02-14,PRO
14758933,PCT/US14/10294,2014-01-06,NST
14758934,61749229,2013-01-04,PRO
14758934,PCT/US14/10244,2014-01-03,NST
14758935,PCT/JP2013/078931,2013-10-25,NST
14758936,PCT/DK2014/000001,2014-01-02,NST
14758937,61748119,2013-01-01,PRO
14758937,PCT/US13/77605,2013-12-23,NST
14758938,61865038,2013-08-12,PRO
14758938,61990570,2014-05-08,PRO
14758938,62002110,2014-05-22,PRO
14758938,PCT/US14/50793,2014-08-12,NST
14758939,PCT/US2013/076183,2013-12-18,NST
14758940,PCT/KR2014/000319,2014-01-10,NST
14758941,PCT/JP2014/051501,2014-01-24,NST
14758942,PCT/KR2014/000016,2014-01-02,NST
14758943,PCT/US2014/010239,2014-01-03,NST
14758944,PCT/US2013/076371,2013-12-19,NST
14758945,PCT/JP2013/007176,2013-12-06,NST
14758946,PCT/US2014/010740,2014-08-01,NST
14758947,PCT/KR2014/000014,2014-01-02,NST
14758948,PCT/EP2013/078091,2013-12-27,NST
14758949,PCT/US2014/010226,2014-01-03,NST
14758950,PCT/EP2013/072191,2013-10-23,NST
14758951,PCT/EP2013/075775,2013-12-06,NST
14758952,PCT/KR2013/010947,2013-11-29,NST
14758954,PCT/KR2013/010948,2013-11-29,NST
14758955,PCT/CN2014/094896,2014-12-25,NST
14758957,PCT/US2013/073596,2013-12-06,NST
14758959,PCT/IB2014/058286,2014-01-15,NST
14758965,PCT/IB2014/058101,2014-01-07,NST
14758966,PCT/IB2014/058299,2014-01-15,NST
14758967,PCT/IB2013/050121,2013-01-07,NST
14758968,PCT/EP2013/074594,2013-11-25,NST
14758969,PCT/IB2013/050149,2013-01-08,NST
14758970,PCT/EP2013/050413,2013-01-10,NST
14758971,PCT/IB2013/050153,2013-01-08,NST
14758972,PCT/SE2014/050004,2014-01-03,NST
14758973,PCT/IB2013/050184,2013-01-09,NST
14758974,PCT/EP2013/072075,2013-10-22,NST
14758975,PCT/EP2013/003697,2013-12-07,NST
14758976,PCT/JP2013/072742,2013-08-26,NST
14758977,PCT/EP2013/050498,2013-01-11,NST
14758978,PCT/EP2013/003722,2013-12-10,NST
14758979,PCT/EP2013/003696,2013-12-07,NST
14758980,PCT/EP2014/051494,2014-01-27,NST
14758981,PCT/IB2013/050198,2013-01-09,NST
14758983,PCT/JP2013/051080,2013-01-21,NST
14758984,PCT/EP2013/075426,2013-12-03,NST
14758985,PCT/EP2014/050210,2014-01-08,NST
14758986,PCT/JP2013/083681,2013-12-16,NST
14758987,PCT/US2014/019767,2014-03-03,NST
14758990,PCT/BE2013/000068,2013-12-30,NST
14758991,PCT/EP2014/050063,2014-01-03,NST
14758992,PCT/US2013/034661,2013-03-29,NST
14758993,PCT/US2013/020326,2013-01-04,NST
14758994,PCT/IN2014/000005,2014-01-03,NST
14758995,PCT/JP2014/050033,2014-01-06,NST
14758996,PCT/KR2014/000053,2014-01-03,NST
14758997,PCT/JP2013/068686,2013-07-08,NST
14758999,PCT/EP2014/050041,2014-01-03,NST
14759000,PCT/JP2013/054736,2013-02-25,NST
14759001,PCT/DE2014/100001,2014-01-03,NST
14759002,PCT/JP2014/051560,2014-01-24,NST
14759003,PCT/EP2014/050077,2014-01-06,NST
14759004,PCT/EP2013/050167,2013-01-07,NST
14759005,PCT/US2014/010195,2014-01-03,NST
14759007,PCT/JP2014/050070,2014-01-07,NST
14759008,PCT/FR2013/053281,2013-12-30,NST
14759009,PCT/US2013/076961,2013-12-20,NST
14759010,PCT/JP2013/057194,2013-03-14,NST
14759011,PCT/CA2014/050001,2014-01-02,NST
14759013,PCT/JP2013/051467,2013-01-24,NST
14759014,PCT/EP2014/050074,2014-01-06,NST
14759015,PCT/SG2014/000009,2014-01-14,NST
14759016,PCT/EP2014/050012,2014-01-02,NST
14759017,PCT/JP2013/054602,2013-02-22,NST
14759018,PCT/JP2014/050363,2014-01-10,NST
14759019,PCT/US13/20171,2013-01-03,NST
14759020,PCT/US2014/010808,2014-01-09,NST
14759021,PCT/FR2014/050171,2014-01-30,NST
14759022,PCT/EP2013/003926,2013-12-20,NST
14759023,PCT/GB2014/050030,2014-01-07,NST
14759024,PCT/CN2013/077849,2013-06-25,NST
14759025,61750081,2013-01-08,PRO
14759025,PCT/US14/10659,2014-01-08,NST
14759026,61752578,2013-01-15,PRO
14759026,PCT/US14/11570,2014-01-15,NST
14759027,PCT/JP2013/085352,2013-12-27,NST
14759028,PCT/US2014/010760,2014-01-08,NST
14759030,PCT/US2013/021139,2013-01-11,NST
14759031,PCT/US2013/020190,2013-01-04,NST
14759032,PCT/EP2014/050216,2014-01-08,NST
14759034,61749973,2013-01-08,PRO
14759034,PCT/US14/10315,2014-01-06,NST
14759035,PCT/CN2014/000001,2014-01-02,NST
14759036,PCT/JP2014/000501,2014-01-30,NST
14759037,PCT/DE2014/100072,2014-03-03,NST
14759038,PCT/FR2013/053061,2013-12-13,NST
14759039,PCT/JP2014/073187,2014-09-03,NST
14759040,PCT/AT2014/050024,2014-01-21,NST
14759041,PCT/FR2013/053287,2013-12-30,NST
14759042,PCT/CN2013/089382,2013-12-13,NST
14759043,PCT/JP2013/075709,2013-09-24,NST
14759044,PCT/DK2013/050002,2013-01-07,NST
14759045,PCT/US2014/010078,2014-01-02,NST
14759046,PCT/US13/20355,2013-01-04,NST
14759047,PCT/EP2013/003714,2013-12-09,NST
14759048,PCT/KR2013/008092,2013-09-06,NST
14759049,PCT/US2014/010218,2014-01-03,NST
14759050,PCT/SE2013/050049,2013-01-23,NST
14759051,PCT/EP2014/058266,2014-04-23,NST
14759052,PCT/EP2013/077630,2013-12-20,NST
14759053,61748534,2013-01-03,PRO
14759053,61802258,2013-03-15,PRO
14759053,61899685,2013-11-04,PRO
14759053,PCT/US14/10099,2014-01-02,NST
14759054,61748388,2013-01-02,PRO
14759054,PCT/US13/76949,2013-12-20,NST
14759055,PCT/EP2013/050116,2013-01-04,NST
14759056,PCT/EP2014/054370,2014-03-06,NST
14759057,PCT/CN2014/070168,2014-01-06,NST
14759058,PCT/JP2013/085153,2013-12-27,NST
14759059,PCT/JP2013/006586,2013-11-08,NST
14759060,PCT/IL2014/050007,2014-01-02,NST
14759062,PCT/JP2014/000210,2014-01-24,NST
14759063,61758938,2013-01-31,PRO
14759063,PCT/US14/14026,2014-01-31,NST
14759064,PCT/EP2013/002694,2013-09-09,NST
14759065,PCT/FR2013/053280,2013-12-30,NST
14759066,PCT/KR2013/008755,2013-09-30,NST
14759067,PCT/AT2014/050141,2014-06-24,NST
14759068,PCT/EP2013/077678,2013-12-20,NST
14759069,PCT/AU2013/001206,2013-10-18,NST
14759070,PCT/IB2014/000608,2014-01-02,NST
14759071,PCT/JP2014/053055,2014-02-10,NST
14759072,PCT/EP2014/050194,2014-01-08,NST
14759073,PCT/SG2014/000002,2014-01-02,NST
14759074,PCT/GB2014/050018,2014-01-06,NST
14759075,PCT/FR2013/053286,2013-12-30,NST
14759076,61750208,2013-01-08,PRO
14759076,61784209,2013-03-14,PRO
14759076,PCT/US14/10366,2014-01-06,NST
14759077,PCT/EP2014/050238,2014-01-08,NST
14759078,PCT/US2014/010979,2014-01-10,NST
14759079,PCT/JP2014/051718,2014-01-27,NST
14759081,PCT/JP2013/055600,2013-03-01,NST
14759083,61851599,2013-03-08,PRO
14759083,PCT/US14/22042,2014-03-07,NST
14759084,PCT/IL2014/050014,2014-01-06,NST
14759085,61749041,2013-01-04,PRO
14759085,PCT/US13/76913,2013-12-20,NST
14759086,61749236,2013-01-04,PRO
14759086,PCT/US14/10260,2014-01-04,NST
14759087,PCT/BR2013/000606,2013-12-27,NST
14759088,PCT/JP2014/052712,2014-02-06,NST
14759089,PCT/JP2014/050568,2014-01-15,NST
14759090,PCT/KR2014/000050,2014-01-03,NST
14759091,PCT/CN2014/070318,2014-01-08,NST
14759092,61748510,2013-01-03,PRO
14759092,PCT/US14/10159,2014-01-03,NST
14759093,PCT/US2014/010379,2014-01-06,NST
14759094,PCT/GB2014/050012,2014-01-03,NST
14759095,PCT/JP2014/000090,2014-01-10,NST
14759096,PCT/KR2013/010965,2013-11-29,NST
14759097,PCT/EP2013/003900,2013-12-20,NST
14759098,PCT/JP2014/052364,2014-01-27,NST
14759099,PCT/JP2014/050429,2014-01-14,NST
14759100,PCT/GB2014/050014,2014-01-03,NST
14759101,PCT/IB2014/000025,2014-01-13,NST
14759102,PCT/PL14/00001,2014-01-07,NST
14759103,PCT/KR2014/000424,2014-01-15,NST
14759104,PCT/JP2014/050207,2014-01-09,NST
14759105,PCT/JP2013/057605,2013-03-18,NST
14759106,PCT/KR2014/000084,2014-01-06,NST
14759107,PCT/GB2013/053351,2013-12-18,NST
14759108,PCT/EP2014/051150,2014-01-21,NST
14759109,PCT/US2013/074639,2013-12-12,NST
14759110,PCT/JP2014/050327,2014-01-10,NST
14759111,PCT/JP2013/052145,2013-01-31,NST
14759112,PCT/US2013/020497,2013-01-07,NST
14759113,PCT/GB2013/053332,2013-12-18,NST
14759114,61749614,2013-01-07,PRO
14759114,PCT/US14/10486,2014-01-07,NST
14759115,PCT/JP2013/084211,2013-12-20,NST
14759116,PCT/US2013/078105,2013-12-27,NST
14759117,PCT/FR2013/052686,2013-11-08,NST
14759118,PCT/JP2013/059545,2013-03-29,NST
14759119,PCT/US2013/077649,2013-12-24,NST
14759120,PCT/US13/20502,2013-01-07,NST
14759123,PCT/GB2013/053413,2013-12-23,NST
14759124,PCT/JP2014/057319,2014-03-18,NST
14759125,PCT/EP2013/050415,2013-01-10,NST
14759126,61754234,2013-01-18,PRO
14759126,PCT/US14/11956,2014-01-17,NST
14759127,PCT/EP2013/003923,2013-12-30,NST
14759128,PCT/JP2013/007012,2013-11-28,NST
14759129,PCT/JP2013/078643,2013-10-23,NST
14759130,PCT/BR2013/000106,2013-04-04,NST
14759131,PCT/EP2014/000305,2014-02-05,NST
14759132,PCT/US2014/011959,2014-01-17,NST
14759133,61644105,2012-05-08,PRO
14759133,61657239,2012-06-08,PRO
14759133,61692487,2012-08-23,PRO
14759133,13735973,2013-01-07,CIP
14759133,61763770,2013-02-12,PRO
14759133,61788519,2013-03-15,PRO
14759133,PCT/US13/69920,2013-11-13,NST
14759134,PCT/US2014/010733,2014-01-08,NST
14759135,PCT/EP2014/050003,2014-01-02,NST
14759136,PCT/GB2014/050006,2014-01-02,NST
14759137,PCT/EP2014/050372,2014-01-10,NST
14759138,PCT/US2013/033542,2013-03-22,NST
14759139,PCT/EP2014/050176,2014-01-07,NST
14759140,PCT/IB2013/002880,2013-12-29,NST
14759141,PCT/EP2013/003892,2013-12-20,NST
14759142,PCT/JP2013/007635,2013-12-26,NST
14759143,PCT/EP2014/050108,2014-01-07,NST
14759144,PCT/IN2013/000806,2013-12-27,NST
14759145,PCT/EP2013/003669,2013-12-05,NST
14759146,PCT/EP2014/050559,2014-01-14,NST
14759147,PCT/EP2014/050002,2014-01-02,NST
14759148,PCT/EP2014/051616,2014-01-28,NST
14759149,PCT/US2014/010176,2014-01-03,NST
14759150,PCT/US2014/010168,2014-01-03,NST
14759151,PCT/US2013/020034,2013-01-03,NST
14759152,PCT/EP2013/077414,2013-12-19,NST
14759153,PCT/SE2013/051508,2013-12-13,NST
14759154,PCT/EP2014/050080,2014-01-06,NST
14759155,PCT/JP2014/000102,2014-01-14,NST
14759156,PCT/KR2014/000301,2014-01-10,NST
14759157,PCT/US13/20357,2013-01-04,NST
14759158,PCT/US2014/011057,2014-01-10,NST
14759159,PCT/KR2014/000061,2014-01-03,NST
14759160,PCT/KR2014/000048,2014-01-03,NST
14759161,PCT/KR2014/000060,2014-01-03,NST
14759162,PCT/JP2013/084109,2013-12-19,NST
14759163,PCT/EP2013/078099,2013-12-30,NST
14759164,PCT/KR2014/000057,2014-01-03,NST
14759165,PCT/US14/13965,2014-01-30,NST
14759166,PCT/JP2013/007618,2013-12-26,NST
14759167,PCT/JP2014/077744,2014-10-17,NST
14759168,PCT/KR2014/000054,2014-01-03,NST
14759169,PCT/US2014/010485,2014-01-07,NST
14759170,PCT/KR2014/000058,2014-01-03,NST
14759171,PCT/US2014/013915,2014-01-30,NST
14759172,61750549,2013-01-09,PRO
14759172,PCT/US14/10909,2014-01-09,NST
14759173,PCT/NL2014/050022,2014-01-20,NST
14759174,PCT/IL2014/000002,2014-01-06,NST
14759175,PCT/KR2013/010001,2013-11-06,NST
14759176,PCT/EP2014/054276,2014-03-05,NST
14759177,PCT/KR2014/000059,2014-01-03,NST
14759178,PCT/JP2013/084683,2013-12-25,NST
14759180,PCT/KR2014/000529,2014-01-17,NST
14759181,61749809,2013-01-07,PRO
14759181,61749818,2013-01-07,PRO
14759181,PCT/US14/10534,2014-01-07,NST
14759182,PCT/US2014/010466,2014-01-07,NST
14759183,PCT/JP2013/084332,2013-12-20,NST
14759184,PCT/FR2014/050035,2014-01-09,NST
14759185,PCT/JP2013/084450,2013-12-24,NST
14759186,PCT/CN2013/079631,2013-07-18,NST
14759187,PCT/JP2013/084345,2013-12-20,NST
14759188,PCT/CA2013/000009,2013-01-08,NST
14759189,PCT/BR2013/000001,2013-01-02,NST
14759191,PCT/FR2014/050003,2014-01-03,NST
14759192,61750846,2013-01-10,PRO
14759192,PCT/US14/10982,2014-01-10,NST
14759193,PCT/EP2014/050032,2014-01-02,NST
14759194,PCT/KR2013/000227,2013-01-11,NST
14759195,61750873,2013-01-10,PRO
14759195,PCT/US14/10988,2014-01-10,NST
14759197,PCT/KR2014/002652,2014-03-28,NST
14759199,PCT/US2013/021515,2013-01-15,NST
14759200,PCT/KR2013/007100,2013-08-06,NST
14759201,PCT/TR2013/000002,2013-01-03,NST
14759202,PCT/IB2013/000105,2013-01-10,NST
14759203,PCT/IB2013/050223,2013-01-10,NST
14759204,PCT/IB2013/000104,2013-01-10,NST
14759205,PCT/IB2013/050220,2013-01-10,NST
14759206,PCT/IB2013/050257,2013-01-11,NST
14759208,PCT/CZ2014/000001,2014-01-30,NST
14759209,PCT/US2013/073742,2013-12-06,NST
14759210,PCT/JP2014/000025,2014-01-08,NST
14759211,PCT/GB2014/050051,2014-01-09,NST
14759212,PCT/IB2013/000008,2013-01-03,NST
14759213,PCT/JP2014/050911,2014-01-20,NST
14759214,61768606,2013-02-25,PRO
14759214,PCT/US14/17856,2014-02-22,NST
14759215,PCT/JP2013/051063,2013-01-21,NST
14759216,61766770,2013-02-20,PRO
14759216,PCT/US14/16186,2014-02-13,NST
14759217,PCT/IB2014/058026,2014-01-02,NST
14759218,PCT/GB2014/050046,2014-01-09,NST
14759219,PCT/JP2013/007660,2013-12-26,NST
14759220,PCT/CN2014/070153,2014-01-06,NST
14759221,PCT/EP2014/050004,2014-01-02,NST
14759222,PCT/JP2013/081535,2013-11-22,NST
14759223,PCT/EP2013/077685,2013-12-20,NST
14759224,PCT/IB2014/058192,2014-01-11,NST
14759226,PCT/CN2013/076321,2013-05-28,NST
14759228,PCT/US2014/010265,2014-01-05,NST
14759229,PCT/KR2013/010824,2013-11-27,NST
14759231,PCT/CN2014/000009,2014-01-06,NST
14759232,PCT/IB2013/050177,2013-01-09,NST
14759233,PCT/CN2014/070139,2014-01-06,NST
14759235,PCT/IL14/50012,2014-01-06,NST
14759236,61750961,2013-01-10,PRO
14759236,PCT/US14/10657,2014-01-08,NST
14759237,PCT/JP2014/050054,2014-01-07,NST
14759238,61748575,2013-01-03,PRO
14759238,PCT/US14/10173,2014-01-03,NST
14759239,PCT/CA2013/050020,2013-01-16,NST
14759240,PCT/US2014/012044,2014-01-17,NST
14759241,PCT/JP2014/050267,2014-01-10,NST
14759242,PCT/EP2014/053258,2014-02-19,NST
14759243,PCT/JP2013/062385,2013-04-26,NST
14759244,61751994,2013-01-14,PRO
14759244,PCT/US14/10630,2014-01-08,NST
14759245,PCT/IB2013/060970,2013-12-16,NST
14759246,PCT/FR2014/050034,2014-01-09,NST
14759247,PCT/HU2014/000002,2014-01-07,NST
14759248,PCT/JP2013/007393,2013-12-16,NST
14759249,PCT/SE2013/050887,2013-07-10,NST
14759250,PCT/JP2013/060715,2013-04-09,NST
14759251,PCT/EP2014/000011,2014-01-07,NST
14759252,61749495,2013-01-07,PRO
14759252,PCT/US14/10391,2014-01-06,NST
14759253,PCT/JP2013/068740,2013-07-09,NST
14759254,PCT/KR2014/000101,2014-01-06,NST
14759256,PCT/CN2013/077968,2013-06-26,NST
14759257,PCT/JP2013/078531,2013-10-22,NST
14759258,PCT/EP2013/077037,2013-12-18,NST
14759259,PCT/EP2013/077699,2013-12-20,NST
14759260,61749340,2013-01-06,PRO
14759260,61753004,2013-01-16,PRO
14759260,61753008,2013-01-16,PRO
14759260,61760093,2013-02-03,PRO
14759260,61767329,2013-02-21,PRO
14759260,PCT/IL14/50017,2014-01-06,NST
14759261,PCT/CN2013/081715,2013-08-19,NST
14759262,PCT/EP2014/050134,2014-01-07,NST
14759263,PCT/ES2013/070006,2013-01-11,NST
14759264,PCT/JP2014/050333,2014-01-10,NST
14759265,PCT/JP2013/082718,2013-12-05,NST
14759266,PCT/JP2014/077741,2014-10-17,NST
14759267,PCT/US2014/010412,2014-01-07,NST
14759269,PCT/IB2013/050264,2013-01-11,NST
14759270,PCT/GB2014/050058,2014-01-09,NST
14759271,PCT/US13/21509,2013-01-15,NST
14759272,PCT/IB2014/058092,2014-01-07,NST
14759273,PCT/CN2013/078356,2013-06-28,NST
14759274,PCT/GB2013/053333,2013-12-18,NST
14759275,PCT/CN2013/082671,2013-08-30,NST
14759276,PCT/EP2013/077577,2013-12-20,NST
14759277,PCT/KR2014/000130,2014-01-07,NST
14759278,PCT/JP2013/083032,2013-12-10,NST
14759279,PCT/FR2014/050038,2014-01-10,NST
14759280,PCT/EP2014/000012,2014-01-07,NST
14759282,PCT/JP2014/050778,2014-01-17,NST
14759283,61750042,2013-01-08,PRO
14759283,PCT/US14/10617,2014-01-08,NST
14759284,PCT/JP2014/050583,2014-01-15,NST
14759285,PCT/JP2014/069482,2014-07-23,NST
14759286,PCT/JP2013/083778,2013-12-17,NST
14759287,PCT/SE2013/050903,2013-07-15,NST
14759288,PCT/KR2014/000062,2014-01-03,NST
14759289,PCT/GB2014/000005,2014-01-03,NST
14759290,PCT/GB2014/050039,2014-01-07,NST
14759291,PCT/CN2013/078727,2013-07-03,NST
14759292,PCT/US2013/076017,2013-12-18,NST
14759293,PCT/IB2013/060214,2013-11-18,NST
14759294,PCT/JP2013/082960,2013-12-09,NST
14759295,61750397,2013-01-09,PRO
14759295,PCT/US14/10642,2014-01-08,NST
14759296,PCT/EP2014/050230,2014-01-08,NST
14759297,PCT/CN2013/001440,2013-11-25,NST
14759298,PCT/JP2014/000040,2014-01-08,NST
14759299,PCT/IB2014/058180,2014-01-10,NST
14759300,PCT/CN2014/086655,2014-09-16,NST
14759301,PCT/EP2014/063738,2014-06-27,NST
14759302,PCT/US2014/011024,2014-01-10,NST
14759303,PCT/JP2013/054147,2013-02-20,NST
14759305,PCT/JP2014/052557,2014-02-04,NST
14759306,PCT/JP2014/050088,2014-01-07,NST
14759307,PCT/JP13/83810,2013-12-11,NST
14759308,PCT/US2014/015371,2014-02-07,NST
14759309,PCT/JP2014/053927,2014-02-19,NST
14759310,PCT/EP2013/077303,2013-12-19,NST
14759311,PCT/US2014/010678,2014-01-08,NST
14759312,PCT/JP2014/051923,2014-01-29,NST
14759313,PCT/DK2014/050004,2014-01-10,NST
14759314,PCT/IB2014/058125,2014-01-08,NST
14759315,PCT/SE2013/050014,2013-01-11,NST
14759316,PCT/JP2014/050113,2014-01-08,NST
14759317,PCT/US13/27773,2013-02-26,NST
14759318,PCT/EP2013/050228,2013-01-08,NST
14759319,PCT/KR2014/000094,2014-01-06,NST
14759320,PCT/ES2014/000151,2014-09-23,NST
14759321,PCT/JP2014/053924,2014-02-19,NST
14759322,PCT/KR2014/000109,2014-01-06,NST
14759323,PCT/KR2014/000104,2014-01-06,NST
14759324,PCT/CN2012/083748,2012-10-30,NST
14759325,PCT/IN2014/000004,2014-01-02,NST
14759326,PCT/AT2014/050003,2014-01-07,NST
14759327,PCT/JP2014/054985,2014-02-21,NST
14759328,PCT/IB2014/058222,2014-01-13,NST
14759329,PCT/JP2014/050553,2014-01-15,NST
14759330,PCT/KR2014/000093,2014-01-06,NST
14759331,PCT/EP2013/077330,2013-12-19,NST
14759332,PCT/EP2013/077394,2013-12-19,NST
14759333,PCT/JP2014/056582,2014-03-12,NST
14759334,PCT/JP2013/007348,2013-12-13,NST
14759335,PCT/EP2014/050725,2014-01-15,NST
14759336,PCT/EP14/52113,2014-02-04,NST
14759337,PCT/EP2014/050131,2014-01-07,NST
14759338,PCT/CN2013/070528,2013-01-16,NST
14759339,PCT/IB2013/061315,2013-12-24,NST
14759340,PCT/US13/24731,2013-02-05,NST
14759341,PCT/KR2013/009676,2013-10-29,NST
14759342,PCT/CN2013/090711,2013-12-27,NST
14759344,PCT/EP2014/050098,2014-01-06,NST
14759345,61749588,2013-01-07,PRO
14759345,PCT/US14/10298,2014-01-06,NST
14759346,PCT/CN2014/000007,2014-01-03,NST
14759347,PCT/KR2014/000042,2014-01-03,NST
14759349,PCT/IB2014/058175,2014-01-10,NST
14759350,PCT/DE2014/200007,2014-01-20,NST
14759351,PCT/CA2014/000051,2014-01-22,NST
14759352,PCT/JP2014/050651,2014-01-16,NST
14759354,PCT/US2014/010287,2014-01-06,NST
14759355,PCT/KR2014/000258,2014-01-09,NST
14759356,PCT/JP2013/084372,2013-12-20,NST
14759357,PCT/JP2013/084604,2013-12-25,NST
14759358,PCT/KR2014/000067,2014-01-03,NST
14759359,PCT/US2013/076443,2013-12-19,NST
14759360,PCT/JP2013/050424,2013-01-11,NST
14759361,PCT/JP2013/080873,2013-11-15,NST
14759362,PCT/KR2014/000164,2014-01-07,NST
14759363,PCT/JP2013/083780,2013-12-17,NST
14759364,PCT/CN2014/070219,2014-01-07,NST
14759365,PCT/JP2013/054405,2013-02-21,NST
14759366,PCT/EP2013/077366,2013-12-19,NST
14759367,PCT/EP2014/053953,2014-02-28,NST
14759369,PCT/CN2014/070112,2014-01-03,NST
14759370,PCT/CN2013/091203,2013-12-31,NST
14759371,PCT/JP2013/007620,2013-12-26,NST
14759372,PCT/JP2014/054271,2014-02-24,NST
14759373,PCT/JP2013/076373,2013-09-27,NST
14759374,PCT/JP2013/081079,2013-11-18,NST
14759375,PCT/IL2014/000001,2014-01-02,NST
14759376,PCT/EP2013/056683,2013-03-28,NST
14759377,PCT/IL2014/050847,2014-09-23,NST
14759378,PCT/JP2014/050002,2014-01-05,NST
14759379,PCT/JP2013/007490,2013-12-19,NST
14759380,PCT/EP2013/076099,2013-12-10,NST
14759381,PCT/US2014/010621,2014-01-08,NST
14759382,PCT/KR2014/000304,2014-01-10,NST
14759383,PCT/KR2014/000204,2014-01-08,NST
14759384,PCT/KR2014/000360,2014-01-13,NST
14759385,61746552,2012-12-27,PRO
14759385,PCT/US13/77940,2013-12-27,NST
14759386,PCT/US2014/010247,2014-01-03,NST
14759387,61749342,2013-01-06,PRO
14759387,PCT/US14/10331,2014-01-06,NST
14759388,61749810,2013-01-07,PRO
14759388,PCT/US14/10334,2014-01-06,NST
14759389,PCT/EP2013/056274,2013-03-25,NST
14759390,PCT/KR2014/000746,2014-01-27,NST
14759391,PCT/KR2014/000146,2014-01-07,NST
14759392,PCT/KR2014/000121,2014-01-07,NST
14759393,PCT/KR2014/000212,2014-01-08,NST
14759394,PCT/CA2014/050007,2014-01-08,NST
14759395,PCT/KR2014/001756,2014-03-04,NST
14759396,PCT/KR2014/000232,2014-01-09,NST
14759397,PCT/KR2014/001462,2014-02-24,NST
14759398,61752372,2013-01-14,PRO
14759398,61785178,2013-03-14,PRO
14759398,PCT/US14/11525,2014-01-14,NST
14759399,PCT/KR2014/001755,2014-03-04,NST
14759400,PCT/EP2014/050233,2014-01-08,NST
14759401,PCT/AU2014/000007,2014-01-08,NST
14759403,61750064,2013-01-08,PRO
14759403,PCT/US14/10597,2014-01-08,NST
14759404,PCT/CN2013/086774,2013-11-08,NST
14759405,PCT/US13/20424,2013-01-05,NST
14759406,PCT/GB2013/053365,2013-12-19,NST
14759407,PCT/EP2014/050175,2014-01-07,NST
14759408,PCT/US15/31254,2015-05-15,NST
14759409,PCT/GB2014/050027,2014-01-06,NST
14759410,PCT/CN2014/000019,2014-01-07,NST
14759411,PCT/CN2014/070461,2014-01-10,NST
14759412,PCT/CN2013/090179,2013-12-23,NST
14759413,PCT/KR2013/011745,2013-12-17,NST
14759414,PCT/CN2013/000013,2013-01-07,NST
14759415,PCT/CN2013/082436,2013-08-28,NST
14759416,PCT/CN2014/070066,2014-01-03,NST
14759417,PCT/IB2013/055658,2013-07-10,NST
14759418,PCT/US2014/010996,2014-01-10,NST
14759419,PCT/AU2014/000005,2014-01-07,NST
14759420,PCT/JP2014/050972,2014-01-20,NST
14759421,PCT/IB2014/058284,2014-01-15,NST
14759423,PCT/JP2014/050016,2014-01-06,NST
14759424,PCT/JP2014/053892,2014-02-19,NST
14759425,PCT/EP2013/050651,2013-01-15,NST
14759426,61758926,2013-01-31,PRO
14759426,PCT/US14/10158,2014-01-03,NST
14759427,PCT/CN2013/075262,2013-05-07,NST
14759428,PCT/US2014/010479,2014-01-07,NST
14759429,PCT/CN2013/081330,2013-08-12,NST
14759430,PCT/US2013/077807,2013-12-26,NST
14759431,PCT/EP2013/074005,2013-11-18,NST
14759432,PCT/EP2013/076833,2013-12-17,NST
14759433,PCT/CN2013/082316,2013-08-26,NST
14759434,PCT/EP2014/050136,2014-01-07,NST
14759435,PCT/CN2013/084216,2013-09-25,NST
14759436,PCT/JP2013/053269,2013-02-12,NST
14759437,PCT/EP2014/050493,2014-01-13,NST
14759438,PCT/EP2014/050110,2014-01-07,NST
14759439,PCT/EP2013/074814,2013-11-27,NST
14759440,PCT/JP2013/084564,2013-12-25,NST
14759442,PCT/NL14/50010,2014-01-14,NST
14759443,PCT/JP2014/050234,2014-01-09,NST
14759444,PCT/EP2014/055398,2014-03-18,NST
14759445,PCT/US2013/020511,2013-01-07,NST
14759446,PCT/KR2013/011712,2013-12-17,NST
14759447,PCT/NL2014/050004,2014-01-07,NST
14759448,PCT/JP2013/080262,2013-11-08,NST
14759449,PCT/SE2014/000010,2014-01-28,NST
14759450,PCT/EP2014/050274,2014-01-09,NST
14759451,PCT/CA2013/050009,2013-01-07,NST
14759452,PCT/EP2014/050167,2014-01-07,NST
14759453,PCT/NZ2014/000003,2014-01-09,NST
14759454,PCT/EP2013/075660,2013-12-05,NST
14759455,PCT/IL2014/050016,2014-01-06,NST
14759456,61780067,2013-03-13,PRO
14759456,PCT/US14/24356,2014-03-12,NST
14759457,PCT/EP2014/050181,2014-01-08,NST
14759458,PCT/CN2014/076318,2014-04-28,NST
14759459,PCT/JP2013/053099,2013-02-08,NST
14759460,PCT/JP2013/050024,2013-01-07,NST
14759461,PCT/CN2014/076353,2014-04-28,NST
14759462,PCT/EP2014/050184,2014-01-08,NST
14759463,PCT/IB2014/060929,2014-04-23,NST
14759464,PCT/EP2014/050052,2014-01-03,NST
14759465,PCT/JP2013/061496,2013-04-18,NST
14759466,PCT/EP2014/050183,2014-01-08,NST
14759467,PCT/CN2014/076357,2014-04-28,NST
14759468,PCT/AT2014/050002,2014-01-07,NST
14759469,PCT/JP2013/007276,2013-12-11,NST
14759470,PCT/EP2014/050182,2014-01-08,NST
14759471,PCT/KR2014/000292,2014-01-10,NST
14759472,PCT/JP2014/050232,2014-01-09,NST
14759473,PCT/JP2013/007154,2013-12-05,NST
14759475,PCT/CN2014/000017,2014-01-07,NST
14759476,PCT/GB2014/050028,2014-01-07,NST
14759477,61749493,2013-01-07,PRO
14759477,PCT/US14/10476,2014-01-07,NST
14759478,61770037,2013-02-27,PRO
14759478,PCT/US14/19032,2014-02-27,NST
14759479,PCT/EP2013/073271,2013-11-07,NST
14759480,PCT/JP2014/051926,2014-01-29,NST
14759481,61770574,2013-02-28,PRO
14759481,PCT/US13/75047,2013-12-13,NST
14759482,PCT/JP2013/082636,2013-12-04,NST
14759483,PCT/CN2014/070212,2014-01-07,NST
14759484,PCT/EP2013/050589,2013-01-14,NST
14759485,PCT/DK2014/050005,2014-01-13,NST
14759486,PCT/JP2014/050063,2014-01-07,NST
14759487,PCT/EP2014/050143,2014-01-07,NST
14759488,PCT/IB2014/058489,2014-01-23,NST
14759489,PCT/JP2014/000216,2014-01-17,NST
14759490,PCT/IB2013/001480,2013-01-16,NST
14759491,PCT/US13/20549,2013-01-07,NST
14759492,PCT/IB2013/061287,2013-12-23,NST
14759494,61757034,2013-01-25,PRO
14759494,PCT/US14/12934,2014-01-24,NST
14759495,PCT/US2014/011957,2014-01-17,NST
14759496,PCT/US2014/010735,2014-01-08,NST
14759497,61749998,2013-01-08,PRO
14759497,PCT/US13/69210,2013-11-08,NST
14759498,PCT/EP2013/077178,2013-12-18,NST
14759499,PCT/JP2014/051037,2014-01-21,NST
14759500,PCT/EP2014/052344,2014-02-06,NST
14759501,PCT/JP2013/007485,2013-12-19,NST
14759502,PCT/JP2014/000005,2014-01-06,NST
14759503,PCT/JP2013/068834,2013-07-10,NST
14759504,PCT/JP2013/059154,2013-03-27,NST
14759505,PCT/JP2013/084117,2013-12-19,NST
14759506,PCT/US2014/036554,2014-05-02,NST
14759507,PCT/JP2013/078648,2013-10-23,NST
14759508,PCT/DE2014/000001,2014-01-02,NST
14759509,PCT/JP2014/059115,2014-03-28,NST
14759510,PCT/US13/32276,2013-03-15,NST
14759511,PCT/EP2013/077704,2013-12-20,NST
14759512,PCT/BR13/00007,2013-01-07,NST
14759513,PCT/JP2014/050037,2014-01-06,NST
14759514,PCT/JP2013/084807,2013-12-26,NST
14759515,PCT/KR2014/000147,2014-01-07,NST
14759516,PCT/CN2014/070195,2014-01-07,NST
14759517,PCT/FI2014/050035,2014-01-16,NST
14759518,PCT/EP2013/073570,2013-11-12,NST
14759519,PCT/US13/30291,2013-03-11,NST
14759520,PCT/IB2014/058494,2014-01-23,NST
14759521,PCT/EP2014/050007,2014-01-02,NST
14759522,PCT/EP2014/053702,2014-02-26,NST
14759523,PCT/JP2013/079820,2013-11-05,NST
14759524,PCT/EP2013/003683,2013-12-05,NST
14759525,PCT/JP2014/050219,2014-01-09,NST
14759526,PCT/IN2014/000015,2014-01-07,NST
14759527,PCT/JP2013/085305,2013-12-24,NST
14759528,PCT/EP2015/064919,2015-07-01,NST
14759529,61729233,2013-01-08,PRO
14759529,PCT/US13/71340,2013-11-21,NST
14759530,PCT/IB2013/000438,2013-01-09,NST
14759531,PCT/JP2013/084923,2013-12-26,NST
14759532,PCT/JP2013/051875,2013-01-29,NST
14759533,PCT/GB2014/050038,2014-01-07,NST
14759534,PCT/CN2013/090507,2013-12-26,NST
14759535,PCT/EP2014/050800,2014-01-16,NST
14759536,PCT/GB2014/050130,2014-01-17,NST
14759537,PCT/JP2013/078498,2013-10-21,NST
14759538,PCT/EP2013/077703,2013-12-20,NST
14759539,PCT/JP2014/052479,2014-02-04,NST
14759540,PCT/FI2014/050015,2014-01-09,NST
14759541,PCT/US2014/010197,2014-01-03,NST
14759542,PCT/GB2014/050043,2014-01-08,NST
14759543,61751651,2013-01-11,PRO
14759543,PCT/US14/10881,2014-01-09,NST
14759544,61752007,2013-01-14,PRO
14759544,PCT/US13/76473,2013-12-19,NST
14759545,PCT/KR2014/000255,2014-01-09,NST
14759546,PCT/JP2013/079316,2013-10-29,NST
14759548,PCT/JP2013/085156,2013-12-27,NST
14759549,PCT/US13/20660,2013-01-08,NST
14759550,PCT/NL2014/050002,2014-01-07,NST
14759551,PCT/DE2013/200361,2013-12-12,NST
14759552,PCT/CN2013/070273,2013-01-09,NST
14759554,PCT/IL2014/050003,2014-01-02,NST
14759555,61782383,2013-03-14,PRO
14759555,PCT/US14/29667,2014-03-14,NST
14759556,PCT/IB2014/000013,2014-01-09,NST
14759557,PCT/IB2014/058100,2014-01-07,NST
14759558,PCT/EP2014/050363,2014-01-10,NST
14759559,PCT/JP2013/084716,2013-12-25,NST
14759560,PCT/EP2013/077701,2013-12-20,NST
14759561,PCT/JP2013/050198,2013-01-09,NST
14759562,PCT/EP2013/076846,2013-12-17,NST
14759563,PCT/NO2013/050005,2013-01-09,NST
14759564,PCT/IL2014/050024,2014-01-09,NST
14759565,PCT/CN2013/086409,2013-11-01,NST
14759566,PCT/JP2013/054562,2013-02-22,NST
14759567,PCT/EP2013/050876,2013-01-18,NST
14759568,PCT/NL2014/000001,2014-01-06,NST
14759569,PCT/US2013/023369,2013-01-28,NST
14759570,PCT/JP2014/051520,2014-01-24,NST
14759571,PCT/JP2014/000026,2014-01-08,NST
14759572,PCT/EP2014/050250,2014-01-08,NST
14759573,PCT/IB2013/000017,2013-01-07,NST
14759574,PCT/JP2013/050083,2013-01-08,NST
14759575,PCT/EP2013/076390,2013-12-12,NST
14759576,PCT/EP2014/050406,2014-01-10,NST
14759577,PCT/KR2014/000667,2014-01-23,NST
14759578,PCT/EP2014/066347,2014-07-30,NST
14759579,PCT/IL2014/050015,2014-01-06,NST
14759580,PCT/KR2014/000135,2014-01-07,NST
14759581,PCT/KR2014/000214,2014-01-08,NST
14759582,PCT/SE2014/050150,2014-02-06,NST
14759583,PCT/JP2014/052037,2014-01-30,NST
14759584,PCT/FR2014/050004,2014-01-03,NST
14759585,PCT/KR2013/009349,2013-10-18,NST
14759586,PCT/KR2014/000161,2014-01-07,NST
14759587,PCT/KR2014/000128,2014-01-07,NST
14759588,PCT/US2013/020664,2013-01-08,NST
14759589,PCT/EP2013/074644,2013-11-25,NST
14759590,PCT/JP2013/050154,2013-01-09,NST
14759591,PCT/US2014/010435,2014-01-07,NST
14759592,PCT/KR2014/000120,2014-01-07,NST
14759593,PCT/SE2013/051628,2013-12-30,NST
14759594,PCT/PL2014/050005,2014-01-30,NST
14759595,PCT/GB2014/050021,2014-01-06,NST
14759596,PCT/JP2013/081014,2013-11-18,NST
14759597,PCT/US13/23973,2013-01-31,NST
14759598,PCT/JP2013/007673,2013-12-27,NST
14759599,61750336,2013-01-08,PRO
14759599,61823276,2013-05-14,PRO
14759599,PCT/US14/10714,2014-01-08,NST
14759600,PCT/IB2014/000549,2014-01-07,NST
14759601,PCT/JP2013/050492,2013-01-11,NST
14759602,PCT/EP2013/072183,2013-10-23,NST
14759603,PCT/KR2013/008598,2013-09-25,NST
14759604,PCT/KR2014/004191,2014-05-09,NST
14759605,PCT/EP2014/050112,2014-01-07,NST
14759606,PCT/US2014/010452,2014-01-07,NST
14759607,PCT/JP2014/052252,2014-01-31,NST
14759608,PCT/AU2013/001399,2013-12-03,NST
14759609,PCT/CN2013/070333,2013-01-10,NST
14759610,61749815,2013-01-07,PRO
14759610,PCT/US14/10201,2014-01-03,NST
14759611,PCT/KR2014/000235,2014-01-09,NST
14759612,PCT/JP2014/050100,2014-01-08,NST
14759613,PCT/EP2014/050005,2014-01-02,NST
14759614,PCT/CN2013/083826,2013-09-18,NST
14759615,PCT/CN2013/083417,2013-09-12,NST
14759616,PCT/AU2014/000016,2014-01-10,NST
14759617,PCT/CN2014/070185,2014-01-06,NST
14759618,PCT/JP2013/083760,2013-12-17,NST
14759619,PCT/CN2013/080348,2013-07-29,NST
14759620,PCT/JP2013/084978,2013-12-26,NST
14759621,61749703,2013-01-07,PRO
14759621,61911386,2013-12-03,PRO
14759621,PCT/US14/10497,2014-01-07,NST
14759622,PCT/US2014/010501,2014-01-07,NST
14759623,61764587,2013-02-14,PRO
14759623,PCT/US13/75026,2013-12-13,NST
14759624,PCT/CN2013/084761,2013-09-30,NST
14759625,61749734,2013-01-07,PRO
14759625,61911292,2013-12-03,PRO
14759625,PCT/US14/10515,2014-01-07,NST
14759626,PCT/EP2013/053656,2013-02-25,NST
14759627,PCT/JP2014/000006,2014-01-06,NST
14759628,PCT/CN2013/086673,2013-11-07,NST
14759629,PCT/KR2014/000244,2014-01-09,NST
14759630,PCT/JP2013/078095,2013-10-16,NST
14759631,PCT/US2014/010463,2014-01-07,NST
14759632,PCT/US2013/020825,2013-01-09,NST
14759633,PCT/EP2013/053870,2013-02-27,NST
14759634,PCT/JP2013/084319,2013-12-20,NST
14759635,PCT/US13/20602,2013-01-07,NST
14759636,61750063,2013-01-08,PRO
14759636,PCT/US14/10627,2014-01-08,NST
14759637,PCT/KR2014/000351,2014-01-13,NST
14759638,PCT/CA2013/050955,2013-12-12,NST
14759640,PCT/KR2014/000095,2014-01-06,NST
14759641,PCT/IL2014/050009,2014-01-05,NST
14759643,PCT/CN2013/091151,2013-12-31,NST
14759644,61750262,2013-01-08,PRO
14759644,PCT/US14/10744,2014-01-08,NST
14759645,61750693,2013-01-09,PRO
14759645,PCT/US14/10856,2014-01-09,NST
14759646,PCT/IL2014/050057,2014-01-16,NST
14759648,PCT/GB2014/050057,2014-01-09,NST
14759649,PCT/KR2013/010225,2013-11-12,NST
14759650,PCT/JP2014/000410,2014-01-28,NST
14759651,PCT/US13/21555,2013-01-15,NST
14759652,PCT/KR2014/000216,2014-01-08,NST
14759653,PCT/KR2014/000197,2014-01-08,NST
14759654,PCT/KR2014/000199,2014-01-08,NST
14759655,PCT/KR2014/000200,2014-01-08,NST
14759656,PCT/KR2013/011518,2013-12-12,NST
14759657,PCT/RU2013/000705,2013-08-15,NST
14759658,PCT/US13/20884,2013-01-09,NST
14759659,PCT/US13/22766,2013-01-23,NST
14759660,PCT/KR2013/010043,2013-11-07,NST
14759661,PCT/SE2013/051510,2013-12-13,NST
14759662,PCT/EP2014/050954,2014-01-17,NST
14759663,PCT/EP2013/067521,2013-08-23,NST
14759664,PCT/EP2014/050336,2014-01-09,NST
14759665,PCT/EP2013/050954,2013-01-18,NST
14759666,61751566,2013-01-11,PRO
14759666,PCT/US14/11214,2014-01-13,NST
14759667,PCT/JP2013/007389,2013-12-16,NST
14759668,PCT/KR2014/000191,2014-01-08,NST
14759669,PCT/JP2013/082029,2013-11-28,NST
14759670,PCT/JP2014/000170,2014-01-16,NST
14759671,PCT/EP2014/050251,2014-01-08,NST
14759672,PCT/EP2013/073711,2013-11-13,NST
14759673,PCT/JP2014/066009,2014-06-17,NST
14759674,PCT/JP2013/052034,2013-01-30,NST
14759675,PCT/IB2014/058358,2014-01-17,NST
14759677,PCT/JP2014/050377,2014-01-10,NST
14759678,PCT/US13/22144,2013-01-18,NST
14759679,61750040,2013-01-08,PRO
14759679,PCT/US14/10522,2014-01-07,NST
14759680,PCT/SE2013/050020,2013-01-15,NST
14759681,61750440,2013-01-09,PRO
14759681,PCT/US14/10818,2014-01-09,NST
14759682,PCT/US13/23101,2013-01-25,NST
14759683,PCT/IB2014/000044,2014-01-15,NST
14759684,61750967,2013-01-10,PRO
14759684,PCT/US14/10579,2014-01-08,NST
14759685,PCT/JP2013/050455,2013-01-11,NST
14759686,PCT/JP2013/007221,2013-12-09,NST
14759687,61750104,2013-01-08,PRO
14759687,13920964,2013-06-18,CIP
14759687,14080644,2013-11-14,CIP
14759687,PCT/US14/10675,2014-01-08,NST
14759688,PCT/JP2013/051075,2013-01-21,NST
14759689,PCT/IL2014/050023,2014-01-08,NST
14759690,PCT/JP2013/083427,2013-12-13,NST
14759692,PCT/US2013/021568,2013-01-15,NST
14759694,61751526,2013-01-11,PRO
14759694,PCT/US14/10823,2014-01-09,NST
14759695,PCT/IB2013/002845,2013-12-20,NST
14759696,61750554,2013-01-09,PRO
14759696,PCT/US14/10827,2014-01-09,NST
14759697,PCT/JP2013/080263,2013-11-08,NST
14759698,PCT/EP2013/003542,2013-11-23,NST
14759699,PCT/JP13/52606,2013-02-05,NST
14759700,PCT/US13/23641,2013-01-29,NST
14759701,PCT/JP2013/007689,2013-12-27,NST
14759702,PCT/NL2014/000002,2014-01-02,NST
14759703,61752078,2013-01-14,PRO
14759703,PCT/US13/40487,2013-05-10,NST
14759704,PCT/US13/28442,2013-02-28,NST
14759705,PCT/BR2013/000546,2013-12-06,NST
14759707,61731487,2012-11-30,PRO
14759707,13798085,2013-03-13,CIP
14759707,61839792,2013-06-26,PRO
14759707,61856717,2013-07-21,PRO
14759707,61864558,2013-08-10,PRO
14759707,PCT/US13/72450,2013-11-29,NST
14759708,PCT/US2014/019192,2014-02-28,NST
14759709,PCT/JP2013/050800,2013-01-17,NST
14759710,PCT/JP2013/083884,2013-12-18,NST
14759711,PCT/US2013/038656,2013-04-29,NST
14759712,PCT/IN2014/000019,2014-01-08,NST
14759713,PCT/US13/21456,2013-01-14,NST
14759714,PCT/JP2013/084471,2013-12-24,NST
14759715,PCT/CA2014/000008,2014-01-07,NST
14759716,PCT/JP2014/050036,2014-01-06,NST
14759717,61752915,2013-01-15,PRO
14759717,PCT/US13/28946,2013-03-04,NST
14759718,PCT/EP2013/002733,2013-09-12,NST
14759719,PCT/JP2014/000375,2014-01-27,NST
14759720,61754534,2013-01-19,PRO
14759720,PCT/US14/12054,2014-01-17,NST
14759721,PCT/JP2013/053348,2013-02-13,NST
14759723,PCT/JP2013/082752,2013-11-29,NST
14759724,PCT/EP2014/050144,2014-01-07,NST
14759725,PCT/US13/22262,2013-01-18,NST
14759726,PCT/US13/23740,2013-01-30,NST
14759728,PCT/EP2013/000040,2013-01-09,NST
14759729,PCT/FR2014/050076,2014-01-15,NST
14759730,PCT/EP2013/003935,2013-12-21,NST
14759731,PCT/US2013/074610,2013-12-12,NST
14759732,PCT/KR2013/009884,2013-11-04,NST
14759733,PCT/KR2013/004522,2013-05-23,NST
14759734,PCT/JP2013/084053,2013-12-19,NST
14759735,PCT/CN2014/070323,2014-01-08,NST
14759736,PCT/IL2014/050019,2014-01-07,NST
14759738,PCT/US2014/011014,2014-01-10,NST
14759739,PCT/JP2013/079914,2013-11-05,NST
14759740,PCT/JP2014/058798,2014-03-27,NST
14759741,PCT/FR2014/050077,2014-01-15,NST
14759742,61776940,2013-03-12,PRO
14759742,PCT/US14/17029,2014-02-19,NST
14759743,PCT/CN2013/085917,2013-10-24,NST
14759744,PCT/KR2014/000337,2014-01-10,NST
14759745,PCT/KR2013/003210,2013-04-17,NST
14759746,PCT/IN2013/000820,2013-12-31,NST
14759747,PCT/EP2014/050458,2014-01-13,NST
14759748,PCT/KR2014/000330,2014-01-10,NST
14759749,PCT/JP2013/084685,2013-12-25,NST
14759750,61751003,2013-01-10,PRO
14759750,PCT/US14/10492,2014-01-07,NST
14759751,PCT/EP2014/000019,2014-01-08,NST
14759752,PCT/JP2013/084572,2013-12-25,NST
14759753,61755692,2013-01-23,PRO
14759753,61845538,2013-07-12,PRO
14759753,PCT/US14/11597,2014-01-15,NST
14759754,PCT/KR2013/008041,2013-09-05,NST
14759755,PCT/JP2014/050608,2014-01-08,NST
14759756,PCT/JP2014/000004,2014-01-06,NST
14759757,61750128,2013-01-08,PRO
14759757,PCT/US14/10447,2014-01-07,NST
14759758,PCT/JP2014/050306,2014-01-10,NST
14759759,PCT/GB2014/050056,2014-01-09,NST
14759760,PCT/JP2014/000142,2014-01-15,NST
14759761,PCT/US2013/022829,2013-01-24,NST
14759762,PCT/JP2014/079267,2014-11-04,NST
14759763,PCT/US13/20926,2013-01-10,NST
14759764,PCT/GB2014/050054,2014-01-09,NST
14759765,PCT/EP2014/050075,2014-01-06,NST
14759766,PCT/AT2014/050005,2014-01-09,NST
14759767,PCT/EP2013/050284,2013-01-09,NST
14759768,PCT/IL2014/050027,2014-01-09,NST
14759769,PCT/US2013/022384,2013-01-21,NST
14759770,61750677,2013-01-09,PRO
14759770,61914839,2013-12-11,PRO
14759770,PCT/US14/10891,2014-01-09,NST
14759771,PCT/JP2013/084861,2013-12-26,NST
14759772,PCT/EP2013/067105,2013-08-16,NST
14759773,PCT/FR2014/050017,2014-01-07,NST
14759774,61767518,2013-02-21,PRO
14759774,PCT/US13/68700,2013-11-06,NST
14759775,PCT/IB2014/067122,2014-12-19,NST
14759776,PCT/JP2013/078696,2013-10-23,NST
14759777,PCT/IB2013/002873,2013-12-27,NST
14759778,PCT/IB2014/058970,2014-02-13,NST
14759779,PCT/EP2013/077083,2013-12-18,NST
14759780,PCT/JP2013/081540,2013-11-22,NST
14759781,PCT/JP2013/051092,2013-01-21,NST
14759782,PCT/JP2013/083191,2013-12-11,NST
14759783,PCT/EP2013/077579,2013-12-20,NST
14759784,PCT/IB2014/058029,2014-01-03,NST
14759785,61763161,2013-02-11,PRO
14759785,PCT/US14/15713,2014-02-11,NST
14759786,PCT/GB2014/050048,2014-01-09,NST
14759787,PCT/IB2013/003149,2013-12-30,NST
14759788,PCT/EP2014/001146,2014-04-29,NST
14759789,PCT/IB2014/000008,2014-01-07,NST
14759790,PCT/US13/20976,2013-01-10,NST
14759791,PCT/IB2013/001331,2013-01-11,NST
14759792,PCT/CN2013/072826,2013-03-18,NST
14759793,PCT/JP2014/050071,2014-01-07,NST
14759794,PCT/EP2014/000017,2014-01-08,NST
14759795,61750101,2013-01-08,PRO
14759795,PCT/US14/10662,2014-01-08,NST
14759796,PCT/EP2014/050326,2014-01-09,NST
14759797,61751218,2013-01-10,PRO
14759797,61821726,2013-05-10,PRO
14759797,PCT/US14/11169,2014-01-10,NST
14759798,PCT/JP2014/050266,2014-01-10,NST
14759799,PCT/IB14/58035,2014-01-03,NST
14759800,PCT/EP2013/077721,2013-12-20,NST
14759801,61750008,2013-01-08,PRO
14759801,PCT/US14/10351,2014-01-06,NST
14759802,PCT/EP2014/053428,2014-02-21,NST
14759803,PCT/US2013/020978,2013-01-10,NST
14759804,13736202,2013-01-08,CON
14759804,PCT/US13/76049,2013-12-18,NST
14759805,PCT/US2014/010280,2014-01-06,NST
14759806,PCT/EP2013/050229,2013-01-08,NST
14759807,PCT/CA2014/050052,2014-01-24,NST
14759808,PCT/EP2014/050846,2014-01-16,NST
14759809,PCT/JP2014/000874,2014-02-20,NST
14759810,PCT/IB2014/058087,2014-01-07,NST
14759811,PCT/US2013/021718,2013-01-16,NST
14759812,PCT/CN2013/070347,2013-01-11,NST
14759813,PCT/US2014/010782,2014-01-09,NST
14759814,PCT/JP2014/050453,2014-01-14,NST
14759816,PCT/US2013/021202,2013-01-11,NST
14759819,PCT/CN2013/079775,2013-07-22,NST
14759820,PCT/KR2013/000191,2013-01-09,NST
14759821,PCT/EP2014/050874,2014-01-17,NST
14759822,PCT/FR2014/050070,2014-01-14,NST
14759823,PCT/JP2013/007520,2013-12-23,NST
14759824,PCT/JP2014/052305,2014-01-31,NST
14759825,PCT/CN2014/070304,2014-01-08,NST
14759826,PCT/EP2013/074331,2013-11-21,NST
14759827,61751234,2013-01-10,PRO
14759827,61751329,2013-01-11,PRO
14759827,PCT/US14/11079,2014-01-10,NST
14759828,PCT/KR2013/000190,2013-01-09,NST
14759829,PCT/JP2013/084626,2013-12-25,NST
14759830,PCT/CN2014/072575,2014-02-26,NST
14759831,PCT/EP2014/050161,2014-01-07,NST
14759832,PCT/EP2014/050284,2014-01-09,NST
14759833,PCT/JP2013/084105,2013-12-19,NST
14759835,PCT/EP2014/050114,2014-01-07,NST
14759836,PCT/EP2013/077698,2013-12-20,NST
14759837,PCT/US2013/022450,2013-01-22,NST
14759838,PCT/JP2014/050215,2014-01-09,NST
14759839,PCT/KR2014/000761,2014-01-27,NST
14759840,PCT/JP2013/050478,2013-01-11,NST
14759841,PCT/ES2014/070008,2014-01-08,NST
14759842,PCT/KR2013/012428,2013-12-31,NST
14759843,PCT/CN2013/089184,2013-12-12,NST
14759844,PCT/JP2013/084873,2013-12-26,NST
14759845,PCT/JP2014/052914,2014-02-07,NST
14759846,PCT/JP2013/050101,2013-01-08,NST
14759847,PCT/KR2014/000615,2014-01-22,NST
14759848,PCT/JP2013/080208,2013-11-08,NST
14759849,PCT/GB2013/050021,2013-01-08,NST
14759850,PCT/JP2013/057133,2013-03-14,NST
14759851,PCT/KR2014/004892,2014-02-06,NST
14759852,PCT/EP2014/050788,2014-01-16,NST
14759853,61751161,2013-01-10,PRO
14759853,61783261,2013-03-14,PRO
14759853,PCT/US14/11144,2014-01-10,NST
14759854,PCT/US2013/020828,2013-01-09,NST
14759855,PCT/CA2014/050015,2014-01-10,NST
14759856,PCT/JP2013/076833,2013-10-02,NST
14759857,PCT/EP2014/050153,2014-01-07,NST
14759859,PCT/KR2013/003129,2013-04-15,NST
14759860,PCT/KR2014/000257,2014-01-09,NST
14759861,PCT/KR2014/000208,2014-01-08,NST
14759862,PCT/IB2013/001688,2013-08-01,NST
14759863,PCT/US2013/023210,2013-01-25,NST
14759864,PCT/SE2015/050743,2015-06-25,NST
14759865,PCT/CA2014/050005,2014-01-06,NST
14759866,PCT/EP2014/050145,2014-01-07,NST
14759867,61751163,2013-01-10,PRO
14759867,PCT/US14/11112,2014-01-10,NST
14759868,PCT/CN2013/070404,2013-01-14,NST
14759869,PCT/EP2013/003782,2013-12-14,NST
14759870,PCT/EP2014/050418,2014-01-10,NST
14759871,PCT/EP2013/075233,2013-12-02,NST
14759872,PCT/JP2013/081537,2013-11-22,NST
14759873,PCT/CN2013/090600,2013-12-26,NST
14759874,PCT/KR2014/011248,2014-11-21,NST
14759875,PCT/EP2014/050164,2014-01-07,NST
14759876,PCT/DK2014/050027,2014-02-04,NST
14759877,PCT/KR2013/012435,2013-12-31,NST
14759878,PCT/US2014/010332,2014-01-06,NST
14759879,PCT/US2014/012191,2014-01-20,NST
14759880,PCT/SE2013/050135,2013-02-18,NST
14759881,PCT/CN2013/070650,2013-01-18,NST
14759882,PCT/CN2013/075975,2013-05-21,NST
14759883,PCT/JP2014/050005,2014-01-06,NST
14759884,PCT/JP2013/007489,2013-12-19,NST
14759885,PCT/FR2014/050148,2014-01-27,NST
14759886,PCT/EP2013/050259,2013-01-09,NST
14759887,PCT/CA2014/050026,2014-01-16,NST
14759888,PCT/JP2014/050496,2014-01-15,NST
14759889,PCT/US2014/010724,2014-01-08,NST
14759890,PCT/EP2013/076854,2013-12-17,NST
14759891,PCT/JP2014/000200,2014-01-16,NST
14759892,61750453,2013-01-09,PRO
14759892,61894399,2013-10-22,PRO
14759892,PCT/US14/10922,2014-01-09,NST
14759893,PCT/CN2014/070144,2014-01-06,NST
14759894,PCT/US2013/023770,2013-01-30,NST
14759895,PCT/US2014/010890,2014-01-09,NST
14759896,PCT/JP2014/050178,2014-01-09,NST
14759897,PCT/NL2013/050009,2013-01-09,NST
14759898,PCT/JP2014/050450,2014-01-14,NST
14759899,PCT/JP2014/050249,2014-01-09,NST
14759900,PCT/US2014/010656,2014-01-08,NST
14759901,PCT/JP2014/050064,2014-01-07,NST
14759902,PCT/EP2014/050461,2014-01-13,NST
14759904,PCT/CN2013/070859,2013-01-23,NST
14759905,PCT/EP2013/050240,2013-01-09,NST
14759906,PCT/EP2013/059449,2013-05-07,NST
14759908,PCT/EP2014/050465,2014-01-13,NST
14759909,PCT/EP2014/000015,2014-01-08,NST
14759910,PCT/US2014/010703,2014-01-08,NST
14759912,PCT/KR2013/011654,2013-12-16,NST
14759913,61752353,2013-01-14,PRO
14759913,PCT/US14/11339,2014-01-13,NST
14759914,PCT/GB2014/050029,2014-01-07,NST
14759915,PCT/FI2014/050036,2014-01-16,NST
14759916,PCT/KR2013/009404,2013-10-22,NST
14759917,PCT/KR2014/000190,2014-01-08,NST
14759918,61751460,2013-01-11,PRO
14759918,PCT/US14/11266,2014-01-13,NST
14759919,PCT/KR2014/000188,2014-01-08,NST
14759920,PCT/EP2014/000025,2014-01-09,NST
14759921,PCT/JP2013/084909,2013-12-26,NST
14759922,PCT/GB2014/050255,2014-01-30,NST
14759923,PCT/EP2014/000118,2014-01-17,NST
14759924,PCT/SG2013/000009,2013-01-08,NST
14759925,PCT/EP2013/075379,2013-12-03,NST
14759926,PCT/US14/10844,2014-01-09,NST
14759927,PCT/US14/10826,2014-01-09,NST
14759929,PCT/KR2014/000237,2014-01-09,NST
14759930,PCT/JP2013/083053,2013-12-10,NST
14759931,PCT/JP2013/080950,2013-11-15,NST
14759932,PCT/JP2014/057482,2014-03-19,NST
14759933,PCT/CN2013/070294,2013-01-10,NST
14759934,PCT/EP2013/077503,2013-12-19,NST
14759935,PCT/CN2013/090644,2013-12-27,NST
14759936,PCT/CN2014/070772,2014-01-17,NST
14759937,PCT/PT2014/000002,2014-01-10,NST
14759938,PCT/JP2013/005920,2013-10-04,NST
14759939,PCT/JP2014/076186,2014-09-30,NST
14759940,PCT/IB2014/058156,2014-01-09,NST
14759941,PCT/SE2013/051549,2013-12-18,NST
14759942,PCT/JP2014/055775,2014-03-06,NST
14759943,PCT/JP2014/051048,2014-01-21,NST
14759944,PCT/JP2013/080559,2013-11-12,NST
14759945,PCT/IB2013/000348,2013-01-31,NST
14759946,PCT/CN2014/070896,2014-01-20,NST
14759948,PCT/CN2014/073447,2014-03-14,NST
14759949,PCT/CN2013/071177,2013-01-31,NST
14759950,PCT/GB14/50008,2014-01-03,NST
14759951,PCT/SE2013/050576,2013-05-21,NST
14759952,PCT/CN2013/070519,2013-01-16,NST
14759953,PCT/US2014/011053,2014-01-10,NST
14759954,PCT/JP2013/085047,2013-12-27,NST
14759955,PCT/KR2014/000326,2014-01-10,NST
14759956,PCT/US13/42881,2013-05-28,NST
14759958,PCT/JP2014/050184,2014-01-09,NST
14759959,PCT/US2013/027727,2013-02-26,NST
14759960,PCT/EP2014/050485,2014-01-13,NST
14759961,PCT/US13/21260,2013-01-11,NST
14759963,PCT/JP2014/050642,2014-01-16,NST
14759964,PCT/JP2013/006017,2013-10-09,NST
14759965,PCT/GB2013/050541,2013-03-06,NST
14759966,PCT/CN2013/071934,2013-02-27,NST
14759967,PCT/US2014/049658,2014-08-05,NST
14759968,PCT/EP2014/000008,2014-01-07,NST
14759969,PCT/JP2013/006973,2013-11-27,NST
14759970,PCT/JP2013/085058,2013-12-27,NST
14759971,PCT/JP2013/000068,2013-01-10,NST
14759972,PCT/JP2013/050196,2013-01-09,NST
14759973,61751024,2013-01-10,PRO
14759973,61828278,2013-05-29,PRO
14759973,61874391,2013-09-06,PRO
14759973,PCT/US14/10626,2014-01-08,NST
14759975,PCT/JP2013/053909,2013-02-19,NST
14759976,PCT/CN2013/070353,2013-01-11,NST
14759977,PCT/US2013/032638,2013-03-15,NST
14759978,PCT/EP2013/074933,2013-11-28,NST
14759979,PCT/US2013/023365,2013-01-28,NST
14759980,PCT/EP2014/050645,2014-01-15,NST
14759981,PCT/US2014/010942,2014-01-09,NST
14759982,PCT/IB2014/058149,2014-01-09,NST
14759983,PCT/JP2013/058119,2013-03-21,NST
14759984,PCT/JP2013/082374,2013-12-02,NST
14759985,PCT/CA2014/050010,2014-01-09,NST
14759986,61778773,2013-03-13,PRO
14759986,PCT/US14/22936,2014-03-11,NST
14759987,PCT/JP2013/007541,2013-12-24,NST
14759988,PCT/JP2014/000145,2014-01-15,NST
14759989,PCT/JP2013/058783,2013-03-26,NST
14759990,PCT/EP2013/077079,2013-12-18,NST
14759991,PCT/JP2014/050421,2014-01-14,NST
14759992,PCT/CN2013/070766,2013-01-21,NST
14759993,PCT/DK2013/050440,2013-12-18,NST
14759994,PCT/JP2014/050314,2014-01-10,NST
14759995,PCT/EP2014/050200,2014-01-08,NST
14759996,PCT/EP2014/050408,2014-01-10,NST
14759997,PCT/EP2014/054405,2014-03-06,NST
14759998,PCT/JP2014/053389,2014-02-06,NST
14759999,PCT/JP2014/051108,2014-01-21,NST
14760000,PCT/KR2014/008395,2014-09-05,NST
14760001,PCT/JP2013/007013,2013-11-28,NST
14760002,PCT/EP2013/003878,2013-12-20,NST
14760003,PCT/JP2014/050317,2014-01-10,NST
14760004,PCT/JP2014/060088,2014-04-07,NST
14760005,PCT/JP2013/007150,2013-12-05,NST
14760006,PCT/JP2014/051344,2014-01-23,NST
14760007,PCT/JP2013/077049,2013-10-04,NST
14760008,PCT/EP2013/050475,2013-01-11,NST
14760009,PCT/IB2014/058144,2014-01-09,NST
14760010,61751495,2013-01-11,PRO
14760010,PCT/US13/26623,2013-02-19,NST
14760011,61750550,2013-01-09,PRO
14760011,PCT/US14/10882,2014-01-09,NST
14760013,PCT/JP2014/065979,2014-06-17,NST
14760014,61750788,2013-01-09,PRO
14760014,61769725,2013-02-26,PRO
14760014,PCT/US14/10941,2014-01-09,NST
14760015,PCT/DE2014/100003,2014-01-07,NST
14760016,PCT/US2014/010221,2014-01-03,NST
14760017,61750875,2013-01-10,PRO
14760017,PCT/US14/10976,2014-01-10,NST
14760018,PCT/IB2013/061261,2013-12-23,NST
14760019,PCT/JP2014/000028,2014-01-08,NST
14760020,PCT/JP2013/083088,2013-12-10,NST
14760021,PCT/CA2014/000029,2014-01-13,NST
14760022,61750475,2013-01-09,PRO
14760022,PCT/US14/10632,2014-01-08,NST
14760023,PCT/JP2013/073848,2013-09-04,NST
14760024,PCT/US13/21204,2013-01-11,NST
14760025,PCT/JP2013/084127,2013-12-19,NST
14760026,61752047,2013-01-14,PRO
14760026,PCT/US14/11295,2014-01-13,NST
14760027,PCT/JP2013/007328,2013-12-12,NST
14760028,PCT/IB2013/060648,2013-12-04,NST
14760029,61750908,2013-01-10,PRO
14760029,PCT/US14/10130,2014-01-03,NST
14760030,PCT/JP2014/000365,2014-01-24,NST
14760031,PCT/GB2014/050117,2014-01-16,NST
14760032,PCT/JP2014/050393,2014-01-14,NST
14760033,PCT/EP2013/050515,2013-01-11,NST
14760034,PCT/EP2014/050770,2014-01-16,NST
14760035,PCT/US2014/010911,2014-01-09,NST
14760036,61751354,2013-01-11,PRO
14760036,PCT/US14/11026,2014-01-10,NST
14760037,PCT/KR2013/002290,2013-03-20,NST
14760038,PCT/KR2014/000371,2014-01-14,NST
14760039,61755613,2013-01-23,PRO
14760039,61901796,2013-11-08,PRO
14760039,PCT/US14/12762,2014-01-23,NST
14760040,PCT/JP2013/007344,2013-12-13,NST
14760041,61756778,2013-01-25,PRO
14760041,PCT/US14/12356,2014-01-21,NST
14760042,PCT/JP2013/080378,2013-11-11,NST
14760043,PCT/JP2013/051391,2013-01-24,NST
14760044,61780473,2013-03-13,PRO
14760044,PCT/US14/24359,2014-03-12,NST
14760045,PCT/JP2013/050235,2013-01-09,NST
14760046,PCT/KR2013/011992,2013-12-23,NST
14760047,PCT/EP2013/050507,2013-01-11,NST
14760048,PCT/CN2013/088616,2013-12-05,NST
14760049,PCT/KR2014/000192,2014-01-08,NST
14760050,PCT/JP2014/000089,2014-01-10,NST
14760051,PCT/CN2013/086818,2013-11-11,NST
14760052,PCT/FR2014/050031,2014-01-09,NST
14760053,PCT/JP2014/051070,2014-01-21,NST
14760054,PCT/EP2014/050335,2014-01-09,NST
14760055,PCT/JP2014/050865,2014-01-10,NST
14760056,PCT/IB2013/061134,2013-12-19,NST
14760057,PCT/IB2014/000619,2014-01-18,NST
14760058,PCT/EP2014/050512,2014-01-13,NST
14760059,PCT/SG2014/000001,2014-01-02,NST
14760060,61753810,2013-01-17,PRO
14760060,PCT/US14/12016,2014-01-17,NST
14760061,PCT/JP2013/054150,2013-02-20,NST
14760062,PCT/JP2014/050817,2014-01-17,NST
14760063,PCT/JP2014/051388,2014-01-23,NST
14760064,PCT/JP2014/050279,2014-01-10,NST
14760065,PCT/KR2014/000661,2014-01-23,NST
14760066,PCT/JP2013/083089,2013-12-10,NST
14760067,61753300,2013-01-16,PRO
14760067,61792467,2013-03-15,PRO
14760067,PCT/US14/11935,2014-01-16,NST
14760068,PCT/EP2014/000021,2014-01-09,NST
14760069,61780563,2013-03-13,PRO
14760069,PCT/US14/24228,2014-03-12,NST
14760070,61752215,2013-01-14,PRO
14760070,PCT/US14/11448,2014-01-14,NST
14760071,PCT/IB2014/000668,2014-01-31,NST
14760073,PCT/EP2014/000610,2014-03-10,NST
14760074,PCT/JP2013/056644,2013-03-11,NST
14760075,PCT/EP2014/050792,2014-01-16,NST
14760076,PCT/US2014/011445,2014-01-14,NST
14760077,61751504,2013-01-11,PRO
14760077,PCT/US14/11041,2014-01-10,NST
14760078,PCT/EP2014/050357,2014-01-10,NST
14760079,PCT/GB2014/050069,2014-01-10,NST
14760080,61753807,2013-01-17,PRO
14760080,61753813,2013-01-17,PRO
14760080,PCT/US14/12010,2014-01-17,NST
14760081,PCT/EP2014/050514,2014-01-13,NST
14760082,PCT/GB2014/050065,2014-01-10,NST
14760083,PCT/JP2013/084509,2013-12-24,NST
14760084,PCT/JP2013/007690,2013-12-27,NST
14760085,PCT/JP2014/050344,2014-01-10,NST
14760086,PCT/EP2014/050791,2014-01-16,NST
14760087,PCT/JP2014/051873,2014-01-29,NST
14760088,PCT/EP2014/050018,2014-01-02,NST
14760089,PCT/KR2014/002057,2014-03-12,NST
14760090,PCT/CN2013/082288,2013-08-26,NST
14760091,PCT/JP2013/007512,2013-12-20,NST
14760092,PCT/KR2014/001039,2014-02-06,NST
14760093,PCT/JP2014/050389,2014-01-07,NST
14760094,PCT/CN2014/070360,2014-01-09,NST
14760095,PCT/GB2014/050055,2014-01-09,NST
14760096,PCT/IB2014/058123,2014-01-08,NST
14760097,PCT/FR2014/050084,2014-01-16,NST
14760098,PCT/JP2014/053339,2014-02-13,NST
14760099,PCT/NL2014/050007,2014-01-09,NST
14760100,61751619,2013-01-11,PRO
14760100,PCT/US14/11007,2014-01-10,NST
14760101,PCT/KR2013/001331,2013-02-20,NST
14760102,PCT/NL2013/050893,2013-12-12,NST
14760103,PCT/US2014/011031,2014-01-10,NST
14760104,61751864,2013-01-12,PRO
14760104,PCT/US14/11154,2014-01-10,NST
14760105,PCT/KR2014/000425,2014-01-15,NST
14760107,PCT/JP2013/083993,2013-12-18,NST
14760108,PCT/JP2014/050542,2014-01-15,NST
14760109,PCT/JP2013/050244,2013-01-09,NST
14760110,PCT/JP2014/000970,2014-02-25,NST
14760111,PCT/EP2013/003886,2013-12-20,NST
14760112,PCT/GB2014/050089,2014-01-13,NST
14760113,PCT/US2014/011716,2014-01-15,NST
14760114,PCT/CN2014/070380,2014-01-09,NST
14760115,61751598,2013-01-11,PRO
14760115,PCT/US14/11043,2014-01-10,NST
14760116,PCT/SG2013/000545,2013-12-20,NST
14760117,PCT/EP2014/050190,2014-01-08,NST
14760118,61750993,2013-01-10,PRO
14760118,PCT/US14/11069,2014-01-10,NST
14760119,PCT/CN2013/086750,2013-11-08,NST
14760120,61751117,2013-01-10,PRO
14760120,PCT/US14/10655,2014-01-08,NST
14760121,PCT/EP2014/050360,2014-01-10,NST
14760122,PCT/JP2013/081052,2013-11-18,NST
14760123,PCT/IB2014/058171,2014-01-10,NST
14760124,PCT/JP2013/085060,2013-12-27,NST
14760125,PCT/ES2014/070010,2014-01-09,NST
14760126,PCT/EP2013/050328,2013-01-09,NST
14760127,PCT/KR2014/001769,2014-03-04,NST
14760128,PCT/JP2013/082661,2013-12-05,NST
14760129,PCT/JP2013/054370,2013-02-21,NST
14760130,PCT/JP2014/050452,2014-01-14,NST
14760131,PCT/IB2014/058226,2014-01-13,NST
14760132,61752721,2013-01-15,PRO
14760132,PCT/US14/11617,2014-01-15,NST
14760135,PCT/EP2013/050429,2013-01-10,NST
14760136,PCT/KR2014/007913,2014-08-26,NST
14760137,PCT/EP2014/050491,2014-01-13,NST
14760138,PCT/EP2013/050329,2013-01-09,NST
14760139,61751217,2013-01-10,PRO
14760139,PCT/US14/10778,2014-01-09,NST
14760140,PCT/JP2014/076520,2014-10-03,NST
14760141,61753834,2013-01-17,PRO
14760141,61781777,2013-03-14,PRO
14760141,PCT/US14/11862,2014-01-16,NST
14760142,PCT/US13/46269,2013-06-18,NST
14760143,PCT/IB2014/058157,2014-01-09,NST
14760144,PCT/FR2014/050158,2014-01-29,NST
14760145,PCT/IL2014/050132,2014-02-06,NST
14760146,PCT/FI2014/050017,2014-01-10,NST
14760147,12866264,2010-08-05,CON
14760147,13597369,2012-08-29,CON
14760147,PCT/IB2014/058146,2014-01-09,NST
14760147,PCT/IL2009/000131,2009-02-05,NST
14760148,PCT/JP2014/051842,2014-01-28,NST
14760149,PCT/CN2014/070387,2014-01-09,NST
14760150,PCT/EP2014/050553,2014-01-14,NST
14760151,PCT/US13/21230,2013-01-11,NST
14760152,PCT/JP2013/083895,2013-12-18,NST
14760153,PCT/EP2013/076212,2013-12-11,NST
14760154,PCT/KR2013/008584,2013-09-25,NST
14760156,PCT/EP2014/050113,2014-01-07,NST
14760157,PCT/EP2014/050340,2014-01-09,NST
14760158,PCT/KR2014/011078,2014-11-18,NST
14760159,PCT/CN2014/071123,2014-01-22,NST
14760160,PCT/JP2014/050471,2014-01-14,NST
14760161,PCT/KR2014/004615,2014-05-23,NST
14760162,PCT/CA2013/000691,2013-08-07,NST
14760163,PCT/JP2013/083967,2013-12-18,NST
14760164,PCT/JP2013/079869,2013-11-05,NST
14760165,61751217,2013-01-10,PRO
14760165,PCT/US14/10773,2014-01-09,NST
14760166,PCT/JP2013/051233,2013-01-23,NST
14760167,PCT/EP2013/074343,2013-11-21,NST
14760168,PCT/JP2014/053720,2014-02-18,NST
14760169,PCT/KR2013/008692,2013-09-27,NST
14760170,PCT/EP2014/050848,2014-01-16,NST
14760171,61750767,2013-01-09,PRO
14760171,61793136,2013-03-15,PRO
14760171,61821615,2013-05-09,PRO
14760171,61834818,2013-06-13,PRO
14760171,61880079,2013-09-19,PRO
14760171,61886558,2013-10-03,PRO
14760171,PCT/US14/10930,2014-01-09,NST
14760172,PCT/EP2014/050350,2014-01-10,NST
14760173,PCT/EP2013/078033,2013-12-27,NST
14760174,PCT/CN2013/072522,2013-03-13,NST
14760175,PCT/FR2014/050045,2014-01-10,NST
14760176,PCT/US2014/011118,2014-01-10,NST
14760177,PCT/EP2013/077199,2013-12-18,NST
14760178,PCT/IN2013/000768,2013-12-13,NST
14760179,PCT/NL2014/050008,2014-01-09,NST
14760180,PCT/DK2014/050002,2014-01-06,NST
14760181,PCT/US14/11126,2014-01-10,NST
14760182,61751067,2013-01-10,PRO
14760182,PCT/US14/11130,2014-01-10,NST
14760183,PCT/EP2013/075845,2013-12-06,NST
14760184,PCT/EP2013/075674,2013-12-05,NST
14760185,PCT/EP2013/071635,2013-10-16,NST
14760186,PCT/FR2014/050024,2014-01-08,NST
14760187,61751926,2013-01-13,PRO
14760187,PCT/US14/11359,2014-01-13,NST
14760188,PCT/US2014/010933,2014-01-09,NST
14760189,PCT/US2013/034749,2013-03-31,NST
14760190,PCT/FR2014/050046,2014-01-10,NST
14760191,PCT/US2013/034409,2013-03-28,NST
14760192,PCT/BR13/00008,2013-01-09,NST
14760193,PCT/EP2014/000048,2014-01-10,NST
14760194,PCT/US2014/015421,2014-02-07,NST
14760195,PCT/EP2014/052881,2014-02-14,NST
14760196,PCT/EP2014/050277,2014-01-09,NST
14760197,61751174,2013-01-10,PRO
14760197,PCT/US14/10940,2014-01-09,NST
14760198,61750421,2013-01-09,PRO
14760198,PCT/US14/10761,2014-01-08,NST
14760199,PCT/EP2014/000047,2014-01-10,NST
14760200,PCT/GB2014/050132,2014-01-17,NST
14760201,PCT/IB2014/058119,2014-01-08,NST
14760202,PCT/CN2014/071069,2014-01-22,NST
14760203,PCT/KR2013/003906,2013-05-06,NST
14760204,PCT/US2013/074427,2013-12-11,NST
14760207,PCT/CN2013/077629,2013-06-21,NST
14760208,PCT/US2014/020966,2014-03-06,NST
14760209,PCT/FR2013/053263,2013-12-24,NST
14760210,PCT/EP2014/050495,2014-01-13,NST
14760212,PCT/NO2013/050165,2013-10-01,NST
14760213,PCT/CN2013/084117,2013-09-24,NST
14760214,PCT/EP2014/051269,2014-01-22,NST
14760215,61750986,2013-01-10,PRO
14760215,PCT/US14/10967,2014-01-10,NST
14760216,PCT/SG2013/000543,2013-12-19,NST
14760217,PCT/IB2014/058242,2014-01-13,NST
14760218,PCT/JP2013/085284,2013-12-28,NST
14760219,PCT/JP2013/084575,2013-12-25,NST
14760220,PCT/JP2013/055840,2013-03-04,NST
14760221,PCT/IB2014/058187,2014-01-10,NST
14760222,PCT/EP2014/050320,2014-01-09,NST
14760223,PCT/CN2013/076227,2013-05-24,NST
14760224,PCT/SE2014/050099,2014-01-27,NST
14760225,PCT/JP2013/084574,2013-12-25,NST
14760226,PCT/US2013/021729,2013-01-16,NST
14760228,PCT/ES2014/070667,2014-08-25,NST
14760229,PCT/JP2014/050376,2014-01-10,NST
14760230,PCT/SE2013/051461,2013-12-05,NST
14760231,PCT/US2013/078475,2013-12-31,NST
14760232,PCT/JP2013/050451,2013-01-11,NST
14760233,PCT/US2013/077833,2013-12-26,NST
14760234,PCT/JP2014/052240,2014-01-31,NST
14760235,PCT/JP2014/001546,2014-03-18,NST
14760236,PCT/IB2014/058194,2014-01-11,NST
14760237,PCT/JP2014/050308,2014-01-10,NST
14760238,PCT/JP2013/082452,2013-12-03,NST
14760239,PCT/CA2014/000016,2014-01-13,NST
14760240,PCT/EP2014/000029,2014-01-09,NST
14760241,PCT/EP2013/076017,2013-12-10,NST
14760242,PCT/JP2014/052163,2014-01-30,NST
14760243,PCT/CN2013/083392,2013-09-12,NST
14760244,PCT/US13/22101,2013-01-18,NST
14760245,PCT/KR2014/000273,2014-01-09,NST
14760247,PCT/IB2014/000022,2014-01-10,NST
14760248,61850410,2013-02-14,PRO
14760248,PCT/US14/16367,2014-02-14,NST
14760249,PCT/IT2014/000006,2014-01-09,NST
14760250,PCT/EP2014/050882,2014-01-17,NST
14760251,PCT/KR2014/000336,2014-01-10,NST
14760252,PCT/EP2014/000014,2014-01-07,NST
14760254,PCT/JP2014/050585,2014-01-15,NST
14760255,PCT/CN2013/070305,2013-01-10,NST
14760258,PCT/JP2013/075706,2013-09-24,NST
14760259,PCT/JP2014/051171,2014-01-22,NST
14760260,PCT/EP2014/050328,2014-01-09,NST
14760261,PCT/EP2014/050009,2014-01-02,NST
14760262,PCT/IN2014/000045,2014-01-22,NST
14760264,PCT/KR2014/000314,2014-01-10,NST
14760265,PCT/KR2014/000334,2014-01-10,NST
14760266,PCT/JP2013/084201,2013-12-20,NST
14760267,PCT/EP2014/050356,2014-01-10,NST
14760268,PCT/JP2014/051003,2014-01-20,NST
14760269,PCT/IB2014/000024,2014-01-10,NST
14760270,PCT/JP2013/081227,2013-11-20,NST
14760271,PCT/US2013/000136,2013-05-17,NST
14760272,PCT/US2014/011484,2014-01-14,NST
14760273,PCT/EP2014/003376,2014-12-16,NST
14760274,PCT/JP2013/083616,2013-12-16,NST
14760275,PCT/US2014/011277,2014-01-13,NST
14760276,PCT/EP2014/050443,2014-01-13,NST
14760277,PCT/AU2014/000027,2014-01-16,NST
14760278,PCT/SG2014/000006,2014-01-13,NST
14760279,61752009,2013-01-14,PRO
14760279,PCT/US14/11519,2014-01-14,NST
14760280,PCT/EP2014/050334,2014-01-09,NST
14760281,PCT/EP2014/068578,2014-09-02,NST
14760282,61751038,2013-01-10,PRO
14760282,PCT/US14/11098,2014-01-10,NST
14760283,PCT/IN2013/000821,2013-12-31,NST
14760284,61804428,2013-03-22,PRO
14760284,PCT/US14/25407,2014-03-13,NST
14760285,PCT/US13/23629,2013-01-29,NST
14760286,PCT/US2014/011804,2014-01-16,NST
14760287,PCT/EP2014/000055,2014-01-13,NST
14760288,PCT/KR2013/011356,2013-12-09,NST
14760289,PCT/JP2013/053417,2013-02-13,NST
14760290,PCT/JP2014/050753,2014-01-17,NST
14760292,PCT/JP2013/056136,2013-03-06,NST
14760293,PCT/US2014/011048,2014-01-10,NST
14760294,PCT/GB2014/050070,2014-01-10,NST
14760295,PCT/US2014/011293,2014-01-13,NST
14760296,PCT/JP2014/054218,2014-02-21,NST
14760297,PCT/IB2014/058558,2014-01-27,NST
14760298,PCT/JP2014/000394,2014-01-27,NST
14760299,PCT/IB2014/058097,2014-01-07,NST
14760300,PCT/IB2013/050265,2013-01-11,NST
14760301,PCT/CA2013/050938,2013-12-06,NST
14760302,PCT/EP2014/050654,2014-01-15,NST
14760303,PCT/JP2013/053212,2013-02-12,NST
14760304,PCT/JP2013/000172,2013-01-16,NST
14760305,PCT/US2014/027338,2014-03-14,NST
14760306,PCT/US2014/012807,2014-01-23,NST
14760307,61752742,2013-01-15,PRO
14760307,PCT/US14/11477,2014-01-14,NST
14760308,PCT/GB2014/050072,2014-01-10,NST
14760309,PCT/EP2014/050650,2014-01-15,NST
14760310,PCT/EP2014/000247,2014-01-10,NST
14760312,PCT/EP2013/050682,2013-01-15,NST
14760313,PCT/CN2013/074596,2013-04-24,NST
14760314,PCT/ES2013/070018,2013-01-21,NST
14760315,PCT/CN2014/070312,2014-01-08,NST
14760316,PCT/US2014/011113,2014-01-10,NST
14760318,PCT/AT2014/050007,2014-01-13,NST
14760319,PCT/JP2013/083272,2013-12-04,NST
14760320,PCT/EP2014/050333,2014-01-09,NST
14760321,PCT/US2014/016659,2014-02-17,NST
14760322,PCT/JP2014/051170,2014-01-22,NST
14760323,PCT/JP2014/000677,2014-02-07,NST
14760324,PCT/US2014/011263,2014-01-13,NST
14760325,PCT/GB2013/053209,2013-12-05,NST
14760326,PCT/AU2014/000090,2014-02-06,NST
14760327,PCT/GB2014/050073,2014-01-10,NST
14760328,PCT/US14/11380,2014-01-14,NST
14760329,PCT/CN2014/070076,2014-01-03,NST
14760330,PCT/EP13/76663,2013-12-16,NST
14760331,PCT/JP2013/007491,2013-12-19,NST
14760332,PCT/EP2013/074096,2013-11-18,NST
14760334,PCT/EP2014/050378,2014-01-10,NST
14760335,PCT/US2014/011104,2014-01-10,NST
14760336,PCT/EP2013/003945,2013-12-27,NST
14760337,PCT/KR2014/000299,2014-01-10,NST
14760338,PCT/JP2013/079354,2013-10-30,NST
14760339,PCT/CN2013/070375,2013-01-11,NST
14760340,PCT/CN2014/070097,2014-01-03,NST
14760341,PCT/JP2013/067040,2013-06-21,NST
14760342,PCT/IB2014/058038,2014-01-03,NST
14760344,PCT/JP2013/083949,2013-12-18,NST
14760345,PCT/KR2013/009800,2013-10-31,NST
14760346,PCT/EP2014/050318,2014-01-09,NST
14760347,PCT/US2014/011081,2014-01-10,NST
14760348,PCT/EP2013/075819,2013-12-06,NST
14760349,PCT/US2014/011108,2014-01-10,NST
14760350,PCT/EP2014/050422,2014-01-10,NST
14760351,PCT/AU2014/000091,2014-02-06,NST
14760352,PCT/EP2014/050125,2014-01-07,NST
14760353,PCT/CA2014/000001,2014-01-08,NST
14760354,PCT/JP2014/050118,2014-01-08,NST
14760355,PCT/CN2014/070472,2014-01-10,NST
14760356,PCT/EP2014/050420,2014-01-10,NST
14760357,PCT/US2014/011534,2014-01-14,NST
14760358,PCT/JP2014/050339,2014-01-10,NST
14760359,PCT/US2014/011302,2014-01-13,NST
14760360,PCT/US14/52093,2014-08-21,NST
14760361,PCT/AU2014/000049,2014-01-28,NST
14760362,PCT/JP2013/080079,2013-11-07,NST
14760363,61769389,2013-02-26,PRO
14760363,PCT/US14/18658,2014-02-26,NST
14760364,PCT/SK2014/050003,2014-02-10,NST
14760365,PCT/CN2014/070234,2014-01-07,NST
14760366,PCT/IB2013/061409,2013-12-30,NST
14760367,PCT/FR14/50018,2014-01-08,NST
14760368,PCT/KR2014/000328,2014-01-10,NST
14760369,PCT/IB2014/058155,2014-01-09,NST
14760371,61751676,2013-01-11,PRO
14760371,61815808,2013-04-25,PRO
14760371,PCT/US14/11018,2014-01-10,NST
14760372,PCT/RU2014/000585,2014-08-05,NST
14760373,61751557,2013-01-11,PRO
14760373,61821189,2013-05-08,PRO
14760373,61857397,2013-07-23,PRO
14760373,PCT/US14/11180,2014-01-11,NST
14760375,PCT/HU2013/000130,2013-12-19,NST
14760376,PCT/JP2014/052972,2014-02-07,NST
14760377,PCT/US2014/013106,2014-01-27,NST
14760378,PCT/JP2013/083033,2013-12-10,NST
14760379,PCT/US2014/063824,2014-11-04,NST
14760380,PCT/US2014/011601,2014-01-15,NST
14760381,PCT/IB2014/058145,2014-01-09,NST
14760382,PCT/FR2014/000010,2014-01-17,NST
14760383,PCT/JP2014/050906,2014-01-20,NST
14760384,PCT/IB2013/061407,2013-01-11,NST
14760385,PCT/IB2014/000154,2014-01-13,NST
14760386,PCT/KR2014/010412,2014-11-03,NST
14760387,PCT/SE2013/050150,2013-02-21,NST
14760388,PCT/US2013/078278,2013-12-30,NST
14760389,PCT/FI2014/050060,2014-01-27,NST
14760390,PCT/JP2013/084475,2013-12-24,NST
14760391,PCT/EP2014/050322,2014-01-09,NST
14760392,61751735,2013-01-11,PRO
14760392,PCT/US14/11076,2014-01-10,NST
14760393,PCT/EP2014/000016,2014-01-08,NST
14760394,PCT/IB2013/060790,2013-12-11,NST
14760395,PCT/US2014/011078,2014-01-10,NST
14760396,PCT/EP2014/050513,2014-01-13,NST
14760397,PCT/CA2014/050016,2014-01-10,NST
14760398,PCT/CN2013/072994,2013-03-21,NST
14760399,PCT/JP2014/050329,2014-01-10,NST
14760400,PCT/KR2014/000767,2014-01-28,NST
14760401,PCT/US2013/034398,2013-03-28,NST
14760403,PCT/JP2014/050188,2014-01-09,NST
14760404,PCT/EP2014/000027,2014-01-09,NST
14760405,PCT/JP2013/007703,2013-12-27,NST
14760406,PCT/DE2013/100375,2013-11-06,NST
14760407,61753147,2013-01-16,PRO
14760407,61821168,2013-05-08,PRO
14760407,61863324,2013-08-07,PRO
14760407,PCT/US14/11811,2014-01-16,NST
14760408,PCT/KR2013/005296,2013-06-17,NST
14760409,PCT/EP2014/050477,2014-01-13,NST
14760410,PCT/CN2014/070141,2014-01-06,NST
14760411,PCT/JP2014/051512,2014-01-24,NST
14760412,PCT/JP2014/063111,2014-05-16,NST
14760413,PCT/US2014/011883,2014-01-16,NST
14760414,PCT/FR2014/050049,2014-01-10,NST
14760415,PCT/EP2014/050875,2014-01-17,NST
14760416,PCT/US2014/011267,2014-01-13,NST
14760417,PCT/US2013/022664,2013-01-23,NST
14760418,61758602,2013-01-30,PRO
14760418,PCT/US14/13867,2014-01-30,NST
14760419,PCT/EP2013/050965,2013-01-18,NST
14760420,PCT/JP2014/050552,2014-01-15,NST
14760421,PCT/US2014/011226,2014-01-13,NST
14760422,PCT/KR2014/000830,2014-01-29,NST
14760423,PCT/JP2013/084929,2013-12-26,NST
14760424,PCT/EP2014/052643,2014-02-11,NST
14760425,PCT/US2014/010998,2014-01-10,NST
14760426,PCT/US2014/046714,2014-07-15,NST
14760427,PCT/CN2013/088035,2013-11-28,NST
14760428,PCT/EP2014/050464,2014-01-13,NST
14760429,PCT/US2014/011129,2014-01-10,NST
14760430,PCT/EP2014/050466,2014-01-13,NST
14760431,PCT/TR2014/000005,2014-01-10,NST
14760432,PCT/EP2014/050544,2014-01-14,NST
14760433,PCT/GB2014/050088,2014-01-13,NST
14760434,PCT/EP2014/050468,2014-01-13,NST
14760435,PCT/KR2014/000335,2014-01-10,NST
14760436,PCT/EP2013/050521,2013-01-11,NST
14760437,PCT/US2014/011139,2014-01-10,NST
14760438,PCT/EP2014/050586,2014-01-14,NST
14760439,PCT/KR2014/000388,2014-01-14,NST
14760440,PCT/EP2014/050509,2014-01-13,NST
14760441,PCT/BG2013/000025,2013-06-05,NST
14760443,PCT/JP2014/050183,2014-01-09,NST
14760444,PCT/CN2013/001357,2013-11-08,NST
14760445,PCT/EP2014/050330,2014-01-09,NST
14760446,PCT/EP2014/052390,2014-02-07,NST
14760447,PCT/US2014/011160,2014-01-10,NST
14760448,PCT/JP2014/050434,2014-01-14,NST
14760449,PCT/EP2014/050510,2014-01-13,NST
14760450,PCT/EP2013/075842,2013-12-06,NST
14760451,PCT/KR2014/000614,2014-01-22,NST
14760452,PCT/KR2013/009741,2013-10-30,NST
14760453,PCT/KR2013/010243,2013-11-12,NST
14760454,PCT/EP2014/050574,2014-01-14,NST
14760455,PCT/KR2014/000705,2014-01-24,NST
14760457,PCT/US2014/033375,2014-04-08,NST
14760458,PCT/CN2013/001393,2013-11-15,NST
14760460,PCT/EP2013/075126,2013-11-29,NST
14760461,PCT/JP14/50338,2014-01-10,NST
14760462,61751774,2013-01-11,PRO
14760462,PCT/US14/11155,2014-01-10,NST
14760463,PCT/JP2014/050383,2014-01-10,NST
14760465,PCT/EP2013/050468,2013-01-11,NST
14760466,PCT/US2014/010970,2014-01-10,NST
14760467,PCT/JP2014/055420,2014-03-04,NST
14760468,PCT/US2014/011092,2014-01-10,NST
14760469,PCT/US2014/010966,2014-01-10,NST
14760470,PCT/US2014/012185,2014-01-20,NST
14760471,PCT/IL2014/050036,2014-01-13,NST
14760472,61848790,2013-01-12,PRO
14760472,PCT/US14/11177,2014-01-11,NST
14760473,PCT/JP2013/050369,2013-01-11,NST
14760474,PCT/AU2013/000023,2013-01-14,NST
14760475,PCT/KR2014/001595,2014-02-26,NST
14760476,PCT/EP2013/078111,2013-01-15,NST
14760477,PCT/IL2014/050046,2014-01-14,NST
14760478,PCT/AU2014/000011,2014-01-09,NST
14760479,PCT/IB2014/000023,2014-01-13,NST
14760480,PCT/US2013/021502,2013-01-14,NST
14760481,PCT/AU2014/000015,2014-01-10,NST
14760482,PCT/KR2013/010783,2013-11-26,NST
14760483,PCT/KR2014/000589,2014-01-21,NST
14760484,PCT/IL2014/050035,2014-01-14,NST
14760485,PCT/CN2013/076747,2013-06-05,NST
14760486,PCT/CN2013/088110,2013-11-29,NST
14760487,PCT/EP2013/050840,2013-01-17,NST
14760488,PCT/DE2014/100004,2014-01-13,NST
14760489,PCT/US2014/010955,2014-01-10,NST
14760490,PCT/ES2013/070030,2013-01-24,NST
14760491,PCT/JP2014/004640,2014-09-10,NST
14760492,PCT/IB2014/058234,2014-01-13,NST
14760493,PCT/IB2014/058233,2014-01-13,NST
14760494,PCT/EP2014/050533,2014-01-14,NST
14760495,PCT/CA2013/050117,2013-02-15,NST
14760496,PCT/IL2014/050031,2014-01-13,NST
14760497,PCT/KR2014/000344,2014-01-13,NST
14760498,PCT/GB2014/050136,2014-01-17,NST
14760499,PCT/KR2014/000350,2014-01-13,NST
14760500,PCT/CN2013/070415,2013-01-14,NST
14760501,PCT/CN2013/070482,2013-01-15,NST
14760502,PCT/KR2013/003500,2013-04-24,NST
14760503,PCT/IB2013/061338,2013-12-26,NST
14760504,PCT/JP2013/073692,2013-09-03,NST
14760505,PCT/KR2013/003562,2013-04-25,NST
14760506,PCT/JP2014/050110,2014-01-08,NST
14760507,PCT/JP2014/000093,2014-01-10,NST
14760508,PCT/JP2014/000531,2014-01-31,NST
14760509,PCT/IL2014/050048,2014-01-14,NST
14760510,PCT/US2014/011425,2014-01-14,NST
14760511,PCT/KR2013/006702,2013-07-26,NST
14760512,PCT/JP2013/084308,2013-12-20,NST
14760513,PCT/JP2013/083844,2013-12-18,NST
14760514,PCT/CA2013/050021,2013-01-16,NST
14760515,PCT/EP2013/050872,2013-01-18,NST
14760516,PCT/CN2013/070536,2013-01-16,NST
14760517,PCT/JP2014/053603,2014-02-17,NST
14760518,PCT/JP2013/081539,2013-11-22,NST
14760519,PCT/JP2014/053754,2014-02-18,NST
14760520,PCT/JP2014/000166,2014-01-15,NST
14760521,PCT/US2013/023392,2013-01-28,NST
14760522,PCT/JP2014/052527,2014-02-04,NST
14760523,PCT/SE2013/051255,2013-10-28,NST
14760524,PCT/SG2014/000015,2014-01-15,NST
14760525,PCT/CN2014/000761,2014-08-12,NST
14760526,PCT/JP2014/053611,2014-02-17,NST
14760527,PCT/CA2014/050021,2014-01-14,NST
14760528,PCT/JP2013/084844,2013-12-26,NST
14760529,PCT/EP2014/050457,2014-01-13,NST
14760530,PCT/JP2013/053068,2013-02-08,NST
14760531,PCT/KR2014/000642,2014-01-23,NST
14760532,PCT/JP2014/050659,2014-01-16,NST
14760533,PCT/JP2013/084853,2013-12-26,NST
14760534,PCT/EP2014/050672,2014-01-15,NST
14760535,PCT/JP2014/050443,2014-01-14,NST
14760536,PCT/JP2014/050549,2014-01-15,NST
14760537,PCT/DE2014/000010,2014-01-10,NST
14760538,PCT/EP2013/050471,2013-01-11,NST
14760539,PCT/US2013/066686,2013-10-24,NST
14760540,PCT/JP2013/083546,2013-12-16,NST
14760541,PCT/JP2013/073818,2013-09-04,NST
14760542,PCT/IB2014/058255,2014-01-14,NST
14760543,PCT/JP2014/050546,2014-01-15,NST
14760544,PCT/JP2013/050986,2013-01-18,NST
14760545,PCT/IB2014/058152,2014-01-09,NST
14760546,PCT/GB2014/050062,2014-01-10,NST
14760547,PCT/EP2014/050711,2014-01-15,NST
14760548,PCT/JP2014/056362,2014-03-11,NST
14760549,61754516,2013-01-18,PRO
14760549,PCT/US14/11948,2014-01-17,NST
14760550,PCT/IB2013/000043,2013-01-14,NST
14760551,PCT/JP2014/050491,2014-01-15,NST
14760552,PCT/JP2014/050759,2014-01-17,NST
14760553,PCT/EP2014/050376,2014-01-10,NST
14760554,PCT/US2014/011242,2014-01-13,NST
14760555,PCT/JP2014/056292,2014-03-11,NST
14760556,PCT/EP2014/050428,2014-01-13,NST
14760557,PCT/JP2014/084621,2014-12-26,NST
14760558,PCT/US2014/011764,2014-01-16,NST
14760559,PCT/FR2014/050061,2014-01-13,NST
14760560,PCT/EP2013/077325,2013-12-19,NST
14760561,PCT/EP2014/050618,2014-01-14,NST
14760562,PCT/JP2014/050069,2014-01-07,NST
14760563,PCT/EP2014/050546,2014-01-14,NST
14760564,PCT/EP2014/050839,2014-01-16,NST
14760565,PCT/CH2013/000008,2013-01-14,NST
14760566,PCT/IB2014/058111,2014-01-08,NST
14760567,PCT/EP2014/051049,2014-01-20,NST
14760568,PCT/JP2013/064097,2013-05-21,NST
14760569,PCT/EP2013/051893,2013-01-31,NST
14760570,PCT/JP2014/051203,2014-01-22,NST
14760571,PCT/EP2014/000474,2014-02-24,NST
14760572,PCT/RU2013/000760,2013-09-02,NST
14760573,PCT/JP2013/075979,2013-09-26,NST
14760574,PCT/KR2014/010181,2014-10-28,NST
14760575,PCT/EP2013/051164,2013-01-23,NST
14760576,PCT/JP2013/085225,2013-12-27,NST
14760577,PCT/EP2014/050692,2014-01-15,NST
14760578,PCT/JP2013/078522,2013-10-22,NST
14760579,PCT/IB2013/060411,2013-11-26,NST
14760580,PCT/JP2014/052435,2014-02-03,NST
14760581,PCT/US2013/074054,2013-12-10,NST
14760582,PCT/AU2014/000019,2014-01-14,NST
14760583,PCT/JP2014/051393,2014-01-23,NST
14760584,PCT/SE2014/050057,2014-01-20,NST
14760585,PCT/JP13/76140,2013-09-26,NST
14760586,PCT/EP2013/003529,2013-11-22,NST
14760587,PCT/CN2013/071637,2013-02-18,NST
14760588,PCT/KR2014/007169,2014-08-04,NST
14760589,PCT/IL2014/050041,2014-01-15,NST
14760590,PCT/IL2014/050026,2014-01-09,NST
14760591,PCT/EP2014/000030,2014-01-09,NST
14760592,PCT/GB2014/050127,2014-01-17,NST
14760593,PCT/EP2014/050151,2014-01-07,NST
14760594,PCT/JP2013/063846,2013-05-17,NST
14760595,PCT/IB2013/061448,2013-12-31,NST
14760596,PCT/EP2014/050057,2014-01-03,NST
14760597,PCT/IS2014/000001,2014-01-03,NST
14760599,PCT/EP2014/050148,2014-01-07,NST
14760600,PCT/JP2013/075975,2013-09-26,NST
14760601,PCT/EP2013/071752,2013-10-17,NST
14760602,PCT/US2014/011781,2014-01-16,NST
14760603,PCT/JP2014/000125,2014-01-14,NST
14760604,PCT/EP2014/050630,2014-01-14,NST
14760605,PCT/US2014/011297,2014-01-13,NST
14760606,PCT/JP2013/079303,2013-10-29,NST
14760607,PCT/KR14/00373,2014-01-14,NST
14760608,61753589,2013-01-17,PRO
14760608,PCT/US14/11030,2014-01-10,NST
14760609,PCT/JP2014/050768,2014-01-17,NST
14760610,PCT/EP2014/051502,2014-01-27,NST
14760611,PCT/EP2014/050531,2014-01-14,NST
14760612,PCT/US13/21573,2013-01-15,NST
14760613,PCT/US2014/011357,2014-01-13,NST
14760614,PCT/JP2014/050035,2014-01-06,NST
14760615,PCT/CN2013/000031,2013-01-15,NST
14760616,PCT/FR2013/000016,2013-01-14,NST
14760617,PCT/JP2014/000183,2014-01-16,NST
14760618,PCT/NL2014/050011,2014-01-14,NST
14760619,PCT/JP2013/052741,2013-02-06,NST
14760620,PCT/US13/23083,2013-01-25,NST
14760621,PCT/EP2014/050706,2014-01-15,NST
14760622,PCT/JP2014/051621,2014-01-27,NST
14760623,PCT/EP2014/050709,2014-01-15,NST
14760624,PCT/US2013/022075,2013-01-18,NST
14760625,PCT/JP13/50771,2013-01-17,NST
14760626,PCT/KR2013/000433,2013-01-18,NST
14760627,PCT/GB2014/050086,2014-01-13,NST
14760628,PCT/EP2014/050059,2014-01-03,NST
14760629,PCT/JP2013/083994,2013-12-18,NST
14760630,PCT/GB2014/050955,2014-03-26,NST
14760631,PCT/KR2014/000003,2014-01-02,NST
14760632,PCT/GB2014/050084,2014-01-13,NST
14760633,PCT/JP2013/050947,2013-01-18,NST
14760634,PCT/GB2014/050085,2014-01-13,NST
14760635,PCT/JP2013/078257,2013-10-18,NST
14760636,PCT/JP14/50574,2014-01-15,NST
14760637,PCT/JP2013/083359,2013-12-12,NST
14760638,PCT/CN2014/070591,2014-01-14,NST
14760639,PCT/EP2014/050103,2014-01-07,NST
14760640,PCT/IB2014/058223,2014-01-13,NST
14760641,PCT/US2014/011409,2014-01-14,NST
14760642,PCT/EP2014/050104,2014-01-07,NST
14760643,PCT/CH2013/000017,2013-01-29,NST
14760644,PCT/KR2013/012392,2013-12-30,NST
14760645,PCT/IB2014/058217,2014-01-13,NST
14760646,PCT/CZ2014/000005,2014-01-14,NST
14760647,PCT/JP2014/050935,2014-01-20,NST
14760648,PCT/CN2013/090514,2013-12-26,NST
14760649,PCT/EP2014/050400,2014-01-10,NST
14760650,PCT/GB2013/050074,2013-01-15,NST
14760651,PCT/US2014/014850,2014-02-05,NST
14760652,PCT/AT2014/050025,2014-01-21,NST
14760653,PCT/JP2013/084863,2013-12-26,NST
14760654,PCT/EP2013/050544,2013-01-14,NST
14760655,PCT/JP2013/084723,2013-12-25,NST
14760656,PCT/AT2014/050022,2014-01-21,NST
14760657,PCT/KR2013/010758,2013-11-26,NST
14760658,PCT/JP2014/051622,2014-01-27,NST
14760659,PCT/JP13/05466,2013-09-17,NST
14760660,61752255,2013-01-14,PRO
14760660,PCT/US14/11473,2014-01-14,NST
14760661,PCT/US13/21929,2013-01-17,NST
14760662,PCT/NL2014/050109,2014-02-21,NST
14760663,PCT/IB2013/060838,2013-12-12,NST
14760664,PCT/CN2014/070447,2014-01-10,NST
14760665,PCT/EP2014/050716,2014-01-15,NST
14760666,PCT/JP2014/052533,2014-02-04,NST
14760667,PCT/CA2013/050869,2013-11-14,NST
14760668,PCT/IB2014/000098,2014-02-03,NST
14760669,PCT/EP2013/003882,2013-12-20,NST
14760670,PCT/DE2013/100431,2013-12-18,NST
14760671,PCT/EP2014/050282,2014-01-09,NST
14760672,PCT/US2014/011289,2014-01-13,NST
14760673,61751636,2013-01-11,PRO
14760673,PCT/US14/11060,2014-01-10,NST
14760674,PCT/EP2014/050767,2014-01-16,NST
14760675,PCT/GB2014/050074,2014-01-10,NST
14760676,PCT/US13/51212,2013-07-19,NST
14760676,PCT/US2013/021729,2013-01-16,CIP
14760677,PCT/SE2014/050032,2014-01-14,NST
14760678,61864898,2013-08-12,PRO
14760678,PCT/US14/50616,2014-08-12,NST
14760680,PCT/US2014/013452,2014-01-28,NST
14760681,PCT/US2014/011679,2014-01-15,NST
14760682,PCT/US2014/011940,2014-01-16,NST
14760683,PCT/IB2014/058316,2014-01-16,NST
14760684,PCT/US2013/078232,2013-12-30,NST
14760686,PCT/JP2013/083699,2013-12-17,NST
14760687,PCT/EP2014/050903,2014-01-17,NST
14760688,PCT/US14/18038,2014-02-24,NST
14760689,61752861,2013-01-15,PRO
14760689,PCT/US14/11523,2014-01-14,NST
14760690,PCT/US2014/012552,2014-01-22,NST
14760691,PCT/EP2014/050467,2014-01-13,NST
14760692,PCT/EP2014/050438,2014-01-13,NST
14760693,PCT/US13/21497,2013-01-14,NST
14760694,PCT/DK2014/050021,2014-01-31,NST
14760695,61752423,2013-01-14,PRO
14760695,61900922,2013-11-06,PRO
14760695,PCT/US14/11526,2014-01-14,NST
14760696,61755773,2013-01-23,PRO
14760696,PCT/US14/12303,2014-01-21,NST
14760697,61794310,2013-03-15,PRO
14760697,PCT/US14/11501,2014-01-14,NST
14760698,PCT/US2013/021468,2013-01-14,NST
14760699,PCT/RU2014/000008,2014-01-13,NST
14760700,PCT/IB2013/050347,2013-01-14,NST
14760701,PCT/IB2014/058298,2014-01-15,NST
14760702,PCT/RU2014/000009,2014-01-13,NST
14760703,PCT/JP2014/079491,2014-11-06,NST
14760704,PCT/IL2014/050047,2014-01-14,NST
14760705,PCT/FR2014/050130,2014-01-23,NST
14760706,PCT/US2013/022375,2013-01-21,NST
14760708,PCT/EP2014/000049,2014-01-10,NST
14760709,PCT/CN2013/090903,2013-12-30,NST
14760710,PCT/CN2013/090886,2013-12-30,NST
14760711,PCT/US2014/011674,2014-01-15,NST
14760712,PCT/US2014/010897,2014-01-09,NST
14760713,PCT/JP2014/050460,2014-01-14,NST
14760714,PCT/JP2014/050426,2014-01-14,NST
14760715,PCT/US2014/011195,2014-01-13,NST
14760717,PCT/IB2014/058692,2014-01-31,NST
14760719,PCT/US2014/017016,2014-02-19,NST
14760720,PCT/JP2013/007371,2013-12-16,NST
14760721,PCT/JP2013/063338,2013-05-13,NST
14760722,PCT/EP2014/051790,2014-01-30,NST
14760723,PCT/JP2014/001712,2014-03-25,NST
14760724,PCT/JP2013/006988,2013-11-28,NST
14760725,61751962,2013-01-14,PRO
14760725,PCT/EP2014/050034,2014-01-03,NST
14760726,PCT/NL2008/050786,2008-12-09,NST
14760727,PCT/US2014/025364,2014-03-13,NST
14760728,PCT/EP2013/051028,2013-01-21,NST
14760729,PCT/EP2014/051394,2014-01-24,NST
14760730,PCT/FR2014/050067,2014-01-14,NST
14760731,PCT/EP2014/050724,2014-01-15,NST
14760732,PCT/EP2014/050293,2014-01-09,NST
14760733,PCT/JP2014/050437,2014-01-14,NST
14760735,PCT/EP2014/050109,2014-01-07,NST
14760736,PCT/IB14/58293,2014-01-15,NST
14760738,61752703,2013-01-15,PRO
14760738,PCT/US14/11594,2014-01-15,NST
14760739,PCT/JP2013/051259,2013-01-23,NST
14760740,PCT/US13/21383,2013-01-14,NST
14760741,PCT/US2014/011213,2014-01-13,NST
14760742,PCT/US2014/047998,2014-07-24,NST
14760743,61752182,2013-01-14,PRO
14760743,PCT/US13/70894,2013-11-20,NST
14760744,PCT/JP2014/055956,2014-03-07,NST
14760745,61761337,2013-02-06,PRO
14760745,PCT/US13/51034,2013-07-18,NST
14760746,61765877,2013-02-18,PRO
14760746,PCT/US14/15941,2014-02-12,NST
14760747,PCT/EP2013/053349,2013-02-20,NST
14760748,PCT/IB2014/058012,2014-01-02,NST
14760749,PCT/JP2014/050352,2014-01-10,NST
14760751,PCT/EP2014/050597,2014-01-14,NST
14760752,PCT/EP2014/051869,2014-01-31,NST
14760753,PCT/RU2013/000031,2013-01-16,NST
14760754,61753252,2013-01-16,PRO
14760754,PCT/US14/11653,2014-01-15,NST
14760755,PCT/EP2013/055961,2013-03-21,NST
14760756,PCT/EP2014/050824,2014-01-16,NST
14760757,PCT/EP2013/058630,2013-04-25,NST
14760758,PCT/JP2014/052526,2014-02-04,NST
14760759,PCT/US2014/011383,2014-01-14,NST
14760760,PCT/JP2013/083724,2013-12-17,NST
14760761,PCT/JP2013/053375,2013-02-13,NST
14760762,PCT/EP2014/052537,2014-02-10,NST
14760763,PCT/JP2013/084032,2013-12-19,NST
14760764,61753052,2013-01-16,PRO
14760764,PCT/US14/10788,2014-01-09,NST
14760765,PCT/EP2013/003794,2013-12-16,NST
14760766,PCT/US2014/015062,2014-02-06,NST
14760767,PCT/IB2014/058415,2014-01-20,NST
14760768,PCT/JP2013/079426,2013-10-30,NST
14760769,PCT/US2013/024873,2013-02-06,NST
14760770,PCT/KR2014/000439,2014-01-15,NST
14760771,PCT/KR2013/000319,2013-01-16,NST
14760772,PCT/EP13/51385,2013-01-24,NST
14760773,61752688,2013-01-15,PRO
14760773,PCT/US14/11575,2014-01-15,NST
14760774,PCT/US2014/010752,2014-01-08,NST
14760775,PCT/JP2013/003526,2013-06-05,NST
14760776,PCT/JP2014/000122,2014-01-14,NST
14760777,PCT/IL2014/050056,2014-01-16,NST
14760778,61757058,2013-01-25,PRO
14760778,PCT/US14/13120,2014-01-27,NST
14760779,PCT/EP2014/050379,2014-01-10,NST
14760780,PCT/US2014/014880,2014-02-05,NST
14760781,PCT/FR2014/050383,2014-02-24,NST
14760782,PCT/EP2014/050703,2014-01-15,NST
14760783,61762909,2013-02-10,PRO
14760783,PCT/US14/14541,2014-02-04,NST
14760784,PCT/EP2014/050548,2014-01-14,NST
14760785,PCT/EP2014/050260,2014-01-09,NST
14760786,PCT/EP2013/074690,2013-11-26,NST
14760787,PCT/JP2014/054375,2014-02-24,NST
14760788,PCT/SG2014/000010,2014-01-14,NST
14760789,PCT/US2013/021891,2013-01-17,NST
14760790,PCT/JP2014/000253,2014-01-20,NST
14760791,PCT/EP2014/050453,2014-01-13,NST
14760792,61822761,2013-05-13,PRO
14760792,PCT/US14/37635,2014-05-12,NST
14760793,PCT/JP2014/050998,2014-01-20,NST
14760794,61752634,2013-01-15,PRO
14760794,PCT/US14/11678,2014-01-15,NST
14760795,PCT/SG2014/000011,2014-01-14,NST
14760796,PCT/JP2013/080697,2013-11-13,NST
14760797,PCT/FR2014/050069,2014-01-14,NST
14760798,PCT/CN2013/080108,2013-07-25,NST
14760799,PCT/JP2014/000086,2014-01-10,NST
14760800,PCT/JP2013/083409,2013-12-13,NST
14760801,PCT/FR2014/050051,2014-01-13,NST
14760802,PCT/EP2013/051511,2013-01-25,NST
14760803,PCT/JP2014/052306,2014-01-31,NST
14760804,PCT/EP2014/051855,2014-01-30,NST
14760805,61752085,2013-01-14,PRO
14760805,PCT/US14/11410,2014-01-14,NST
14760806,PCT/JP2014/051545,2014-01-24,NST
14760807,PCT/EP2013/077919,2013-12-23,NST
14760808,PCT/AU2014/000026,2014-01-16,NST
14760809,61754056,2013-01-18,PRO
14760809,PCT/US14/11995,2014-01-17,NST
14760810,61768686,2013-02-25,PRO
14760810,PCT/US14/17015,2014-02-19,NST
14760811,PCT/JP2013/082023,2013-11-28,NST
14760812,PCT/SG2014/000012,2014-01-14,NST
14760813,PCT/SE2013/050025,2013-01-17,NST
14760814,PCT/JP2013/007573,2013-12-25,NST
14760815,61752611,2013-01-15,PRO
14760815,PCT/US14/11447,2014-01-14,NST
14760816,PCT/JP2014/050454,2014-01-14,NST
14760817,61752702,2013-01-15,PRO
14760817,PCT/US14/11353,2014-01-13,NST
14760818,PCT/JP2014/050823,2014-01-17,NST
14760819,PCT/JP2014/052734,2014-02-06,NST
14760820,PCT/GB2014/050093,2014-01-14,NST
14760821,PCT/SE2014/050009,2014-01-07,NST
14760822,PCT/CN2014/071032,2014-01-21,NST
14760823,PCT/EP2014/050938,2014-01-17,NST
14760824,PCT/JP2013/083936,2013-12-18,NST
14760825,PCT/JP2014/051020,2014-01-20,NST
14760826,PCT/EP2014/050589,2014-01-14,NST
14760827,PCT/FR2014/050043,2014-01-10,NST
14760828,PCT/KR2013/002599,2013-03-28,NST
14760829,PCT/EP2013/074157,2013-11-19,NST
14760830,PCT/JP2013/079025,2013-10-25,NST
14760831,PCT/KR2014/009639,2014-10-14,NST
14760832,PCT/EP2014/050069,2014-01-06,NST
14760833,PCT/AT2014/050019,2014-01-20,NST
14760834,PCT/EP2014/051784,2014-01-30,NST
14760835,PCT/JP2013/083320,2013-12-12,NST
14760836,PCT/EP2013/003828,2013-12-18,NST
14760837,PCT/CA2013/001082,2013-12-23,NST
14760838,PCT/EP2014/050469,2014-01-13,NST
14760839,PCT/JP2014/050746,2014-01-17,NST
14760840,PCT/IB2013/060336,2013-11-22,NST
14760841,PCT/EP2013/000092,2013-01-14,NST
14760842,PCT/IB2013/051029,2013-02-07,NST
14760843,PCT/KR2014/000290,2014-01-10,NST
14760844,PCT/EP2014/050539,2014-01-14,NST
14760845,PCT/IB2013/061432,2013-12-31,NST
14760846,PCT/JP2013/082608,2013-12-04,NST
14760847,PCT/JP2013/050811,2013-01-17,NST
14760848,PCT/IB2013/050375,2013-01-15,NST
14760849,PCT/FR2014/050395,2014-02-25,NST
14760850,PCT/KR2014/000748,2014-01-27,NST
14760851,PCT/JP2014/058847,2014-03-27,NST
14760852,PCT/EP2014/050653,2014-01-15,NST
14760855,PCT/EP2014/050364,2014-01-10,NST
14760856,PCT/EP2014/051135,2014-01-21,NST
14760857,PCT/EP14/51046,2014-01-20,CON
14760858,PCT/KR2013/008756,2013-09-30,NST
14760859,PCT/EP2013/050664,2013-01-15,NST
14760860,PCT/JP2013/066112,2013-06-11,NST
14760861,PCT/EP2013/050669,2013-01-15,NST
14760862,PCT/JP2014/054264,2014-02-24,NST
14760863,PCT/NO2014/050020,2014-02-05,NST
14760864,PCT/JP2014/051085,2014-01-21,NST
14760865,PCT/EP2014/050569,2014-01-14,NST
14760866,PCT/FR2014/050405,2014-02-25,NST
14760868,PCT/IB13/60869,2013-12-12,NST
14760869,PCT/IL2014/050033,2014-01-15,NST
14760870,PCT/FR2014/050228,2014-02-06,NST
14760871,PCT/IB2014/000026,2014-01-14,NST
14760872,PCT/EP2014/050570,2014-01-14,NST
14760873,PCT/JP2014/051136,2014-01-21,NST
14760874,PCT/CN2013/087427,2013-11-19,NST
14760875,PCT/IB2013/051934,2013-03-12,NST
14760877,PCT/EP2014/050067,2014-01-06,NST
14760878,PCT/EP2014/051137,2014-01-21,NST
14760879,PCT/JP2014/054265,2014-02-24,NST
14760880,PCT/EP2014/051060,2014-01-20,NST
14760881,PCT/CN2013/090534,2013-12-26,NST
14760882,61762703,2013-02-08,PRO
14760882,PCT/US14/15641,2014-02-10,NST
14760883,PCT/US2014/011450,2014-01-14,NST
14760884,PCT/IB2014/058327,2014-01-16,NST
14760886,PCT/JP2014/050478,2014-01-14,NST
14760887,PCT/JP2013/085344,2013-12-27,NST
14760888,PCT/KR2014/007829,2014-08-22,NST
14760889,PCT/EP2014/050608,2014-01-14,NST
14760890,PCT/CN2013/070609,2013-01-17,NST
14760891,PCT/JP13/50667,2013-01-16,NST
14760892,PCT/US2014/011464,2014-01-14,NST
14760893,PCT/EP2014/050607,2014-01-14,NST
14760894,PCT/FR2013/053046,2013-12-12,NST
14760895,61752060,2013-01-14,PRO
14760895,PCT/US14/11494,2014-01-14,NST
14760896,PCT/JP2013/076507,2013-09-30,NST
14760897,PCT/US2013/022079,2013-01-18,NST
14760898,PCT/JP2013/051089,2013-01-21,NST
14760899,PCT/MX2014/000006,2014-01-14,NST
14760900,PCT/JP2014/000059,2014-01-09,NST
14760901,PCT/EP2013/059082,2013-05-02,NST
14760902,PCT/US2013/031203,2013-03-14,NST
14760903,PCT/JP2013/051052,2013-01-21,NST
14760904,61752117,2013-01-14,PRO
14760904,PCT/US14/11496,2014-01-14,NST
14760905,61752605,2013-01-15,PRO
14760905,61752681,2013-01-15,PRO
14760905,61784778,2013-03-14,PRO
14760905,PCT/US2014/011690,2014-01-15,NST
14760906,PCT/JP2014/050484,2014-01-14,NST
14760907,PCT/JP2013/084677,2013-12-25,NST
14760908,PCT/EP2014/050359,2014-01-10,NST
14760909,PCT/JP2013/080989,2013-11-18,NST
14760910,PCT/FR2014/050060,2014-01-13,NST
14760911,PCT/JP2014/050404,2014-01-14,NST
14760912,PCT/FR2014/050085,2014-01-16,NST
14760913,PCT/US2013/021445,2013-01-14,NST
14760915,PCT/CA2014/050042,2014-01-21,NST
14760916,PCT/EP14/50483,2014-01-13,NST
14760917,PCT/JP2013/085343,2013-12-27,NST
14760918,PCT/EP2014/050656,2014-01-15,NST
14760919,PCT/DK2014/050006,2014-01-13,NST
14760920,PCT/JP2013/066563,2013-06-17,NST
14760921,PCT/EP2014/050106,2014-01-07,NST
14760922,PCT/JP2013/084116,2013-12-19,NST
14760923,PCT/IB2013/000052,2013-01-15,NST
14760924,PCT/JP2013/083809,2013-12-11,NST
14760925,PCT/EP2013/074338,2013-11-21,NST
14760926,PCT/JP2013/063926,2013-05-20,NST
14760927,61752262,2013-01-14,PRO
14760927,PCT/US14/11397,2014-01-14,NST
14760928,PCT/JP2014/051948,2014-01-29,NST
14760929,PCT/JP2014/050479,2014-01-14,NST
14760930,PCT/JP2014/050265,2014-01-10,NST
14760931,PCT/IL2014/050021,2014-01-07,NST
14760932,PCT/JP2014/050842,2014-01-17,NST
14760933,PCT/GB2014/000013,2014-01-17,NST
14760934,PCT/KR2014/000179,2014-01-08,NST
14760935,PCT/JP2014/050652,2014-01-16,NST
14760937,PCT/DK2014/050007,2014-01-14,NST
14760939,PCT/JP2013/070902,2013-08-01,NST
14760940,61752819,2013-01-15,PRO
14760940,PCT/US14/11536,2014-01-14,NST
14760941,PCT/EP2014/050683,2014-01-15,NST
14760942,PCT/KR2014/004967,2014-06-03,NST
14760943,PCT/JP2014/000673,2014-02-07,NST
14760944,61752175,2013-01-14,PRO
14760944,PCT/US14/11489,2014-01-14,NST
14760945,61752205,2013-01-14,PRO
14760945,PCT/US14/11518,2014-01-14,NST
14760946,PCT/CN2014/070727,2014-01-16,NST
14760947,PCT/DK2014/050020,2014-01-31,NST
14760948,PCT/GB2014/050024,2014-01-06,NST
14760949,PCT/EP2013/077051,2013-12-18,NST
14760950,PCT/KR2014/001062,2014-02-07,NST
14760951,PCT/US2014/011495,2014-01-14,NST
14760952,PCT/KR2014/002239,2014-03-17,NST
14760953,PCT/JP2013/065264,2013-05-31,NST
14760954,PCT/KR2014/000992,2014-02-05,NST
14760955,PCT/EP2014/050817,2014-01-16,NST
14760956,PCT/US2014/011527,2014-01-14,NST
14760958,PCT/EP2013/076192,2013-12-11,NST
14760959,PCT/NZ2014/000005,2014-01-10,NST
14760960,PCT/IB2013/061416,2013-12-30,NST
14760961,61752195,2013-01-14,PRO
14760961,PCT/US14/11545,2014-01-14,NST
14760962,PCT/JP2013/082436,2013-12-03,NST
14760963,61754095,2013-01-18,PRO
14760963,PCT/US14/11767,2014-01-16,NST
14760964,PCT/JP2014/050467,2014-01-14,NST
14760965,PCT/KR2014/000831,2014-01-29,NST
14760966,PCT/EP2013/003701,2013-12-09,NST
14760967,PCT/JP2013/007522,2013-12-23,NST
14760968,PCT/JP2013/007074,2013-12-03,NST
14760969,PCT/KR2014/009046,2014-09-26,NST
14760971,PCT/KR2014/001038,2014-02-06,NST
14760972,PCT/EP2014/050811,2014-01-16,NST
14760973,PCT/CA2014/000039,2014-01-17,NST
14760974,PCT/GB2014/050110,2013-01-15,NST
14760975,PCT/EP2013/076177,2013-12-11,NST
14760976,PCT/JP2013/050562,2013-01-15,NST
14760977,PCT/NL2014/050015,2014-01-15,NST
14760978,PCT/US2013/074366,2013-12-11,NST
14760979,PCT/EP2013/050756,2013-01-16,NST
14760980,61752344,2013-01-14,PRO
14760980,PCT/US14/11516,2014-01-14,NST
14760981,PCT/NL2014/050016,2014-01-15,NST
14760982,PCT/JP2013/050984,2013-01-18,NST
14760983,61752918,2013-01-15,PRO
14760983,PCT/US14/11734,2014-01-15,NST
14760985,PCT/AU2014/000024,2014-01-15,NST
14760986,PCT/IL2014/050034,2014-01-14,NST
14760987,PCT/JP2013/054173,2013-02-20,NST
14760988,PCT/US13/21610,2013-01-15,NST
14760989,PCT/KR2014/000021,2014-01-03,NST
14760990,PCT/NL2014/050014,2014-01-15,NST
14760991,PCT/JP2014/000779,2014-02-14,NST
14760992,PCT/CN2013/070620,2013-01-17,NST
14760993,PCT/CA2014/000009,2014-01-13,NST
14760994,PCT/US2013/022261,2013-01-18,NST
14760996,PCT/KR2014/000697,2014-01-24,NST
14760997,61752799,2013-01-15,PRO
14760997,PCT/US14/11711,2014-01-15,NST
14760998,PCT/KR2013/011135,2013-12-04,NST
14760999,61752430,2013-01-14,PRO
14760999,PCT/US14/11555,2014-01-14,NST
14761000,PCT/US13/21604,2013-01-15,NST
14761001,PCT/US13/21605,2013-01-15,NST
14761002,PCT/IL2014/050054,2014-01-16,NST
14761003,PCT/US2013/021606,2013-01-15,NST
14761004,PCT/US13/23796,2013-01-30,NST
14761006,PCT/EP2014/051324,2014-01-23,NST
14761007,PCT/EP2014/051325,2014-01-23,NST
14761008,PCT/US2014/020297,2014-03-04,NST
14761009,61811280,2013-04-12,PRO
14761009,61811290,2013-04-12,PRO
14761009,PCT/US14/32946,2014-04-04,NST
14761010,PCT/IB2014/058300,2014-01-15,NST
14761011,PCT/JP2014/050849,2014-01-17,NST
14761012,PCT/SE2014/050108,2014-01-28,NST
14761013,PCT/US2014/014536,2014-02-04,NST
14761014,PCT/JP2014/050771,2014-01-17,NST
14761015,PCT/JP2014/001004,2014-02-26,NST
14761016,PCT/EG2014/000003,2014-01-12,NST
14761017,PCT/JP2014/001005,2014-02-26,NST
14761018,PCT/EP2013/077353,2013-12-19,NST
14761019,PCT/EP2014/050826,2014-01-16,NST
14761020,61765735,2013-02-17,PRO
14761020,PCT/US14/15748,2014-02-11,NST
14761021,PCT/JP2014/000179,2014-01-16,NST
14761022,PCT/JP2014/052930,2014-02-07,NST
14761023,PCT/EP2014/050801,2014-01-16,NST
14761024,PCT/JP2013/007319,2013-12-12,NST
14761025,PCT/EP2014/050107,2014-01-07,NST
14761026,PCT/EP2014/050442,2014-01-13,NST
14761027,PCT/IB2014/058140,2014-01-09,NST
14761028,PCT/EP2014/051270,2014-01-22,NST
14761029,PCT/US2014/014556,2014-02-04,NST
14761030,61752508,2013-01-15,PRO
14761030,PCT/US14/11610,2014-01-15,NST
14761031,PCT/JP2014/050412,2014-01-14,NST
14761032,PCT/CN2013/083246,2013-09-10,NST
14761033,PCT/EP2014/000111,2014-01-16,NST
14761034,PCT/EP2014/050295,2014-01-09,NST
14761035,PCT/EP2014/050866,2014-01-17,NST
14761036,PCT/IB2014/058601,2014-01-28,NST
14761037,PCT/EP2014/050659,2014-01-15,NST
14761038,PCT/EP2013/003793,2013-12-16,NST
14761039,PCT/EP2014/050530,2014-01-14,NST
14761040,PCT/JP2013/079373,2013-10-30,NST
14761041,PCT/EP2013/075904,2013-12-09,NST
14761042,PCT/NL2014/050013,2014-01-15,NST
14761044,61787795,2013-03-15,PRO
14761044,PCT/US14/20556,2014-03-05,NST
14761045,PCT/EP2014/000075,2014-01-15,NST
14761046,PCT/SE2013/050128,2013-02-15,NST
14761047,PCT/KR2014/000542,2014-01-20,NST
14761048,PCT/GB2014/050124,2014-01-16,NST
14761049,PCT/JP2014/051597,2014-01-20,NST
14761050,PCT/EP2013/068261,2013-09-04,NST
14761051,PCT/EP2014/050753,2014-01-16,NST
14761052,PCT/JP2014/054837,2014-02-27,NST
14761053,PCT/EP2014/050831,2014-01-16,NST
14761054,PCT/JP2014/001006,2014-02-26,NST
14761055,PCT/JP2014/050576,2014-01-15,NST
14761056,PCT/EP2014/053962,2014-02-28,NST
14761057,PCT/EP2014/052754,2014-02-12,NST
14761058,PCT/CA2014/000023,2014-01-15,NST
14761059,PCT/JP2013/007574,2013-12-25,NST
14761061,PCT/EP2014/000113,2014-01-16,NST
14761062,PCT/GB2014/050104,2014-01-15,NST
14761063,PCT/KR2013/011801,2013-12-18,NST
14761064,61752526,2013-01-15,PRO
14761064,PCT/IL2014/050039,2014-01-15,NST
14761070,PCT/EP2014/052858,2014-02-13,NST
14761072,PCT/EP2013/074357,2013-11-21,NST
14761073,PCT/US2014/015759,2014-02-11,NST
14761075,PCT/US2013/021688,2013-01-16,NST
14761078,PCT/JP2015/058999,2015-03-24,NST
14761079,61752526,2013-01-15,PRO
14761079,PCT/IL2014/050044,2014-01-15,NST
14761080,PCT/EP2014/050470,2014-01-13,NST
14761081,61754462,2013-01-18,PRO
14761081,PCT/US14/12124,2014-01-17,NST
14761082,61752745,2013-01-15,PRO
14761082,PCT/US14/11317,2014-01-13,NST
14761083,PCT/IN2013/000054,2013-01-28,NST
14761084,PCT/IN2014/000029,2014-01-15,NST
14761085,PCT/EP2014/050884,2014-01-17,NST
14761086,61752526,2013-01-15,PRO
14761086,PCT/IL2014/050043,2014-01-15,NST
14761087,PCT/EP2013/074736,2013-11-26,NST
14761088,PCT/EP2014/050766,2014-01-16,NST
14761089,PCT/US2013/023147,2013-01-25,NST
14761090,PCT/JP2013/057601,2013-03-18,NST
14761092,PCT/US2014/012502,2014-01-22,NST
14761093,PCT/US13/21656,2013-01-16,NST
14761094,PCT/DE2013/000021,2013-01-16,NST
14761095,PCT/JP2013/007576,2013-12-25,NST
14761096,PCT/KR2014/000449,2014-01-16,NST
14761097,PCT/JP2013/004460,2013-07-22,NST
14761098,PCT/JP2013/085365,2013-12-27,NST
14761099,PCT/JP2014/050624,2014-01-16,NST
14761100,PCT/EP2013/077895,2013-12-23,NST
14761101,PCT/CN2013/081502,2013-08-15,NST
14761103,PCT/JP2013/079966,2013-11-06,NST
14761104,PCT/EP2014/051707,2014-01-29,NST
14761105,PCT/IB2014/058297,2014-01-15,NST
14761107,PCT/EP2014/050894,2014-01-17,NST
14761108,PCT/EP14/51808,2014-01-30,NST
14761109,PCT/EP2014/050316,2014-01-09,NST
14761110,PCT/GB2014/050034,2014-01-07,NST
14761111,PCT/EP2014/050918,2014-01-17,NST
14761112,PCT/EP2013/077896,2013-12-23,NST
14761113,61926567,2014-01-13,PRO
14761113,PCT/US15/11064,2015-01-12,NST
14761115,PCT/IB2014/058016,2014-01-02,NST
14761116,PCT/IB2014/058288,2014-01-15,NST
14761117,PCT/JP2014/000581,2014-02-04,NST
14761118,PCT/EP2014/000070,2014-01-14,NST
14761119,PCT/JP2013/005267,2013-09-05,NST
14761120,PCT/JP2014/051316,2014-01-16,NST
14761121,PCT/JP2014/000118,2014-01-14,NST
14761122,PCT/CN2013/081194,2013-08-09,NST
14761123,PCT/EP2013/077815,2013-12-20,NST
14761124,PCT/EP2014/052278,2014-02-06,NST
14761125,PCT/JP14/50594,2014-01-15,NST
14761126,62026830,2014-07-21,PRO
14761126,PCT/IB2014/003084,2014-11-26,NST
14761127,PCT/EP2014/050633,2014-01-14,NST
14761128,61753601,2013-01-17,PRO
14761128,PCT/US14/12082,2014-01-17,NST
14761129,PCT/SE2014/050050,2014-01-17,NST
14761130,PCT/US2013/022155,2013-01-18,NST
14761131,PCT/EP2013/050617,2013-01-15,NST
14761132,PCT/KR2014/000522,2014-01-17,NST
14761133,PCT/JP2014/000104,2014-01-14,NST
14761134,PCT/EP2014/050809,2014-01-16,NST
14761135,PCT/JP2014/000201,2014-01-16,NST
14761136,PCT/EP2014/050696,2014-01-15,NST
14761137,PCT/EP2014/051463,2014-01-27,NST
14761138,PCT/JP2014/050580,2014-01-15,NST
14761139,PCT/US13/21553,2013-01-15,NST
14761140,PCT/JP2014/051517,2014-01-24,NST
14761141,PCT/IB2014/000046,2014-01-16,NST
14761142,PCT/GB2014/050009,2014-01-13,NST
14761143,PCT/EP2014/050699,2014-01-15,NST
14761144,PCT/EP2013/077403,2013-12-19,NST
14761145,PCT/JP2014/050627,2014-01-16,NST
14761146,PCT/JP2013/050941,2013-01-18,NST
14761148,PCT/JP2013/079508,2013-10-31,NST
14761149,PCT/SE2014/050028,2014-01-14,NST
14761150,PCT/JP2014/001599,2014-03-19,NST
14761151,61776224,2013-03-11,PRO
14761151,PCT/US13/75256,2013-12-16,NST
14761152,PCT/JP2013/082860,2013-12-06,NST
14761154,PCT/JP2014/051661,2014-01-27,NST
14761155,PCT/JP2014/050945,2014-01-20,NST
14761156,PCT/CA2014/000040,2014-01-21,NST
14761157,PCT/KR2013/007472,2013-08-20,NST
14761158,PCT/EP2014/050888,2014-01-17,NST
14761159,PCT/IB2013/060865,2013-12-12,NST
14761160,PCT/JP2013/083058,2013-12-10,NST
14761161,PCT/EP2014/055969,2014-03-25,NST
14761162,PCT/IB2013/058050,2013-08-28,NST
14761163,PCT/US13/59421,2013-09-12,NST
14761164,PCT/EP2014/050739,2014-01-15,NST
14761165,PCT/EP2014/003258,2014-12-05,NST
14761166,PCT/US13/77305,2013-12-20,NST
14761167,PCT/EP2014/050720,2014-01-15,NST
14761168,PCT/IB2014/058256,2014-01-14,NST
14761169,61752727,2013-01-15,PRO
14761169,PCT/US14/11618,2014-01-15,NST
14761170,61753140,2013-01-16,PRO
14761170,PCT/US14/11209,2014-01-13,NST
14761171,PCT/EP2014/050870,2014-01-17,NST
14761172,PCT/SE2014/050052,2014-01-17,NST
14761173,PCT/JP2013/083057,2013-12-10,NST
14761174,PCT/JP2014/051832,2014-01-28,NST
14761175,PCT/EP2014/050862,2014-01-17,NST
14761176,PCT/CN2014/088205,2014-10-09,NST
14761177,PCT/EP14/50916,2014-01-17,NST
14761178,PCT/FR2014/050005,2014-01-06,NST
14761179,PCT/FI2014/050029,2014-01-15,NST
14761180,PCT/JP2013/005268,2013-09-05,NST
14761181,61752735,2013-01-15,PRO
14761181,PCT/US14/11628,2014-01-15,NST
14761182,PCT/KR2014/000539,2014-01-17,NST
14761183,PCT/FR2014/050199,2014-02-04,NST
14761184,PCT/JP2014/050480,2014-01-14,NST
14761185,PCT/KR2014/000725,2014-01-24,NST
14761186,PCT/JP2014/056135,2014-03-10,NST
14761187,PCT/EP2014/050780,2014-01-16,NST
14761188,PCT/KR2014/000944,2014-02-04,NST
14761189,PCT/EP2014/050676,2014-01-15,NST
14761190,PCT/JP2014/000942,2014-02-24,NST
14761191,PCT/GB2014/050103,2014-01-15,NST
14761192,PCT/CN2013/070832,2013-01-22,NST
14761193,PCT/JP2014/050600,2014-01-15,NST
14761195,PCT/JP2014/050464,2014-01-14,NST
14761196,PCT/EP2013/066477,2013-08-06,NST
14761197,PCT/JP13/73578,2013-09-02,NST
14761199,PCT/JP2013/055815,2013-03-04,NST
14761201,PCT/IB2014/058281,2014-01-15,NST
14761202,PCT/EP2013/050638,2013-01-15,NST
14761203,PCT/EP2013/066483,2013-08-06,NST
14761204,PCT/FR2014/050079,2014-01-16,NST
14761205,PCT/JP2013/073955,2013-09-05,NST
14761206,PCT/JP2014/050503,2014-01-15,NST
14761207,PCT/KR2013/010006,2013-11-06,NST
14761208,PCT/JP2014/050599,2014-01-15,NST
14761209,PCT/US2014/011710,2014-01-15,NST
14761210,PCT/JP2014/052496,2014-02-04,NST
14761211,PCT/JP2014/050597,2014-01-15,NST
14761212,PCT/KR2014/002689,2014-03-28,NST
14761213,PCT/KR2014/000231,2014-01-09,NST
14761214,PCT/US2014/015344,2014-02-07,NST
14761216,PCT/KR2013/007940,2013-09-03,NST
14761217,PCT/KR2014/000076,2014-01-06,NST
14761218,PCT/KR2013/010041,2013-11-07,NST
14761219,PCT/EP2013/076439,2013-12-12,NST
14761220,PCT/JP2014/050078,2014-01-07,NST
14761221,PCT/JP2013/052901,2013-02-07,NST
14761222,61753236,2013-01-16,PRO
14761222,PCT/US14/11568,2014-01-15,NST
14761223,PCT/IB2014/058443,2014-01-21,NST
14761224,PCT/JP2014/051231,2014-01-22,NST
14761225,PCT/JP2013/001700,2013-03-14,NST
14761226,PCT/JP2014/000115,2014-01-14,NST
14761227,PCT/US13/21575,2013-01-15,NST
14761228,PCT/GB2014/000007,2014-01-14,NST
14761229,61752938,2013-01-15,PRO
14761229,PCT/US14/11651,2014-01-15,NST
14761230,PCT/US2014/012466,2014-01-22,NST
14761231,PCT/EP2013/076625,2013-12-13,NST
14761232,PCT/KR2014/000431,2014-01-15,NST
14761233,PCT/GB2014/050099,2014-01-14,NST
14761234,PCT/JP2013/007672,2013-12-27,NST
14761235,PCT/EP2014/050015,2014-01-02,NST
14761237,PCT/JP2013/051612,2013-01-25,NST
14761238,PCT/US2013/078237,2013-12-30,NST
14761239,PCT/SG2014/000031,2014-01-27,NST
14761240,PCT/JP2014/051636,2014-07-27,NST
14761241,PCT/US13/21577,2013-01-15,NST
14761243,PCT/EP2014/050584,2014-01-14,NST
14761244,PCT/GB2014/050041,2014-01-08,NST
14761245,PCT/KR2014/010053,2014-10-24,NST
14761246,PCT/EP2013/077897,2013-12-23,NST
14761247,PCT/GB2014/050115,2014-01-16,NST
14761248,PCT/EP2014/052511,2014-02-10,NST
14761249,PCT/EP2013/077822,2013-12-20,NST
14761252,PCT/US13/21580,2013-01-15,NST
14761254,PCT/EP2013/066474,2013-08-06,NST
14761255,61752542,2013-01-15,PRO
14761255,61829074,2013-05-30,PRO
14761255,PCT/US14/11620,2014-01-15,NST
14761256,PCT/CN2013/001676,2013-12-31,NST
14761257,PCT/CN2013/091221,2013-12-31,NST
14761258,PCT/EP2014/050006,2014-01-02,NST
14761259,PCT/CN2013/001677,2013-12-31,NST
14761260,PCT/JP2014/050723,2014-01-16,NST
14761261,PCT/CN2014/070890,2014-01-20,NST
14761262,PCT/CN2013/072410,2013-03-11,NST
14761263,PCT/US2014/011408,2014-01-14,NST
14761264,PCT/US2014/011539,2014-01-14,NST
14761265,PCT/JP2014/054277,2014-02-24,NST
14761266,PCT/EP2014/000114,2014-01-16,NST
14761267,PCT/JP2014/051021,2014-01-20,NST
14761268,61756917,2013-01-25,PRO
14761268,PCT/US14/13017,2014-01-24,NST
14761269,PCT/EP2014/050952,2014-01-17,NST
14761270,PCT/EP2014/050796,2014-01-16,NST
14761271,61752545,2013-01-15,PRO
14761271,PCT/US14/11730,2014-01-15,NST
14761272,PCT/FR2014/050078,2014-01-15,NST
14761273,PCT/JP2013/007320,2013-12-12,NST
14761274,PCT/CA2013/050061,2013-01-28,NST
14761275,PCT/EP2014/050610,2014-01-14,NST
14761276,PCT/JP2013/007524,2013-12-23,NST
14761278,PCT/EP2014/054286,2014-03-05,NST
14761280,PCT/CA2014/050023,2014-01-15,NST
14761282,PCT/DE2014/000019,2014-01-15,NST
14761283,61752909,2013-01-15,PRO
14761283,PCT/US14/11531,2014-01-14,NST
14761284,PCT/EP2014/051172,2014-01-22,NST
14761285,PCT/US2014/011907,2014-01-16,NST
14761286,PCT/KR2014/001044,2014-02-07,NST
14761287,PCT/US2014/011562,2014-01-15,NST
14761288,61753536,2013-01-17,PRO
14761288,PCT/US14/11847,2014-01-16,NST
14761289,61752859,2013-01-15,PRO
14761289,PCT/US14/11565,2014-01-15,NST
14761290,61752961,2013-01-15,PRO
14761290,PCT/US14/11683,2014-01-15,NST
14761291,PCT/EP2014/050599,2014-01-14,NST
14761292,PCT/JP2014/050577,2014-01-15,NST
14761293,PCT/CN2013/079786,2013-07-22,NST
14761294,PCT/EP2014/050717,2014-01-15,NST
14761295,PCT/JP2013/083383,2013-12-12,NST
14761296,PCT/KR2013/000338,2013-01-16,NST
14761297,PCT/JP2014/050820,2014-01-17,NST
14761298,PCT/IB2014/058239,2014-01-13,NST
14761299,61753273,2013-01-16,PRO
14761299,PCT/US14/11859,2014-01-16,NST
14761302,PCT/CN2014/072031,2014-02-13,NST
14761303,PCT/CN2014/070939,2014-01-21,NST
14761304,PCT/CN2014/070729,2014-01-16,NST
14761309,PCT/JP2013/084661,2013-12-25,NST
14761312,PCT/KR2013/004641,2013-05-28,NST
14761313,PCT/EP2014/051280,2014-01-23,NST
14761314,PCT/FI2013/050045,2013-01-16,NST
14761315,PCT/GB2014/050001,2014-01-02,NST
14761316,PCT/EP2014/051527,2014-01-27,NST
14761317,PCT/EP2014/051014,2014-01-20,NST
14761318,61753404,2013-01-16,PRO
14761318,PCT/US14/11828,2014-01-16,NST
14761319,PCT/EP2014/050829,2014-01-16,NST
14761320,PCT/IL2014/050133,2014-02-06,NST
14761321,61754435,2013-01-18,PRO
14761321,PCT/US14/12151,2014-01-18,NST
14761322,PCT/EP2014/000226,2014-01-28,NST
14761323,PCT/EP2014/051968,2014-01-31,NST
14761324,PCT/JP2013/082162,2013-11-29,NST
14761325,61753235,2013-01-16,PRO
14761325,61784129,2013-03-14,PRO
14761325,PCT/US14/11939,2014-01-16,NST
14761326,PCT/JP2013/081559,2013-11-22,NST
14761327,PCT/US2014/013107,2014-01-27,NST
14761328,PCT/EP2014/050842,2014-01-16,NST
14761329,PCT/IB2014/000060,2014-01-22,NST
14761330,PCT/SE2014/050054,2014-01-17,NST
14761331,PCT/EP2014/051719,2014-01-29,NST
14761332,PCT/CN2013/071775,2013-02-22,NST
14761333,PCT/CA2014/050032,2014-01-17,NST
14761334,PCT/EP2014/000060,2014-01-14,NST
14761335,PCT/EP2014/051562,2014-01-28,NST
14761336,PCT/CH2014/000006,2014-01-14,NST
14761337,PCT/JP2014/051430,2014-01-17,NST
14761338,PCT/NL2014/050012,2013-01-16,NST
14761339,PCT/US2013/022724,2013-01-23,NST
14761340,PCT/IB2013/061440,2013-12-31,NST
14761341,61754438,2013-01-18,PRO
14761341,PCT/US14/12083,2014-01-17,NST
14761342,PCT/CN2013/071072,2013-01-29,NST
14761343,PCT/US2014/011872,2014-01-16,NST
14761345,PCT/KR2014/000475,2014-01-16,NST
14761346,PCT/IB2013/061404,2013-12-30,NST
14761347,PCT/JP2014/052513,2014-02-04,NST
14761348,PCT/US2013/076550,2013-12-19,NST
14761349,PCT/JP2014/050696,2014-01-16,NST
14761350,PCT/JP2013/002875,2013-04-26,NST
14761351,PCT/EP2014/050567,2014-01-14,NST
14761352,PCT/CN2014/074100,2014-03-26,NST
14761353,PCT/US2013/023604,2013-01-29,NST
14761354,PCT/EP2014/050561,2014-01-14,NST
14761355,PCT/KR2014/004563,2014-05-22,NST
14761356,PCT/JP2014/050122,2014-01-08,NST
14761357,PCT/EP2014/050812,2014-01-16,NST
14761358,61753029,2013-01-16,PRO
14761358,61757299,2013-01-28,PRO
14761358,61760433,2013-02-04,PRO
14761358,61868704,2013-08-22,PRO
14761358,PCT/US14/11852,2014-01-16,NST
14761359,PCT/US2013/024081,2013-01-31,NST
14761360,PCT/US2013/075442,2013-12-16,NST
14761361,PCT/FR2014/050140,2014-01-24,NST
14761362,PCT/CN2013/090475,2013-12-25,NST
14761363,PCT/JP2013/083535,2013-12-10,NST
14761364,PCT/CA2014/050028,2014-01-17,NST
14761365,PCT/CN2013/084872,2013-10-09,NST
14761366,PCT/JP2013/051146,2013-01-22,NST
14761367,PCT/IN13/00804,2013-12-26,NST
14761368,PCT/IN2013/000036,2013-01-18,NST
14761369,61753719,2013-01-17,PRO
14761369,PCT/US14/12035,2014-01-17,NST
14761370,PCT/US2013/024154,2013-01-31,NST
14761371,PCT/JP2014/000215,2014-01-17,NST
14761372,PCT/EP2014/050697,2014-01-15,NST
14761373,61753178,2013-01-16,PRO
14761373,PCT/US14/11796,2014-01-16,NST
14761374,PCT/FR2014/050121,2014-01-22,NST
14761375,PCT/JP2014/053526,2014-02-14,NST
14761376,PCT/JP2014/000211,2014-01-17,NST
14761377,PCT/JP2014/051441,2014-01-24,NST
14761378,PCT/CA2014/000026,2014-01-16,NST
14761379,PCT/EP2014/050810,2014-01-16,NST
14761380,PCT/IL2014/050066,2014-01-21,NST
14761381,PCT/DE2013/000677,2013-11-13,NST
14761382,PCT/SG2014/000034,2014-01-27,NST
14761383,PCT/EP2014/000112,2014-01-16,NST
14761384,PCT/JP2014/050718,2014-01-16,NST
14761385,PCT/JP2013/004902,2013-08-20,NST
14761386,PCT/JP2014/051110,2014-01-21,NST
14761387,PCT/IB2014/058249,2014-01-14,NST
14761388,PCT/IL2014/050060,2014-01-16,NST
14761390,61753123,2013-01-16,PRO
14761390,PCT/US14/11774,2014-01-16,NST
14761391,PCT/FI2013/050197,2013-02-22,NST
14761393,PCT/JP2013/081912,2013-11-27,NST
14761394,PCT/EP2014/050995,2014-01-20,NST
14761395,PCT/JP2013/084611,2013-12-25,NST
14761396,PCT/US2013/043108,2013-05-29,NST
14761397,PCT/IB2014/058021,2014-01-02,NST
14761398,PCT/JP2013/083148,2013-12-11,NST
14761399,PCT/SE2014/050038,2014-01-16,NST
14761401,PCT/EP2014/050838,2014-01-16,NST
14761402,PCT/KR2014/001834,2014-03-06,NST
14761404,PCT/EP2014/000223,2014-01-28,NST
14761405,PCT/KR2014/001366,2014-02-20,NST
14761406,PCT/SE2014/000026,2014-03-13,NST
14761407,PCT/EP2013/056128,2013-03-22,NST
14761408,61753303,2013-01-16,PRO
14761408,PCT/US14/11106,2014-01-10,NST
14761411,PCT/IL2014/051116,2014-12-22,NST
14761412,PCT/KR2013/003938,2013-05-07,NST
14761414,PCT/JP2013/052271,2013-01-31,NST
14761415,PCT/EP2013/052894,2013-02-13,NST
14761416,PCT/DE2014/200009,2014-01-20,NST
14761417,PCT/EP2014/000224,2014-01-28,NST
14761418,PCT/JP2014/050123,2014-01-08,NST
14761419,PCT/JP2014/000815,2014-02-18,NST
14761420,PCT/GB2014/000015,2014-01-15,NST
14761421,PCT/CN2013/070706,2013-01-18,NST
14761422,PCT/US2014/012259,2014-01-21,NST
14761423,PCT/IB2014/058015,2014-01-02,NST
14761424,PCT/CN2013/070938,2013-01-24,NST
14761425,PCT/JP2013/051076,2013-01-21,NST
14761426,PCT/EP2013/076729,2013-12-16,NST
14761427,PCT/US2014/027435,2014-03-14,NST
14761428,61770369,2013-02-28,PRO
14761428,PCT/US14/17025,2014-02-19,NST
14761430,PCT/CN2013/070838,2013-01-22,NST
14761431,PCT/IB2014/058289,2014-01-15,NST
14761432,PCT/JP2014/000311,2014-01-22,NST
14761433,61780028,2013-03-13,PRO
14761433,PCT/US14/13225,2014-01-27,NST
14761434,PCT/EP2013/053221,2013-02-19,NST
14761435,PCT/US2014/025853,2014-03-13,NST
14761436,PCT/IB2014/058013,2014-01-02,NST
14761437,PCT/GB2014/050149,2014-01-20,NST
14761438,PCT/JP2013/072428,2013-08-22,NST
14761440,61754010,2013-01-18,PRO
14761440,PCT/US14/12068,2014-01-17,NST
14761441,PCT/US2014/012196,2014-01-20,NST
14761442,61754279,2013-01-18,PRO
14761442,PCT/US14/12532,2014-01-22,NST
14761443,PCT/FR2014/050328,2014-02-17,NST
14761444,61753558,2013-01-17,PRO
14761444,PCT/US13/77924,2013-12-27,NST
14761445,PCT/JP2014/050482,2014-01-14,NST
14761446,PCT/JP2014/050926,2014-01-20,NST
14761447,PCT/CN2013/070516,2013-01-16,NST
14761448,PCT/JP2013/054130,2013-02-20,NST
14761449,PCT/IB2014/000111,2014-01-13,NST
14761450,PCT/US2013/023107,2013-01-25,NST
14761451,PCT/EP2014/050983,2014-01-20,NST
14761452,PCT/EP2013/053082,2013-02-15,NST
14761453,PCT/CN2013/086182,2013-10-30,NST
14761454,61754701,2013-01-21,PRO
14761454,PCT/US14/12285,2014-01-21,NST
14761455,PCT/US2014/012300,2014-01-21,NST
14761456,PCT/JP2014/050722,2014-01-16,NST
14761457,PCT/JP2014/051088,2014-01-21,NST
14761458,PCT/IL2013/050984,2013-11-28,NST
14761459,PCT/JP2014/000057,2014-01-09,NST
14761460,PCT/IB2014/000100,2014-02-01,NST
14761461,61934397,2014-01-31,PRO
14761461,62038608,2014-08-18,PRO
14761461,62069667,2014-10-28,PRO
14761461,PCT/US15/13949,2015-01-30,NST
14761462,PCT/US2014/012909,2014-01-24,NST
14761463,PCT/IN13/00748,2013-12-05,NST
14761464,PCT/FR2014/050576,2014-03-13,NST
14761465,PCT/US2014/012963,2014-01-24,NST
14761466,PCT/EP2014/051070,2014-01-21,NST
14761467,PCT/KR2013/003326,2013-04-19,NST
14761469,PCT/FR2014/050064,2014-01-14,NST
14761470,PCT/IB2014/001784,2014-05-07,NST
14761471,PCT/EP2013/076414,2013-12-12,NST
14761472,PCT/ES2013/070897,2013-12-18,NST
14761473,PCT/CN2013/076184,2013-05-24,NST
14761474,PCT/EP2014/050742,2014-01-15,NST
14761475,PCT/US2014/012011,2014-01-17,NST
14761476,13743006,2013-01-16,CIP
14761476,PCT/US13/32343,2013-03-15,NST
14761477,PCT/US13/23570,2013-01-29,NST
14761478,PCT/JP2014/000196,2014-01-16,NST
14761479,PCT/EP2013/003847,2013-12-19,NST
14761480,PCT/GB2014/050657,2014-03-06,NST
14761481,PCT/IB2013/000227,2013-01-23,NST
14761482,PCT/EP2014/051922,2014-01-31,NST
14761483,PCT/JP2014/050461,2014-01-14,NST
14761484,PCT/EP2014/050881,2014-01-17,NST
14761486,PCT/US2014/025437,2014-03-13,NST
14761488,PCT/CN2013/090270,2013-12-24,NST
14761489,PCT/DK2014/050033,2014-02-07,NST
14761490,PCT/JP2014/052182,2014-01-24,NST
14761491,61754353,2013-01-18,PRO
14761491,PCT/US14/11823,2014-01-16,NST
14761492,PCT/JP2014/050713,2014-01-16,NST
14761493,PCT/EP2014/053799,2014-02-27,NST
14761494,61753597,2013-01-17,PRO
14761494,PCT/US14/11011,2014-01-10,NST
14761495,PCT/CN2013/070702,2013-01-18,NST
14761496,PCT/US13/23566,2013-01-29,NST
14761497,PCT/JP2013/066437,2013-06-14,NST
14761498,PCT/JP2013/081932,2013-11-27,NST
14761499,PCT/FR2014/050073,2014-01-15,NST
14761500,PCT/CN2014/094705,2014-12-23,NST
14761501,PCT/JP2014/053489,2014-02-14,NST
14761502,PCT/IL2014/050475,2014-05-27,NST
14761503,PCT/US14/12055,2014-01-17,NST
14761504,61759901,2013-02-01,PRO
14761504,PCT/US14/14105,2014-01-31,NST
14761505,PCT/JP2014/000042,2014-01-08,NST
14761506,PCT/IB2014/058259,2014-01-14,NST
14761507,PCT/JP2014/055399,2014-03-04,NST
14761508,PCT/CN2013/070660,2013-01-18,NST
14761509,PCT/JP2013/053217,2013-02-12,NST
14761510,PCT/US2014/012940,2014-01-24,NST
14761511,PCT/JP2013/050636,2013-01-16,NST
14761512,PCT/EP2013/075302,2013-12-03,NST
14761513,PCT/JP2013/052980,2013-02-08,NST
14761514,PCT/JP2013/082000,2013-11-28,NST
14761515,PCT/JP2014/050978,2014-01-20,NST
14761516,PCT/JP2014/051083,2014-01-21,NST
14761517,PCT/JP2013/082572,2013-12-04,NST
14761518,PCT/US2014/012136,2014-01-17,NST
14761519,PCT/JP2014/052130,2014-01-30,NST
14761520,61753320,2013-01-16,PRO
14761520,PCT/US14/11799,2014-01-16,NST
14761521,61754342,2013-01-18,PRO
14761521,PCT/US14/12008,2014-01-17,NST
14761522,PCT/US2014/013193,2014-01-27,NST
14761523,PCT/EP2014/050437,2014-01-13,NST
14761524,PCT/JP2014/050403,2014-01-14,NST
14761525,PCT/SE2013/050051,2013-01-24,NST
14761526,PCT/AU2014/000021,2014-01-15,NST
14761527,PCT/EP2014/050025,2014-01-02,NST
14761528,PCT/KR2014/002717,2014-03-31,NST
14761529,PCT/IL2014/050045,2014-01-14,NST
14761530,PCT/EP2014/050962,2014-01-17,NST
14761531,PCT/AT2014/000022,2014-01-31,NST
14761532,PCT/JP2013/050819,2013-01-17,NST
14761533,PCT/JP2013/080674,2013-11-13,NST
14761534,PCT/CN2013/071200,2013-01-31,NST
14761535,PCT/EP2014/053129,2014-02-18,NST
14761536,PCT/GB2014/050140,2014-01-17,NST
14761537,PCT/JP2013/000138,2013-01-16,NST
14761538,PCT/JP2013/081384,2013-11-21,NST
14761539,PCT/US13/21659,2013-01-16,NST
14761540,PCT/AT2014/000008,2014-01-15,NST
14761541,PCT/JP2014/050775,2014-01-17,NST
14761542,PCT/JP2014/000081,2014-01-10,NST
14761543,PCT/CN2013/070615,2013-01-17,NST
14761545,PCT/JP2014/050405,2014-01-14,NST
14761546,61755424,2013-01-22,PRO
14761546,PCT/US14/12437,2014-01-22,NST
14761547,PCT/JP2013/054406,2013-02-21,NST
14761548,PCT/US2013/022128,2013-01-18,NST
14761549,PCT/JP2013/053092,2013-02-08,NST
14761550,PCT/US2013/024221,2013-01-31,NST
14761551,PCT/BR2014/000024,2014-01-30,NST
14761553,PCT/JP2013/054409,2013-02-21,NST
14761554,PCT/JP2014/000134,2014-01-15,NST
14761555,PCT/IB2013/061042,2013-12-17,NST
14761556,PCT/CA2014/050046,2014-01-22,NST
14761557,PCT/JP2014/050541,2014-01-15,NST
14761558,PCT/JP2013/074489,2013-09-11,NST
14761559,PCT/US13/21921,2013-01-17,NST
14761560,PCT/EP2013/003879,2013-12-20,NST
14761561,PCT/EP2014/050967,2014-01-17,NST
14761562,PCT/JP2014/050408,2014-01-14,NST
14761563,PCT/GB2014/000012,2014-01-16,NST
14761564,PCT/EP2014/051118,2014-01-21,NST
14761566,PCT/EP2013/076005,2013-12-10,NST
14761567,PCT/IN2013/000065,2013-01-31,NST
14761569,PCT/US2013/064548,2013-10-11,NST
14761570,PCT/JP2013/050976,2013-01-18,NST
14761571,PCT/EP2014/050606,2014-01-14,NST
14761572,PCT/EP2014/050680,2014-01-15,NST
14761574,PCT/CN2013/071264,2013-02-01,NST
14761575,PCT/EP2014/050704,2014-01-15,NST
14761576,PCT/KR2014/000492,2014-01-16,NST
14761577,61753755,2013-01-17,PRO
14761577,PCT/US14/12086,2014-01-17,NST
14761578,PCT/CN2014/070268,2014-01-07,NST
14761579,PCT/KR2014/000415,2014-01-15,NST
14761580,PCT/KR2014/000467,2014-01-16,NST
14761581,PCT/SG2014/000044,2014-02-04,NST
14761582,PCT/JP2014/050790,2014-01-17,NST
14761583,PCT/US2013/027862,2013-02-27,NST
14761584,PCT/EP2014/050452,2014-01-13,NST
14761585,PCT/IB2014/000120,2014-02-06,NST
14761586,PCT/US2013/078465,2013-12-31,NST
14761587,PCT/US2014/012790,2014-01-23,NST
14761588,PCT/EP2014/051065,2014-01-20,NST
14761589,PCT/SG2014/000098,2014-02-28,NST
14761590,PCT/JP2013/060009,2013-04-01,NST
14761591,61753723,2013-01-17,PRO
14761591,PCT/US14/11830,2014-01-16,NST
14761592,PCT/IB2014/058271,2014-01-15,NST
14761593,PCT/JP2013/007083,2013-12-03,NST
14761594,PCT/KR2014/000604,2014-01-22,NST
14761595,PCT/CA2014/000024,2014-01-13,NST
14761596,PCT/ES2014/070023,2014-01-16,NST
14761597,PCT/JP2014/000239,2014-01-20,NST
14761598,PCT/EP2014/050815,2014-01-16,NST
14761599,PCT/US14/32586,2014-04-01,NST
14761600,PCT/EP2014/050384,2014-01-10,NST
14761601,PCT/IB2013/050925,2013-02-04,NST
14761602,PCT/FI2014/050063,2014-01-27,NST
14761603,61753384,2013-01-16,PRO
14761603,PCT/US14/11942,2014-01-16,NST
14761604,61755134,2013-01-22,PRO
14761604,61808106,2013-04-03,PRO
14761604,61832356,2013-06-07,PRO
14761604,61861055,2013-08-01,PRO
14761604,61867941,2013-08-20,PRO
14761604,61867950,2013-08-20,PRO
14761604,61868006,2013-08-20,PRO
14761604,PCT/US14/12618,2014-01-22,NST
14761605,PCT/CN2014/070521,2014-01-13,NST
14761606,61753402,2013-01-16,PRO
14761606,PCT/US14/11909,2014-01-16,NST
14761607,PCT/US2014/011888,2014-01-16,NST
14761608,PCT/JP2014/000082,2014-01-10,NST
14761609,PCT/CN2013/089910,2013-12-19,NST
14761610,PCT/JP2013/052375,2013-02-01,NST
14761611,PCT/JP2014/050799,2014-01-17,NST
14761612,PCT/CN2014/074280,2014-03-28,NST
14761613,PCT/JP2013/083893,2013-12-18,NST
14761614,PCT/EP2013/003740,2012-12-11,NST
14761615,PCT/JP2013/084627,2013-12-25,NST
14761616,PCT/IN14/00402,2014-06-17,NST
14761617,PCT/CN2013/086709,2013-11-07,NST
14761618,PCT/KR2014/002265,2014-03-18,NST
14761619,61811233,2013-04-12,PRO
14761619,PCT/US2014/012067,2013-01-17,NST
14761620,PCT/EP2014/050808,2014-01-16,NST
14761621,PCT/KR2013/011081,2013-12-03,NST
14761622,PCT/JP2014/050845,2014-01-17,NST
14761624,PCT/EP2013/074917,2013-11-28,NST
14761625,PCT/CN2013/082828,2013-09-03,NST
14761626,PCT/KR2014/000731,2014-01-27,NST
14761627,PCT/FI2014/000001,2014-01-17,NST
14761628,PCT/JP2014/050281,2014-01-10,NST
14761630,PCT/JP2013/006518,2013-11-05,NST
14761631,PCT/CN2014/071206,2014-01-23,NST
14761632,PCT/EP2014/050966,2014-01-17,NST
14761633,PCT/KR2014/000352,2014-01-13,NST
14761634,PCT/CN2014/071205,2014-01-23,NST
14761635,PCT/IB2014/058320,2014-01-16,NST
14761636,PCT/EP2014/051286,2014-01-23,NST
14761637,PCT/JP2013/007452,2013-12-19,NST
14761638,PCT/FR2014/050102,2014-01-20,NST
14761639,PCT/IB2014/058331,2014-01-16,NST
14761640,PCT/EP2014/050135,2014-01-07,NST
14761641,61754478,2013-01-18,PRO
14761641,PCT/US14/12358,2014-01-21,NST
14761642,PCT/EP2014/051382,2014-01-24,NST
14761643,PCT/EP2013/076916,2013-12-17,NST
14761644,PCT/CA2014/050064,2014-01-31,NST
14761645,PCT/JP2013/068704,2013-07-09,NST
14761646,PCT/EP2014/051152,2014-01-21,NST
14761647,PCT/EP2014/050998,2014-01-20,NST
14761648,PCT/EP2014/073811,2014-11-05,NST
14761649,PCT/EP2014/000031,2014-01-09,NST
14761650,PCT/EP2014/050936,2014-01-17,NST
14761651,61754116,2013-01-18,PRO
14761651,PCT/US14/12059,2014-01-17,NST
14761652,PCT/SE2014/050007,2014-01-07,NST
14761653,PCT/IB2014/058276,2014-01-15,NST
14761654,PCT/EP2014/000032,2014-01-09,NST
14761655,PCT/JP2014/000263,2014-01-21,NST
14761656,PCT/EP2014/051030,2014-01-20,NST
14761657,PCT/IL2014/050062,2014-01-19,NST
14761658,PCT/EP2014/050662,2014-01-15,NST
14761659,PCT/ES2014/070079,2014-02-04,NST
14761660,PCT/JP2014/057215,2014-03-18,NST
14761661,PCT/CN2013/072360,2013-03-08,NST
14761662,PCT/IB2014/058506,2014-01-23,NST
14761663,PCT/SE2014/050069,2014-01-22,NST
14761664,PCT/SE2014/050070,2014-01-22,NST
14761665,PCT/IB2013/002870,2013-12-27,NST
14761666,PCT/EP2014/050747,2014-01-16,NST
14761667,PCT/JP2013/084887,2013-12-26,NST
14761668,PCT/JP2014/050983,2014-01-20,NST
14761669,61756523,2013-01-25,PRO
14761669,PCT/US14/13126,2014-01-27,NST
14761670,PCT/JP2013/084288,2013-12-20,NST
14761671,61754600,2013-01-20,PRO
14761671,PCT/US14/12090,2014-01-17,NST
14761672,PCT/JP2013/084289,2013-12-20,NST
14761673,PCT/DE2014/100063,2014-02-19,NST
14761674,PCT/IB2014/058359,2014-01-17,NST
14761675,PCT/JP2014/073328,2014-09-04,NST
14761677,PCT/EP2014/050958,2014-01-17,NST
14761678,PCT/US2014/012425,2014-01-22,NST
14761680,PCT/US2014/012000,2014-01-17,NST
14761681,PCT/JP2013/005386,2013-09-11,NST
14761682,PCT/JP2014/050847,2014-01-17,NST
14761683,PCT/EP2014/050915,2014-01-17,NST
14761684,PCT/IB2014/058507,2014-01-23,NST
14761685,PCT/US2013/075356,2013-12-16,NST
14761686,PCT/EP2014/050089,2014-01-06,NST
14761687,PCT/JP2014/051009,2014-01-20,NST
14761688,PCT/US2014/012309,2014-01-21,NST
14761689,PCT/US2014/023392,2014-03-11,NST
14761690,61754607,2013-01-20,PRO
14761690,PCT/US14/12107,2014-01-17,NST
14761691,PCT/EP2014/050681,2014-01-15,NST
14761692,PCT/KR2014/011765,2014-12-03,NST
14761693,PCT/EP2014/000002,2014-01-04,NST
14761694,61754177,2013-01-18,PRO
14761694,61819979,2013-05-06,PRO
14761694,PCT/US14/12274,2014-01-21,NST
14761695,PCT/EP2014/051088,2014-01-21,NST
14761696,PCT/JP2013/067171,2013-06-24,NST
14761697,PCT/JP2014/050934,2014-01-20,NST
14761698,PCT/US2014/011434,2014-01-14,NST
14761699,61755199,2013-01-22,PRO
14761699,PCT/US14/12452,2014-01-22,NST
14761700,PCT/EP2013/051156,2013-01-22,NST
14761701,PCT/JP2013/050967,2013-01-18,NST
14761702,PCT/US2013/076011,2013-12-18,NST
14761703,PCT/EP2014/050132,2014-01-07,NST
14761704,PCT/KR2014/001054,2014-02-07,NST
14761705,PCT/FR2014/050075,2014-01-15,NST
14761706,PCT/JP2014/050604,2014-01-15,NST
14761707,PCT/JP2014/000820,2014-02-18,NST
14761708,PCT/JP2014/055395,2014-03-04,NST
14761709,PCT/FR2014/050103,2014-01-20,NST
14761710,PCT/EP2014/050917,2014-01-17,NST
14761711,PCT/JP2013/059706,2013-03-29,NST
14761713,PCT/JP2013/007193,2013-12-06,NST
14761714,PCT/IN2014/000037,2014-01-20,NST
14761715,PCT/CN2013/085814,2013-10-23,NST
14761716,PCT/JP2014/050678,2014-01-16,NST
14761717,PCT/ES2014/070059,2014-01-28,NST
14761718,61754125,2013-01-18,PRO
14761718,61762063,2013-02-07,PRO
14761718,PCT/US2014/011416,2014-01-14,NST
14761719,PCT/JP2014/000825,2014-02-18,NST
14761720,PCT/GB2014/050108,2014-01-15,NST
14761721,PCT/SE2014/000001,2014-01-09,NST
14761722,PCT/CN2013/082836,2013-09-03,NST
14761723,PCT/IB2013/061044,2013-12-17,NST
14761724,PCT/JP2014/000830,2014-02-18,NST
14761725,61738549,2012-12-18,PRO
14761725,PCT/US13/73839,2013-12-09,NST
14761726,PCT/FR2014/050058,2014-01-13,NST
14761727,PCT/EP2014/052052,2014-02-03,NST
14761728,PCT/IB13/00159,2013-01-17,NST
14761729,PCT/JP2014/050440,2014-01-14,NST
14761730,PCT/CN2014/070815,2014-01-17,NST
14761731,PCT/EP2013/050927,2013-01-18,NST
14761732,61755319,2013-01-22,PRO
14761732,PCT/US14/12383,2014-01-21,NST
14761733,61754127,2013-01-18,PRO
14761733,PCT/US14/11967,2014-01-17,NST
14761734,PCT/JP2014/000264,2014-01-21,NST
14761735,PCT/US2014/014735,2014-02-04,NST
14761736,PCT/IB2014/000113,2014-01-13,NST
14761737,PCT/JP2013/081461,2013-11-22,NST
14761738,PCT/US2013/075965,2013-12-18,NST
14761739,PCT/EP2013/050940,2013-01-18,NST
14761740,PCT/JP2014/000691,2014-02-10,NST
14761741,PCT/AT2014/000021,2014-01-31,NST
14761742,PCT/US2013/022866,2013-01-24,NST
14761743,61759886,2013-02-01,PRO
14761743,PCT/US13/43664,2013-05-31,NST
14761744,PCT/JP2013/053797,2013-02-18,NST
14761745,PCT/JP2014/050050,2014-01-07,NST
14761746,PCT/US2013/022709,2013-01-23,NST
14761747,PCT/GB2014/050087,2014-01-13,NST
14761748,PCT/JP2014/050547,2014-01-15,NST
14761749,PCT/FR14/50090,2014-01-17,NST
14761750,PCT/JP2013/079767,2013-11-01,NST
14761751,61761004,2013-02-05,PRO
14761751,PCT/US14/14009,2014-01-31,NST
14761752,PCT/KR2013/011491,2013-12-11,NST
14761754,PCT/EP2014/050900,2014-01-17,NST
14761755,PCT/EP2013/051699,2013-01-29,NST
14761756,PCT/JP2014/052525,2014-02-04,NST
14761757,PCT/JP2014/053313,2014-02-13,NST
14761758,PCT/FI2014/050082,2014-02-03,NST
14761760,PCT/JP2014/050868,2014-01-10,NST
14761761,PCT/EP2013/050942,2013-01-18,NST
14761762,PCT/GB14/50113,2014-01-16,NST
14761763,PCT/JP2014/051183,2014-01-22,NST
14761764,PCT/JP2014/050822,2014-01-17,NST
14761765,PCT/JP2014/001622,2014-03-20,NST
14761766,PCT/JP2013/007122,2013-12-04,NST
14761767,PCT/JP2014/062116,2014-05-01,NST
14761768,PCT/CN2013/090949,2013-12-30,NST
14761769,PCT/EP2014/051470,2014-01-27,NST
14761770,PCT/EP2014/050868,2014-01-17,NST
14761771,PCT/US2014/012724,2014-01-23,NST
14761772,PCT/CN2014/070778,2014-01-17,NST
14761773,PCT/GB2014/050989,2014-03-27,NST
14761774,PCT/JP2014/051365,2014-01-23,NST
14761775,PCT/EP2013/076565,2013-12-13,NST
14761776,PCT/EP2014/050904,2014-01-17,NST
14761777,PCT/JP2014/000277,2014-01-21,NST
14761778,PCT/ES2013/070020,2013-01-21,NST
14761779,PCT/CA2013/000041,2013-01-17,NST
14761780,PCT/IB2014/058356,2014-01-17,NST
14761781,PCT/KR2014/000523,2014-01-17,NST
14761782,PCT/EP2014/053315,2014-02-20,NST
14761783,PCT/EP2014/050051,2014-01-03,NST
14761784,PCT/KR2014/000837,2014-01-29,NST
14761785,PCT/JP2013/051158,2013-01-22,NST
14761786,PCT/FR2014/050026,2014-01-09,NST
14761787,PCT/CN2013/087365,2013-11-18,NST
14761788,PCT/US2014/012149,2014-01-18,NST
14761789,PCT/JP2014/050517,2014-01-15,NST
14761790,PCT/SG2014/000028,2014-01-23,NST
14761791,PCT/US2014/012046,2014-01-17,NST
14761792,PCT/FR2014/050028,2014-01-09,NST
14761793,PCT/CA2013/050307,2013-04-19,NST
14761794,PCT/EP2014/050050,2014-01-03,NST
14761795,PCT/IB2014/058357,2014-01-17,NST
14761796,PCT/EP2013/077289,2013-12-19,NST
14761797,PCT/EP2014/051058,2014-01-20,NST
14761799,PCT/US2014/012023,2014-01-17,NST
14761800,PCT/JP2014/052239,2014-01-31,NST
14761801,PCT/EP2014/050787,2014-01-16,NST
14761802,PCT/JP2014/059145,2014-03-28,NST
14761803,PCT/CN2013/076171,2013-05-23,NST
14761804,PCT/EP2014/050950,2014-01-17,NST
14761805,61753690,2013-01-17,PRO
14761805,PCT/US14/11985,2014-01-17,NST
14761806,PCT/EP2014/050972,2014-01-20,NST
14761807,PCT/JP2014/000243,2014-01-20,NST
14761808,PCT/JP2013/081729,2013-11-26,NST
14761809,PCT/EP2014/000044,2014-01-10,NST
14761810,PCT/JP2013/082907,2013-12-09,NST
14761811,PCT/JP2013/007337,2013-12-12,NST
14761812,PCT/EP2014/050911,2014-01-17,NST
14761813,PCT/US2014/000014,2014-01-22,NST
14761814,PCT/ZA2014/000002,2014-01-22,NST
14761815,PCT/JP2014/052737,2014-02-06,NST
14761816,PCT/DE2013/200329,2013-11-29,NST
14761817,PCT/JP2014/052534,2014-02-04,NST
14761818,PCT/KR2014/000558,2014-01-20,NST
14761820,PCT/EP2014/050805,2014-01-16,NST
14761821,PCT/EP2014/051620,2014-01-28,NST
14761822,PCT/CN2013/087760,2013-11-25,NST
14761823,PCT/JP2014/058607,2014-03-26,NST
14761824,61814445,2013-04-22,PRO
14761824,PCT/US14/34758,2014-04-21,NST
14761825,PCT/SE2014/050071,2014-01-22,NST
14761826,61754252,2013-01-18,PRO
14761826,61898935,2013-11-01,PRO
14761826,PCT/US14/12074,2014-01-17,NST
14761827,PCT/US13/21941,2013-01-17,NST
14761828,61849444,2013-01-28,PRO
14761828,61824090,2013-05-16,PRO
14761828,PCT/US14/13351,2014-01-28,NST
14761829,PCT/US13/22154,2013-01-18,NST
14761831,PCT/JP2014/055398,2014-03-04,NST
14761832,PCT/CN2013/071763,2015-02-22,NST
14761833,PCT/EP2013/072181,2013-10-23,NST
14761834,PCT/IB2014/058524,2014-01-24,NST
14761835,PCT/JP2014/001288,2014-03-07,NST
14761836,PCT/EP2013/053060,2013-02-15,NST
14761837,PCT/JP2014/052878,2014-02-07,NST
14761838,13757114,2013-02-01,CIP
14761838,PCT/US2014/012941,2014-01-24,NST
14761839,PCT/EP2014/051550,2014-01-27,NST
14761840,PCT/EP2014/055780,2014-03-24,NST
14761841,PCT/US13/21935,2013-01-17,NST
14761843,PCT/CN2013/090833,2013-12-30,NST
14761844,PCT/CN2014/087678,2014-09-28,NST
14761845,PCT/JP2014/054673,2014-02-26,NST
14761846,PCT/EP2014/051176,2014-01-22,NST
14761847,PCT/JP2013/081727,2013-11-26,NST
14761848,PCT/JP13/84099,2013-12-19,NST
14761849,PCT/GB2014/050405,2014-02-12,NST
14761850,PCT/JP2013/051133,2013-01-22,NST
14761851,PCT/CN2013/070659,2013-01-18,NST
14761852,PCT/EP2014/051636,2014-01-28,NST
14761853,PCT/US2014/013019,2014-01-24,NST
14761854,PCT/US2014/012135,2014-01-17,NST
14761855,PCT/GB2014/050092,2014-01-14,NST
14761856,PCT/CA2014/000025,2014-01-17,NST
14761858,PCT/JP2013/084098,2013-12-19,NST
14761859,PCT/KR2014/000464,2014-01-16,NST
14761860,PCT/ES2014/070033,2014-01-20,NST
14761861,PCT/JP2013/072423,2013-08-22,NST
14761863,PCT/GB2014/050987,2014-03-27,NST
14761864,PCT/EP2014/050887,2014-01-17,NST
14761865,PCT/EP2014/000079,2014-01-15,NST
14761867,PCT/EP2014/050407,2014-01-10,NST
14761868,PCT/SG2014/000016,2014-01-15,NST
14761869,PCT/NO2014/050005,2014-01-13,NST
14761870,PCT/CN2013/090678,2013-12-27,NST
14761872,PCT/EP2014/050828,2014-01-16,NST
14761873,PCT/JP2014/050836,2014-01-17,NST
14761874,PCT/EP2014/051786,2014-01-30,NST
14761875,PCT/SE2013/051409,2013-11-28,NST
14761877,PCT/CN2013/071363,2013-02-05,NST
14761878,PCT/US2014/012033,2014-01-17,NST
14761879,PCT/JP2014/051866,2014-01-28,NST
14761880,PCT/EP2014/050825,2014-01-16,NST
14761882,PCT/JP2014/050710,2014-01-16,NST
14761883,PCT/EP2014/052497,2014-02-07,NST
14761884,PCT/JP2014/059144,2014-03-28,NST
14761885,PCT/EP2014/050758,2014-01-16,NST
14761886,PCT/JP2014/050840,2014-01-17,NST
14761887,PCT/IN2014/000033,2014-01-17,NST
14761888,PCT/US2014/011681,2014-01-15,NST
14761889,PCT/IB14/58313,2014-01-16,NST
14761890,PCT/CN2013/087661,2013-11-22,NST
14761891,PCT/JP2014/050334,2014-01-10,NST
14761892,PCT/US2014/011695,2014-01-15,NST
14761893,PCT/JP2013/083090,2013-12-10,NST
14761894,PCT/JP2014/050439,2014-01-14,NST
14761895,PCT/US2013/041860,2013-05-20,NST
14761896,PCT/EP2014/050197,2014-01-08,NST
14761897,PCT/JP2014/051144,2014-01-21,NST
14761898,PCT/EP2013/003746,2013-12-11,NST
14761899,PCT/CN2013/086202,2013-10-30,NST
14761900,PCT/IL2014/050072,2014-01-21,NST
14761901,PCT/EP2013/003934,2013-12-21,NST
14761902,PCT/DE2014/100008,2014-01-15,NST
14761903,PCT/SE2014/050131,2014-03-02,NST
14761904,PCT/JP2014/058608,2015-03-26,NST
14761905,PCT/EP2013/003780,2013-12-14,NST
14761906,61756088,2013-01-24,PRO
14761906,PCT/US14/12069,2014-01-17,NST
14761907,PCT/CN2013/001294,2013-10-28,NST
14761908,PCT/KR2014/000535,2014-01-17,NST
14761909,PCT/KR2013/000482,2013-01-21,NST
14761910,PCT/JP2014/054622,2014-02-26,NST
14761911,61761136,2013-02-05,PRO
14761911,PCT/US14/14892,2014-02-05,NST
14761912,PCT/US2014/012073,2014-01-17,NST
14761914,PCT/US2014/012080,2014-01-17,NST
14761915,PCT/IL2014/050067,2014-01-21,NST
14761916,PCT/JP2013/054041,2013-02-19,NST
14761917,61758602,2013-01-30,PRO
14761917,PCT/US14/13941,2014-01-30,NST
14761918,PCT/US2014/012111,2014-01-17,NST
14761919,PCT/JP2013/080319,2013-11-08,NST
14761920,PCT/CN2013/089699,2013-12-17,NST
14761921,61753460,2013-01-17,PRO
14761921,PCT/US14/12139,2014-01-17,NST
14761922,PCT/EP2014/051010,2014-01-20,NST
14761923,PCT/IB2013/053176,2013-04-22,NST
14761924,PCT/JP2014/050596,2014-01-15,NST
14761925,PCT/GB2014/050106,2014-01-15,NST
14761926,PCT/JP2014/000233,2014-01-08,NST
14761927,PCT/IB2014/000645,2014-01-17,NST
14761928,PCT/JP2014/063292,2014-05-20,NST
14761929,PCT/US2014/013923,2014-01-30,NST
14761930,PCT/KR2014/000564,2014-01-20,NST
14761931,PCT/CN2013/074883,2013-04-27,NST
14761932,PCT/CN2013/081401,2013-08-13,NST
14761933,PCT/CN2013/082586,2013-08-29,NST
14761934,PCT/US2014/012089,2014-01-17,NST
14761936,PCT/US2013/078470,2013-12-31,NST
14761937,PCT/AU2014/000029,2014-01-17,NST
14761938,PCT/KR2014/000517,2014-01-17,NST
14761939,61754382,2013-01-18,PRO
14761939,61755383,2013-01-22,PRO
14761939,61759277,2013-01-31,PRO
14761939,61767095,2013-02-20,PRO
14761939,61816627,2013-04-26,PRO
14761939,PCT/US14/12130,2014-01-17,NST
14761939,PCT/US2013/035025,2013-04-02,CIP
14761939,PCT/US2013/053186,2013-08-01,CIP
14761940,PCT/JP2013/082739,2013-12-05,NST
14761941,PCT/IB2014/001092,2014-03-25,NST
14761942,PCT/EP2014/050600,2014-01-14,NST
14761943,PCT/CN2013/071685,2015-02-20,NST
14761944,PCT/EP2014/051272,2014-01-22,NST
14761945,PCT/TR2014/000012,2014-01-20,NST
14761946,PCT/EP2014/050593,2014-01-14,NST
14761947,PCT/KR2013/011865,2013-12-19,NST
14761948,PCT/IT2014/000009,2014-01-10,NST
14761949,PCT/CN2013/078171,2013-06-27,NST
14761951,PCT/CN2013/070656,2013-01-18,NST
14761952,PCT/GB2014/050107,2014-01-15,NST
14761953,PCT/CN2013/070657,2013-01-18,NST
14761955,PCT/JP2013/007547,2013-12-24,NST
14761956,PCT/EP2014/050646,2014-01-15,NST
14761957,PCT/EP2013/075619,2013-12-05,NST
14761959,PCT/JP2014/050535,2014-01-15,NST
14761960,PCT/KR2014/000573,2014-01-21,NST
14761961,PCT/EP2013/075808,2013-12-06,NST
14761963,PCT/JP2014/050270,2014-01-10,NST
14761965,PCT/US2014/050984,2014-08-14,NST
14761966,PCT/EP2014/051268,2014-01-22,NST
14761967,PCT/IT2013/000020,2013-01-21,NST
14761968,PCT/JP2014/051299,2014-01-22,NST
14761969,PCT/JP2014/051243,2014-01-22,NST
14761970,PCT/GB2014/050154,2014-01-21,NST
14761971,PCT/JP2014/051584,2014-01-24,NST
14761972,PCT/JP2013/051774,2013-01-28,NST
14761973,PCT/JP2014/050888,2014-01-20,NST
14761974,PCT/JP2014/053252,2014-02-13,NST
14761975,PCT/EP2014/050269,2014-01-09,NST
14761976,PCT/EP2014/051133,2014-01-21,NST
14761977,PCT/EP2014/052542,2014-02-10,NST
14761978,PCT/SE2014/050011,2014-01-07,NST
14761979,PCT/JP2013/051090,2013-01-21,NST
14761980,PCT/CN2013/084028,2013-09-23,NST
14761981,PCT/JP2014/050995,2014-01-20,NST
14761982,PCT/JP2014/050867,2014-01-10,NST
14761983,61756809,2013-01-25,PRO
14761983,PCT/US14/12997,2014-01-24,NST
14761984,PCT/CA2013/050923,2013-12-02,NST
14761985,PCT/JP2013/060191,2013-04-03,NST
14761987,PCT/EP2014/050017,2014-01-02,NST
14761988,PCT/EP2014/050944,2014-01-17,NST
14761989,PCT/CA2013/050928,2013-12-03,NST
14761990,PCT/JP2014/051010,2014-01-20,NST
14761991,PCT/JP2014/055625,2014-03-05,NST
14761992,PCT/EP2013/077603,2013-12-20,NST
14761993,PCT/JP2014/051240,2014-01-22,NST
14761994,PCT/US2013/022686,2013-01-23,NST
14761995,PCT/JP2014/000291,2014-01-22,NST
14761996,PCT/US2013/027740,2015-02-26,NST
14761997,PCT/GB2014/000021,2014-01-21,NST
14761999,PCT/JP2013/007593,2013-12-25,NST
14762000,PCT/EP2014/051421,2014-01-24,NST
14762001,PCT/IL2014/050070,2014-01-20,NST
14762002,PCT/RU2013/000818,2013-09-19,NST
14762003,PCT/EP2013/075485,2013-12-04,NST
14762004,PCT/JP2013/074253,2013-09-09,NST
14762005,PCT/EP2014/050807,2014-01-16,NST
14762006,PCT/JP2014/057574,2014-03-19,NST
14762007,PCT/EP2014/051621,2014-01-28,NST
14762008,PCT/US15/41018,2015-07-17,NST
14762009,PCT/US2014/017597,2014-02-21,NST
14762010,PCT/FR2014/050054,2014-01-13,NST
14762011,PCT/US2013/022366,2013-01-21,NST
14762013,PCT/JP2013/059375,2013-03-28,NST
14762015,PCT/US2014/012598,2014-01-22,NST
14762016,PCT/GB2014/050261,2014-01-31,NST
14762017,PCT/JP2013/064034,2013-05-21,NST
14762018,PCT/JP2014/051658,2014-01-27,NST
14762019,PCT/KR2014/004121,2014-05-09,NST
14762020,PCT/EP2013/052045,2013-02-01,NST
14762021,PCT/KR2014/000571,2014-01-21,NST
14762022,PCT/JP2014/058034,2014-03-24,NST
14762023,PCT/IB2014/058275,2014-01-15,NST
14762024,PCT/EP2013/073969,2013-11-15,NST
14762025,PCT/EP2014/000138,2014-01-20,NST
14762026,PCT/EP2014/050988,2014-01-20,NST
14762027,PCT/JP2013/057141,2013-03-14,NST
14762028,PCT/DK2013/050022,2013-01-25,NST
14762030,PCT/JP2013/051452,2013-01-24,NST
14762031,PCT/EP2014/051061,2014-01-20,NST
14762033,PCT/US2014/012299,2014-01-21,NST
14762034,PCT/IB2013/000531,2013-01-21,NST
14762035,PCT/TR2014/000003,2014-01-15,NST
14762036,PCT/JP2014/050216,2014-01-09,NST
14762037,PCT/IB2014/058433,2014-01-21,NST
14762038,PCT/JP2014/058308,2014-03-25,NST
14762039,PCT/JP2013/084502,2013-12-24,NST
14762040,PCT/EP2014/051092,2014-01-21,NST
14762041,PCT/EP2014/051316,2014-01-23,NST
14762043,PCT/EP2014/051011,2014-01-20,NST
14762044,PCT/JP2014/050930,2014-01-20,NST
14762045,PCT/JP2014/051072,2014-01-21,NST
14762046,PCT/SG2014/000025,2014-01-21,NST
14762047,PCT/EP2014/051151,2014-01-21,NST
14762049,PCT/JP2014/051091,2014-01-21,NST
14762051,PCT/IB2014/058442,2014-01-21,NST
14762052,PCT/EP2014/051018,2014-01-20,NST
14762053,PCT/EP2014/051551,2014-01-27,NST
14762054,PCT/SE2013/050034,2013-01-21,NST
14762055,PCT/EP2014/000178,2014-01-24,NST
14762056,PCT/EP2014/053733,2014-02-26,NST
14762058,PCT/KR2013/004294,2013-05-15,NST
14762059,PCT/US2014/012223,2014-01-21,NST
14762060,PCT/JP2014/052986,2014-02-04,NST
14762062,PCT/JP2014/053196,2014-02-12,NST
14762063,PCT/EP2014/051032,2014-01-20,NST
14762064,PCT/EP2014/051348,2014-01-23,NST
14762065,PCT/FR2014/050125,2014-01-23,NST
14762066,PCT/IB2014/058549,2014-01-26,NST
14762067,PCT/GB2014/050183,2014-01-24,NST
14762068,PCT/EP2014/051472,2014-01-27,NST
14762069,PCT/JP2013/083489,2013-12-13,NST
14762070,PCT/JP2014/051138,2014-01-21,NST
14762071,PCT/JP2014/074683,2014-09-18,NST
14762072,PCT/GB2014/050096,2014-01-14,NST
14762073,PCT/EP2014/051374,2014-01-24,NST
14762074,PCT/JP2013/006192,2013-10-18,NST
14762075,PCT/GB2014/000016,2014-01-20,NST
14762077,PCT/JP2013/081407,2013-11-21,NST
14762078,PCT/CN2014/071418,2014-01-24,NST
14762079,PCT/EP2014/050820,2014-01-16,NST
14762080,PCT/JP2014/051568,2014-01-24,NST
14762081,PCT/IL2014/050071,2014-01-21,NST
14762082,PCT/IB2014/058439,2014-01-21,NST
14762083,PCT/EP2014/051491,2014-01-27,NST
14762085,PCT/FR2014/050104,2014-01-20,NST
14762086,PCT/DK2014/050011,2014-01-22,NST
14762087,PCT/JP2014/051154,2014-01-21,NST
14762088,PCT/DE2014/000053,2014-02-13,NST
14762089,PCT/IB2014/058426,2014-01-21,NST
14762090,61754670,2013-01-21,PRO
14762090,PCT/US14/12326,2014-01-21,NST
14762091,PCT/GB2014/050284,2014-02-03,NST
14762092,61783596,2013-03-14,PRO
14762092,PCT/US13/76111,2013-12-18,NST
14762093,61756775,2013-01-25,PRO
14762093,61914775,2013-12-11,PRO
14762093,PCT/US14/13004,2014-01-24,NST
14762094,PCT/EP2014/051024,2014-01-20,NST
14762095,PCT/US2014/012293,2014-01-21,NST
14762098,PCT/US2013/030927,2013-03-13,NST
14762099,PCT/US2014/012729,2014-01-23,NST
14762100,PCT/JP2014/051152,2014-01-21,NST
14762101,PCT/FR2014/000013,2014-01-21,NST
14762102,PCT/JP2014/050844,2014-01-17,NST
14762103,PCT/EP2014/050999,2014-01-20,NST
14762104,PCT/JP2013/056997,2013-03-13,NST
14762105,PCT/EP2014/051003,2014-01-20,NST
14762106,PCT/GB2014/050156,2014-01-21,NST
14762107,PCT/GB2013/053376,2013-12-20,NST
14762108,PCT/JP2014/051102,2014-01-21,NST
14762110,PCT/FR2014/050225,2014-02-06,NST
14762111,PCT/EP2013/077662,2013-12-20,NST
14762112,PCT/JP2013/081408,2013-11-21,NST
14762114,PCT/US2014/013274,2014-01-28,NST
14762115,PCT/EP2014/050921,2014-01-17,NST
14762116,PCT/GB2014/050283,2014-02-03,NST
14762117,PCT/TR2013/000296,2013-09-20,NST
14762118,PCT/CN2013/070891,2013-01-23,NST
14762119,PCT/SE2014/000015,2014-02-06,NST
14762120,PCT/JP2013/080247,2013-11-08,NST
14762121,PCT/AU14/00054,2014-01-29,NST
14762122,PCT/US13/22176,2013-01-18,NST
14762123,PCT/JP2014/051741,2014-01-28,NST
14762124,PCT/EP2014/051573,2014-01-28,NST
14762125,PCT/JP2013/055826,2013-03-04,NST
14762126,PCT/IB2014/058438,2014-01-21,NST
14762127,PCT/EP2013/074027,2013-11-18,NST
14762128,61755256,2013-01-22,PRO
14762128,PCT/US14/12575,2014-01-22,NST
14762129,PCT/EP2013/075685,2013-12-05,NST
14762130,PCT/JP2014/050209,2014-01-09,NST
14762131,PCT/AU2014/000033,2014-01-21,NST
14762132,PCT/JP2014/051191,2014-01-22,NST
14762133,PCT/US2014/017690,2014-02-21,NST
14762134,PCT/EP2013/003420,2013-11-13,NST
14762135,PCT/CN2013/071372,2013-02-05,NST
14762136,PCT/CA2014/000046,2014-01-23,NST
14762137,PCT/EP2013/052059,2013-02-01,NST
14762138,PCT/JP2013/054566,2013-02-22,NST
14762139,PCT/CN2013/089748,2013-12-18,NST
14762140,PCT/BR2014/000009,2014-01-17,NST
14762141,PCT/NO2014/050011,2014-01-20,NST
14762142,PCT/EP2014/000004,2014-01-06,NST
14762143,PCT/NL2014/050165,2014-03-19,NST
14762144,PCT/IB2014/058436,2014-01-21,NST
14762145,PCT/CN2013/001390,2013-11-15,NST
14762146,PCT/EP2014/050447,2014-01-13,NST
14762147,PCT/US2014/012390,2014-01-21,NST
14762148,PCT/US13/24284,2013-02-01,NST
14762149,PCT/JP2014/057958,2014-03-24,NST
14762150,PCT/EP2013/051473,2013-01-25,NST
14762151,PCT/US2014/019999,2014-03-03,NST
14762152,PCT/EP2013/003677,2013-12-05,NST
14762153,PCT/IB2014/058670,2014-01-30,NST
14762154,PCT/IB2014/058675,2014-01-30,NST
14762155,PCT/US2014/016632,2014-02-14,NST
14762156,PCT/KR2014/000925,2014-02-03,NST
14762158,PCT/IB2014/058530,2014-01-24,NST
14762159,PCT/KR2014/000421,2014-01-15,NST
14762160,PCT/EP2013/050882,2013-01-18,NST
14762161,PCT/EP2013/075042,2013-11-29,NST
14762163,PCT/GB2014/000223,2014-06-10,NST
14762164,PCT/FI2013/050182,2013-02-15,NST
14762165,PCT/KR2014/000616,2014-01-22,NST
14762166,PCT/KR2014/000600,2014-01-21,NST
14762167,PCT/JP2013/054613,2013-02-22,NST
14762168,PCT/EP2014/051487,2014-01-27,NST
14762169,PCT/US2015/030216,2015-05-11,NST
14762170,PCT/US2013/027647,2013-02-25,NST
14762171,PCT/KR2014/001341,2014-02-19,NST
14762172,PCT/JP2014/051106,2014-01-21,NST
14762173,PCT/US2014/011837,2014-01-16,NST
14762174,PCT/SE2013/050044,2013-01-21,NST
14762175,PCT/US2014/017405,2014-02-20,NST
14762176,PCT/EP2014/050228,2014-01-08,NST
14762177,PCT/RU2014/000032,2014-01-20,NST
14762178,PCT/RU2014/000067,2014-01-28,NST
14762179,PCT/EP2014/051438,2014-01-24,NST
14762180,PCT/SE2013/050041,2013-01-21,NST
14762181,PCT/CN2013/070640,2013-01-18,NST
14762182,PCT/KR2013/000481,2013-01-21,NST
14762184,PCT/EP2014/051106,2014-01-21,NST
14762185,PCT/JP2013/007314,2013-12-12,NST
14762186,PCT/US2013/022864,2013-01-24,NST
14762187,PCT/JP2013/051623,2013-01-25,NST
14762188,PCT/IB2013/051884,2013-03-10,NST
14762189,PCT/JP2014/051280,2014-01-22,NST
14762190,PCT/EP2013/076310,2013-12-12,NST
14762191,PCT/EP2013/051056,2013-01-21,NST
14762192,PCT/CN2013/070639,2013-01-18,NST
14762193,PCT/JP2013/074673,2013-09-12,NST
14762194,PCT/US14/42368,2014-06-13,NST
14762195,PCT/IB2013/051255,2013-02-15,NST
14762196,PCT/IN2014/000040,2014-01-21,NST
14762198,PCT/EP2013/062256,2013-06-13,NST
14762199,PCT/KR2014/000572,2014-01-21,NST
14762201,PCT/JP2014/006368,2014-12-22,NST
14762202,PCT/EP2014/050617,2014-01-14,NST
14762203,PCT/KR2013/011915,2013-12-20,NST
14762204,PCT/JP2013/084790,2013-12-26,NST
14762205,PCT/CN2013/079310,2013-07-12,NST
14762206,PCT/ES2013/070352,2013-05-31,NST
14762207,PCT/CN14/82971,2014-07-25,NST
14762208,PCT/EP2014/050779,2014-01-16,NST
14762209,PCT/JP2014/052553,2014-02-04,NST
14762210,PCT/EP2014/051265,2014-01-22,NST
14762212,PCT/EP2014/051534,2014-01-27,NST
14762213,PCT/IB2013/060525,2013-11-29,NST
14762214,PCT/US2014/012263,2014-01-21,NST
14762215,61755292,2013-01-22,PRO
14762215,PCT/US14/12506,2014-01-22,NST
14762216,PCT/CN2013/090268,2013-12-24,NST
14762217,PCT/JP2014/051394,2014-01-23,NST
14762218,PCT/KR2014/004909,2014-06-03,NST
14762219,61777225,2013-03-12,PRO
14762219,PCT/US14/14389,2014-02-03,NST
14762220,61755225,2013-01-22,PRO
14762220,PCT/US14/12254,2014-01-21,NST
14762221,PCT/JP2014/000280,2014-01-21,NST
14762222,PCT/JP2014/051609,2014-01-27,NST
14762223,PCT/US2014/012510,2014-01-22,NST
14762224,61789485,2013-03-15,PRO
14762224,PCT/US14/14391,2014-02-03,NST
14762225,PCT/IL2014/050112,2014-02-03,NST
14762226,PCT/EP2013/051059,2013-01-21,NST
14762227,PCT/CN2014/070703,2014-01-16,NST
14762228,PCT/IL2013/050926,2013-11-11,NST
14762229,PCT/GB2013/050257,2013-02-05,NST
14762230,PCT/KR2013/011571,2013-12-13,NST
14762231,PCT/US2013/023403,2013-01-28,NST
14762232,PCT/EP2014/051500,2014-01-27,NST
14762233,PCT/US2013/023113,2013-01-25,NST
14762235,61755598,2013-01-23,PRO
14762235,PCT/US14/10586,2014-01-08,NST
14762236,PCT/EP2013/077564,2013-12-20,NST
14762237,PCT/JP2014/051815,2014-01-28,NST
14762238,PCT/JP2014/052489,2014-02-04,NST
14762239,PCT/EP2014/051099,2014-01-21,NST
14762240,PCT/EP2014/053991,2014-02-28,NST
14762241,PCT/JP2014/050979,2014-01-20,NST
14762242,PCT/EP2014/051079,2014-01-21,NST
14762243,PCT/CN2013/076239,2013-05-27,NST
14762244,PCT/KR2014/000370,2014-01-13,NST
14762245,PCT/IB2013/000548,2013-01-22,NST
14762246,PCT/EP2014/050096,2014-01-06,NST
14762247,PCT/US2014/013446,2014-01-28,NST
14762248,PCT/EP2014/050994,2014-01-20,NST
14762249,PCT/SG2014/000024,2014-01-21,NST
14762250,PCT/JP2014/053481,2014-02-14,NST
14762251,PCT/JP2013/054274,2013-02-21,NST
14762252,PCT/JP2013/051321,2013-01-23,NST
14762253,PCT/EP2014/052196,2014-02-05,NST
14762254,PCT/IB2014/058310,2014-01-16,NST
14762255,PCT/JP2013/083103,2013-12-10,NST
14762256,PCT/EP2014/050987,2014-01-20,NST
14762257,PCT/EP2014/051249,2014-01-22,NST
14762258,PCT/US2014/014812,2014-02-05,NST
14762259,61755808,2013-01-23,PRO
14762259,PCT/US14/12359,2014-01-21,NST
14762260,PCT/CN2013/070825,2013-01-22,NST
14762261,PCT/JP2014/050666,2014-01-16,NST
14762262,PCT/BR2014/000044,2014-01-23,NST
14762263,PCT/JP2014/050996,2014-01-20,NST
14762264,PCT/EP2014/050772,2014-01-16,NST
14762265,PCT/EP2014/051879,2014-01-31,NST
14762266,PCT/EP2014/051425,2014-01-24,NST
14762267,PCT/CN2014/082475,2014-07-18,NST
14762268,PCT/FR2014/050278,2014-02-13,NST
14762269,PCT/JP2014/051184,2014-01-22,NST
14762270,PCT/SG2014/000095,2014-02-28,NST
14762271,PCT/JP2014/053283,2014-02-13,NST
14762272,PCT/JP2013/084320,2013-12-20,NST
14762273,PCT/EP2014/051297,2014-01-23,NST
14762274,PCT/EP2014/055782,2014-03-24,NST
14762275,PCT/KR2014/000603,2014-01-21,NST
14762276,PCT/FR2013/052798,2013-11-20,NST
14762277,PCT/KR2014/000621,2014-01-22,NST
14762278,PCT/EP2014/050207,2014-01-08,NST
14762279,PCT/EP2014/051609,2014-01-28,NST
14762280,PCT/CA2014/000013,2014-01-14,NST
14762281,PCT/FR2014/050072,2014-01-15,NST
14762282,PCT/US15/36123,2015-06-17,NST
14762283,PCT/CN2013/070897,2013-01-23,NST
14762284,PCT/JP2013/061628,2013-04-19,NST
14762285,PCT/PT2014/000015,2014-02-26,NST
14762286,PCT/CN2013/087846,2013-11-26,NST
14762287,PCT/KR2013/000546,2013-01-24,NST
14762288,PCT/EP2014/051143,2014-01-21,NST
14762289,PCT/CA2014/050040,2014-01-21,NST
14762290,PCT/EP2013/058437,2013-04-24,NST
14762291,PCT/JP2014/051066,2014-01-21,NST
14762292,PCT/EP2013/075357,2013-12-03,NST
14762293,PCT/JP2013/078843,2013-10-24,NST
14762294,PCT/JP2013/073753,2013-09-04,NST
14762295,PCT/DE2013/100427,2013-12-17,NST
14762296,PCT/JP2014/051574,2014-01-24,NST
14762297,PCT/GB2014/050179,2014-01-23,NST
14762298,PCT/CN2013/074453,2013-04-19,NST
14762299,PCT/JP2014/000361,2014-01-24,NST
14762300,PCT/EP2014/051149,2014-01-21,NST
14762301,PCT/JP2014/051611,2014-01-27,NST
14762302,PCT/US13/22411,2013-01-21,NST
14762303,PCT/FR2014/050180,2014-01-31,NST
14762304,PCT/KR2014/007001,2014-07-30,NST
14762305,PCT/JP13/55655,2013-03-01,NST
14762306,PCT/JP2013/078771,2013-10-24,NST
14762307,PCT/JP2014/050788,2014-01-17,NST
14762308,PCT/JP2014/000415,2014-01-28,NST
14762309,PCT/US2013/077638,2013-12-24,NST
14762310,PCT/EP2014/000187,2014-01-24,NST
14762312,PCT/JP2014/050971,2014-01-20,NST
14762313,PCT/CN2014/084989,2014-08-22,NST
14762314,PCT/EP2013/053141,2013-02-15,NST
14762315,PCT/KR2013/000532,2013-01-23,NST
14762316,PCT/FI2013/050067,2013-01-22,NST
14762318,PCT/JP2013/060513,2013-04-05,NST
14762319,PCT/CN2014/071207,2014-01-23,NST
14762320,PCT/JP2014/050756,2014-01-17,NST
14762321,PCT/JP2014/050148,2014-01-08,NST
14762322,PCT/IB2013/060492,2013-11-29,NST
14762323,PCT/EP2014/050591,2014-01-14,NST
14762324,PCT/JP2013/067814,2013-06-28,NST
14762325,61756703,2013-01-25,PRO
14762325,PCT/US14/12726,2014-01-23,NST
14762326,PCT/IB2014/058464,2014-01-22,NST
14762327,PCT/EP2014/051068,2014-01-21,NST
14762328,PCT/CN2013/070901,2013-01-23,NST
14762329,PCT/SE2014/050005,2014-01-05,NST
14762330,PCT/EP2014/050283,2014-01-09,NST
14762331,PCT/EP2014/050784,2014-01-16,NST
14762332,PCT/US2014/012505,2014-01-22,NST
14762334,PCT/JP2014/052229,2014-01-31,NST
14762335,PCT/KR2013/004290,2013-05-15,NST
14762336,PCT/US2014/012287,2014-01-21,NST
14762337,PCT/JP2013/078568,2013-10-22,NST
14762338,PCT/US2014/012568,2014-01-22,NST
14762339,PCT/KR2013/004292,2013-05-15,NST
14762340,PCT/MX2014/000012,2014-01-17,NST
14762341,PCT/JP2014/051519,2014-01-24,NST
14762342,PCT/JP2014/051274,2014-01-22,NST
14762343,PCT/IL2014/050075,2014-01-22,NST
14762344,PCT/JP2013/078140,2013-10-17,NST
14762345,PCT/GB2013/000548,2013-12-13,NST
14762346,PCT/EP2014/053110,2014-02-18,NST
14762348,PCT/JP2014/053320,2014-02-13,NST
14762349,PCT/EP2014/051140,2014-01-21,NST
14762350,PCT/JP2014/000366,2014-01-24,NST
14762351,PCT/US13/43065,2013-05-29,NST
14762352,PCT/JP2014/050885,2014-01-20,NST
14762353,PCT/IB2014/000229,2014-01-21,NST
14762354,PCT/EP2014/051671,2014-01-29,NST
14762355,PCT/IN14/00039,2014-01-20,NST
14762356,PCT/EP2014/000146,2014-01-21,NST
14762357,PCT/JP2013/081433,2013-11-21,NST
14762358,PCT/IB2014/058254,2014-01-14,NST
14762359,PCT/JP2014/051399,2014-01-23,NST
14762360,PCT/ES2013/070874,2013-12-12,NST
14762361,PCT/EP2013/052000,2013-02-01,NST
14762362,PCT/EP2014/050735,2014-01-15,NST
14762363,PCT/KR2013/008273,2013-09-12,NST
14762364,PCT/IB2014/058248,2014-01-14,NST
14762365,PCT/GR2014/000011,2014-02-19,NST
14762366,PCT/JP2013/083575,2013-12-16,NST
14762367,PCT/JP2014/057223,2014-03-18,NST
14762368,PCT/EP2014/000188,2014-01-24,NST
14762369,PCT/NO2014/050012,2014-01-22,NST
14762371,PCT/CN2014/070899,2014-01-20,NST
14762372,PCT/JP2014/000241,2014-01-20,NST
14762373,PCT/US2014/012996,2014-01-24,NST
14762374,PCT/JP2014/051629,2014-01-27,NST
14762375,61756856,2013-01-25,PRO
14762375,PCT/US14/12243,2014-01-21,NST
14762376,PCT/EP2014/051096,2014-01-21,NST
14762377,PCT/US2013/032533,2013-03-15,NST
14762378,PCT/JP2014/052015,2014-01-30,NST
14762379,PCT/EP2014/051138,2014-01-21,NST
14762380,PCT/JP2013/051212,2013-01-22,NST
14762381,PCT/FR2014/050255,2014-02-11,NST
14762382,PCT/EP2014/051539,2014-01-27,NST
14762383,61780040,2013-03-13,PRO
14762383,PCT/US14/13227,2014-01-27,NST
14762384,PCT/EP2014/051023,2014-01-20,NST
14762385,PCT/EP2014/000300,2014-02-05,NST
14762386,PCT/EP2014/051277,2014-01-22,NST
14762387,PCT/JP2014/051363,2014-01-23,NST
14762388,PCT/CN2013/078836,2013-07-04,NST
14762389,PCT/KR2014/007243,2014-08-05,NST
14762390,PCT/EP2014/000147,2014-01-21,NST
14762391,PCT/IB2014/058447,2014-01-21,NST
14762392,PCT/JP2014/051592,2014-01-20,NST
14762393,PCT/JP2014/059101,2014-03-28,NST
14762394,PCT/SE2014/050075,2014-01-22,NST
14762395,PCT/SE2013/050045,2013-01-22,NST
14762396,PCT/EP2014/050769,2014-01-16,NST
14762397,PCT/GB2014/050167,2014-01-22,NST
14762398,PCT/KR2014/000594,2014-01-21,NST
14762399,PCT/KR2014/006605,2014-07-21,NST
14762400,PCT/IB2014/058336,2014-01-16,NST
14762401,PCT/EP2014/051544,2014-01-27,NST
14762402,PCT/EP2014/000438,2014-02-18,NST
14762403,PCT/DE2014/000014,2014-01-16,NST
14762404,PCT/CN2013/086922,2013-11-12,NST
14762405,PCT/FR2014/050122,2014-01-22,NST
14762406,PCT/EP2014/051417,2014-01-24,NST
14762407,61764913,2013-02-14,PRO
14762407,PCT/US14/12378,2014-01-21,NST
14762408,PCT/JP2013/083700,2013-12-17,NST
14762409,PCT/KR2014/010399,2014-10-31,NST
14762410,PCT/JP2014/051580,2014-01-24,NST
14762411,PCT/EP2014/054974,2014-03-13,NST
14762412,PCT/DE2014/000013,2014-01-16,NST
14762413,PCT/EP2014/051540,2014-01-27,NST
14762414,PCT/FI2014/050068,2014-01-29,NST
14762415,PCT/US13/23863,2013-01-30,NST
14762416,61754831,2013-01-21,PRO
14762416,PCT/US14/12306,2014-01-21,NST
14762417,PCT/JP2014/051577,2014-01-24,NST
14762418,PCT/IB2013/061061,2013-12-18,NST
14762419,PCT/JP2013/054976,2013-02-26,NST
14762420,PCT/EP2013/000266,2013-01-29,NST
14762421,PCT/NL2014/050048,2014-01-30,NST
14762422,PCT/EP2014/051157,2014-01-22,NST
14762423,61755583,2013-01-23,PRO
14762423,PCT/US14/12809,2014-01-23,NST
14762424,61755405,2013-01-22,PRO
14762424,61774498,2013-03-07,PRO
14762424,PCT/US14/12571,2014-01-22,NST
14762425,PCT/IN2014/000048,2014-01-23,NST
14762426,PCT/US2014/012758,2014-01-23,NST
14762427,PCT/EP2014/000296,2014-02-04,NST
14762429,PCT/EP2014/051134,2014-01-21,NST
14762430,PCT/EP2014/000298,2014-02-04,NST
14762431,PCT/US2014/051917,2014-08-20,NST
14762432,PCT/EP2014/000297,2014-02-04,NST
14762433,PCT/EP2013/051486,2013-01-25,NST
14762435,PCT/EP2014/000293,2014-02-04,NST
14762436,PCT/EP2014/000294,2014-02-04,NST
14762437,PCT/EP2014/051542,2014-01-27,NST
14762438,PCT/EP2014/000295,2014-02-04,NST
14762439,PCT/IB2014/058501,2014-01-23,NST
14762440,PCT/JP2014/051703,2014-01-27,NST
14762441,PCT/GB2014/050161,2014-01-21,NST
14762442,PCT/US2014/013243,2014-01-27,NST
14762443,PCT/EP2014/056872,2014-04-04,NST
14762445,PCT/EP2014/050877,2014-01-17,NST
14762446,61755226,2013-01-22,PRO
14762446,61778217,2013-03-12,PRO
14762446,PCT/US14/12494,2014-01-22,NST
14762447,61755296,2013-01-22,PRO
14762447,PCT/US14/12365,2014-01-21,NST
14762448,PCT/JP2013/004789,2013-08-08,NST
14762449,PCT/EP2013/051019,2013-01-21,NST
14762450,PCT/EP2014/053372,2014-02-20,NST
14762451,PCT/US2014/023770,2014-03-11,NST
14762452,PCT/EP2014/052204,2014-02-05,NST
14762453,PCT/JP2013/054319,2013-02-21,NST
14762454,PCT/JP2014/051294,2014-01-22,NST
14762456,PCT/JP2014/051398,2014-01-23,NST
14762457,PCT/JP2014/001097,2014-02-28,NST
14762459,61754944,2013-01-21,PRO
14762459,PCT/US14/12363,2014-01-21,NST
14762461,PCT/IB2014/058128,2014-01-08,NST
14762462,PCT/EP2014/051051,2014-01-20,NST
14762463,61754948,2013-01-21,PRO
14762463,PCT/US14/12367,2014-01-21,NST
14762464,PCT/EP2014/051095,2014-01-21,NST
14762465,PCT/JP2013/083387,2013-12-12,NST
14762466,PCT/KR2013/004293,2013-05-15,NST
14762467,PCT/AU2014/000038,2014-01-22,NST
14762468,PCT/JP2014/051141,2014-01-21,NST
14762469,PCT/IL2014/050097,2014-01-29,NST
14762472,PCT/CN2014/070697,2014-01-16,NST
14762473,PCT/CN2013/083318,2013-09-11,NST
14762474,PCT/CN2014/095549,2014-12-30,NST
14762475,PCT/TR2014/000332,2014-09-19,NST
14762476,PCT/EP2014/052126,2014-02-04,NST
14762477,PCT/JP2013/079924,2013-11-05,NST
14762478,PCT/IB2014/058082,2014-01-07,NST
14762479,PCT/JP2014/053053,2014-02-10,NST
14762480,PCT/FR2014/050172,2014-01-31,NST
14762481,PCT/IB2014/058108,2014-01-08,NST
14762482,PCT/JP2014/000269,2014-01-21,NST
14762483,PCT/CN2013/075530,2013-05-13,NST
14762484,61764830,2013-02-14,PRO
14762484,PCT/US14/15517,2014-02-10,NST
14762485,61770717,2013-02-28,PRO
14762485,61882095,2013-09-25,PRO
14762485,PCT/US14/19259,2014-02-28,NST
14762486,PCT/CN2013/083678,2013-09-17,NST
14762488,PCT/EP2014/051475,2014-01-27,NST
14762489,PCT/EP2014/051443,2014-01-24,NST
14762490,61849306,2013-01-24,PRO
14762490,61849305,2013-01-24,PRO
14762490,PCT/US14/12764,2014-01-23,NST
14762491,PCT/US2014/016691,2014-02-17,NST
14762493,PCT/EP2013/075346,2013-12-03,NST
14762494,PCT/FI2014/050216,2014-03-25,NST
14762495,PCT/JP2014/052588,2014-02-04,NST
14762496,PCT/US2014/011857,2014-01-16,NST
14762497,PCT/JP2014/050192,2014-01-09,NST
14762498,PCT/CN2014/074130,2014-03-26,NST
14762499,PCT/KR2013/009798,2013-10-31,NST
14762500,PCT/EP2014/051610,2014-01-28,NST
14762501,PCT/JP2013/051909,2013-01-29,NST
14762502,PCT/JP2014/051079,2014-01-21,NST
14762503,PCT/EP2014/051426,2014-01-24,NST
14762504,PCT/EP2014/050088,2014-01-06,NST
14762505,PCT/CN2014/075195,2014-04-11,NST
14762506,61762617,2013-02-08,PRO
14762506,PCT/US14/14825,2014-02-05,NST
14762507,PCT/EP2014/051427,2014-01-24,NST
14762508,PCT/CN2014/074747,2014-04-03,NST
14762509,PCT/JP2014/053835,2014-02-19,NST
14762510,PCT/JP2014/050667,2014-01-16,NST
14762511,PCT/EP2013/051672,2013-01-29,NST
14762512,61756021,2013-01-24,PRO
14762512,PCT/US14/12653,2014-01-23,NST
14762513,61755021,2013-01-22,PRO
14762513,PCT/US14/12442,2014-01-22,NST
14762514,PCT/JP2014/081055,2014-11-25,NST
14762515,PCT/US2014/013265,2014-01-28,NST
14762516,PCT/JP2013/084276,2013-12-20,NST
14762517,PCT/EP2014/051038,2014-01-20,NST
14762518,PCT/EP2014/050892,2014-01-17,NST
14762519,61762617,2013-02-08,PRO
14762519,PCT/US14/14773,2014-02-05,NST
14762520,PCT/IB2014/058488,2014-01-23,NST
14762521,PCT/CN2013/086814,2013-11-11,NST
14762522,PCT/KR2013/000562,2013-01-24,NST
14762523,PCT/IB2014/058168,2014-01-10,NST
14762524,PCT/EP2013/003616,2013-11-30,NST
14762525,PCT/JP2014/051282,2014-01-22,NST
14762526,PCT/IB2013/059387,2013-10-16,NST
14762527,PCT/JP2014/050747,2014-01-17,NST
14762528,PCT/JP2014/000234,2014-01-18,NST
14762529,PCT/EP2014/051144,2014-01-21,NST
14762530,PCT/EP2014/050978,2014-01-20,NST
14762531,PCT/GB2014/050304,2014-02-04,NST
14762532,PCT/JP2014/051810,2014-01-28,NST
14762533,PCT/JP2014/051986,2014-01-29,NST
14762534,PCT/IB2014/059344,2014-02-28,NST
14762535,PCT/JP2014/056127,2014-03-10,NST
14762537,61756563,2013-01-25,PRO
14762537,PCT/US14/12634,2014-01-23,NST
14762538,PCT/KR2013/006502,2013-07-19,NST
14762539,PCT/EP2014/051770,2014-01-30,NST
14762540,PCT/NL2014/050027,2014-01-21,NST
14762541,PCT/AT2014/050030,2014-01-27,NST
14762542,61756562,2013-01-25,PRO
14762542,PCT/US14/12639,2014-01-23,NST
14762543,PCT/EP2014/051846,2014-01-30,NST
14762544,61756075,2013-01-24,PRO
14762544,PCT/US14/13055,2014-01-24,NST
14762546,PCT/JP2013/084277,2013-12-20,NST
14762547,PCT/EP2014/051246,2014-01-22,NST
14762548,PCT/EP2014/050196,2014-01-08,NST
14762549,PCT/JP2014/052228,2014-01-31,NST
14762550,PCT/GB2014/050148,2014-01-20,NST
14762551,PCT/EP2014/050133,2014-01-07,NST
14762552,PCT/JP2014/000580,2014-02-04,NST
14762553,PCT/EP2014/050806,2014-01-16,NST
14762554,61756557,2013-01-25,PRO
14762554,PCT/US14/12650,2014-01-23,NST
14762555,PCT/JP2013/051596,2013-01-25,NST
14762556,PCT/EP2013/077146,2013-12-18,NST
14762557,PCT/EP2014/051824,2014-01-30,NST
14762558,PCT/FR2014/050192,2014-02-04,NST
14762559,PCT/EP2014/051063,2014-01-20,NST
14762560,PCT/EP2014/050116,2014-01-07,NST
14762561,PCT/JP2014/000586,2014-02-04,NST
14762562,PCT/JP2014/051717,2014-01-27,NST
14762563,PCT/FI2013/050073,2013-01-23,NST
14762564,PCT/EP2014/051406,2014-01-24,NST
14762565,PCT/US2014/012992,2014-01-24,NST
14762566,PCT/JP2014/050716,2014-01-16,NST
14762568,PCT/IB2014/058704,2014-01-31,NST
14762570,PCT/KR2013/000576,2013-01-24,NST
14762571,PCT/PH2013/000011,2013-04-05,NST
14762572,PCT/US2014/014583,2014-02-04,NST
14762573,PCT/CN2013/074010,2013-04-10,NST
14762574,PCT/EP2014/051410,2014-01-24,NST
14762575,PCT/KR2013/003615,2013-04-26,NST
14762576,PCT/IB2014/058875,2014-02-10,NST
14762577,PCT/JP2014/050360,2014-01-10,NST
14762578,PCT/JP2014/051302,2014-01-22,NST
14762579,PCT/EP2014/051963,2014-01-31,NST
14762580,PCT/IB2014/058452,2014-01-22,NST
14762581,61849338,2013-01-24,PRO
14762581,PCT/US2014/012806,2014-01-23,NST
14762582,PCT/US2014/012884,2014-01-24,NST
14762583,PCT/US2014/013546,2014-01-29,NST
14762584,PCT/US2013/034057,2013-03-27,NST
14762585,PCT/US2014/012515,2014-01-22,NST
14762586,PCT/GB2014/050053,2014-01-09,NST
14762587,PCT/EP2014/051411,2014-01-24,NST
14762589,PCT/CN2013/091180,2013-12-31,NST
14762590,PCT/US2013/024137,2013-01-31,NST
14762591,PCT/IB2014/058069,2014-01-06,NST
14762592,PCT/CN2013/090274,2013-12-24,NST
14762593,PCT/CN2014/070924,2014-01-20,NST
14762595,PCT/JP2014/051329,2014-01-23,NST
14762596,PCT/CN2014/073675,2014-03-19,NST
14762598,PCT/JP2014/051872,2014-01-22,NST
14762599,PCT/EP2014/051373,2014-01-24,NST
14762600,PCT/KR2014/000681,2014-01-23,NST
14762601,61755298,2013-01-22,PRO
14762601,PCT/US14/12555,2014-01-22,NST
14762602,PCT/CN2014/071154,2014-01-22,NST
14762603,PCT/EP2014/051141,2014-01-21,NST
14762604,PCT/JP2014/052365,2014-01-27,NST
14762605,PCT/ZA2014/000028,2014-06-19,NST
14762606,PCT/JP2013/053047,2013-02-08,NST
14762607,PCT/JP2013/051443,2013-01-24,NST
14762608,PCT/GB2014/050150,2014-01-20,NST
14762609,PCT/CN2014/070972,2014-01-21,NST
14762610,PCT/EP2014/051842,2014-01-30,NST
14762611,PCT/JP2013/085055,2013-12-27,NST
14762612,PCT/EP2014/052470,2014-02-07,NST
14762613,PCT/US2014/012827,2014-01-23,NST
14762615,PCT/JP2014/000338,2014-01-23,NST
14762616,61755842,2013-01-23,PRO
14762616,PCT/US14/12781,2014-01-23,NST
14762617,61756598,2013-01-25,PRO
14762617,PCT/US14/13198,2014-01-27,NST
14762618,PCT/EP2014/050563,2014-01-14,NST
14762619,PCT/JP2013/052309,2013-02-01,NST
14762620,PCT/JP2014/051115,2014-01-21,NST
14762621,PCT/JP2014/052609,2014-02-05,NST
14762622,PCT/CA2014/000071,2014-01-30,NST
14762623,PCT/EP2014/051204,2014-01-22,NST
14762624,PCT/JP2014/050819,2014-01-17,NST
14762625,PCT/EP2013/075897,2013-12-09,NST
14762626,PCT/BR2013/000474,2013-11-07,NST
14762627,PCT/FR2014/050119,2014-01-22,NST
14762628,PCT/CN2013/070884,2013-01-23,NST
14762629,PCT/JP2014/000288,2014-01-21,NST
14762630,61790832,2013-03-15,PRO
14762630,PCT/US13/75347,2013-12-16,NST
14762632,PCT/JP2014/058933,2014-03-27,NST
14762634,PCT/JP2013/084603,2013-12-25,NST
14762635,PCT/JP2013/057717,2013-03-18,NST
14762636,61755238,2013-01-22,PRO
14762636,PCT/US14/12569,2014-01-22,NST
14762637,PCT/US2014/010833,2014-01-09,NST
14762638,PCT/EP2014/051128,2014-01-21,NST
14762640,PCT/JP2013/051824,2013-01-29,NST
14762642,PCT/EP2013/075270,2013-12-02,NST
14762643,PCT/JP2014/051075,2014-01-21,NST
14762644,PCT/US2013/024103,2013-01-31,NST
14762645,PCT/EP2013/076241,2013-12-11,NST
14762646,PCT/US2014/012951,2014-01-24,NST
14762647,PCT/US14/27818,2014-03-14,NST
14762648,PCT/EP2014/050478,2014-01-13,NST
14762649,PCT/JP2013/082924,2013-12-09,NST
14762650,PCT/CN2013/083830,2013-09-18,NST
14762651,PCT/JP2014/000609,2014-02-05,NST
14762652,PCT/JP2013/007619,2013-12-26,NST
14762653,PCT/EP2014/051072,2014-01-21,NST
14762654,PCT/RU2013/001197,2013-12-30,NST
14762655,PCT/EP2014/051290,2014-01-23,NST
14762656,PCT/EP2014/051114,2014-01-21,NST
14762657,61755841,2013-01-23,PRO
14762657,61767220,2013-02-20,PRO
14762657,PCT/US14/12752,2014-01-23,NST
14762658,PCT/JP2014/050571,2014-01-15,NST
14762659,PCT/KR2014/010207,2014-10-28,NST
14762660,PCT/EP14/51067,2014-01-21,NST
14762662,PCT/EP2014/051535,2014-01-27,NST
14762663,PCT/JP2013/006692,2013-11-14,NST
14762664,PCT/EP2014/050058,2014-01-03,NST
14762665,PCT/JP2014/000402,2014-01-27,NST
14762666,PCT/CN2013/090330,2013-12-24,NST
14762668,PCT/GB2014/050223,2014-01-29,NST
14762669,PCT/KR2014/000407,2014-01-14,NST
14762670,61756172,2013-01-24,PRO
14762670,PCT/US14/12030,2014-01-17,NST
14762671,PCT/CN2014/086738,2014-09-17,NST
14762672,PCT/GB2014/050178,2014-01-23,NST
14762673,PCT/IB2014/058639,2014-01-29,NST
14762674,PCT/JP2014/000212,2014-01-17,NST
14762675,PCT/JP2014/050663,2014-01-16,NST
14762676,PCT/JP2013/082114,2013-11-29,NST
14762677,PCT/US2014/026096,2014-03-13,NST
14762678,PCT/GB2014/050206,2014-01-27,NST
14762679,PCT/EP2014/050100,2014-01-06,NST
14762681,PCT/JP2014/054933,2014-02-27,NST
14762682,PCT/IL2014/000008,2014-01-27,NST
14762683,PCT/US2014/013440,2014-01-28,NST
14762684,PCT/JP2014/050791,2014-01-17,NST
14762685,PCT/JP2014/052179,2014-01-24,NST
14762686,PCT/JP2013/053342,2013-02-13,NST
14762688,PCT/AT2014/050017,2014-01-17,NST
14762689,PCT/JP2014/051522,2014-01-24,NST
14762690,PCT/US2014/032578,2014-04-01,NST
14762691,PCT/US2014/013366,2014-01-28,NST
14762692,PCT/IB2014/058424,2014-01-21,NST
14762693,PCT/GB2014/050171,2014-01-22,NST
14762694,PCT/EP2014/000797,2014-03-24,NST
14762695,PCT/JP14/51961,2014-01-29,NST
14762696,PCT/JP2014/053826,2014-02-07,NST
14762697,61757005,2013-01-25,PRO
14762697,PCT/US14/12738,2014-01-23,NST
14762698,PCT/AU2014/000052,2014-01-29,NST
14762699,PCT/JP2014/050744,2014-01-17,NST
14762700,PCT/EP2014/050642,2014-01-15,NST
14762701,PCT/SE2013/050050,2013-01-23,NST
14762702,PCT/US2014/013114,2014-01-27,NST
14762703,PCT/JP2014/050662,2014-01-16,NST
14762704,PCT/KR2013/010493,2013-11-19,NST
14762705,61849224,2013-01-22,PRO
14762705,61817510,2013-04-30,PRO
14762705,61839562,2013-06-26,PRO
14762705,PCT/US14/12355,2014-01-21,NST
14762706,PCT/JP2014/055705,2014-02-27,NST
14762707,PCT/JP2014/000265,2014-01-21,NST
14762708,PCT/EP2014/050129,2014-01-07,NST
14762709,PCT/CN2013/090328,2013-12-24,NST
14762710,PCT/EP2013/003932,2013-12-21,NST
14762711,PCT/JP2014/050898,2014-01-20,NST
14762712,61755020,2013-01-22,PRO
14762712,PCT/US14/12615,2014-01-22,NST
14762713,PCT/JP2014/000540,2014-02-03,NST
14762714,PCT/EP2014/051102,2014-01-21,NST
14762715,PCT/US2013/031803,2013-03-14,NST
14762716,PCT/CN2013/070904,2013-01-23,NST
14762717,PCT/IB2014/058434,2014-01-21,NST
14762718,PCT/EP2013/075407,2013-12-03,NST
14762719,PCT/EP2014/050905,2014-01-17,NST
14762720,PCT/KR2014/012610,2014-12-19,NST
14762721,PCT/EP2014/000139,2014-01-20,NST
14762722,PCT/AU2014/000035,2014-01-21,NST
14762724,PCT/JP2014/054173,2014-02-21,NST
14762725,PCT/JP14/53592,2014-02-17,NST
14762726,PCT/JP2014/000436,2014-01-29,NST
14762727,PCT/EP2014/051293,2014-01-23,NST
14762728,PCT/JP2013/006824,2013-11-20,NST
14762729,PCT/EP2014/051581,2014-01-28,NST
14762730,PCT/CA2014/000090,2014-01-31,NST
14762731,PCT/EP2014/050997,2014-01-20,NST
14762732,PCT/EP2013/051481,2013-01-25,NST
14762733,PCT/JP14/54112,2014-02-21,NST
14762734,PCT/JP2014/050509,2014-01-15,NST
14762735,PCT/EP2013/051592,2013-01-28,NST
14762736,PCT/JP2014/000095,2014-01-10,NST
14762737,PCT/JP2014/053105,2014-02-10,NST
14762738,PCT/AU2014/000041,2014-01-27,NST
14762739,PCT/JP2014/000362,2014-01-24,NST
14762740,PCT/US13/22585,2013-01-22,NST
14762741,PCT/GB2014/050116,2014-01-16,NST
14762742,PCT/EP2014/051318,2014-01-23,NST
14762743,61755130,2013-01-22,PRO
14762743,PCT/US14/12523,2014-01-22,NST
14762744,PCT/JP2014/050899,2014-01-20,NST
14762745,PCT/IB2014/000216,2014-01-22,NST
14762746,PCT/JP2014/051567,2014-01-24,NST
14762747,PCT/CN2013/090616,2013-12-27,NST
14762748,PCT/IB2014/000181,2014-01-21,NST
14762749,PCT/JP2014/053373,2014-02-13,NST
14762750,PCT/JP2014/002146,2014-04-16,NST
14762751,PCT/EP2014/051329,2014-01-23,NST
14762752,PCT/KR2014/000622,2014-01-22,NST
14762753,PCT/EP2014/051264,2014-01-22,NST
14762754,PCT/KR2014/000665,2014-01-23,NST
14762755,PCT/NZ2014/000007,2014-01-21,NST
14762756,PCT/EP2014/050268,2014-01-09,NST
14762757,PCT/MX2014/000033,2014-01-29,NST
14762758,PCT/US2014/012946,2014-01-24,NST
14762759,PCT/US13/22672,2013-01-23,NST
14762760,PCT/EP2014/000193,2014-01-24,NST
14762761,61756539,2013-01-25,PRO
14762761,PCT/US14/12574,2014-01-22,NST
14762762,61768330,2013-02-22,PRO
14762762,PCT/US13/74871,2013-12-13,NST
14762763,PCT/CN2013/000453,2013-04-19,NST
14762764,61768330,2013-02-22,PRO
14762764,PCT/US13/74867,2013-12-13,NST
14762765,PCT/MX2014/000031,2014-01-29,NST
14762766,PCT/EP2013/003745,2013-12-11,NST
14762767,PCT/EP2013/003747,2013-12-11,NST
14762768,61755753,2013-01-23,PRO
14762768,PCT/US14/12730,2014-01-23,NST
14762769,61756939,2013-01-25,PRO
14762769,PCT/US14/12937,2014-01-24,NST
14762770,PCT/SG2014/000115,2014-03-10,NST
14762771,PCT/IB2014/059254,2014-02-26,NST
14762772,PCT/KR2013/001163,2013-02-14,NST
14762773,PCT/KR2014/000770,2014-01-28,NST
14762774,PCT/KR2014/005992,2014-07-04,NST
14762775,61767928,2013-02-22,PRO
14762775,PCT/US14/18002,2014-02-24,NST
14762776,PCT/JP2014/000043,2014-01-08,NST
14762777,61755871,2013-01-23,PRO
14762777,PCT/US14/12816,2014-01-23,NST
14762778,PCT/JP2014/053467,2014-02-14,NST
14762779,61759305,2013-01-31,PRO
14762779,PCT/US13/70332,2013-11-15,NST
14762780,PCT/KR2014/000639,2014-01-22,NST
14762781,PCT/JP2014/051290,2014-01-22,NST
14762782,PCT/FR2014/050113,2014-01-22,NST
14762783,PCT/JP2014/051077,2014-01-21,NST
14762784,PCT/EP2014/051347,2014-01-23,NST
14762785,PCT/JP2014/000272,2014-01-21,NST
14762786,PCT/US2014/013754,2014-01-30,NST
14762787,61756825,2013-01-25,PRO
14762787,PCT/US14/12861,2014-01-24,NST
14762788,PCT/JP2013/062447,2013-04-26,NST
14762789,PCT/JP2014/050646,2014-01-16,NST
14762790,PCT/EP2013/051597,2013-01-28,NST
14762791,61755946,2013-01-23,PRO
14762791,PCT/US14/12616,2014-01-22,NST
14762792,PCT/US2014/012621,2014-01-22,NST
14762793,PCT/SG2014/000026,2014-01-22,NST
14762794,PCT/EP2013/051557,2013-01-28,NST
14762796,PCT/US2014/022463,2014-03-10,NST
14762797,PCT/EP2013/051482,2013-01-25,NST
14762798,PCT/JP2014/050419,2014-01-14,NST
14762799,PCT/US13/23586,2013-01-29,NST
14762801,PCT/EP2013/051646,2013-01-29,NST
14762802,PCT/EP2013/051617,2013-01-29,NST
14762803,PCT/JP2014/000416,2014-01-28,NST
14762806,PCT/JP2014/000417,2014-01-28,NST
14762807,PCT/CN2013/086516,2013-11-04,NST
14762808,PCT/KR2014/000671,2014-01-23,NST
14762809,PCT/KR2014/000686,2014-01-23,NST
14762810,PCT/IS2014/050010,2014-11-20,NST
14762812,PCT/JP2014/053076,2014-02-10,NST
14762814,PCT/IB2013/051140,2013-02-12,NST
14762815,PCT/IL2014/050068,2014-01-21,NST
14762816,PCT/IL2014/050108,2014-01-30,NST
14762818,PCT/CN2013/090580,2013-12-26,NST
14762819,61756000,2013-01-24,PRO
14762819,PCT/IB14/58526,2014-01-24,NST
14762820,PCT/IL2014/050085,2014-01-23,NST
14762821,PCT/IB2014/058848,2014-02-07,NST
14762822,PCT/NO2014/000004,2014-01-23,NST
14762823,PCT/IL2014/050093,2014-01-28,NST
14762824,PCT/FR2014/050080,2014-01-16,NST
14762825,PCT/EP2014/051989,2014-02-03,NST
14762826,PCT/IB2014/058563,2014-01-27,NST
14762827,61758396,2013-01-30,PRO
14762827,PCT/US14/13566,2014-01-29,NST
14762828,PCT/US2014/011243,2014-01-13,NST
14762829,61758356,2013-01-30,PRO
14762829,PCT/US14/13127,2014-01-27,NST
14762830,PCT/JP2013/051822,2013-01-29,NST
14762831,61756140,2013-01-24,PRO
14762831,PCT/US14/13022,2014-01-24,NST
14762832,PCT/EP2014/051353,2014-01-24,NST
14762833,PCT/US2014/013320,2013-01-28,NST
14762834,PCT/EP2014/000245,2014-01-29,NST
14762835,61762176,2013-02-07,PRO
14762835,PCT/US14/14982,2014-02-06,NST
14762836,PCT/IB2014/000661,2014-03-11,NST
14762837,PCT/CN2013/091022,2013-12-31,NST
14762838,PCT/IL2014/050086,2014-01-24,NST
14762839,PCT/CA2014/050054,2014-01-24,NST
14762840,PCT/EP2014/050484,2014-01-13,NST
14762841,PCT/JP2013/073392,2013-08-30,NST
14762842,PCT/SG2013/000542,2013-12-19,NST
14762843,PCT/JP2013/058780,2013-03-26,NST
14762844,PCT/IB2014/059345,2014-02-28,NST
14762845,PCT/US2014/012799,2014-01-23,NST
14762846,PCT/CA2013/000356,2013-04-15,NST
14762848,PCT/EP2014/051216,2014-01-22,NST
14762849,PCT/IB2014/058625,2014-01-29,NST
14762850,PCT/JP2013/061928,2013-04-23,NST
14762851,PCT/JP2014/052756,2014-02-06,NST
14762853,PCT/EP2014/055779,2014-03-24,NST
14762855,PCT/JP2014/058877,2014-03-27,NST
14762856,PCT/US2014/012964,2014-01-24,NST
14762857,PCT/JP2014/051161,2014-01-15,NST
14762858,PCT/KR2014/000091,2014-01-06,NST
14762859,61755735,2013-01-23,PRO
14762859,61790428,2013-03-15,PRO
14762859,PCT/US14/12696,2014-01-23,NST
14762860,PCT/KR2014/000655,2014-01-23,NST
14762861,PCT/CN2014/074598,2014-04-02,NST
14762862,PCT/SE2014/050063,2014-01-21,NST
14762863,PCT/EP2013/061989,2013-06-11,NST
14762865,PCT/JP2013/006714,2013-11-15,NST
14762866,PCT/EP2014/051228,2014-01-22,NST
14762867,PCT/EP2013/072489,2013-10-28,NST
14762868,PCT/US2014/012695,2014-01-23,NST
14762869,61849660,2013-01-31,PRO
14762869,PCT/US14/14262,2014-01-31,NST
14762870,PCT/IT2014/000044,2014-02-20,NST
14762872,PCT/JP2013/007329,2013-12-12,NST
14762873,PCT/CN2014/074601,2014-04-02,NST
14762874,61756787,2013-01-25,PRO
14762874,61902559,2013-11-11,PRO
14762874,PCT/US14/13185,2014-01-27,NST
14762875,PCT/JP2014/050682,2014-01-16,NST
14762876,PCT/ES2014/070046,2014-01-23,NST
14762877,PCT/JP2014/000585,2014-02-04,NST
14762878,PCT/JP2014/051391,2014-01-23,NST
14762879,PCT/IL2014/050088,2014-01-24,NST
14762880,PCT/JP2014/055264,2014-03-03,NST
14762881,PCT/CN2014/073786,2014-03-20,NST
14762882,PCT/JP2013/081708,2013-11-26,NST
14762883,PCT/JP2014/000941,2014-02-24,NST
14762884,PCT/GB2014/050233,2014-01-29,NST
14762886,PCT/JP2014/051739,2014-01-28,NST
14762887,PCT/JP2014/052880,2014-02-07,NST
14762888,PCT/CN2014/075178,2014-04-11,NST
14762889,PCT/JP2014/054704,2014-02-26,NST
14762890,PCT/US13/28722,2013-03-01,NST
14762891,PCT/JP2014/000582,2014-02-04,NST
14762892,PCT/JP2014/000561,2014-02-04,NST
14762893,PCT/GB2014/050192,2014-01-24,NST
14762894,PCT/JP2013/081941,2013-11-27,NST
14762895,PCT/JP2014/052315,2014-01-31,NST
14762896,PCT/KR2013/000593,2013-01-25,NST
14762897,PCT/JP2013/081233,2013-11-20,NST
14762898,61806103,2013-03-28,PRO
14762898,PCT/US14/25304,2014-03-13,NST
14762899,PCT/JP2014/000123,2014-01-14,NST
14762900,PCT/EP2014/051202,2014-01-22,NST
14762901,PCT/CN2013/083650,2013-09-17,NST
14762902,PCT/US2014/025653,2014-03-13,NST
14762903,PCT/JP2014/059387,2014-03-25,NST
14762904,PCT/EP2013/051640,2013-01-29,NST
14762905,PCT/IB2014/059094,2014-02-19,NST
14762906,PCT/EP2014/051107,2014-01-21,NST
14762907,PCT/JP2014/000639,2014-02-06,NST
14762908,PCT/IB2014/058321,2015-01-16,NST
14762909,61756717,2013-01-25,PRO
14762909,PCT/US14/12977,2014-01-24,NST
14762910,PCT/JP2014/052149,2014-01-30,NST
14762911,PCT/KR2014/008985,2014-09-25,NST
14762912,PCT/JP2014/052836,2014-02-07,NST
14762913,PCT/JP2014/052058,2014-01-30,NST
14762914,PCT/US2014/012582,2014-01-22,NST
14762915,PCT/CN2013/083683,2013-09-17,NST
14762916,PCT/JP2014/051610,2014-01-27,NST
14762917,PCT/IB2014/059088,2014-02-19,NST
14762918,PCT/JP2013/081601,2013-11-25,NST
14762919,PCT/JP2014/000240,2014-01-20,NST
14762920,PCT/EP2014/000177,2014-01-23,NST
14762921,PCT/JP2014/051362,2014-01-23,NST
14762922,PCT/JP2014/051172,2014-01-22,NST
14762923,PCT/JP2014/000151,2014-01-15,NST
14762924,PCT/JP2013/080289,2013-11-08,NST
14762925,PCT/CN2013/089419,2013-12-13,NST
14762926,PCT/CA2014/000053,2014-01-24,NST
14762927,PCT/EP2014/051731,2014-01-29,NST
14762928,PCT/JP2013/084293,2013-12-20,NST
14762929,PCT/US14/11950,2014-01-17,NST
14762930,PCT/EP2014/051301,2014-01-23,NST
14762931,PCT/JP2013/083413,2013-12-13,NST
14762932,PCT/IL2014/050090,2014-01-24,NST
14762933,PCT/IL2014/050089,2014-01-24,NST
14762934,PCT/KR2014/004382,2014-05-16,NST
14762935,PCT/JP2013/084182,2013-12-20,NST
14762936,PCT/JP2014/051122,2014-01-21,NST
14762937,PCT/US2013/022846,2013-01-24,NST
14762938,PCT/CN2014/070967,2014-01-21,NST
14762939,PCT/US2013/023655,2013-01-29,NST
14762940,PCT/JP2014/051506,2014-01-24,NST
14762941,PCT/CN2013/070918,2013-01-24,NST
14762942,13748948,2013-01-24,CON
14762942,PCT/US13/75926,2013-12-18,NST
14762943,PCT/DE2014/100108,2014-03-28,NST
14762944,61762363,2013-02-08,PRO
14762944,PCT/US14/15261,2014-02-07,NST
14762945,PCT/GB2014/050111,2014-01-15,NST
14762946,61756805,2013-01-25,PRO
14762946,PCT/US14/12704,2014-01-23,NST
14762947,PCT/IB2014/058517,2014-01-24,NST
14762948,PCT/EP2014/051160,2014-01-22,NST
14762949,PCT/EP2014/052714,2014-02-12,NST
14762950,PCT/US2014/012734,2014-01-23,NST
14762951,PCT/IB2014/058819,2014-02-05,NST
14762952,61756784,2013-01-25,PRO
14762952,PCT/US14/12706,2014-01-23,NST
14762953,PCT/NL2014/050039,2014-01-24,NST
14762954,PCT/CN2014/000082,2014-01-22,NST
14762955,PCT/JP2013/080100,2013-11-07,NST
14762956,PCT/JP2013/081365,2013-11-21,NST
14762957,PCT/EP2014/051048,2014-01-20,NST
14762958,PCT/US2013/022626,2013-01-23,NST
14762959,PCT/JP2014/055624,2014-03-05,NST
14762961,PCT/JP2014/000080,2014-01-10,NST
14762962,PCT/JP2014/000488,2014-01-30,NST
14762963,PCT/CN2013/088796,2013-12-06,NST
14762964,PCT/CA2014/050049,2014-01-24,NST
14762966,PCT/JP2014/051620,2014-01-27,NST
14762967,PCT/JP2014/000569,2014-02-04,NST
14762968,PCT/CN2013/085188,2013-10-14,NST
14762969,PCT/JP2014/051309,2014-01-22,NST
14762971,PCT/EP2014/051367,2014-01-24,NST
14762972,PCT/JP2014/059609,2014-04-01,NST
14762973,PCT/US2014/012896,2014-01-24,NST
14762975,PCT/EP2014/050209,2014-01-08,NST
14762976,PCT/GB2013/050256,2013-02-05,NST
14762977,PCT/IT2014/000023,2014-01-24,NST
14762978,PCT/CA2013/050333,2013-04-30,NST
14762979,PCT/GB2014/050205,2014-01-27,NST
14762980,PCT/US2014/012793,2014-01-23,NST
14762981,PCT/JP2014/050683,2014-01-16,NST
14762982,PCT/JP2014/051487,2014-01-24,NST
14762983,61756534,2013-01-25,PRO
14762983,PCT/US14/12675,2014-01-23,NST
14762984,PCT/EP2014/051238,2014-01-22,NST
14762985,PCT/US2014/012920,2014-01-24,NST
14762986,PCT/DK2014/000006,2014-01-23,NST
14762988,PCT/FR2014/050138,2014-01-24,NST
14762989,PCT/EP2014/050522,2014-01-14,NST
14762990,PCT/NO2014/050015,2014-01-27,NST
14762991,PCT/JP2014/060446,2014-04-04,NST
14762992,PCT/CA2013/050136,2013-02-22,NST
14762993,PCT/JP2014/050943,2014-01-20,NST
14762994,PCT/KR2013/012426,2013-12-31,NST
14762995,PCT/JP2014/060183,2014-04-08,NST
14762996,PCT/EP2014/051377,2014-01-24,NST
14762997,61756865,2013-01-25,PRO
14762997,PCT/US14/12894,2014-01-24,NST
14762998,PCT/IN2013/000049,2013-01-23,NST
14763000,PCT/JP2013/080929,2013-11-15,NST
14763001,PCT/US2013/075359,2013-12-13,NST
14763002,PCT/US2014/012882,2014-01-24,NST
14763003,PCT/KR2014/000720,2014-01-24,NST
14763004,PCT/IL2014/050087,2014-01-23,NST
14763005,PCT/JP2014/050900,2014-01-20,NST
14763006,PCT/AT2014/050028,2014-01-27,NST
14763007,PCT/US2014/012912,2014-01-24,NST
14763008,PCT/US2014/013071,2014-01-24,NST
14763009,PCT/CA2013/050565,2013-07-19,NST
14763010,61756803,2013-01-25,PRO
14763010,61798747,2013-03-15,PRO
14763010,PCT/US14/13180,2014-01-27,NST
14763011,PCT/JP2013/084212,2013-12-20,NST
14763012,PCT/US2014/014761,2014-02-05,NST
14763013,61756292,2013-01-24,PRO
14763013,PCT/US14/12968,2014-01-24,NST
14763014,PCT/JP2013/051946,2013-01-30,NST
14763015,PCT/EP2013/064621,2013-07-10,NST
14763016,PCT/IL2014/050099,2014-01-29,NST
14763017,61756662,2013-01-25,PRO
14763017,PCT/US13/42796,2013-05-28,NST
14763018,PCT/IN2014/000061,2014-01-27,NST
14763019,PCT/JP2013/059155,2013-03-27,NST
14763020,PCT/JP2013/080701,2013-11-13,NST
14763021,PCT/IB2014/001736,2014-09-03,NST
14763022,PCT/JP2013/051912,2013-01-29,NST
14763023,PCT/GB2014/050177,2014-01-23,NST
14763024,PCT/JP2013/073273,2013-08-30,NST
14763025,PCT/EP2014/058474,2014-04-25,NST
14763026,PCT/JP2013/084527,2013-12-24,NST
14763027,PCT/EP2013/070493,2013-10-01,NST
14763029,PCT/JP2014/050272,2014-01-10,NST
14763030,PCT/IB2013/000162,2013-01-25,NST
14763031,PCT/JP2014/050470,2014-01-14,NST
14763032,PCT/JP2014/051007,2014-01-20,NST
14763033,PCT/US2014/017484,2014-02-20,NST
14763034,PCT/SE2014/000009,2014-01-23,NST
14763035,PCT/IB2014/000059,2014-01-21,NST
14763036,61758207,2013-01-29,PRO
14763036,PCT/US14/13203,2014-01-27,NST
14763038,PCT/EP2013/072764,2013-10-31,NST
14763039,PCT/JP2013/051647,2013-01-25,NST
14763040,PCT/CA2014/050047,2014-01-23,NST
14763041,PCT/JP2014/000433,2014-01-28,NST
14763042,PCT/EP2014/051466,2014-01-27,NST
14763044,PCT/JP2013/007011,2013-11-28,NST
14763045,PCT/JP2013/007251,2013-12-10,NST
14763046,PCT/JP2014/056451,2014-03-12,NST
14763047,PCT/KR2013/011886,2013-12-19,NST
14763048,PCT/JP2014/053028,2014-02-10,NST
14763049,PCT/JP2014/051589,2014-01-25,NST
14763050,PCT/EP2013/003615,2013-11-30,NST
14763051,PCT/CN2013/070870,2013-01-23,NST
14763052,PCT/FR2014/051022,2014-04-29,NST
14763053,PCT/EP2013/051981,2013-02-01,NST
14763055,61758982,2013-01-31,PRO
14763055,PCT/US14/13186,2014-01-27,NST
14763056,PCT/ES2014/070045,2014-01-23,NST
14763057,PCT/EP2014/050240,2014-01-08,NST
14763058,PCT/US2014/017701,2014-02-21,NST
14763059,PCT/FR2014/050123,2014-01-22,NST
14763060,PCT/EP2013/052376,2013-02-07,NST
14763061,PCT/KR2013/009229,2013-10-16,NST
14763062,PCT/DE2014/000021,2014-01-17,NST
14763063,PCT/EP2014/051276,2014-01-22,NST
14763064,PCT/IB2014/000205,2014-02-26,NST
14763065,PCT/JP2014/055952,2014-03-07,NST
14763066,PCT/FR2014/050134,2014-01-23,NST
14763067,PCT/EP2014/051366,2014-01-24,NST
14763068,61755760,2013-01-23,PRO
14763068,61785752,2013-03-14,PRO
14763068,PCT/US14/12833,2014-01-23,NST
14763069,PCT/NL2014/050030,2014-01-22,NST
14763070,PCT/JP2014/051229,2014-01-22,NST
14763071,PCT/GB2014/050259,2014-01-30,NST
14763072,PCT/JP2013/080722,2013-11-13,NST
14763073,PCT/EP2014/050039,2014-01-03,NST
14763075,PCT/JP2014/051052,2014-01-21,NST
14763076,PCT/JP2014/054084,2014-02-20,NST
14763077,PCT/KR2014/000687,2014-01-23,NST
14763078,PCT/EP2014/051225,2014-01-22,NST
14763079,PCT/EP2014/000136,2014-01-20,NST
14763080,PCT/CA2014/000047,2014-01-23,NST
14763081,PCT/IB2014/058454,2014-01-22,NST
14763082,PCT/EP2013/077277,2013-12-19,NST
14763083,PCT/JP2014/051143,2014-01-21,NST
14763084,PCT/GB2014/050198,2014-01-27,NST
14763085,PCT/JP2013/082643,2013-12-04,NST
14763086,PCT/EP2014/051343,2014-01-23,NST
14763087,PCT/KR2014/000684,2014-01-23,NST
14763088,PCT/JP2013/066399,2015-06-13,NST
14763089,PCT/KR2014/001757,2014-03-04,NST
14763090,PCT/CA2014/000056,2014-01-24,NST
14763091,PCT/JP2014/051219,2014-01-22,NST
14763092,PCT/KR2014/000695,2014-01-24,NST
14763093,PCT/EP2014/051361,2014-01-24,NST
14763094,PCT/CN2014/070903,2014-01-20,NST
14763095,PCT/FR2014/050665,2014-03-21,NST
14763097,PCT/US13/23679,2013-01-29,NST
14763098,PCT/JP2014/000154,2014-01-15,NST
14763099,PCT/KR2014/001079,2014-02-07,NST
14763100,PCT/IB2013/050578,2013-01-23,NST
14763101,PCT/US2013/025740,2013-02-12,NST
14763102,PCT/CA2014/050050,2014-01-24,NST
14763103,PCT/US2014/013031,2014-01-24,NST
14763104,PCT/KR2014/010955,2014-11-14,NST
14763105,PCT/JP13/73033,2013-08-28,NST
14763106,PCT/JP2013/084380,2013-12-21,NST
14763107,PCT/IN2013/000051,2013-01-24,NST
14763108,PCT/NZ2014/000006,2014-01-24,NST
14763109,PCT/US2013/076076,2013-12-18,NST
14763110,PCT/KR2014/001064,2014-02-07,NST
14763111,PCT/US2013/023431,2013-01-28,NST
14763112,PCT/US2014/013398,2014-01-28,NST
14763113,PCT/US2014/012914,2014-01-24,NST
14763114,PCT/KR2014/001402,2014-02-21,NST
14763115,PCT/CH2013/000015,2013-01-25,NST
14763116,PCT/JP2014/053171,2014-02-12,NST
14763117,PCT/IB2014/058490,2014-01-23,NST
14763118,PCT/KR2014/000404,2014-01-14,NST
14763119,PCT/CN2013/071081,2013-01-29,NST
14763120,PCT/EP2014/051308,2014-01-23,NST
14763121,PCT/BR2014/000019,2014-01-23,NST
14763122,PCT/KR2014/006607,2014-07-21,NST
14763123,61771698,2013-03-01,PRO
14763123,PCT/US14/19031,2014-02-27,NST
14763125,PCT/JP2013/062583,2013-04-30,NST
14763126,PCT/CN2013/076412,2013-05-29,NST
14763127,PCT/US2014/012780,2014-01-23,NST
14763128,PCT/KR2014/001620,2014-02-27,NST
14763130,PCT/EP2014/051405,2014-01-24,NST
14763132,PCT/US13/23180,2013-01-25,NST
14763133,PCT/JP2013/079620,2013-10-31,NST
14763134,PCT/KR2013/000988,2013-02-07,NST
14763135,PCT/JP2014/050240,2014-01-09,NST
14763136,PCT/US2013/022989,2013-01-24,NST
14763137,PCT/JP2013/051626,2013-01-25,NST
14763138,PCT/US2014/012984,2014-01-24,NST
14763139,PCT/JP2013/079807,2013-11-05,NST
14763140,PCT/EP2013/056101,2013-03-22,NST
14763141,PCT/EP2014/051315,2014-01-23,NST
14763142,61764811,2013-02-14,PRO
14763142,PCT/US13/78407,2013-12-31,NST
14763143,PCT/JP2014/050958,2014-01-20,NST
14763145,PCT/EP2014/051340,2014-01-23,NST
14763146,PCT/JP2014/000372,2014-01-24,NST
14763147,PCT/JP2014/051375,2014-01-23,NST
14763148,PCT/EP2013/051338,2013-01-24,NST
14763149,PCT/US2014/012690,2014-01-23,NST
14763150,PCT/JP2014/050239,2014-01-09,NST
14763152,PCT/EP2013/051629,2013-01-29,NST
14763155,PCT/JP2014/051962,2014-01-29,NST
14763157,PCT/EP2013/076431,2013-12-12,NST
14763158,61920086,2013-12-23,PRO
14763158,14551933,2014-11-24,CIP
14763158,PCT/US14/72255,2014-12-23,NST
14763159,PCT/CN2014/071479,2014-01-26,NST
14763160,PCT/KR2014/000715,2014-01-24,NST
14763161,PCT/US13/26072,2013-02-14,NST
14763162,PCT/EP2014/051081,2014-01-21,NST
14763163,PCT/EP2014/051235,2014-01-22,NST
14763164,PCT/JP2014/000391,2014-01-27,NST
14763165,PCT/KR2014/000662,2014-01-23,NST
14763166,PCT/JP2014/051189,2014-01-22,NST
14763167,PCT/IT2014/000075,2014-03-18,NST
14763168,PCT/KR2014/000499,2014-01-17,NST
14763169,PCT/CN2013/083550,2013-09-16,NST
14763170,PCT/KR2014/007594,2014-08-14,NST
14763171,61757863,2013-01-29,PRO
14763171,PCT/US14/13542,2014-01-29,NST
14763172,PCT/US2013/027634,2013-02-25,NST
14763173,PCT/EP2013/077920,2013-12-23,NST
14763174,PCT/US2014/017559,2014-02-21,NST
14763175,PCT/JP2014/000472,2014-01-30,NST
14763176,PCT/CN2014/085495,2014-08-29,NST
14763177,PCT/US2014/013799,2014-01-30,NST
14763178,PCT/JP2014/050205,2014-01-09,NST
14763179,PCT/JP2014/051898,2014-01-29,NST
14763180,PCT/IB2014/058615,2014-01-28,NST
14763181,PCT/IB2014/058500,2014-01-23,NST
14763182,61769009,2013-02-25,PRO
14763182,PCT/US14/18018,2014-02-24,NST
14763183,PCT/IB2014/059004,2014-02-14,NST
14763184,PCT/JP2014/052590,2014-01-28,NST
14763185,PCT/EP2014/050980,2014-01-20,NST
14763186,PCT/GB14/50200,2014-01-27,NST
14763187,PCT/JP2014/050728,2014-01-17,NST
14763188,PCT/JP2014/053905,2014-02-19,NST
14763189,PCT/EP2014/051774,2014-01-30,NST
14763190,PCT/US2013/023474,2013-01-28,NST
14763191,61757780,2013-01-29,PRO
14763191,PCT/US13/31196,2013-03-14,NST
14763192,PCT/DK2014/050014,2014-01-24,NST
14763193,PCT/US2014/013788,2014-01-30,NST
14763194,PCT/GB2014/050126,2014-01-16,NST
14763195,PCT/US2013/028151,2013-02-28,NST
14763196,PCT/JP2014/051446,2014-01-24,NST
14763197,PCT/JP2014/000563,2014-02-04,NST
14763198,PCT/US2014/035226,2014-04-24,NST
14763199,PCT/JP2013/079834,2013-11-05,NST
14763200,PCT/KR2014/000089,2014-01-06,NST
14763201,61759515,2013-02-01,PRO
14763201,PCT/US14/13832,2014-01-30,NST
14763202,61756855,2013-01-25,PRO
14763202,PCT/US14/12924,2014-01-24,NST
14763203,PCT/EP2014/052172,2014-02-04,NST
14763204,PCT/US2013/077754,2013-12-26,NST
14763205,PCT/CN2013/071006,2013-01-25,NST
14763207,PCT/EP2013/071642,2013-10-16,NST
14763208,PCT/EP2014/000415,2014-02-14,NST
14763209,PCT/US2013/077753,2013-12-26,NST
14763211,PCT/DK2014/050015,2014-01-27,NST
14763212,PCT/US2014/013040,2014-01-24,NST
14763213,PCT/US2014/013037,2014-01-24,NST
14763214,PCT/US2014/019609,2014-02-28,NST
14763215,PCT/JP2013/052240,2013-01-31,NST
14763216,PCT/US13/25693,2013-02-12,NST
14763217,PCT/US2014/013382,2014-01-28,NST
14763218,PCT/IN2013/000066,2013-01-31,NST
14763219,PCT/CN2014/070463,2014-01-10,NST
14763220,PCT/EP2013/051467,2013-01-25,NST
14763221,PCT/JP2014/051261,2014-01-22,NST
14763222,PCT/EP2014/051392,2014-01-24,NST
14763223,PCT/JP2014/051422,2014-01-23,NST
14763224,PCT/JP2014/050887,2014-01-20,NST
14763225,PCT/JP2014/051723,2014-01-27,NST
14763226,PCT/EP2013/051478,2013-01-25,NST
14763229,PCT/JP2013/000436,2013-01-28,NST
14763230,PCT/GB2014/050242,2014-01-30,NST
14763231,PCT/JP2014/051270,2014-01-22,NST
14763232,PCT/EP2014/001200,2014-05-06,NST
14763233,PCT/EP2014/000165,2014-01-23,NST
14763234,PCT/CN2013/071046,2013-01-28,NST
14763238,61756676,2013-01-25,PRO
14763238,PCT/US14/12212,2014-01-20,NST
14763239,PCT/US2014/012787,2014-01-23,NST
14763240,PCT/JP2014/053337,2014-02-13,NST
14763241,PCT/EP2014/053383,2014-02-21,NST
14763242,PCT/US2013/023001,2013-01-24,NST
14763243,PCT/IB2013/000364,2013-01-24,NST
14763244,PCT/GB2014/050208,2014-01-28,NST
14763245,PCT/EP2014/050984,2014-01-20,NST
14763246,PCT/EP2014/051877,2014-01-31,NST
14763247,PCT/EP2013/051349,2013-01-24,NST
14763248,PCT/EP2014/000213,2014-01-28,NST
14763249,PCT/EP2014/051416,2014-01-24,NST
14763250,PCT/JP2014/050410,2014-01-14,NST
14763251,61756897,2013-01-25,PRO
14763251,PCT/US14/13007,2014-01-24,NST
14763252,PCT/EP2014/051454,2014-01-24,NST
14763253,PCT/KR2014/000714,2014-01-24,NST
14763254,61761400,2013-02-06,PRO
14763254,PCT/US14/15037,2014-02-06,NST
14763255,PCT/SE2014/050090,2014-01-24,NST
14763256,PCT/JP2014/084676,2014-12-26,NST
14763257,PCT/CN2013/071869,2013-02-26,NST
14763258,PCT/JP2014/000761,2014-02-14,NST
14763259,PCT/JP2013/083919,2013-12-18,NST
14763260,PCT/KR2014/002608,2014-03-27,NST
14763261,61757151,2013-01-27,PRO
14763261,PCT/US14/13109,2014-01-27,NST
14763262,PCT/US2014/013232,2014-01-27,NST
14763263,PCT/EP2014/051998,2014-02-03,NST
14763264,PCT/EP2014/051482,2014-01-27,NST
14763265,PCT/DE2014/100019,2014-01-24,NST
14763266,PCT/FR2014/050139,2014-01-24,NST
14763267,PCT/JP2013/082191,2013-11-29,NST
14763268,PCT/JP2014/052879,2014-02-07,NST
14763269,PCT/JP2014/001607,2014-03-20,NST
14763270,PCT/EP2013/051356,2013-01-24,NST
14763271,61765022,2013-02-14,PRO
14763271,PCT/US14/16628,2014-02-14,NST
14763272,PCT/EP2014/000162,2014-01-22,NST
14763273,PCT/CA2014/000076,2014-01-27,NST
14763274,PCT/CN2013/079995,2013-07-24,NST
14763275,PCT/US2014/013395,2014-01-28,NST
14763276,PCT/CN2013/083587,2013-09-16,NST
14763278,PCT/JP2013/081600,2013-11-25,NST
14763279,PCT/JP2014/000470,2014-01-30,NST
14763280,PCT/EP2014/052853,2014-02-13,NST
14763281,PCT/EP2014/051283,2014-01-23,NST
14763282,PCT/JP2014/079622,2014-11-07,NST
14763283,PCT/US14/14608,2014-02-04,NST
14763284,PCT/JP2014/053125,2014-02-12,NST
14763286,PCT/EP2014/051375,2014-01-24,NST
14763287,PCT/FR2014/050157,2014-01-29,NST
14763288,PCT/EP2014/051284,2014-01-23,NST
14763289,PCT/JP2013/061447,2013-04-18,NST
14763290,61837162,2013-06-19,PRO
14763290,PCT/US14/43183,2014-06-19,NST
14763292,PCT/EP2014/051369,2014-01-24,NST
14763293,PCT/US2014/016626,2014-02-14,NST
14763294,PCT/EP2014/051431,2014-01-24,NST
14763295,PCT/KR2014/000752,2014-01-27,NST
14763296,PCT/EP2013/075827,2013-12-06,NST
14763298,PCT/IB2014/058584,2014-01-27,NST
14763299,PCT/FR2014/000009,2014-01-17,NST
14763300,PCT/JP2014/050717,2014-01-16,NST
14763302,61757071,2013-01-25,PRO
14763302,PCT/US14/13182,2014-01-27,NST
14763303,PCT/JP2014/051042,2014-01-21,NST
14763304,PCT/JP2014/052041,2014-01-30,NST
14763305,PCT/US2014/013044,2014-01-24,NST
14763306,PCT/US2009/050898,2009-07-16,NST
14763307,PCT/IN2014/000058,2014-01-24,NST
14763308,PCT/US2014/019547,2014-02-28,NST
14763309,PCT/EP2014/052053,2014-02-03,NST
14763310,PCT/US2014/012901,2014-01-24,NST
14763311,61756048,2013-01-24,PRO
14763311,PCT/US14/12848,2014-01-24,NST
14763312,PCT/EP2013/003642,2013-12-03,NST
14763313,PCT/JP2014/053253,2014-02-13,NST
14763314,PCT/EP2013/051639,2013-01-29,NST
14763315,PCT/EP2013/076231,2013-12-11,NST
14763316,PCT/CN2014/071232,2014-01-24,NST
14763317,PCT/EP2014/000158,2014-01-22,NST
14763318,PCT/JP2014/054593,2014-02-19,NST
14763320,PCT/JP2013/052854,2013-02-07,NST
14763321,PCT/EP2013/074485,2013-11-22,NST
14763322,PCT/AU2013/000599,2013-06-05,NST
14763323,PCT/JP2014/050169,2014-01-08,NST
14763324,61802831,2013-03-18,PRO
14763324,PCT/US14/19185,2014-02-28,NST
14763325,PCT/EP2014/051423,2014-01-24,NST
14763326,PCT/IB2014/000071,2014-01-27,NST
14763327,PCT/JP2014/052243,2014-01-31,NST
14763328,PCT/IT2014/000025,2014-01-29,NST
14763329,PCT/JP2014/053677,2014-02-18,NST
14763330,PCT/JP2013/083485,2013-12-13,NST
14763331,PCT/JP2014/053189,2014-02-12,NST
14763332,PCT/JP2013/007142,2013-12-05,NST
14763334,PCT/CN2014/090142,2014-11-02,NST
14763335,PCT/KR2013/009783,2013-10-31,NST
14763336,PCT/EP2014/051183,2014-01-22,NST
14763337,PCT/IB2013/000161,2013-01-25,NST
14763338,PCT/JP2013/051663,2013-01-25,NST
14763339,61757512,2013-01-28,PRO
14763339,PCT/IB14/00629,2014-01-27,NST
14763340,PCT/JP2014/051696,2014-01-27,NST
14763341,PCT/US2014/013018,2014-01-24,NST
14763342,PCT/JP2014/052894,2014-02-07,NST
14763344,PCT/JP2014/060745,2014-04-15,NST
14763345,PCT/JP2013/084634,2013-12-25,NST
14763347,PCT/EP2013/051343,2013-01-24,NST
14763348,PCT/JP2014/000176,2014-01-16,NST
14763349,PCT/JP2014/000305,2014-01-22,NST
14763350,PCT/EP2014/051393,2014-01-24,NST
14763351,PCT/CN2013/088205,2013-11-29,NST
14763352,PCT/EP2014/051234,2014-01-22,NST
14763353,PCT/JP2014/060673,2014-04-15,NST
14763354,PCT/GB2014/000027,2014-01-27,NST
14763355,PCT/DE2014/000026,2014-01-24,NST
14763356,PCT/AT2014/050026,2014-01-22,NST
14763357,PCT/JP2014/052030,2014-01-30,NST
14763358,PCT/JP2014/050548,2014-01-15,NST
14763359,PCT/EP2014/053260,2014-02-19,NST
14763360,61758511,2013-01-30,PRO
14763360,PCT/US14/13833,2014-01-30,NST
14763361,PCT/CA2014/000043,2014-01-24,NST
14763362,61756704,2013-01-25,PRO
14763362,61877600,2013-09-13,PRO
14763362,PCT/US14/12979,2014-01-24,NST
14763363,PCT/JP2014/050770,2014-01-17,NST
14763364,PCT/IB2014/058519,2014-01-24,NST
14763365,PCT/JP2013/051570,2013-01-25,NST
14763366,PCT/FI2014/050025,2014-01-15,NST
14763367,PCT/CA2014/000052,2014-01-28,NST
14763368,PCT/JP2013/007305,2013-12-12,NST
14763369,PCT/US14/13352,2014-01-28,NST
14763370,PCT/JP2013/051911,2013-01-29,NST
14763371,PCT/EP2014/051028,2014-01-20,NST
14763372,PCT/JP2013/081517,2013-11-22,NST
14763373,PCT/JP2014/051572,2014-01-24,NST
14763374,PCT/DK2013/050041,2013-02-15,NST
14763375,PCT/EP2014/051608,2014-01-28,NST
14763376,PCT/JP2014/052010,2014-01-29,NST
14763378,PCT/EP2014/050373,2014-01-10,NST
14763380,61756827,2013-01-25,PRO
14763380,PCT/US14/13023,2014-01-24,NST
14763381,PCT/EP2014/051434,2014-01-24,NST
14763382,PCT/KR2014/000997,2014-02-05,NST
14763383,PCT/AT2014/050029,2014-01-27,NST
14763384,PCT/CN2014/071281,2014-01-23,NST
14763385,PCT/FR2014/050107,2014-01-21,NST
14763386,PCT/EP2014/051662,2014-01-28,NST
14763387,PCT/JP2014/050168,2014-01-08,NST
14763388,PCT/JP2013/082144,2013-11-29,NST
14763389,PCT/CN2013/088935,2013-12-10,NST
14763390,PCT/EP2013/003899,2013-12-20,NST
14763391,PCT/EP2014/051388,2014-01-24,NST
14763392,PCT/EP2014/051089,2014-01-21,NST
14763393,PCT/IB2013/000121,2013-01-31,NST
14763394,PCT/US2014/012722,2014-01-23,NST
14763395,PCT/IB2014/058532,2014-01-24,NST
14763396,PCT/CA2014/000081,2014-01-27,NST
14763397,61783594,2013-03-14,PRO
14763397,PCT/US14/29734,2014-03-14,NST
14763399,PCT/KR2014/000640,2014-01-22,NST
14763400,PCT/EP2014/051086,2014-01-21,NST
14763401,PCT/EP2014/050818,2014-01-16,NST
14763402,PCT/AU2014/000050,2014-01-28,NST
14763403,PCT/JP2014/000320,2014-01-23,NST
14763404,PCT/US2013/023413,2013-01-28,NST
14763405,PCT/JP2014/000471,2014-01-30,NST
14763406,PCT/FR2014/050307,2014-02-14,NST
14763407,PCT/CN2013/072445,2013-03-12,NST
14763408,PCT/US13/29111,2013-03-05,NST
14763409,PCT/CA2013/050930,2013-12-04,NST
14763410,PCT/KR2014/007235,2014-08-05,NST
14763411,PCT/JP2013/007575,2013-12-25,NST
14763412,PCT/JP2014/051881,2014-01-29,NST
14763413,PCT/JP2014/051627,2014-01-27,NST
14763414,PCT/KR2014/008791,2014-09-22,NST
14763415,PCT/JP2014/051854,2014-01-28,NST
14763416,PCT/EP2014/000186,2014-01-24,NST
14763417,PCT/JP2014/001537,2014-03-18,NST
14763418,PCT/KR2014/000664,2014-01-23,NST
14763419,61757650,2013-01-28,PRO
14763419,61839316,2013-06-25,PRO
14763419,PCT/US14/13438,2014-01-28,NST
14763420,PCT/US2014/012677,2014-01-23,NST
14763421,PCT/EP2014/051726,2014-01-29,NST
14763422,PCT/EP2014/051390,2014-01-24,NST
14763423,PCT/SG2014/000029,2014-01-23,NST
14763425,PCT/JP2013/051597,2013-01-25,NST
14763426,PCT/EP2013/000755,2013-03-14,NST
14763427,PCT/EP2014/051087,2014-01-21,NST
14763428,PCT/JP2014/054228,2014-02-21,NST
14763429,61804619,2013-03-22,PRO
14763429,PCT/US14/17641,2014-02-21,NST
14763430,61757399,2013-01-28,PRO
14763430,PCT/US14/13165,2014-01-27,NST
14763431,PCT/CN2014/071351,2014-01-24,NST
14763432,PCT/JP2014/054592,2014-02-19,NST
14763433,PCT/GB2014/050174,2013-01-22,NST
14763434,PCT/AU2013/001504,2013-12-20,NST
14763435,PCT/EP2013/003876,2013-12-19,NST
14763436,61756680,2013-01-25,PRO
14763436,PCT/US14/13030,2014-01-24,NST
14763437,PCT/EP2013/074676,2013-11-26,NST
14763438,PCT/JP2014/051839,2014-01-28,NST
14763439,PCT/EP2014/050614,2014-01-14,NST
14763440,PCT/US13/23785,2013-01-30,NST
14763441,PCT/US2014/013782,2014-01-30,NST
14763442,PCT/US2014/013038,2014-01-24,NST
14763443,PCT/GB2014/050180,2014-01-23,NST
14763444,PCT/US2013/024038,2013-01-31,NST
14763445,61756661,2013-01-25,PRO
14763445,PCT/US14/13024,2014-01-24,NST
14763446,PCT/EP2014/055382,2014-03-18,NST
14763447,PCT/US14/13041,2014-01-24,NST
14763448,PCT/IN2014/000056,2014-01-24,NST
14763449,PCT/IN2014/000057,2014-01-24,NST
14763450,PCT/EP2014/051414,2014-01-24,NST
14763451,PCT/US2013/024026,2013-01-31,NST
14763452,PCT/GB2014/050191,2014-01-24,NST
14763453,PCT/US2014/013029,2014-01-24,NST
14763454,PCT/GB2014/050375,2014-02-07,NST
14763455,PCT/US2014/013039,2014-01-24,NST
14763456,PCT/US2014/013043,2014-01-24,NST
14763457,PCT/EP2014/000161,2014-01-22,NST
14763458,PCT/US13/02784,2013-02-27,NST
14763459,61756763,2013-01-25,PRO
14763459,PCT/US14/13081,2014-01-25,NST
14763460,PCT/US2013/031289,2013-03-14,NST
14763461,PCT/FR2014/050142,2014-01-24,NST
14763462,PCT/JP2014/051384,2014-01-23,NST
14763463,PCT/JP2014/052362,2014-01-27,NST
14763464,PCT/EP2014/051607,2014-01-28,NST
14763465,PCT/KR2014/011222,2014-11-20,NST
14763466,PCT/JP2014/051686,2014-01-27,NST
14763467,61756151,2013-01-24,PRO
14763467,PCT/US14/13073,2014-01-24,NST
14763468,PCT/US2014/013204,2014-01-27,NST
14763469,PCT/US13/26565,2013-02-18,NST
14763470,PCT/IB2014/000478,2014-01-23,NST
14763471,61772444,2013-03-04,PRO
14763471,PCT/US14/17693,2014-02-21,NST
14763472,PCT/GB2014/050176,2014-01-22,NST
14763473,PCT/KR2013/007452,2013-08-20,NST
14763474,PCT/US2014/016955,2014-02-18,NST
14763475,PCT/GB2014/052195,2014-07-18,NST
14763476,PCT/JP2014/000319,2014-01-23,NST
14763477,PCT/JP2013/084768,2013-12-17,NST
14763478,PCT/CA2014/050055,2014-01-24,NST
14763479,PCT/GB2014/050215,2014-01-28,NST
14763480,PCT/IN2014/000055,2014-01-24,NST
14763481,PCT/JP2014/053355,2014-02-13,NST
14763482,PCT/KR2014/000777,2014-01-28,NST
14763483,PCT/US2013/023218,2013-01-25,NST
14763484,PCT/US13/24072,2013-01-31,NST
14763485,PCT/AU2014/000044,2014-01-24,NST
14763486,PCT/US2014/012998,2014-01-24,NST
14763487,PCT/KR2014/000690,2014-01-24,NST
14763488,PCT/CN2013/000108,2013-01-31,NST
14763489,PCT/EP2014/050746,2014-01-16,NST
14763490,PCT/KR2013/009727,2013-10-30,NST
14763491,PCT/US13/23266,2013-01-25,NST
14763492,PCT/US2014/013809,2014-01-30,NST
14763493,PCT/EP2014/051395,2014-01-24,NST
14763494,PCT/EP2013/055439,2013-03-15,NST
14763496,PCT/US2013/024176,2013-01-31,NST
14763497,PCT/IB2013/050859,2013-02-01,NST
14763498,PCT/CN2013/000106,2013-01-31,NST
14763499,PCT/KR2014/000707,2014-01-24,NST
14763500,PCT/NL2014/050040,2014-01-27,NST
14763501,PCT/US2013/023552,2013-01-29,NST
14763502,61757553,2013-01-28,PRO
14763502,61914341,2013-12-10,PRO
14763502,PCT/US14/13242,2014-01-27,NST
14763504,PCT/US2013/023932,2013-01-30,NST
14763505,PCT/CN2013/088284,2013-12-02,NST
14763506,PCT/EP2013/051710,2013-01-29,NST
14763507,PCT/EP2013/051612,2013-01-29,NST
14763508,PCT/EP2013/051681,2013-01-29,NST
14763509,PCT/IN2013/000057,2013-01-29,NST
14763510,PCT/US2013/023894,2013-01-30,NST
14763511,PCT/US2013/024152,2013-01-31,NST
14763512,PCT/CN2014/075025,2014-04-10,NST
14763513,61756810,2013-01-25,PRO
14763513,PCT/US14/12607,2014-01-22,NST
14763514,PCT/IL2014/050109,2014-01-30,NST
14763515,PCT/KR2014/001203,2014-02-14,NST
14763516,PCT/US2014/031521,2014-03-21,NST
14763517,PCT/US2014/031520,2014-03-21,NST
14763518,PCT/US2014/031641,2014-03-25,NST
14763519,PCT/US2014/031546,2014-03-24,NST
14763520,PCT/EP2014/051559,2014-01-28,NST
14763522,PCT/EP2014/051575,2014-01-28,NST
14763523,PCT/FI2013/050202,2013-02-22,NST
14763524,PCT/JP2014/051713,2014-01-27,NST
14763525,PCT/EP2014/050743,2014-01-16,NST
14763526,PCT/JP2014/051714,2014-01-27,NST
14763527,PCT/JP2014/050644,2014-01-16,NST
14763529,PCT/EP2014/051569,2014-01-28,NST
14763530,PCT/GB2014/050188,2014-01-24,NST
14763532,PCT/US2013/023810,2013-01-30,NST
14763533,PCT/KR2013/000682,2013-01-28,NST
14763534,PCT/JP2013/070335,2013-07-26,NST
14763535,PCT/US2014/012907,2014-01-24,NST
14763537,PCT/CN2013/071337,2013-02-04,NST
14763538,PCT/JP2014/052367,2014-01-27,NST
14763539,PCT/IB2014/058748,2014-02-03,NST
14763540,PCT/US2014/013160,2014-01-27,NST
14763541,PCT/IB2014/058427,2014-01-21,NST
14763542,PCT/US2014/012930,2014-01-24,NST
14763543,PCT/US2014/013341,2014-01-28,NST
14763544,PCT/EP2014/051481,2014-01-27,NST
14763545,PCT/NL2014/050073,2014-02-06,NST
14763546,PCT/JP2014/052066,2014-01-30,NST
14763547,PCT/EP2014/051663,2014-01-28,NST
14763548,PCT/JP2014/055200,2014-02-25,NST
14763549,PCT/EP2014/051747,2014-01-30,NST
14763550,PCT/EP2014/051217,2014-01-22,NST
14763551,PCT/JP2013/064016,2013-05-21,NST
14763552,PCT/CN2013/071181,2013-01-31,NST
14763553,PCT/US2013/064794,2013-10-14,NST
14763554,PCT/EP2013/062377,2013-06-14,NST
14763555,PCT/JP2013/051918,2013-01-29,NST
14763556,PCT/IT2014/000013,2014-01-15,NST
14763557,PCT/US2013/071644,2013-11-25,NST
14763558,PCT/US2014/012170,2014-01-20,NST
14763559,PCT/EP2013/001523,2013-05-23,NST
14763560,PCT/JP2014/053663,2014-02-17,NST
14763561,PCT/JP2013/081355,2013-11-21,NST
14763562,PCT/JP2014/051656,2014-01-27,NST
14763563,PCT/EP2014/050682,2014-01-15,NST
14763564,61757498,2013-01-28,PRO
14763564,61811439,2013-04-12,PRO
14763564,61829079,2013-05-30,PRO
14763564,PCT/US14/13344,2014-01-28,NST
14763565,PCT/FR2014/050256,2014-02-11,NST
14763566,PCT/JP2013/051914,2013-01-29,NST
14763567,PCT/JP2013/080681,2013-11-13,NST
14763568,PCT/EP2014/051722,2014-01-29,NST
14763569,PCT/AT2014/000185,2014-10-16,NST
14763570,PCT/EP2014/052587,2014-02-11,NST
14763571,PCT/EP2014/051732,2014-01-29,NST
14763572,PCT/EP2014/050001,2014-01-02,NST
14763573,PCT/JP2014/051655,2014-01-27,NST
14763574,PCT/JP2013/084720,2013-12-25,NST
14763575,PCT/US2013/024980,2013-02-06,NST
14763576,PCT/EP2013/051562,2013-01-28,NST
14763577,PCT/US2013/023901,2013-01-30,NST
14763578,PCT/IB2014/058612,2014-01-28,NST
14763579,PCT/EP2013/076126,2013-12-10,NST
14763580,PCT/JP2014/052374,2014-01-28,NST
14763581,PCT/JP2014/000180,2014-01-16,NST
14763582,PCT/US2013/023896,2013-01-30,NST
14763583,PCT/JP2014/051657,2014-01-27,NST
14763584,61756999,2013-01-25,PRO
14763584,61915508,2013-12-12,PRO
14763584,PCT/US14/13213,2014-01-27,NST
14763585,PCT/CN2013/071064,2013-01-29,NST
14763586,PCT/EP2014/000340,2014-02-07,NST
14763587,PCT/CN2014/094832,2014-12-24,NST
14763588,61757290,2013-01-28,PRO
14763588,PCT/US14/13152,2014-01-27,NST
14763589,PCT/JP2013/007583,2013-12-25,NST
14763590,PCT/US2014/018868,2014-02-27,NST
14763591,PCT/US2013/023726,2013-01-30,NST
14763592,PCT/JP2013/051910,2013-01-29,NST
14763593,PCT/EP2014/000126,2014-01-17,NST
14763594,PCT/EP2014/051546,2014-01-27,NST
14763595,PCT/JP2013/077640,2013-10-10,NST
14763596,PCT/US2014/016377,2014-02-14,NST
14763597,PCT/JP2013/084209,2013-12-20,NST
14763598,PCT/IN2014/000066,2014-01-28,NST
14763599,PCT/EP2014/000368,2014-02-11,NST
14763600,PCT/IB2014/058706,2014-01-31,NST
14763601,PCT/EP2014/051800,2014-01-30,NST
14763603,PCT/JP2014/050108,2014-01-08,NST
14763604,PCT/EP2014/051974,2014-02-02,NST
14763605,PCT/FR2014/050218,2014-02-05,NST
14763606,PCT/EP2014/051802,2014-01-30,NST
14763607,PCT/EP2014/051654,2014-01-28,NST
14763608,61770794,2013-02-28,PRO
14763608,PCT/US14/19502,2014-02-28,NST
14763609,PCT/EP2014/052697,2014-02-12,NST
14763610,PCT/JP2014/000764,2014-02-14,NST
14763611,PCT/JP2014/050953,2014-01-20,NST
14763612,61770937,2013-02-28,PRO
14763612,61819848,2013-05-06,PRO
14763612,PCT/US14/19508,2014-02-28,NST
14763613,PCT/EP2014/052560,2014-02-10,NST
14763614,PCT/US2014/013260,2014-01-28,NST
14763615,PCT/EP2014/051563,2014-01-28,NST
14763616,PCT/FI2014/050077,2014-01-31,NST
14763617,PCT/EP2014/051803,2014-01-30,NST
14763618,PCT/JP2014/051748,2014-01-28,NST
14763619,PCT/JP2014/051562,2014-01-24,NST
14763620,PCT/US2014/016197,2014-02-13,NST
14763622,PCT/GB2013/053174,2013-11-29,NST
14763623,PCT/JP2013/063627,2013-05-16,NST
14763624,PCT/EP2014/000182,2014-01-24,NST
14763625,PCT/EP2014/051399,2014-01-24,NST
14763626,PCT/JP2014/052678,2014-02-05,NST
14763627,PCT/US2014/013922,2014-01-30,NST
14763628,PCT/EP2014/051043,2014-01-20,NST
14763629,PCT/US2014/058513,2014-10-01,NST
14763630,PCT/EP2014/050879,2014-01-17,NST
14763631,PCT/IB2014/058326,2014-01-16,NST
14763632,PCT/JP2014/056909,2014-03-14,NST
14763633,61758270,2013-01-29,PRO
14763633,PCT/US14/13342,2014-01-28,NST
14763634,PCT/EP2013/068009,2013-08-30,NST
14763635,PCT/FI2013/050113,2013-02-01,NST
14763636,PCT/IB2014/000058,2014-01-22,NST
14763637,PCT/KR2013/011422,2013-12-10,NST
14763638,PCT/JP2014/053983,2014-02-20,NST
14763639,PCT/IB2014/000145,2014-02-11,NST
14763640,PCT/US2013/023903,2013-01-30,NST
14763641,PCT/FR2014/050081,2014-01-16,NST
14763642,PCT/EP2014/051804,2014-01-30,NST
14763643,PCT/JP2013/061836,2013-04-23,NST
14763644,PCT/JP2013/077899,2013-10-15,NST
14763645,PCT/JP2014/000160,2014-01-15,NST
14763646,PCT/JP2014/053537,2014-02-14,NST
14763647,PCT/JP2014/052385,2014-02-03,NST
14763648,PCT/DK2013/050038,2013-02-14,NST
14763649,PCT/US2014/014171,2014-01-31,NST
14763650,PCT/JP2014/051595,2014-01-20,NST
14763651,PCT/JP2014/056653,2014-03-13,NST
14763652,PCT/EP2014/050387,2014-01-10,NST
14763653,PCT/JP2013/051908,2013-01-29,NST
14763654,PCT/JP2014/000419,2014-01-28,NST
14763655,PCT/CH2014/000009,2014-01-28,NST
14763656,PCT/JP2014/052337,2014-01-31,NST
14763657,PCT/JP2013/007186,2013-12-06,NST
14763658,PCT/IB2014/058468,2014-01-22,NST
14763659,PCT/EP2014/050397,2014-01-10,NST
14763660,PCT/JP2013/052186,2013-01-31,NST
14763661,PCT/JP2014/000347,2014-01-24,NST
14763662,61758411,2013-01-30,PRO
14763662,PCT/US14/13290,2014-01-28,NST
14763663,PCT/EP2014/053036,2014-02-17,NST
14763664,PCT/EP2014/051511,2014-01-27,NST
14763665,PCT/KR2013/009589,2013-10-25,NST
14763666,PCT/JP2013/052962,2013-02-01,NST
14763667,PCT/SG2014/000023,2014-01-21,NST
14763669,PCT/EP2014/050180,2014-01-08,NST
14763670,PCT/US2013/034747,2013-03-31,NST
14763672,PCT/CN2013/081982,2013-08-21,NST
14763673,PCT/EP2014/051159,2014-01-22,NST
14763674,PCT/US2014/014575,2014-02-04,NST
14763675,PCT/JP2014/053568,2014-02-07,NST
14763676,PCT/JP2014/050564,2014-01-15,NST
14763677,PCT/EP2014/051109,2014-01-21,NST
14763678,PCT/EP2014/052230,2014-02-05,NST
14763679,PCT/TR2014/000019,2014-01-29,NST
14763680,PCT/JP2014/051688,2014-01-27,NST
14763681,61757460,2013-01-28,PRO
14763681,61841684,2013-07-01,PRO
14763681,61842667,2013-07-03,PRO
14763681,PCT/US14/13403,2014-01-28,NST
14763682,PCT/JP2014/000611,2014-02-05,NST
14763683,PCT/JP2013/083478,2013-12-13,NST
14763684,PCT/IB2014/000382,2014-01-29,NST
14763685,PCT/EP2014/051538,2014-01-27,NST
14763687,PCT/EP2014/055984,2014-03-25,NST
14763688,PCT/DE2013/200304,2013-11-18,NST
14763689,PCT/JP2014/060874,2014-04-16,NST
14763691,PCT/EP2013/003777,2013-12-13,NST
14763692,PCT/JP2014/052055,2014-01-30,NST
14763693,PCT/EP2014/000183,2014-01-24,NST
14763694,PCT/EP2014/052177,2014-02-05,NST
14763695,PCT/CN2014/070042,2014-01-02,NST
14763696,PCT/JP2014/050565,2014-01-15,NST
14763697,PCT/IB2014/058518,2014-01-24,NST
14763698,PCT/US2014/013129,2014-01-27,NST
14763699,PCT/JP2014/052324,2014-01-31,NST
14763700,PCT/IL2014/000007,2014-01-27,NST
14763701,61759301,2013-01-31,PRO
14763701,PCT/US14/14189,2014-01-31,NST
14763702,PCT/JP2013/072665,2013-08-26,NST
14763703,PCT/IB2014/058487,2014-01-23,NST
14763704,PCT/EP2013/000757,2013-03-14,NST
14763705,PCT/JP2014/050563,2014-01-15,NST
14763706,PCT/US2014/013841,2014-01-30,NST
14763707,PCT/EP2014/052070,2014-02-03,NST
14763708,PCT/CN2014/071341,2014-01-24,NST
14763709,PCT/EP2014/052244,2013-02-05,NST
14763710,PCT/US2014/020535,2014-03-05,NST
14763711,PCT/EP2013/003849,2013-12-19,NST
14763712,PCT/JP2014/000403,2014-01-27,NST
14763713,PCT/JP2014/000350,2014-01-24,NST
14763714,PCT/JP2014/050742,2014-01-17,NST
14763716,PCT/JP2014/053236,2014-02-13,NST
14763717,PCT/JP2014/050186,2014-01-09,NST
14763718,PCT/CN2013/088174,2013-11-29,NST
14763719,PCT/US13/23440,2013-01-28,NST
14763720,PCT/FR2014/050097,2014-01-20,NST
14763721,PCT/EP14/52833,2014-02-13,NST
14763722,PCT/KR2014/000901,2014-02-03,NST
14763723,PCT/JP2014/050566,2014-01-15,NST
14763724,PCT/EP2013/076614,2013-12-13,NST
14763725,PCT/CN2013/072726,2013-03-15,NST
14763726,PCT/CN2014/071383,2014-01-24,NST
14763727,PCT/EP2014/050620,2014-01-14,NST
14763728,PCT/EP2014/050798,2014-01-16,NST
14763729,61758937,2013-01-31,PRO
14763729,PCT/US14/13772,2014-01-30,NST
14763730,61759326,2013-01-31,PRO
14763730,PCT/US14/14200,2014-01-31,NST
14763732,PCT/JP2014/053838,2014-02-19,NST
14763733,PCT/CN2014/071475,2014-01-26,NST
14763734,PCT/US2014/013763,2014-01-30,NST
14763735,PCT/EP2014/053139,2014-02-18,NST
14763736,PCT/US2014/017733,2014-02-21,NST
14763737,PCT/CN2013/087260,2013-11-15,NST
14763738,PCT/US2014/016622,2014-02-14,NST
14763739,PCT/US13/23060,2013-01-25,NST
14763740,PCT/IB2014/058885,2014-02-10,NST
14763741,61771689,2013-03-01,PRO
14763741,PCT/US13/76533,2013-12-19,NST
14763742,PCT/EP2014/051465,2014-01-27,NST
14763743,PCT/US2014/013229,2014-01-27,NST
14763744,PCT/ES2014/070051,2014-01-24,NST
14763745,PCT/JP2014/000044,2014-01-08,NST
14763746,PCT/JP2014/053087,2014-02-10,NST
14763747,61758618,2013-01-30,PRO
14763747,PCT/US14/13631,2014-01-29,NST
14763749,PCT/IB2014/058441,2014-01-21,NST
14763750,61756739,2013-01-25,PRO
14763750,61810974,2013-04-11,PRO
14763750,PCT/US14/13201,2014-01-27,NST
14763751,PCT/US2013/024005,2013-01-31,NST
14763752,PCT/NL2014/050090,2014-02-13,NST
14763753,PCT/IB2014/058445,2014-01-21,NST
14763754,PCT/IB2014/058599,2014-01-28,NST
14763755,PCT/IB2014/058263,2014-01-14,NST
14763756,PCT/EP2014/051995,2014-02-03,NST
14763757,PCT/US13/23751,2013-01-30,NST
14763758,PCT/US2014/014905,2014-02-05,NST
14763759,PCT/EP2014/051409,2014-01-24,NST
14763760,PCT/CN2014/071402,2014-01-24,NST
14763761,PCT/KR2013/007453,2013-08-20,NST
14763762,PCT/CN2013/082222,2013-08-23,NST
14763763,PCT/JP2014/051059,2014-01-21,NST
14763764,61757393,2013-01-28,PRO
14763764,PCT/US14/13407,2014-01-28,NST
14763765,PCT/EP2014/051168,2014-01-22,NST
14763770,PCT/JP2014/000502,2014-01-30,NST
14763772,PCT/JP2013/055630,2013-03-01,NST
14763778,61759748,2013-02-01,PRO
14763778,PCT/US14/13804,2014-01-30,NST
14763779,PCT/JP2014/053224,2014-02-12,NST
14763780,PCT/EP2013/051816,2013-01-30,NST
14763781,PCT/JP2014/052275,2014-01-31,NST
14763783,PCT/US2014/013396,2014-01-28,NST
14763784,PCT/CN2014/071482,2014-01-26,NST
14763785,PCT/JP2013/055963,2013-03-05,NST
14763786,61850769,2013-02-21,PRO
14763786,PCT/US2014/016726,2014-02-17,NST
14763787,61760464,2013-02-04,PRO
14763787,PCT/US14/14635,2014-02-04,NST
14763788,PCT/EP2014/051891,2014-01-31,NST
14763789,61786918,2013-03-15,PRO
14763789,PCT/US14/20410,2014-03-04,NST
14763790,PCT/EP2014/051330,2014-01-23,NST
14763791,61757637,2013-01-28,PRO
14763791,PCT/US14/13238,2014-01-27,NST
14763793,PCT/CN2013/000107,2013-01-31,NST
14763794,PCT/JP2014/052658,2014-02-05,NST
14763795,PCT/CN2014/071410,2014-01-24,NST
14763796,PCT/FR2014/050124,2014-01-23,NST
14763797,PCT/US13/24132,2013-01-31,NST
14763798,PCT/CN2013/071035,2013-01-28,NST
14763799,PCT/CA2014/000050,2014-01-28,NST
14763800,PCT/US13/23349,2013-01-27,NST
14763801,PCT/JP2013/084731,2013-12-25,NST
14763802,PCT/JP2014/000175,2014-01-16,NST
14763803,61757992,2013-01-29,PRO
14763803,PCT/US14/13436,2014-01-28,NST
14763804,61758643,2013-01-30,PRO
14763804,PCT/US14/13691,2014-01-29,NST
14763805,PCT/JP2014/051047,2014-01-21,NST
14763806,PCT/EP2014/051358,2014-01-24,NST
14763807,PCT/JP2014/051852,2014-01-28,NST
14763808,61759666,2013-02-01,PRO
14763808,PCT/US14/14256,2014-01-31,NST
14763809,PCT/KR2014/001034,2014-02-06,NST
14763810,PCT/CN2013/000105,2013-01-31,NST
14763811,61806793,2013-03-29,PRO
14763811,PCT/US14/31538,2014-03-24,NST
14763812,PCT/US2013/024202,2013-01-31,NST
14763813,PCT/CN2013/081333,2013-08-13,NST
14763815,PCT/CN2013/001248,2013-10-14,NST
14763817,PCT/JP2013/056890,2013-03-13,NST
14763819,PCT/CN2013/083292,2013-09-11,NST
14763821,PCT/IB2014/058430,2014-01-21,NST
14763825,PCT/IB2014/058680,2014-01-30,NST
14763826,PCT/JP2014/068487,2014-07-10,NST
14763828,PCT/KR2013/002712,2013-04-02,NST
14763829,61924762,2014-01-08,PRO
14763829,PCT/US15/10539,2015-01-08,NST
14763831,PCT/IN2013/000403,2013-07-01,NST
14763833,PCT/KR2013/010005,2013-11-06,NST
14763834,PCT/GB2014/050345,2014-02-06,NST
14763835,PCT/IL2014/050092,2014-01-28,NST
14763836,PCT/KR2014/000775,2014-01-28,NST
14763837,PCT/EP2013/077494,2013-12-19,NST
14763838,PCT/EP2013/077474,2013-12-19,NST
14763839,PCT/EP2014/051156,2014-01-22,NST
14763840,PCT/IL2014/050384,2014-04-29,NST
14763841,61757790,2013-01-29,PRO
14763841,PCT/US14/10769,2014-01-09,NST
14763842,PCT/JP2014/051039,2014-01-21,NST
14763843,PCT/JP2014/050910,2014-01-20,NST
14763844,PCT/JP2013/006581,2013-11-08,NST
14763845,PCT/JP2013/052515,2013-02-04,NST
14763846,PCT/CN2014/085473,2014-08-29,NST
14763847,PCT/JP2014/052596,2014-01-29,NST
14763848,PCT/DK2014/050025,2014-02-04,NST
14763849,PCT/JP2014/052018,2014-01-30,NST
14763850,PCT/EP2013/051911,2013-01-31,NST
14763851,61759776,2013-02-01,PRO
14763851,PCT/US14/13157,2014-01-27,NST
14763852,PCT/IB2014/000119,2014-02-06,NST
14763854,PCT/EP2013/072647,2013-10-29,NST
14763855,61805656,2013-03-27,PRO
14763855,PCT/US14/31537,2014-03-24,NST
14763856,PCT/JP2014/000756,2014-02-14,NST
14763857,PCT/CA2014/050066,2014-02-03,NST
14763858,PCT/JP2014/053080,2014-02-10,NST
14763859,PCT/EP2014/052144,2014-02-04,NST
14763860,61760396,2013-02-04,PRO
14763860,PCT/US14/14746,2014-02-04,NST
14763861,PCT/IB2014/059228,2014-02-25,NST
14763862,PCT/IB2014/060284,2014-03-28,NST
14763863,PCT/EP2014/051468,2014-01-27,NST
14763864,PCT/EP2014/051469,2014-01-27,NST
14763865,PCT/FR2014/050168,2014-01-30,NST
14763866,PCT/JP2013/054174,2013-02-20,NST
14763867,PCT/EP2014/051471,2014-01-27,NST
14763868,PCT/EP2014/051473,2014-01-27,NST
14763869,PCT/JP2014/082556,2014-12-09,NST
14763870,PCT/EP2014/051978,2014-02-03,NST
14763871,PCT/EP2014/051796,2014-01-30,NST
14763872,PCT/EP2014/051661,2014-01-28,NST
14763873,PCT/IB2014/059478,2014-03-06,NST
14763874,61757768,2013-01-29,PRO
14763874,PCT/US14/12166,2014-01-20,NST
14763875,PCT/AU2014/000045,2014-01-28,NST
14763876,PCT/JP2014/051647,2014-01-27,NST
14763877,PCT/KR2013/005727,2013-06-27,NST
14763878,61757781,2013-01-29,PRO
14763878,PCT/US14/13643,2014-01-29,NST
14763879,PCT/IB2014/059572,2014-03-10,NST
14763880,PCT/JP2014/050657,2014-01-16,NST
14763881,61757571,2013-01-28,PRO
14763881,PCT/US14/13402,2014-01-28,NST
14763882,PCT/US2013/024099,2013-01-31,NST
14763883,PCT/JP2014/051932,2014-01-29,NST
14763884,PCT/EP2014/051749,2014-01-30,NST
14763885,PCT/US2014/012775,2014-01-23,NST
14763886,PCT/IB2014/059970,2014-03-19,NST
14763887,PCT/CN2013/090489,2014-01-14,NST
14763888,PCT/JP2013/052234,2013-01-31,NST
14763889,PCT/EP2014/053402,2014-02-21,NST
14763890,PCT/JP2014/000638,2014-02-06,NST
14763891,PCT/JP2014/060325,2014-04-09,NST
14763892,PCT/IB2014/058598,2014-01-28,NST
14763893,61757952,2013-01-29,PRO
14763893,61865846,2013-08-14,PRO
14763893,PCT/US14/13591,2014-01-29,NST
14763894,PCT/EP2013/073733,2013-11-13,NST
14763895,PCT/US2014/013733,2014-01-30,NST
14763896,PCT/US13/23428,2013-01-28,NST
14763897,PCT/EP2014/051489,2014-01-27,NST
14763898,PCT/EP2014/051194,2014-01-22,NST
14763899,PCT/JP2013/053532,2013-02-14,NST
14763900,PCT/JP2014/057200,2014-03-17,NST
14763901,PCT/JP2013/000435,2013-01-28,NST
14763902,PCT/CN2014/071485,2014-01-26,NST
14763903,PCT/JP2014/051915,2014-01-29,NST
14763904,PCT/US13/38849,2013-04-30,NST
14763905,PCT/JP2014/051900,2014-01-29,NST
14763906,PCT/EP2013/051606,2013-01-29,NST
14763907,PCT/US2013/023439,2013-01-28,NST
14763908,PCT/EP2014/051505,2014-01-27,NST
14763909,PCT/EP2013/051826,2013-01-30,NST
14763910,PCT/IB2014/058857,2014-02-07,NST
14763912,PCT/JP2014/051794,2014-01-28,NST
14763913,PCT/JP2014/000801,2014-02-17,NST
14763914,PCT/EP2014/053541,2014-02-24,NST
14763915,PCT/US13/23432,2013-01-28,NST
14763916,PCT/CN2014/074955,2014-04-09,NST
14763917,PCT/JP2014/057219,2014-03-18,NST
14763918,PCT/JP2013/053234,2013-02-12,NST
14763919,PCT/CN13/71036,2013-01-28,NST
14763921,PCT/EP2014/052455,2014-02-07,NST
14763922,PCT/JP2013/006918,2013-11-25,NST
14763924,PCT/JP2014/051281,2014-01-22,NST
14763925,PCT/US2014/013892,2014-01-30,NST
14763926,PCT/IB2013/060283,2013-11-20,NST
14763927,PCT/EP2014/051929,2014-01-31,NST
14763929,PCT/JP2013/082393,2013-12-02,NST
14763930,PCT/JP2014/052059,2014-01-30,NST
14763931,PCT/JP2014/050262,2014-01-09,NST
14763932,PCT/JP2014/051788,2014-01-28,NST
14763933,PCT/JP2013/084414,2013-12-24,NST
14763934,PCT/KR2014/000656,2014-01-23,NST
14763935,61757330,2013-01-28,PRO
14763935,PCT/US14/13356,2014-01-28,NST
14763937,61759028,2013-01-31,PRO
14763937,PCT/US14/13638,2014-01-29,NST
14763938,PCT/US2013/023452,2013-01-28,NST
14763939,PCT/EP2013/066519,2013-08-07,NST
14763940,PCT/CN2013/077082,2013-06-09,NST
14763941,PCT/JP2013/060833,2013-04-10,NST
14763942,PCT/EP2014/051664,2014-01-28,NST
14763943,PCT/US13/34442,2013-03-28,NST
14763944,61757378,2013-01-28,PRO
14763944,PCT/US14/13381,2014-01-28,NST
14763945,PCT/EP2014/052547,2014-02-10,NST
14763946,PCT/JP2013/052377,2013-02-01,NST
14763947,61759131,2013-01-31,PRO
14763947,PCT/US14/14284,2014-01-31,NST
14763948,PCT/JP2014/000496,2014-01-30,NST
14763949,PCT/JP2013/079921,2013-11-05,NST
14763950,PCT/JP2013/075104,2013-09-18,NST
14763951,PCT/US2014/020758,2014-03-05,NST
14763952,PCT/EP2013/051659,2013-01-29,NST
14763953,PCT/US13/33483,2013-03-22,NST
14763954,PCT/NO2014/050019,2014-02-05,NST
14763955,PCT/FR2014/050147,2014-01-27,NST
14763956,61758461,2013-01-30,PRO
14763956,PCT/US14/13775,2014-01-30,NST
14763957,PCT/JP2013/072276,2013-08-21,NST
14763958,PCT/CN2013/071052,2013-01-28,NST
14763959,PCT/JP2013/058560,2013-03-25,NST
14763960,PCT/EP2013/051802,2013-01-30,NST
14763961,PCT/JP2013/055291,2013-02-28,NST
14763962,61758924,2013-01-31,PRO
14763962,PCT/US14/11759,2014-01-16,NST
14763963,13754639,2013-01-30,CON
14763963,PCT/US14/13924,2014-01-30,NST
14763964,PCT/JP2013/085318,2013-12-25,NST
14763965,PCT/JP2014/000692,2014-02-10,NST
14763966,PCT/JP2014/000469,2014-01-30,NST
14763967,PCT/JP2014/051780,2014-01-28,NST
14763968,PCT/JP2014/001062,2014-02-27,NST
14763969,PCT/EP2014/051696,2014-01-29,NST
14763971,PCT/DE2013/200207,2013-10-08,NST
14763972,61762671,2013-02-08,PRO
14763972,PCT/US14/15574,2014-02-10,NST
14763973,PCT/JP2014/056598,2014-03-13,NST
14763974,PCT/JP2014/052187,2014-01-24,NST
14763975,PCT/CN2013/000723,2013-06-21,NST
14763977,PCT/US2013/074294,2013-12-11,NST
14763978,PCT/JP2014/000659,2014-02-07,NST
14763979,PCT/JP2014/000327,2014-01-23,NST
14763980,PCT/JP2013/084878,2013-12-26,NST
14763981,PCT/CA2014/050039,2014-01-21,NST
14763982,PCT/JP2014/052189,2014-01-24,NST
14763983,PCT/EP14/51218,2014-01-22,NST
14763984,PCT/EP14/52885,2014-02-14,NST
14763985,PCT/US2014/012757,2014-01-23,NST
14763986,PCT/CN2013/077085,2013-06-09,NST
14763987,PCT/CN2013/071423,2013-02-06,NST
14763988,PCT/CN2013/079034,2013-07-09,NST
14763989,61760238,2013-02-04,PRO
14763989,PCT/US14/14720,2014-02-04,NST
14763990,PCT/JP2014/084472,2014-12-26,NST
14763991,PCT/EP2014/064489,2014-07-07,NST
14763992,61782170,2013-03-14,PRO
14763992,PCT/US14/20115,2014-03-04,NST
14763993,PCT/US2014/013650,2013-01-29,NST
14763994,PCT/JP2014/052164,2014-01-30,NST
14763995,PCT/JP2014/053428,2014-02-14,NST
14763996,PCT/CN2013/071104,2013-01-30,NST
14763997,PCT/GB2014/000029,2014-01-28,NST
14763998,PCT/EP2014/066864,2014-08-05,NST
14763999,61849553,2013-01-29,PRO
14763999,PCT/US14/13682,2014-01-29,NST
14764000,PCT/JP2014/052168,2014-01-30,NST
14764001,PCT/JP2014/050729,2014-01-17,NST
14764002,PCT/KR2014/000786,2014-01-28,NST
14764003,PCT/EP2014/050990,2014-01-20,NST
14764004,PCT/JP2013/007486,2013-12-19,NST
14764005,PCT/US2013/023422,2013-01-28,NST
14764006,PCT/IB2014/058830,2014-02-06,NST
14764007,PCT/AT2014/000016,2014-01-29,NST
14764008,PCT/EP2014/051739,2014-01-29,NST
14764009,PCT/NO2014/050014,2014-01-24,NST
14764010,PCT/EP2014/051519,2014-01-27,NST
14764011,PCT/EP2014/050094,2014-01-06,NST
14764012,PCT/FI2014/050078,2014-01-31,NST
14764013,PCT/JP2014/050872,2014-01-14,NST
14764014,PCT/JP2014/000111,2014-01-14,NST
14764015,PCT/EP2014/051281,2014-01-23,NST
14764016,PCT/CN2014/071710,2014-01-28,NST
14764017,PCT/JP2013/081416,2013-11-21,NST
14764018,PCT/JP2013/052541,2013-02-05,NST
14764019,PCT/JP2014/050734,2014-01-17,NST
14764020,PCT/IB2014/058608,2014-01-28,NST
14764021,PCT/US13/23718,2013-01-30,NST
14764022,PCT/ES2014/070044,2013-01-23,NST
14764023,PCT/US2014/012869,2014-01-24,NST
14764025,PCT/US2014/013694,2014-01-29,NST
14764026,PCT/US2014/015393,2014-02-07,NST
14764027,PCT/CN14/91867,2014-11-21,NST
14764028,PCT/JP2014/001163,2014-03-04,NST
14764029,PCT/EP2013/051668,2013-01-29,NST
14764030,PCT/JP2014/052185,2014-01-24,NST
14764031,PCT/FR2014/050175,2014-01-31,NST
14764032,PCT/EP2014/051788,2014-01-30,NST
14764033,PCT/DK2014/050017,2014-01-28,NST
14764034,PCT/EP2014/050321,2014-01-09,NST
14764035,PCT/GB2014/050221,2014-01-28,NST
14764036,PCT/US2014/014176,2014-01-31,NST
14764037,PCT/JP2014/051635,2014-01-27,NST
14764038,PCT/US2014/013362,2014-01-28,NST
14764039,61757457,2013-01-28,PRO
14764039,PCT/US14/13427,2014-01-28,NST
14764040,PCT/JP2014/053678,2014-02-18,NST
14764041,PCT/EP2013/076073,2013-12-10,NST
14764042,PCT/SG2014/000042,2014-01-30,NST
14764043,PCT/IB2014/000079,2014-01-28,NST
14764044,PCT/JP2014/051053,2014-01-21,NST
14764045,PCT/EP2014/052480,2014-02-07,NST
14764046,PCT/CN2014/071294,2014-01-23,NST
14764047,61758238,2013-01-29,PRO
14764047,61930342,2014-01-22,PRO
14764047,PCT/US14/13428,2014-01-28,NST
14764048,PCT/US2014/014854,2014-02-05,NST
14764049,PCT/SE2013/051352,2013-11-19,NST
14764050,61849672,2013-02-01,PRO
14764050,61850063,2013-02-08,PRO
14764050,PCT/US14/16380,2014-02-14,NST
14764051,PCT/EP2014/051597,2014-01-28,NST
14764052,PCT/EP2014/051698,2014-01-29,NST
14764053,PCT/JP2013/052209,2013-01-31,NST
14764054,PCT/EP2014/051818,2014-01-30,NST
14764055,PCT/JP2014/052854,2014-02-07,NST
14764056,PCT/IB2014/058798,2014-02-05,NST
14764057,PCT/US2013/031720,2013-03-14,NST
14764058,PCT/EP2014/000172,2014-01-23,NST
14764059,PCT/RU2014/000110,2014-02-20,NST
14764060,PCT/JP2013/006811,2013-11-20,NST
14764061,PCT/IB2014/058776,2014-02-04,NST
14764062,PCT/EP2014/051322,2014-01-23,NST
14764063,PCT/IB2014/058591,2014-01-28,NST
14764064,PCT/CN2013/071154,2013-01-30,NST
14764065,PCT/EP2014/051966,2014-01-31,NST
14764067,PCT/JP2013/081204,2013-11-19,NST
14764068,PCT/KR2014/000730,2014-01-27,NST
14764069,61760844,2013-02-05,PRO
14764069,PCT/US14/14531,2014-02-04,NST
14764070,61757481,2013-01-28,PRO
14764070,PCT/US14/13292,2014-01-28,NST
14764071,PCT/IN2014/000068,2014-01-28,NST
14764072,PCT/FR2014/050269,2014-02-12,NST
14764073,PCT/JP2013/079592,2013-10-31,NST
14764074,PCT/KR2014/000554,2014-01-20,NST
14764075,PCT/JP2014/000500,2014-01-30,NST
14764076,PCT/JP2013/007241,2013-12-10,NST
14764077,61757987,2013-01-29,PRO
14764077,PCT/US14/13695,2014-01-29,NST
14764078,PCT/JP2013/081051,2013-11-18,NST
14764080,PCT/EP2014/052784,2014-02-13,NST
14764081,PCT/JP2014/052188,2014-01-24,NST
14764082,61759244,2013-01-31,PRO
14764082,PCT/US14/14169,2014-01-31,NST
14764083,PCT/GB2014/050158,2014-01-21,NST
14764084,PCT/US2013/069554,2013-11-12,NST
14764085,PCT/JP2014/053083,2014-02-10,NST
14764086,PCT/KR2014/000875,2014-01-29,NST
14764087,PCT/EP2014/052842,2014-02-13,NST
14764088,PCT/GB2014/050210,2014-01-28,NST
14764090,PCT/JP2013/007366,2013-12-16,NST
14764091,PCT/JP2013/084382,2013-12-21,NST
14764092,PCT/AU2014/000065,2014-02-03,NST
14764093,PCT/US2013/023792,2013-01-30,NST
14764094,PCT/GB2014/050268,2014-01-31,NST
14764095,PCT/JP2014/051673,2014-01-27,NST
14764096,PCT/JP2014/000466,2014-01-29,NST
14764097,PCT/IB2014/058562,2014-01-27,NST
14764099,PCT/PT2014/000014,2014-02-21,NST
14764100,PCT/US2013/077166,2013-12-20,NST
14764101,PCT/CN2013/071044,2013-01-28,NST
14764102,PCT/EP2013/075305,2013-12-03,NST
14764104,PCT/JP2013/051844,2013-01-29,NST
14764105,PCT/US13/23713,2013-01-30,NST
14764106,PCT/JP2014/000113,2014-01-14,NST
14764107,PCT/US2014/016100,2014-02-12,NST
14764108,PCT/JP2013/083812,2013-12-18,NST
14764109,PCT/CN2013/071045,2013-01-28,NST
14764110,PCT/JP2013/054781,2013-02-25,NST
14764111,PCT/KR2014/000785,2014-01-28,NST
14764112,PCT/EP2014/055730,2014-03-21,NST
14764113,PCT/CA2013/000083,2013-01-31,NST
14764114,PCT/JP2014/051809,2014-01-28,NST
14764115,PCT/US2014/013636,2014-01-29,NST
14764116,PCT/KR2014/001336,2014-02-19,NST
14764118,PCT/CN2014/071302,2014-01-24,NST
14764119,PCT/KR2014/007238,2014-08-05,NST
14764120,PCT/PL2014/000006,2014-01-27,NST
14764121,PCT/JP2014/052186,2014-01-24,NST
14764123,PCT/CA2014/050056,2014-01-28,NST
14764124,PCT/EP2014/052433,2014-02-07,NST
14764125,PCT/JP2013/083190,2013-12-11,NST
14764126,PCT/JP2013/080005,2013-11-06,NST
14764127,PCT/JP2014/051269,2014-01-22,NST
14764128,PCT/AU14/00058,2014-01-30,NST
14764129,PCT/US2014/013444,2014-01-28,NST
14764130,PCT/US2014/013527,2014-01-29,NST
14764131,PCT/US2013/024230,2013-01-31,NST
14764132,61758013,2013-01-29,PRO
14764132,PCT/US14/13687,2014-01-29,NST
14764133,PCT/EP2014/051451,2014-01-24,NST
14764134,PCT/JP2014/000498,2014-01-30,NST
14764135,PCT/US2013/024090,2013-01-31,NST
14764136,61867297,2013-08-19,PRO
14764136,PCT/US14/51634,2014-08-19,NST
14764137,PCT/JP2013/083244,2013-12-11,NST
14764139,61757893,2013-01-29,PRO
14764139,PCT/US14/13433,2014-01-28,NST
14764140,PCT/JP2014/050761,2014-01-17,NST
14764141,PCT/CN2014/084100,2014-08-11,NST
14764142,61758070,2013-01-29,PRO
14764142,PCT/US14/13282,2014-01-28,NST
14764143,61757367,2013-01-28,PRO
14764143,PCT/US14/13207,2014-01-27,NST
14764144,PCT/US2013/023979,2013-01-31,NST
14764145,PCT/GB2014/050017,2014-01-06,NST
14764146,PCT/US13/32663,2013-03-15,NST
14764147,PCT/JP2014/001145,2014-03-03,NST
14764148,PCT/EP2014/053866,2014-02-27,NST
14764149,PCT/CN2013/000179,2013-02-23,NST
14764150,PCT/FR2014/050135,2014-01-23,NST
14764151,PCT/CN2014/087488,2014-09-26,NST
14764152,PCT/FR2014/050133,2014-01-23,NST
14764153,PCT/JP2014/000511,2014-01-31,NST
14764154,PCT/VN2013/000008,2013-07-09,NST
14764155,PCT/CN2013/084743,2013-09-30,NST
14764156,PCT/KR2014/001656,2014-02-28,NST
14764157,PCT/JP2013/079263,2013-10-29,NST
14764158,PCT/CN2013/075232,2013-05-07,NST
14764159,PCT/SE2013/050091,2013-02-04,NST
14764160,PCT/US2014/013257,2014-01-28,NST
14764161,61758416,2013-01-30,PRO
14764161,61857462,2013-07-23,PRO
14764161,PCT/US14/13859,2014-01-30,NST
14764162,PCT/US2013/026741,2013-02-19,NST
14764163,PCT/EP2014/051643,2014-01-28,NST
14764165,PCT/CN2014/071631,2014-01-28,NST
14764166,PCT/CN2014/071395,2014-01-24,NST
14764167,PCT/IB2014/058643,2014-01-29,NST
14764170,PCT/JP2014/000418,2014-01-28,NST
14764171,PCT/IL2014/050107,2014-01-30,NST
14764173,PCT/CN2013/083829,2013-09-18,NST
14764174,PCT/SG14/00097,2014-02-28,NST
14764177,PCT/CN2014/071556,2014-01-27,NST
14764178,PCT/CN2014/000029,2014-01-10,NST
14764179,PCT/CN2014/000028,2014-01-10,NST
14764180,PCT/IB2014/058688,2014-01-31,NST
14764181,PCT/KR2014/000904,2014-02-03,NST
14764182,PCT/CN2013/084943,2013-10-10,NST
14764183,PCT/IN2014/000141,2014-03-04,NST
14764184,PCT/JP2013/082951,2013-12-09,NST
14764185,PCT/EP2014/051775,2014-01-30,NST
14764186,PCT/US13/23565,2013-01-29,NST
14764187,PCT/CN2013/077219,2013-06-14,NST
14764188,PCT/DE2013/100379,2013-11-08,NST
14764189,PCT/EP2014/051734,2014-01-29,NST
14764190,PCT/IB2014/058677,2014-01-30,NST
14764191,61782423,2013-03-14,PRO
14764191,PCT/US14/20152,2014-03-04,NST
14764192,PCT/JP2014/000468,2014-01-29,NST
14764193,61762910,2013-02-10,PRO
14764193,PCT/IL14/50135,2014-02-09,NST
14764194,PCT/IB2014/058110,2014-01-08,NST
14764195,61849589,2013-01-30,PRO
14764195,PCT/US14/13473,2014-01-29,NST
14764196,PCT/ES2014/070075,2014-02-04,NST
14764197,PCT/JP2014/000900,2014-02-21,NST
14764198,PCT/JP2014/051467,2014-01-24,NST
14764199,PCT/JP2014/051646,2014-01-27,NST
14764200,PCT/CN2014/070657,2014-01-15,NST
14764201,PCT/NL2014/050049,2014-01-30,NST
14764202,PCT/IB2014/059466,2014-03-05,NST
14764203,PCT/EP2013/075329,2013-12-03,NST
14764204,PCT/JP2014/052983,2014-02-04,NST
14764205,PCT/JP2014/052173,2014-01-30,NST
14764206,PCT/JP2014/055550,2014-03-05,NST
14764207,61759512,2013-02-01,PRO
14764207,PCT/US14/13992,2014-01-31,NST
14764208,PCT/NL2014/050050,2014-01-30,NST
14764209,PCT/IL2013/051026,2013-12-12,NST
14764210,PCT/US13/24233,2013-01-31,NST
14764211,PCT/JP2013/082664,2013-12-05,NST
14764212,PCT/JP2014/055474,2014-03-04,NST
14764213,PCT/JP2014/052846,2014-02-07,NST
14764214,PCT/US2013/024097,2013-01-31,NST
14764215,PCT/US2014/013784,2014-01-30,NST
14764216,PCT/EP2014/056007,2014-03-26,NST
14764217,PCT/EP2014/000255,2014-01-30,NST
14764218,61760541,2013-02-04,PRO
14764218,PCT/US14/14537,2014-02-04,NST
14764219,PCT/IB2014/000087,2014-01-30,NST
14764220,PCT/KR2013/011564,2013-12-13,NST
14764221,PCT/JP2013/051927,2013-01-29,NST
14764222,61849588,2013-01-30,PRO
14764222,PCT/US14/13479,2014-01-29,NST
14764223,PCT/CA2014/050041,2014-01-21,NST
14764224,PCT/JP2014/058870,2014-03-27,NST
14764225,PCT/EP2014/051627,2014-01-28,NST
14764226,PCT/NL2014/050062,2014-02-03,NST
14764227,PCT/JP2014/060506,2014-04-10,NST
14764228,PCT/JP2014/052032,2014-01-30,NST
14764229,PCT/IN2013/000058,2013-01-29,NST
14764230,61812754,2013-04-17,PRO
14764230,PCT/US14/32773,2014-04-03,NST
14764231,PCT/EP2014/051684,2014-01-29,NST
14764232,PCT/JP2014/000757,2014-02-14,NST
14764234,PCT/US2013/024027,2013-01-31,NST
14764235,PCT/CN2013/071585,2013-02-08,NST
14764236,PCT/CN2014/071751,2014-01-29,NST
14764237,PCT/EP2014/051568,2014-01-28,NST
14764238,PCT/EP2014/000299,2014-02-04,NST
14764239,PCT/AU14/00055,2014-01-29,NST
14764240,PCT/GB2014/050197,2014-01-27,NST
14764241,PCT/CN2013/090096,2013-12-20,NST
14764242,PCT/JP2014/051729,2014-01-27,NST
14764243,PCT/JP2014/000100,2014-01-13,NST
14764244,PCT/JP2014/052070,2014-01-30,NST
14764245,PCT/GB2014/050187,2014-01-24,NST
14764246,PCT/JP2014/052146,2014-01-30,NST
14764247,PCT/JP2014/052209,2014-01-31,NST
14764248,PCT/FR2014/050152,2014-01-27,NST
14764249,PCT/JP2013/005635,2013-09-24,NST
14764250,61757892,2013-01-29,PRO
14764250,PCT/US14/13641,2014-01-29,NST
14764251,PCT/JP2014/053104,2014-02-10,NST
14764252,PCT/TN2014/000001,2014-01-22,NST
14764253,PCT/JP2013/054381,2013-02-21,NST
14764254,PCT/EP2014/051543,2014-01-27,NST
14764255,PCT/JP2014/080390,2014-11-17,NST
14764256,PCT/US2013/023542,2013-01-29,NST
14764257,PCT/EP2014/051467,2014-01-27,NST
14764258,61782568,2013-03-14,PRO
14764258,PCT/US14/20168,2014-03-04,NST
14764259,PCT/EP2014/050038,2014-01-03,NST
14764260,PCT/US2014/013584,2014-01-29,NST
14764261,PCT/FI2014/050065,2014-01-28,NST
14764262,PCT/JP2014/059087,2014-03-28,NST
14764263,PCT/JP2014/081235,2014-11-26,NST
14764264,PCT/EP2014/051407,2014-01-24,NST
14764265,PCT/GB2014/000035,2014-01-31,NST
14764266,PCT/JP2014/052669,2014-02-05,NST
14764267,PCT/JP2014/053336,2014-02-13,NST
14764269,61758279,2013-01-30,PRO
14764269,PCT/US14/13745,2014-01-30,NST
14764270,PCT/JP2014/051991,2014-01-29,NST
14764271,PCT/EP2013/073314,2013-11-07,NST
14764272,PCT/JP2014/000613,2014-02-05,NST
14764273,PCT/JP2014/001559,2014-03-18,NST
14764274,PCT/EP2014/053659,2014-02-25,NST
14764275,PCT/NL2014/050047,2014-01-30,NST
14764276,PCT/JP2014/000146,2014-01-15,NST
14764277,PCT/JP2014/051491,2014-01-24,NST
14764278,PCT/EP2014/051523,2014-01-27,NST
14764279,PCT/CZ2014/000014,2014-02-05,NST
14764280,PCT/US13/28403,2013-02-28,NST
14764281,PCT/EP2014/000284,2014-02-04,NST
14764282,PCT/IB2014/058580,2014-01-27,NST
14764283,PCT/JP2014/052178,2014-01-24,NST
14764284,PCT/IB2014/058628,2014-01-29,NST
14764285,PCT/EP2014/050666,2014-01-15,NST
14764286,PCT/US13/26658,2013-02-19,NST
14764287,PCT/SE2014/050066,2014-01-22,NST
14764288,61759961,2013-02-01,PRO
14764288,61815220,2013-04-23,PRO
14764288,PCT/US14/14490,2014-02-03,NST
14764289,PCT/JP2014/051988,2014-01-29,NST
14764291,PCT/JP2014/001547,2014-03-18,NST
14764292,PCT/JP2014/050632,2014-01-16,NST
14764293,PCT/KR2014/003415,2014-04-18,NST
14764294,PCT/EP14/54561,2014-03-10,NST
14764295,PCT/GB14/50203,2014-01-27,NST
14764296,PCT/JP2014/000467,2014-01-29,NST
14764298,PCT/IB2014/058135,2014-01-09,NST
14764299,PCT/JP2014/052241,2014-01-31,NST
14764300,PCT/FR2014/050146,2014-01-27,NST
14764301,PCT/JP2014/056718,2014-03-13,NST
14764302,PCT/US13/23996,2013-01-31,NST
14764303,PCT/EP2014/051199,2014-01-22,NST
14764304,PCT/JP2014/052257,2014-01-31,NST
14764305,PCT/EP2013/071508,2013-10-15,NST
14764306,61777604,2013-03-12,PRO
14764306,PCT/US14/24934,2014-03-12,NST
14764308,61761530,2013-02-06,PRO
14764308,PCT/US14/14061,2014-01-31,NST
14764309,PCT/JP2014/057579,2014-03-19,NST
14764310,PCT/JP2014/052256,2014-01-31,NST
14764311,PCT/IN2014/000071,2014-01-30,NST
14764312,PCT/JP2013/052241,2013-01-31,NST
14764313,PCT/CN2014/070595,2014-01-14,NST
14764314,PCT/EP2014/051936,2014-01-31,NST
14764315,PCT/GB2014/050266,2014-01-31,NST
14764317,PCT/JP2014/052144,2014-01-30,NST
14764318,PCT/SE2014/050067,2014-01-22,NST
14764319,PCT/GB2013/051890,2013-07-15,NST
14764320,PCT/IB2014/058164,2014-01-10,NST
14764321,PCT/US13/23855,2013-01-30,NST
14764322,PCT/JP2014/052141,2014-01-30,NST
14764323,PCT/DE2013/200354,2013-12-11,NST
14764324,PCT/EP2014/000067,2014-01-14,NST
14764325,61762136,2013-02-07,PRO
14764325,61763217,2013-02-11,PRO
14764325,PCT/US14/15101,2014-02-06,NST
14764326,PCT/EP2014/051884,2014-01-31,NST
14764327,PCT/JP2014/052145,2014-01-30,NST
14764328,PCT/JP2014/074294,2014-09-12,NST
14764329,PCT/SE2013/050072,2013-01-30,NST
14764330,61783149,2013-03-14,PRO
14764330,PCT/US14/20221,2014-03-04,NST
14764331,PCT/JP2014/000442,2014-01-29,NST
14764332,PCT/JP2013/083415,2013-12-13,NST
14764333,PCT/EP2014/051828,2014-01-30,NST
14764334,PCT/JP2014/053840,2014-02-19,NST
14764335,PCT/IB2014/058603,2014-01-28,NST
14764336,PCT/JP2013/052236,2013-01-31,NST
14764337,PCT/JP2014/000045,2014-01-08,NST
14764338,PCT/JP2014/053841,2014-02-19,NST
14764339,PCT/JP2014/075334,2014-09-17,NST
14764340,PCT/JP2013/001914,2013-03-21,NST
14764341,PCT/US13/24037,2013-01-31,NST
14764342,PCT/EP2014/053354,2014-02-20,NST
14764343,PCT/JP2014/050285,2014-01-10,NST
14764345,PCT/JP2014/000435,2014-01-29,NST
14764346,61758541,2013-01-30,PRO
14764346,PCT/US14/13509,2014-01-29,NST
14764347,PCT/US2013/038759,2013-04-30,NST
14764348,PCT/EP2014/051693,2014-01-29,NST
14764349,PCT/KR2014/000811,2014-01-28,NST
14764350,PCT/JP2014/052323,2014-01-31,NST
14764351,PCT/US2014/032778,2014-04-03,NST
14764352,PCT/EP2014/000018,2014-01-08,NST
14764353,PCT/US13/34746,2013-03-31,NST
14764354,PCT/EP2014/052205,2014-02-05,NST
14764355,PCT/JP2014/056538,2014-03-12,NST
14764356,PCT/NL2014/050063,2014-02-03,NST
14764357,PCT/IB2014/001133,2014-01-29,NST
14764358,PCT/NZ2014/000010,2014-01-30,NST
14764359,PCT/JP2014/050286,2014-01-10,NST
14764360,61758630,2013-01-30,PRO
14764360,PCT/US14/13950,2014-01-30,NST
14764361,PCT/JP2013/071610,2013-08-09,NST
14764362,PCT/IB2014/000150,2014-01-14,NST
14764363,61759723,2013-02-01,PRO
14764363,PCT/US14/13848,2014-01-30,NST
14764364,PCT/KR2014/000591,2014-01-21,NST
14764365,PCT/JP2014/051632,2014-01-27,NST
14764366,PCT/IB2014/000779,2014-01-30,NST
14764367,PCT/SG2013/000036,2013-01-29,NST
14764368,PCT/DE2013/200341,2013-12-10,NST
14764369,PCT/JP2014/054154,2014-02-21,NST
14764370,PCT/US2014/025232,2014-03-13,NST
14764371,PCT/FI2014/050074,2014-01-30,NST
14764372,PCT/IN2013/000549,2013-09-11,NST
14764373,PCT/JP2014/056640,2014-03-13,NST
14764374,PCT/IB2014/058575,2014-01-27,NST
14764375,PCT/US13/23649,2013-01-29,NST
14764376,PCT/JP2014/052981,2014-02-04,NST
14764377,PCT/JP2014/000249,2014-01-20,NST
14764378,PCT/IL2014/050110,2014-01-30,NST
14764379,61778654,2013-03-13,PRO
14764379,PCT/US14/20577,2014-03-05,NST
14764380,PCT/JP2014/052151,2014-01-30,NST
14764381,PCT/US2014/013660,2014-01-29,NST
14764382,PCT/JP2014/052114,2014-01-30,NST
14764384,PCT/JP2013/063801,2013-05-17,NST
14764385,PCT/EP2013/075892,2013-12-09,NST
14764386,PCT/JP2014/052116,2014-01-30,NST
14764387,PCT/FI2014/050067,2014-01-28,NST
14764388,PCT/US2014/014104,2014-01-31,NST
14764389,PCT/JP2014/052354,2014-01-31,NST
14764390,61771549,2013-03-01,PRO
14764390,61771569,2013-03-01,PRO
14764390,61771576,2013-03-01,PRO
14764390,61771584,2013-03-01,PRO
14764390,61779097,2013-03-13,PRO
14764390,PCT/US14/19826,2014-03-03,NST
14764391,PCT/CN2013/071182,2013-01-31,NST
14764392,PCT/EP2014/051692,2014-01-29,NST
14764393,61758114,2013-01-29,PRO
14764393,PCT/US14/13595,2014-01-29,NST
14764394,PCT/CN2014/071869,2014-02-07,NST
14764395,61757903,2013-01-29,PRO
14764395,PCT/US14/13619,2014-01-29,NST
14764396,PCT/EP2014/051697,2014-01-29,NST
14764397,PCT/JP2013/055282,2013-02-28,NST
14764398,PCT/EP2013/051687,2013-01-29,NST
14764399,PCT/IB2014/000179,2014-01-24,NST
14764400,PCT/AU2014/000053,2014-01-29,NST
14764401,PCT/AU2014/000076,2014-02-04,NST
14764402,PCT/US2014/013621,2014-01-29,NST
14764403,PCT/CA2014/000062,2014-01-28,NST
14764404,PCT/CA2014/050062,2014-01-31,NST
14764405,PCT/EP2014/051943,2014-01-31,NST
14764406,PCT/JP2013/082977,2013-12-09,NST
14764407,PCT/IB2013/050799,2013-01-30,NST
14764408,PCT/EP2014/051695,2014-01-29,NST
14764409,61758050,2013-01-29,PRO
14764409,PCT/US14/13357,2014-01-28,NST
14764410,PCT/JP2014/051740,2014-01-28,NST
14764411,61757934,2013-01-29,PRO
14764411,PCT/US14/13623,2014-01-29,NST
14764413,PCT/GB2014/050230,2014-01-29,NST
14764414,PCT/EP2014/000363,2014-02-10,NST
14764415,PCT/JP2014/000348,2014-01-24,NST
14764416,PCT/EP2013/051696,2013-01-29,NST
14764417,PCT/EP2014/051899,2014-01-31,NST
14764418,PCT/JP2014/052355,2014-01-31,NST
14764419,61757939,2013-01-29,PRO
14764419,PCT/US14/13626,2014-01-29,NST
14764420,PCT/RU2013/000906,2013-10-14,NST
14764421,PCT/JP2014/063801,2014-05-26,NST
14764422,PCT/FR2014/050166,2014-01-30,NST
14764423,PCT/GB2014/050234,2014-01-29,NST
14764424,PCT/JP2014/052183,2014-01-24,NST
14764425,PCT/EP2014/051376,2014-01-24,NST
14764426,61757942,2013-01-29,PRO
14764426,PCT/US14/13639,2014-01-29,NST
14764427,PCT/GB2014/050257,2014-01-30,NST
14764428,PCT/EP2014/052567,2014-02-10,NST
14764429,PCT/JP2014/054062,2014-02-20,NST
14764430,PCT/JP2013/007630,2013-12-26,NST
14764431,PCT/US2014/013637,2014-01-29,NST
14764432,PCT/EP2014/051706,2014-01-29,NST
14764433,PCT/CA2014/050038,2014-01-21,NST
14764434,PCT/KR2013/005932,2013-07-04,NST
14764435,61758844,2013-01-31,PRO
14764435,PCT/US14/14087,2014-01-31,NST
14764436,PCT/US2014/015735,2014-02-11,NST
14764437,61771559,2013-03-01,PRO
14764437,61771594,2013-03-01,PRO
14764437,61771602,2013-03-01,PRO
14764437,61771613,2013-03-01,PRO
14764437,61779107,2013-03-13,PRO
14764437,PCT/US14/19819,2014-03-03,NST
14764438,61758602,2013-01-30,PRO
14764438,PCT/US14/13740,2014-01-30,NST
14764439,PCT/US2014/013174,2014-01-27,NST
14764440,PCT/IB2014/000232,2014-02-27,NST
14764441,PCT/IB2014/058629,2014-01-29,NST
14764442,PCT/JP2014/051239,2014-01-22,NST
14764443,PCT/JP13/52251,2013-01-31,NST
14764444,PCT/CH2013/000031,2013-02-14,NST
14764445,PCT/JP2014/051997,2014-01-29,NST
14764446,PCT/SG2014/000043,2014-01-30,NST
14764447,PCT/US13/23635,2013-01-29,NST
14764448,PCT/US2014/013561,2014-01-29,NST
14764449,PCT/JP14/51744,2014-01-28,NST
14764450,61759151,2013-01-31,PRO
14764450,61785309,2013-03-14,PRO
14764450,PCT/US14/14133,2014-01-31,NST
14764451,PCT/CN2013/000835,2013-07-11,NST
14764452,61759591,2013-02-01,PRO
14764452,PCT/US14/13798,2014-01-30,NST
14764454,PCT/KR2014/000898,2014-02-03,NST
14764455,PCT/JP2014/061041,2014-04-18,NST
14764456,PCT/EP2014/051499,2014-01-27,NST
14764457,PCT/EP2014/051644,2014-01-28,NST
14764458,PCT/ES2014/070049,2014-01-24,NST
14764460,PCT/KR2014/001117,2014-02-11,NST
14764461,PCT/GB2014/050214,2014-01-28,NST
14764462,PCT/JP2013/082601,2013-12-04,NST
14764463,PCT/JP2014/061042,2014-04-18,NST
14764464,PCT/JP2014/052358,2014-01-31,NST
14764465,PCT/CN2014/071654,2014-01-28,NST
14764466,PCT/KR2013/002547,2013-03-27,NST
14764467,PCT/EP2014/051626,2014-01-28,NST
14764468,PCT/US15/42496,2015-07-28,NST
14764469,61759786,2013-02-01,PRO
14764469,PCT/US14/13864,2014-01-30,NST
14764470,PCT/CA2014/000175,2014-03-05,NST
14764471,PCT/EP2014/051777,2014-01-30,NST
14764472,PCT/JP2014/061043,2014-04-18,NST
14764473,PCT/CN2013/086967,2013-11-12,NST
14764474,PCT/EP2014/000104,2014-01-16,NST
14764475,PCT/JP2014/051907,2014-01-29,NST
14764476,PCT/JP2014/000964,2014-02-25,NST
14764477,PCT/KR2013/005614,2013-06-25,NST
14764478,PCT/US2013/043787,2013-05-31,NST
14764479,PCT/GB2014/050231,2014-01-29,NST
14764480,PCT/CN2014/071743,2014-01-29,NST
14764481,PCT/EP2013/003868,2013-12-19,NST
14764482,PCT/DE2014/200002,2014-01-16,NST
14764483,PCT/EP2014/051212,2014-01-22,NST
14764484,PCT/KR2014/000810,2014-01-28,NST
14764485,PCT/CN2013/000904,2013-08-01,NST
14764486,PCT/EP2014/051714,2014-01-29,NST
14764488,PCT/US2014/013606,2014-01-29,NST
14764489,PCT/CN2014/071571,2014-01-27,NST
14764490,PCT/IB2014/000215,2014-01-29,NST
14764491,PCT/IB2014/000249,2014-01-29,NST
14764492,PCT/CA2014/000033,2014-01-17,NST
14764493,PCT/JP2013/080736,2013-11-14,NST
14764494,PCT/EP2014/051711,2014-01-29,NST
14764495,PCT/EP2014/050781,2014-01-16,NST
14764496,PCT/US14/12991,2014-01-24,NST
14764497,PCT/DE2014/000036,2014-01-29,NST
14764498,PCT/JP2014/052812,2014-01-31,NST
14764500,61758660,2013-01-30,PRO
14764500,13839949,2013-03-15,CIP
14764500,13840563,2013-03-15,CIP
14764500,13841074,2013-03-15,CIP
14764500,13842521,2013-03-15,CIP
14764500,13938877,2013-07-10,CIP
14764500,14101051,2013-12-09,CIP
14764500,14101086,2013-12-09,CIP
14764500,14101099,2013-12-09,CIP
14764500,14101129,2013-12-09,CIP
14764500,14101132,2013-12-09,CIP
14764500,14101147,2013-12-09,CIP
14764500,61922017,2013-12-30,PRO
14764500,PCT/US14/13931,2014-01-30,NST
14764501,PCT/JP2013/052307,2013-02-01,NST
14764502,PCT/EP2014/051712,2014-01-29,NST
14764503,PCT/US2014/014492,2014-02-03,NST
14764504,PCT/CN2014/071448,2014-01-26,NST
14764506,PCT/EP2014/051577,2014-01-28,NST
14764507,61761584,2013-02-06,PRO
14764507,61780265,2013-03-13,PRO
14764507,PCT/US14/15019,2014-02-06,NST
14764508,PCT/EP2014/051522,2014-01-27,NST
14764509,PCT/EP2014/051655,2014-01-28,NST
14764510,PCT/EP2014/052951,2014-02-14,NST
14764511,PCT/KR2014/000899,2014-02-03,NST
14764512,PCT/JP2014/052255,2014-01-31,NST
14764513,PCT/KR2014/000813,2014-01-28,NST
14764514,PCT/JP2014/051850,2014-01-28,NST
14764515,PCT/EP2014/052952,2014-02-14,NST
14764516,PCT/NL2014/050045,2014-01-28,NST
14764518,PCT/EP2014/050850,2014-01-17,NST
14764519,PCT/CA2014/000060,2014-01-30,NST
14764520,PCT/IL2013/050089,2013-01-31,NST
14764521,PCT/US13/24764,2013-02-05,NST
14764522,PCT/EP2014/054340,2014-03-06,NST
14764523,PCT/IB2014/058749,2014-02-03,NST
14764524,PCT/JP2014/052136,2014-01-30,NST
14764526,61758711,2013-01-30,PRO
14764526,PCT/US14/13288,2014-01-28,NST
14764527,PCT/KR2014/000829,2014-01-29,NST
14764528,PCT/US2013/023660,2013-01-29,NST
14764529,PCT/SG2013/000563,2013-12-31,NST
14764530,PCT/EP2014/051723,2014-01-29,NST
14764531,PCT/CN2013/071132,2013-01-30,NST
14764532,PCT/EP2014/051578,2014-01-28,NST
14764533,PCT/US2014/013673,2014-01-29,NST
14764534,PCT/JP2014/051993,2014-01-29,NST
14764535,PCT/CN2013/071140,2013-01-30,NST
14764536,PCT/KR2014/000668,2014-01-23,NST
14764537,PCT/JP2014/052040,2014-01-30,NST
14764538,PCT/JP2014/000235,2014-01-18,NST
14764539,PCT/EP2013/051766,2013-01-30,NST
14764540,PCT/US2013/075455,2013-12-16,NST
14764541,PCT/US2014/014377,2014-02-03,NST
14764542,PCT/EP2013/051792,2013-01-30,NST
14764543,PCT/CN2014/071500,2014-01-26,NST
14764545,13756392,2013-01-31,CIP
14764545,PCT/US2014/014098,2014-01-31,NST
14764546,61758642,2013-01-30,PRO
14764546,PCT/US14/13857,2014-01-30,NST
14764547,PCT/US2013/075139,2013-12-13,NST
14764548,PCT/EP2014/051845,2014-01-30,NST
14764549,PCT/JP2014/000434,2014-01-28,NST
14764550,PCT/GB2014/050241,2014-01-30,NST
14764551,PCT/CN2014/078766,2014-05-29,NST
14764552,61806538,2013-03-29,PRO
14764552,PCT/US14/32401,2014-03-31,NST
14764553,PCT/JP2014/000595,2014-02-04,NST
14764555,PCT/KR2014/001621,2014-02-27,NST
14764556,PCT/RU2013/000058,2013-01-29,NST
14764557,PCT/GB2014/050240,2014-01-30,NST
14764558,61764019,2013-02-13,PRO
14764558,PCT/US14/16092,2014-02-12,NST
14764559,PCT/KR2014/003893,2014-04-30,NST
14764560,PCT/JP2014/051197,2014-01-22,NST
14764561,PCT/IT2014/000028,2014-01-30,NST
14764562,PCT/JP2014/052008,2014-01-29,NST
14764563,PCT/US2013/032063,2013-03-15,NST
14764564,PCT/US2014/015180,2014-02-07,NST
14764565,PCT/US2014/013880,2014-01-30,NST
14764566,PCT/KR2014/003661,2014-04-25,NST
14764567,PCT/KR2014/000803,2014-01-28,NST
14764568,PCT/EP2014/051760,2014-01-30,NST
14764569,PCT/KR2014/000809,2014-01-28,NST
14764570,PCT/CN2013/071112,2013-01-30,NST
14764571,PCT/US13/28251,2013-02-28,NST
14764572,PCT/JP2014/000547,2014-02-03,NST
14764574,PCT/KR2014/000744,2014-01-27,NST
14764575,PCT/CN2013/090615,2013-12-27,NST
14764576,PCT/EP2014/050389,2014-01-10,NST
14764578,PCT/IL2014/050105,2014-01-30,NST
14764582,PCT/CN2014/095541,2014-12-30,NST
14764583,PCT/CN2013/091231,2013-12-31,NST
14764584,PCT/CN2014/000314,2014-03-21,NST
14764585,PCT/JP2013/055501,2013-02-28,NST
14764586,PCT/IL2014/050103,2014-01-30,NST
14764587,PCT/EP2014/000488,2014-02-25,NST
14764588,PCT/IB2014/058781,2014-02-04,NST
14764590,PCT/SE2014/050142,2014-02-05,NST
14764591,PCT/EP2014/052382,2014-02-07,NST
14764592,PCT/EP2014/052259,2014-02-05,NST
14764593,PCT/EP2014/051705,2014-01-29,NST
14764594,PCT/AU2014/000057,2014-01-30,NST
14764595,PCT/SE2014/050143,2014-02-05,NST
14764596,PCT/US2013/024067,2013-01-31,NST
14764597,PCT/US2014/013779,2014-01-30,NST
14764598,PCT/US2014/031153,2014-03-19,NST
14764599,PCT/GB2014/050251,2014-01-30,NST
14764600,PCT/JP2014/077624,2014-10-09,NST
14764601,PCT/IB2014/058480,2014-01-23,NST
14764603,PCT/JP2014/052529,2014-02-04,NST
14764604,PCT/IB2014/000143,2014-02-12,NST
14764605,PCT/CN2013/088493,2013-12-04,NST
14764606,PCT/EP2014/051782,2014-01-30,NST
14764607,PCT/JP2013/006336,2013-10-25,NST
14764608,PCT/JP2014/052142,2014-01-30,NST
14764609,PCT/US2013/032414,2013-03-15,NST
14764610,PCT/EP2014/051955,2014-01-31,NST
14764611,PCT/CN2013/075937,2013-05-20,NST
14764612,PCT/JP2013/076489,2013-09-30,NST
14764613,PCT/EP2013/052036,2013-02-01,NST
14764614,61760184,2013-02-04,PRO
14764614,PCT/IB14/58752,2014-02-03,NST
14764615,PCT/EP2013/074568,2013-11-25,NST
14764616,PCT/US2014/014638,2014-02-04,NST
14764617,PCT/US2014/013321,2014-01-28,NST
14764618,PCT/EP2014/052258,2014-02-05,NST
14764619,PCT/EP2014/052257,2014-02-05,NST
14764620,PCT/US2014/019305,2014-02-28,NST
14764621,PCT/EP2014/051880,2014-01-31,NST
14764622,PCT/GB2014/050186,2014-01-24,NST
14764623,PCT/EP2014/051970,2014-01-31,NST
14764624,PCT/EP2014/054172,2014-03-04,NST
14764625,PCT/JP2014/000335,2014-01-23,NST
14764626,PCT/JP2014/062376,2014-05-08,NST
14764627,PCT/JP2014/052271,2014-01-31,NST
14764628,PCT/US2014/016899,2014-02-18,NST
14764629,PCT/EP2014/052072,2014-02-03,NST
14764630,PCT/EP2013/052047,2013-02-01,NST
14764631,PCT/JP2013/067340,2013-06-25,NST
14764632,PCT/JP2013/083953,2013-12-18,NST
14764633,PCT/JP2014/052359,2014-01-31,NST
14764634,PCT/EP2014/051876,2014-01-31,NST
14764635,PCT/US2014/014054,2014-01-31,NST
14764636,PCT/JP2014/000356,2014-01-24,NST
14764637,PCT/JP2014/000336,2014-01-23,NST
14764638,PCT/GB2014/051523,2014-05-16,NST
14764639,PCT/JP2014/051943,2014-01-29,NST
14764640,PCT/IB2014/058308,2014-01-16,NST
14764641,PCT/JP2014/052613,2014-02-05,NST
14764642,PCT/JP2013/052203,2013-01-31,NST
14764643,PCT/EP2014/052233,2014-02-05,NST
14764644,PCT/JP2014/055928,2014-03-07,NST
14764645,PCT/JP2014/051354,2014-01-23,NST
14764646,PCT/EP2013/051752,2013-01-30,NST
14764647,PCT/AT2014/000001,2014-01-08,NST
14764648,PCT/US13/24350,2013-02-01,NST
14764649,PCT/JP2014/054564,2014-02-25,NST
14764650,PCT/JP2014/000818,2014-02-18,NST
14764651,PCT/US2013/033096,2013-03-20,NST
14764652,PCT/JP2014/052700,2014-02-05,NST
14764653,PCT/FI2013/050107,2013-01-31,NST
14764654,PCT/JP2014/054119,2014-02-21,NST
14764655,PCT/US2014/013732,2014-01-30,NST
14764656,PCT/EP2013/052501,2013-02-08,NST
14764657,PCT/GB2014/000041,2014-02-04,NST
14764658,PCT/EP2014/051781,2014-01-30,NST
14764659,PCT/JP2013/064163,2013-05-22,NST
14764660,PCT/EP2014/050578,2014-01-14,NST
14764661,PCT/PL2014/000021,2014-03-10,NST
14764662,PCT/EP2014/050816,2014-01-16,NST
14764663,PCT/JP2014/053232,2014-02-05,NST
14764664,PCT/EP2014/052050,2014-02-03,NST
14764665,PCT/JP2014/002008,2014-04-08,NST
14764667,PCT/MY2014/000001,2014-01-02,NST
14764668,PCT/JP2013/084842,2013-12-26,NST
14764669,PCT/EP2014/051736,2014-01-29,NST
14764670,PCT/US2013/024029,2013-01-31,NST
14764671,PCT/GB2014/050256,2014-01-30,NST
14764672,PCT/JP2014/052442,2014-02-03,NST
14764673,PCT/US2013/024179,2013-01-31,NST
14764674,PCT/FR2014/050207,2014-02-04,NST
14764675,PCT/DK2014/050019,2014-01-30,NST
14764676,PCT/JP2014/056921,2014-03-14,NST
14764677,PCT/ES2013/070673,2013-09-30,NST
14764678,PCT/JP2014/051259,2014-01-22,NST
14764679,PCT/IB2014/058679,2014-01-30,NST
14764680,PCT/CN2014/071795,2014-01-29,NST
14764681,61758680,2013-01-30,PRO
14764681,PCT/US14/13942,2014-01-30,NST
14764682,PCT/JP2014/052132,2014-01-30,NST
14764683,61758628,2013-01-30,PRO
14764683,61790061,2013-03-15,PRO
14764683,PCT/US14/13903,2014-01-30,NST
14764684,PCT/US2014/014590,2014-02-04,NST
14764686,PCT/US2014/013898,2014-01-30,NST
14764687,PCT/JP2014/051361,2014-01-23,NST
14764688,PCT/US2014/014881,2014-02-05,NST
14764689,PCT/KR2014/000472,2014-01-16,NST
14764690,PCT/EP14/51741,2014-01-29,NST
14764691,PCT/IB2014/059211,2014-02-24,NST
14764692,PCT/JP2014/051758,2014-01-28,NST
14764693,PCT/IB2014/000192,2014-02-04,NST
14764694,PCT/FR2014/050508,2014-03-06,NST
14764695,PCT/IB2014/058635,2014-01-29,NST
14764696,PCT/US13/23833,2013-01-30,NST
14764697,PCT/FR2014/050169,2015-01-30,NST
14764698,PCT/JP2013/007009,2013-11-28,NST
14764699,PCT/JP2013/082464,2013-12-03,NST
14764700,PCT/FR2014/050510,2014-03-06,NST
14764701,PCT/DE2014/000133,2014-03-17,NST
14764702,PCT/JP2013/083896,2013-12-18,NST
14764703,PCT/JP2013/075033,2013-09-17,NST
14764704,PCT/CN2013/081647,2013-08-16,NST
14764705,PCT/JP2014/000999,2014-02-26,NST
14764706,PCT/CN2014/090412,2014-11-06,NST
14764707,PCT/US2014/014150,2014-01-31,NST
14764708,PCT/US13/24234,2013-01-31,NST
14764709,PCT/EP2014/051039,2014-01-20,NST
14764710,PCT/US2014/014472,2014-02-03,NST
14764711,PCT/US2014/014023,2014-01-31,NST
14764712,PCT/IB2014/059043,2014-02-17,NST
14764713,PCT/EP2014/051866,2014-01-31,NST
14764714,PCT/JP2014/051117,2014-01-21,NST
14764715,PCT/JP2014/057735,2014-03-20,NST
14764716,61758696,2013-01-30,PRO
14764716,PCT/US14/13844,2014-01-30,NST
14764717,PCT/US2013/028134,2013-02-28,NST
14764718,PCT/EP2013/052061,2013-02-01,NST
14764719,PCT/EP2014/051856,2014-01-30,NST
14764720,PCT/JP2014/054960,2014-02-27,NST
14764721,PCT/JP2013/007103,2013-12-03,NST
14764722,PCT/US2014/014579,2014-02-04,NST
14764723,PCT/JP2014/051351,2014-01-23,NST
14764724,PCT/EP2014/053141,2014-02-18,NST
14764725,PCT/JP2014/052357,2014-01-31,NST
14764726,PCT/GB2014/050252,2014-01-30,NST
14764727,PCT/US2014/013912,2014-01-30,NST
14764728,PCT/JP2013/005928,2013-10-04,NST
14764729,PCT/JP2013/052070,2013-01-30,NST
14764730,PCT/JP14/64545,2014-05-30,NST
14764731,PCT/IT2013/000351,2013-12-17,NST
14764732,PCT/CN2013/083682,2013-09-17,NST
14764733,PCT/SE2013/050096,2013-02-06,NST
14764734,PCT/EP2014/052068,2014-02-03,NST
14764735,PCT/CN2014/070916,2014-01-20,NST
14764736,PCT/JP2014/000397,2013-01-31,NST
14764737,PCT/SE2013/050086,2013-02-01,NST
14764738,PCT/JP2014/054550,2014-02-25,NST
14764739,PCT/US2014/014883,2014-02-05,NST
14764740,PCT/CN2014/088299,2014-10-10,NST
14764741,PCT/EP2014/052075,2014-02-04,NST
14764742,PCT/US13/24021,2013-01-31,NST
14764743,PCT/US2013/024042,2013-01-31,NST
14764744,PCT/JP2013/082335,2013-12-02,NST
14764745,PCT/JP2013/007040,2013-11-29,NST
14764746,PCT/US2013/027855,2013-02-27,NST
14764747,PCT/JP2014/052425,2014-02-03,NST
14764748,PCT/FR2014/000023,2014-01-31,NST
14764749,PCT/EP2014/052552,2014-02-10,NST
14764750,PCT/JP2014/052920,2014-02-07,NST
14764751,PCT/EP2014/051694,2014-01-29,NST
14764752,PCT/JP2014/050578,2014-01-15,NST
14764753,PCT/JP2014/051034,2014-01-21,NST
14764755,PCT/JP2014/074992,2014-09-22,NST
14764756,PCT/GB14/50292,2014-02-03,NST
14764757,PCT/FR2014/050129,2014-01-23,NST
14764758,PCT/JP2013/007631,2013-12-26,NST
14764759,PCT/JP2014/052137,2014-01-30,NST
14764760,PCT/US2014/013979,2014-01-31,NST
14764761,PCT/EP2014/000225,2014-01-28,NST
14764762,PCT/JP2013/065893,2013-06-07,NST
14764763,61759847,2013-02-01,PRO
14764763,PCT/US14/14374,2014-02-03,NST
14764764,PCT/CA2014/000074,2014-01-31,NST
14764765,PCT/IL2014/050106,2014-01-30,NST
14764766,PCT/JP2013/063896,2013-05-20,NST
14764767,PCT/JP2014/052159,2014-01-30,NST
14764768,PCT/JP2014/056574,2014-03-12,NST
14764769,PCT/US2013/024141,2013-01-31,NST
14764770,PCT/CN13/90522,2013-12-26,NST
14764771,PCT/JP2013/052593,2013-02-05,NST
14764772,PCT/JP2014/052172,2014-01-30,NST
14764773,PCT/EP2014/050761,2014-01-16,NST
14764774,PCT/EP14/51666,2014-01-29,NST
14764775,PCT/CA2014/050063,2014-01-31,NST
14764776,PCT/JP2013/057344,2013-03-15,NST
14764777,61764163,2013-02-13,PRO
14764777,PCT/US14/15558,2014-02-10,NST
14764778,PCT/EP2014/051853,2014-01-30,NST
14764779,PCT/JP2014/052353,2014-01-31,NST
14764780,PCT/JP14/52510,2014-02-04,NST
14764781,PCT/JP2014/000197,2014-01-16,NST
14764782,PCT/DE2014/200062,2014-02-14,NST
14764783,PCT/GB2014/050219,2014-01-28,NST
14764784,PCT/JP2014/051352,2014-01-23,NST
14764785,PCT/JP2014/057062,2014-03-17,NST
14764786,61759053,2013-01-31,PRO
14764786,PCT/US14/13286,2014-01-28,NST
14764787,PCT/JP2014/052254,2014-01-31,NST
14764788,PCT/EP2014/050933,2014-01-17,NST
14764789,PCT/JP2013/085120,2013-12-27,NST
14764790,PCT/EP14/51753,2014-01-30,NST
14764791,61779340,2013-03-13,PRO
14764791,PCT/US14/20641,2014-03-05,NST
14764792,PCT/US2014/019970,2014-03-03,NST
14764793,PCT/FI2014/050064,2014-01-27,NST
14764794,PCT/US2014/013861,2014-01-30,NST
14764795,PCT/JP2014/070141,2014-07-30,NST
14764796,PCT/JP2014/061248,2014-04-22,NST
14764797,PCT/CN2013/087037,2013-11-13,NST
14764798,PCT/US13/24175,2013-01-31,NST
14764799,61759061,2013-01-31,PRO
14764799,PCT/US14/13263,2014-01-28,NST
14764800,PCT/JP2013/083623,2013-12-16,NST
14764801,PCT/EP2014/000254,2014-01-30,NST
14764802,PCT/US13/24201,2013-01-31,NST
14764803,PCT/GB2014/050277,2014-01-31,NST
14764804,PCT/EP2013/058625,2013-04-25,NST
14764805,PCT/JP2013/075032,2013-09-17,NST
14764806,PCT/EP2014/051967,2014-01-31,NST
14764807,PCT/EP2014/051595,2014-01-28,NST
14764808,PCT/JP2014/052053,2014-01-30,NST
14764809,61784717,2013-03-14,PRO
14764809,PCT/US14/29331,2014-03-14,NST
14764810,PCT/EP2014/051497,2014-01-27,NST
14764812,PCT/US2013/024168,2013-01-31,NST
14764813,PCT/JP2014/000297,2014-01-22,NST
14764814,PCT/US2014/014147,2014-01-31,NST
14764815,PCT/JP2014/052283,2014-01-31,NST
14764816,PCT/EP2013/052072,2013-02-01,NST
14764817,PCT/JP2014/053244,2014-02-13,NST
14764818,PCT/JP2014/000337,2014-01-23,NST
14764819,PCT/EP2014/052069,2014-02-03,NST
14764820,PCT/CN2014/071615,2014-01-28,NST
14764821,PCT/EP2014/051564,2014-01-28,NST
14764822,PCT/JP2014/000529,2014-01-31,NST
14764823,PCT/JP2013/052961,2013-02-01,NST
14764824,PCT/CN2014/087483,2014-09-26,NST
14764825,PCT/EP2013/051998,2013-02-01,NST
14764826,PCT/JP2014/057063,2014-03-17,NST
14764827,PCT/JP2014/059334,2014-03-28,NST
14764828,PCT/JP2014/052171,2014-01-30,NST
14764829,PCT/CN2014/080369,2014-06-20,NST
14764830,PCT/US2014/041339,2014-06-06,NST
14764831,PCT/JP2014/052396,2014-02-03,NST
14764832,PCT/SG2014/000056,2014-02-13,NST
14764833,PCT/IN2013/000670,2013-10-31,NST
14764834,PCT/CA14/50058,2014-01-30,NST
14764835,PCT/NL2014/050057,2014-01-31,NST
14764836,PCT/US2014/013327,2014-01-28,NST
14764837,PCT/EP2013/052004,2013-02-01,NST
14764838,PCT/JP2013/067003,2013-06-20,NST
14764839,PCT/EP2014/000259,2014-01-31,NST
14764840,PCT/EP2014/051730,2014-01-29,NST
14764841,PCT/US2014/016692,2014-02-17,NST
14764842,PCT/US13/23840,2013-01-30,NST
14764843,PCT/EP2014/051554,2014-01-28,NST
14764844,PCT/EP2014/051041,2014-01-20,NST
14764845,PCT/IB2014/059260,2014-02-26,NST
14764846,PCT/EP2014/051724,2014-01-29,NST
14764847,PCT/CN2013/071187,2013-01-31,NST
14764848,PCT/CN2014/083151,2014-01-28,NST
14764849,PCT/US2013/072817,2013-12-03,NST
14764850,PCT/EP2014/051677,2014-01-29,NST
14764851,PCT/GB2014/050279,2014-01-31,NST
14764852,PCT/IL2014/050104,2014-01-30,NST
14764853,PCT/EP2014/051642,2014-01-28,NST
14764854,61758558,2013-01-30,PRO
14764854,PCT/US14/13896,2014-01-30,NST
14764855,PCT/US2014/014463,2014-02-03,NST
14764856,PCT/JP2013/085065,2013-12-27,NST
14764857,PCT/FR2014/050156,2014-01-29,NST
14764858,PCT/JP2014/053938,2014-02-19,NST
14764859,PCT/US2013/032882,2013-03-19,NST
14764860,PCT/JP2013/052395,2013-02-01,NST
14764861,PCT/JP2014/052975,2014-02-07,NST
14764862,PCT/GB2014/050247,2014-01-30,NST
14764863,PCT/US2014/013677,2014-01-29,NST
14764864,PCT/KR2014/000918,2014-02-03,NST
14764865,PCT/CN2014/073004,2014-03-06,NST
14764866,PCT/US2014/016483,2014-02-14,NST
14764867,PCT/KR2013/011809,2013-12-18,NST
14764868,PCT/JP2014/058413,2014-03-26,NST
14764869,PCT/KR2013/003993,2013-05-08,NST
14764870,PCT/EP2014/050833,2014-01-16,NST
14764871,PCT/FR2014/050189,2014-02-03,NST
14764872,PCT/IB2013/051405,2013-02-21,NST
14764873,61761176,2013-02-05,PRO
14764873,61780115,2013-03-13,PRO
14764873,PCT/US14/14632,2014-02-04,NST
14764874,PCT/KR2014/000700,2014-01-24,NST
14764875,PCT/US2014/014495,2014-02-03,NST
14764876,61783177,2013-03-14,PRO
14764876,PCT/US14/25513,2014-03-13,NST
14764877,61758442,2013-01-30,PRO
14764877,PCT/US14/13917,2014-01-30,NST
14764878,PCT/US2014/013879,2014-01-30,NST
14764879,PCT/JP2014/084398,2014-12-25,NST
14764880,PCT/JP2014/073181,2014-09-03,NST
14764881,PCT/IN2014/000072,2014-01-30,NST
14764882,PCT/EP2013/053062,2013-02-15,NST
14764883,PCT/IB2014/059788,2014-03-14,NST
14764884,PCT/US2013/024115,2013-01-31,NST
14764885,PCT/KR2014/000920,2014-02-03,NST
14764886,PCT/US13/24170,2013-01-31,NST
14764888,PCT/JP2014/051769,2014-01-28,NST
14764889,PCT/US2014/011896,2014-01-16,NST
14764890,PCT/JP2014/051159,2014-01-15,NST
14764891,PCT/JP2013/073079,2013-08-29,NST
14764892,PCT/JP2013/083757,2013-12-17,NST
14764893,PCT/KR2014/000914,2014-02-03,NST
14764894,PCT/FR2014/050144,2014-01-27,NST
14764895,PCT/EP2014/051962,2014-01-31,NST
14764896,PCT/US2013/024109,2013-01-31,NST
14764897,PCT/NL2014/050042,2014-01-28,NST
14764898,PCT/EP2014/052675,2014-02-11,NST
14764899,PCT/US2014/013838,2014-01-30,NST
14764900,PCT/JP2014/057167,2014-03-17,NST
14764901,PCT/CN2013/091259,2013-12-31,NST
14764902,PCT/JP2014/051795,2014-01-28,NST
14764903,PCT/JP2013/070154,2013-07-25,NST
14764905,PCT/US2013/024187,2013-01-31,NST
14764906,61849712,2013-02-01,PRO
14764906,PCT/US14/13970,2014-01-31,NST
14764907,PCT/JP2014/050895,2014-01-20,NST
14764908,PCT/JP2014/051158,2014-01-15,NST
14764910,PCT/US2013/024184,2013-01-31,NST
14764911,PCT/CA2014/000082,2014-02-06,NST
14764912,PCT/KR2014/000878,2014-01-29,NST
14764913,61771728,2013-03-01,PRO
14764913,PCT/US14/19094,2014-02-27,NST
14764914,PCT/IB2014/059048,2014-02-17,NST
14764915,PCT/NL2014/050003,2014-01-07,NST
14764916,61758602,2013-01-30,PRO
14764916,PCT/US14/13665,2014-01-29,NST
14764917,PCT/JP2013/054402,2013-02-21,NST
14764918,PCT/EP2014/051920,2014-01-31,NST
14764919,PCT/EP2014/051728,2014-01-29,NST
14764920,PCT/GB2014/050258,2014-01-30,NST
14764921,61777604,2013-03-12,PRO
14764921,PCT/US14/24956,2014-03-12,NST
14764922,PCT/US2013/024223,2013-01-31,NST
14764923,PCT/CN2014/071747,2014-01-29,NST
14764924,PCT/CN2013/071115,2013-01-30,NST
14764925,PCT/JP2014/057810,2014-03-20,NST
14764926,PCT/US11/63537,2011-12-06,NST
14764926,PCT/US2014/014298,2014-01-31,NST
14764927,PCT/EP2013/051912,2013-01-31,NST
14764928,PCT/EP2014/051335,2014-01-23,NST
14764930,PCT/KR2013/008131,2013-09-09,NST
14764932,PCT/JP2014/051121,2014-01-21,NST
14764933,PCT/IB2014/058646,2014-01-29,NST
14764934,PCT/EP2013/051942,2013-01-31,NST
14764935,PCT/CN2013/073125,2013-03-25,NST
14764936,61763362,2013-02-11,PRO
14764936,PCT/US14/15818,2014-02-11,NST
14764937,PCT/US2013/028146,2013-02-28,NST
14764938,PCT/JP2014/000465,2014-01-29,NST
14764939,PCT/EP2014/054345,2014-03-06,NST
14764940,PCT/JP2014/050506,2014-01-15,NST
14764941,PCT/EP2014/000130,2014-01-18,NST
14764942,PCT/CA2014/050059,2014-01-30,NST
14764943,PCT/EP2014/050288,2014-01-09,NST
14764944,61800202,2013-03-15,PRO
14764944,PCT/US14/28542,2014-03-14,NST
14764945,PCT/US2014/014184,2014-01-31,NST
14764946,PCT/EP2014/050287,2014-01-09,NST
14764948,61794917,2013-03-15,PRO
14764948,PCT/US14/30833,2014-03-17,NST
14764949,PCT/JP2013/052607,2013-02-05,NST
14764950,PCT/IB2014/058632,2014-01-29,NST
14764951,PCT/FR2014/050155,2014-01-28,NST
14764952,PCT/IB2014/059085,2014-02-19,NST
14764953,PCT/EP2014/051670,2014-01-29,NST
14764954,PCT/JP2014/052541,2014-02-04,NST
14764955,PCT/EP2014/051759,2014-01-30,NST
14764956,PCT/JP2014/072967,2014-09-02,NST
14764957,PCT/EP2014/050314,2014-01-09,NST
14764958,PCT/KR2014/000838,2014-01-29,NST
14764959,61759988,2013-02-01,PRO
14764959,PCT/US14/14160,2014-01-31,NST
14764960,PCT/US2013/024135,2013-01-31,NST
14764961,PCT/EP2014/051799,2014-01-30,NST
14764962,PCT/EP2014/051132,2014-01-21,NST
14764963,PCT/EP2014/050323,2014-01-09,NST
14764964,PCT/JP2013/058853,2013-03-26,NST
14764965,PCT/EP2014/051450,2014-01-24,NST
14764966,PCT/SE2014/050046,2014-01-16,NST
14764967,PCT/EP2014/052189,2014-02-05,NST
14764968,PCT/EP2014/052190,2014-02-05,NST
14764969,61794849,2013-03-15,PRO
14764969,PCT/US14/24886,2014-03-12,NST
14764970,PCT/JP2014/051903,2014-01-29,NST
14764971,PCT/CN2013/071207,2013-01-31,NST
14764972,PCT/US2014/013904,2014-01-30,NST
14764973,PCT/US2013/024200,2013-01-31,NST
14764974,PCT/SE2014/050047,2014-01-16,NST
14764975,PCT/KR2014/000952,2014-02-04,NST
14764976,PCT/JP2013/052909,2013-02-07,NST
14764977,PCT/SG2014/000041,2014-01-30,NST
14764978,61759980,2013-02-01,PRO
14764978,PCT/US14/14305,2014-01-31,NST
14764979,61789412,2013-03-15,PRO
14764979,PCT/US14/20207,2014-03-04,NST
14764980,PCT/JP2014/000594,2014-02-04,NST
14764981,61759386,2013-01-31,PRO
14764981,PCT/US14/14172,2014-01-31,NST
14764983,PCT/KR2014/000757,2014-01-27,NST
14764984,PCT/JP2013/052275,2013-01-31,NST
14764985,PCT/JP2014/050708,2014-01-16,NST
14764987,PCT/EP2014/052105,2014-02-04,NST
14764988,PCT/US13/27968,2013-02-27,NST
14764989,PCT/IB2013/061136,2013-12-19,NST
14764990,PCT/KR2013/002162,2013-03-18,NST
14764991,PCT/IN2013/000067,2013-02-01,NST
14764992,PCT/KR2013/002163,2013-03-18,NST
14764993,61764198,2013-02-13,PRO
14764993,PCT/US14/15186,2014-02-07,NST
14764994,PCT/IN2013/000076,2013-02-04,NST
14764995,PCT/JP2013/084578,2013-12-25,NST
14764996,PCT/US2013/073362,2013-12-05,NST
14764997,PCT/EP2014/051860,2014-01-30,NST
14764998,61771116,2013-03-01,PRO
14764998,PCT/US14/18609,2014-02-26,NST
14764999,61766279,2013-02-19,PRO
14764999,PCT/US14/17159,2014-02-19,NST
14765000,PCT/AU2014/117218,2014-01-31,NST
14765001,61761405,2013-02-06,PRO
14765001,61762197,2013-02-07,PRO
14765001,61783774,2013-03-14,PRO
14765001,61926704,2014-01-13,PRO
14765001,PCT/US14/15172,2014-02-06,NST
14765002,61759203,2013-01-31,PRO
14765002,PCT/US13/75468,2013-12-16,NST
14765003,PCT/JP2014/001346,2014-03-10,NST
14765004,PCT/KR2014/003902,2014-05-01,NST
14765005,PCT/CA2014/000073,2014-01-31,NST
14765006,PCT/EP2014/053117,2014-02-18,NST
14765007,PCT/JP2014/051847,2014-01-28,NST
14765008,61765860,2013-02-18,PRO
14765008,PCT/US14/13483,2014-01-29,NST
14765009,PCT/EP2014/051612,2014-01-28,NST
14765010,PCT/US2014/018819,2014-02-27,NST
14765011,PCT/US2013/025108,2013-02-07,NST
14765012,PCT/EP2014/050783,2014-01-16,NST
14765013,PCT/JP2014/051846,2014-01-28,NST
14765015,PCT/JP2014/051899,2014-01-29,NST
14765016,PCT/US2014/013986,2014-01-31,NST
14765017,PCT/JP2013/079384,2013-10-30,NST
14765018,61759922,2013-02-01,PRO
14765018,PCT/US14/14478,2014-02-03,NST
14765019,PCT/US13/32277,2013-03-15,NST
14765020,PCT/JP2014/000527,2014-01-31,NST
14765021,PCT/CA2014/050065,2014-01-31,NST
14765022,PCT/IB2014/058485,2014-01-23,NST
14765023,PCT/US2014/014418,2014-02-03,NST
14765024,PCT/US2014/014788,2014-02-05,NST
14765025,PCT/EP2014/052475,2014-02-07,NST
14765026,PCT/JP2014/050076,2014-01-07,NST
14765027,61759427,2013-02-01,PRO
14765027,PCT/US14/14338,2014-02-01,NST
14765028,PCT/JP2014/053281,2014-02-13,NST
14765030,PCT/IB2013/003239,2013-02-12,NST
14765031,PCT/AT2014/050075,2014-03-26,NST
14765032,PCT/EP2013/052968,2013-02-14,NST
14765033,PCT/IB2014/000127,2014-02-07,NST
14765034,PCT/US2014/013312,2014-01-28,NST
14765035,PCT/US2014/013989,2014-01-31,NST
14765036,PCT/EP2014/052487,2014-02-07,NST
14765037,PCT/US2014/018825,2014-02-27,NST
14765039,PCT/JP2013/079411,2013-10-30,NST
14765040,PCT/US2014/012192,2014-01-20,NST
14765041,PCT/EP2014/051958,2014-01-31,NST
14765042,PCT/EP2014/051659,2014-01-28,NST
14765043,PCT/KR2013/006584,2013-07-23,NST
14765044,PCT/EP2014/050613,2014-01-14,NST
14765045,PCT/US2014/012032,2014-01-17,NST
14765046,PCT/EP2014/050152,2014-01-07,NST
14765047,PCT/EP2014/051821,2014-01-30,NST
14765048,PCT/EP2014/000160,2014-01-22,NST
14765049,PCT/US2014/015085,2014-02-06,NST
14765050,PCT/JP2013/054735,2013-02-25,NST
14765051,61759511,2013-02-01,PRO
14765051,PCT/US14/14154,2014-01-31,NST
14765052,PCT/EP2014/000278,2014-02-03,NST
14765053,PCT/JP2014/052124,2014-01-30,NST
14765054,61759052,2013-01-31,PRO
14765054,PCT/US14/14072,2014-01-31,NST
14765055,PCT/ES2014/070067,2014-01-30,NST
14765056,PCT/AU2014/000061,2014-01-31,NST
14765057,PCT/US2013/034382,2013-03-28,NST
14765058,PCT/JP2014/051845,2014-01-28,NST
14765059,PCT/NL2014/050060,2014-01-31,NST
14765060,PCT/JP2014/051359,2014-01-23,NST
14765062,PCT/ES2013/000022,2013-02-01,NST
14765063,PCT/JP2013/052162,2013-01-31,NST
14765064,PCT/US2014/014141,2014-01-31,NST
14765065,PCT/EP2014/050232,2014-01-08,NST
14765066,PCT/ES2014/070047,2014-01-23,NST
14765067,PCT/EP2014/050258,2014-01-09,NST
14765068,PCT/JP2014/051482,2014-01-24,NST
14765069,PCT/EP2014/050229,2014-01-08,NST
14765070,PCT/HU2014/000016,2014-02-11,NST
14765071,61760042,2013-02-02,PRO
14765071,61806358,2013-03-28,PRO
14765071,PCT/US13/43745,2013-05-31,NST
14765072,PCT/EP2014/050297,2014-01-09,NST
14765073,PCT/FR2014/050191,2014-02-03,NST
14765074,PCT/US2014/014620,2014-02-04,NST
14765075,PCT/EP2014/051971,2014-01-31,NST
14765076,PCT/DE2013/200349,2013-12-11,NST
14765077,PCT/EP2014/000487,2014-02-25,NST
14765078,PCT/JP2014/000091,2014-01-10,NST
14765079,PCT/EP2013/052967,2013-02-14,NST
14765080,PCT/JP2014/054249,2014-02-18,NST
14765081,61759143,2013-01-31,PRO
14765081,PCT/US14/14115,2014-01-31,NST
14765082,PCT/US2014/014283,2014-01-31,NST
14765083,PCT/JP2014/000517,2014-01-31,NST
14765084,PCT/JP2014/052858,2014-02-07,NST
14765085,PCT/JP2014/051844,2014-01-28,NST
14765086,61761265,2013-02-06,PRO
14765086,PCT/US14/14589,2014-02-04,NST
14765087,61774964,2013-03-08,PRO
14765087,61877680,2013-09-13,PRO
14765087,PCT/US14/20205,2014-03-04,NST
14765088,PCT/JP2014/067316,2014-06-30,NST
14765089,PCT/ES2013/000023,2013-02-01,NST
14765090,PCT/IB2014/058712,2014-01-31,NST
14765091,PCT/SG2014/000038,2014-01-28,NST
14765092,PCT/JP2014/052317,2014-01-31,NST
14765093,PCT/AU2014/000046,2014-01-28,NST
14765094,PCT/NL2014/050054,2014-01-31,NST
14765095,PCT/JP2014/050757,2014-01-17,NST
14765096,61768746,2013-02-25,PRO
14765096,61778098,2013-03-12,PRO
14765096,61877234,2013-09-12,PRO
14765096,PCT/US14/18247,2014-02-25,NST
14765097,PCT/JP2013/052202,2013-01-31,NST
14765098,PCT/IB2014/058711,2014-01-31,NST
14765099,PCT/US2013/028156,2013-02-28,NST
14765100,PCT/JP2014/052412,2014-02-03,NST
14765101,PCT/EP2014/051924,2014-01-31,NST
14765102,PCT/CN2014/070929,2014-01-20,NST
14765103,61790762,2013-03-15,PRO
14765103,PCT/US14/24574,2014-03-12,NST
14765104,PCT/JP2014/052073,2014-01-30,NST
14765105,PCT/JP2013/083604,2013-12-16,NST
14765106,PCT/JP2014/051952,2014-01-29,NST
14765107,PCT/US2013/034574,2013-03-29,NST
14765109,PCT/JP2014/052952,2014-02-07,NST
14765110,PCT/JP2014/051814,2014-01-28,NST
14765111,PCT/US2014/014341,2014-02-01,NST
14765112,PCT/JP2014/051390,2014-01-23,NST
14765113,61790642,2013-03-15,PRO
14765113,PCT/US14/21510,2014-03-07,NST
14765114,PCT/EP2014/053549,2014-02-24,NST
14765115,PCT/US2013/025559,2013-02-11,NST
14765116,PCT/GB2014/050665,2014-03-06,NST
14765117,PCT/US2014/020468,2014-03-05,NST
14765118,PCT/JP2014/001036,2014-02-26,NST
14765120,PCT/KR2014/000972,2014-02-05,NST
14765121,PCT/EP2014/053550,2014-02-24,NST
14765122,PCT/JP2013/063901,2013-05-20,NST
14765123,PCT/DE2013/000055,2013-01-31,NST
14765124,PCT/EP2014/051639,2014-01-28,NST
14765125,PCT/EP2014/051839,2014-01-30,NST
14765126,61916028,2013-12-13,PRO
14765126,PCT/US14/14504,2014-02-03,NST
14765127,PCT/KR2014/000994,2014-02-05,NST
14765128,PCT/KR2014/000453,2014-01-16,NST
14765129,PCT/IB2014/058719,2014-01-31,NST
14765130,PCT/JP2014/052411,2014-02-03,NST
14765131,PCT/IB2014/058665,2014-01-30,NST
14765132,PCT/CN2013/071519,2013-02-07,NST
14765133,PCT/GB2014/050436,2014-02-14,NST
14765134,PCT/JP2014/052465,2014-02-03,NST
14765135,PCT/CN2013/071853,2013-02-25,NST
14765136,PCT/EP2013/052129,2013-02-04,NST
14765137,PCT/GB2014/050667,2014-03-06,NST
14765138,61773914,2013-03-07,PRO
14765138,PCT/US14/20476,2014-03-05,NST
14765139,PCT/US2014/014167,2014-01-31,NST
14765140,PCT/NL2013/050061,2013-02-05,NST
14765141,PCT/JP2014/052272,2014-01-31,NST
14765142,PCT/GB2014/050281,2014-01-31,NST
14765143,61770425,2013-02-28,PRO
14765143,PCT/US14/12275,2014-01-21,NST
14765144,PCT/US2014/014318,2014-01-31,NST
14765145,PCT/US2014/015142,2014-02-06,NST
14765146,PCT/IB2014/058904,2014-02-11,NST
14765147,PCT/EP2014/000283,2014-02-04,NST
14765148,PCT/JP2014/053962,2014-02-20,NST
14765149,PCT/EP2014/052174,2014-02-04,NST
14765150,PCT/US2013/035038,2013-04-02,NST
14765151,PCT/JP2014/052788,2014-02-06,NST
14765152,61759981,2013-02-01,PRO
14765152,PCT/US14/14266,2014-01-31,NST
14765153,PCT/NL2014/050065,2014-02-03,NST
14765154,PCT/GB2014/050274,2014-01-31,NST
14765155,PCT/JP2014/000599,2014-02-04,NST
14765156,61759763,2013-02-01,PRO
14765156,PCT/US14/14378,2014-02-03,NST
14765157,PCT/EP2014/051823,2014-01-30,NST
14765158,PCT/JP2014/000462,2014-01-29,NST
14765159,PCT/EP2014/051910,2014-01-31,NST
14765160,PCT/JP2014/052413,2014-02-03,NST
14765161,61762352,2013-02-08,PRO
14765161,61895380,2013-10-24,PRO
14765161,61903491,2013-11-13,PRO
14765161,PCT/US14/14954,2014-02-05,NST
14765162,61759108,2013-01-31,PRO
14765162,PCT/US14/14107,2014-01-31,NST
14765163,61759438,2013-02-01,PRO
14765163,PCT/US14/14420,2014-02-03,NST
14765164,PCT/JP2013/083763,2013-12-17,NST
14765165,PCT/IB2014/058148,2014-01-09,NST
14765166,61772452,2013-03-04,PRO
14765166,PCT/US14/17712,2014-02-21,NST
14765167,PCT/JP2013/056713,2013-03-12,NST
14765168,PCT/US2014/014224,2014-01-31,NST
14765169,PCT/EP2014/051378,2014-01-24,NST
14765170,PCT/EP2014/001834,2014-07-03,NST
14765171,PCT/EP2013/003877,2013-12-20,NST
14765173,PCT/JP2014/050706,2014-01-16,NST
14765174,PCT/JP2013/054836,2013-02-26,NST
14765175,PCT/CN2013/071239,2013-01-31,NST
14765176,PCT/EP2014/051863,2014-01-31,NST
14765177,PCT/US2014/015092,2014-02-06,NST
14765178,PCT/IB2014/059229,2014-02-25,NST
14765179,61761108,2013-02-05,PRO
14765179,PCT/US14/14699,2014-02-04,NST
14765180,PCT/US2013/024018,2013-01-31,NST
14765181,PCT/EP2014/051656,2014-01-28,NST
14765182,PCT/EP2014/051582,2014-01-28,NST
14765183,PCT/US2013/038870,2013-04-30,NST
14765184,PCT/JP2014/059333,2014-03-28,NST
14765185,PCT/JP2013/063260,2013-05-13,NST
14765186,PCT/JP2014/052757,2014-02-06,NST
14765187,PCT/JP2014/052696,2014-02-05,NST
14765188,PCT/GB2014/050285,2014-02-03,NST
14765189,61781166,2013-03-14,PRO
14765189,PCT/IL14/00016,2014-03-10,NST
14765190,PCT/CA2014/050022,2014-01-15,NST
14765191,PCT/CN2013/076856,2013-06-06,NST
14765192,PCT/KR2014/000839,2014-01-29,NST
14765193,PCT/US2014/015089,2014-02-06,NST
14765194,PCT/JP2014/051645,2014-01-27,NST
14765195,PCT/EP2014/052599,2014-02-11,NST
14765196,61765149,2013-02-15,PRO
14765196,PCT/US14/13800,2014-01-30,NST
14765197,PCT/NL2014/050052,2014-01-31,NST
14765198,PCT/JP2013/053486,2013-02-14,NST
14765199,PCT/JP2014/053419,2014-02-14,NST
14765200,PCT/GB2014/050286,2014-02-03,NST
14765201,PCT/US2014/011794,2014-01-16,NST
14765202,PCT/US2014/016630,2014-02-14,NST
14765203,PCT/JP2014/000555,2014-02-03,NST
14765204,PCT/JP2014/057809,2014-03-20,NST
14765205,PCT/CL2014/000004,2014-01-29,NST
14765206,PCT/JP2014/052708,2014-01-30,NST
14765207,PCT/CN2014/071791,2014-01-29,NST
14765208,PCT/JP2014/053069,2014-02-10,NST
14765210,PCT/JP2014/053364,2014-02-13,NST
14765211,PCT/US2014/014601,2014-02-04,NST
14765212,PCT/EP2014/051528,2014-01-27,NST
14765213,PCT/EP2014/051415,2014-01-24,NST
14765214,PCT/JP2013/005310,2013-09-06,NST
14765215,PCT/GB2014/000034,2014-01-31,NST
14765216,PCT/CN2013/076506,2013-05-30,NST
14765217,61761501,2013-02-06,PRO
14765217,PCT/US14/14592,2014-02-04,NST
14765218,PCT/KR2014/003695,2014-04-26,NST
14765219,PCT/GB2014/050212,2014-01-28,NST
14765220,PCT/JP2014/003853,2014-07-22,NST
14765221,PCT/GB2014/000033,2014-01-31,NST
14765222,61761491,2013-02-06,PRO
14765222,PCT/US14/14582,2014-02-04,NST
14765223,PCT/FR2014/050181,2014-01-31,NST
14765225,PCT/JP2013/056585,2013-03-11,NST
14765226,PCT/US2014/014498,2014-02-03,NST
14765227,61762367,2013-02-08,PRO
14765227,PCT/US14/14819,2014-02-05,NST
14765228,PCT/GB2014/050166,2014-01-22,NST
14765229,61761472,2013-02-06,PRO
14765229,PCT/US14/14631,2014-02-04,NST
14765230,PCT/US2013/023976,2013-01-31,NST
14765231,PCT/EP2014/051319,2014-01-23,NST
14765232,PCT/IB2014/058972,2014-02-13,NST
14765233,PCT/JP2014/052420,2014-02-03,NST
14765234,PCT/JP2014/051829,2014-01-28,NST
14765235,PCT/EP2014/052595,2014-02-11,NST
14765236,PCT/AU2014/000066,2014-01-31,NST
14765237,PCT/EP2014/051213,2014-01-22,NST
14765238,PCT/JP2014/000652,2014-02-07,NST
14765239,61759116,2013-01-31,PRO
14765239,PCT/US13/45305,2013-06-12,NST
14765240,PCT/EP2014/051965,2014-01-31,NST
14765241,PCT/IB2014/058682,2014-01-30,NST
14765242,PCT/IB2014/058709,2014-01-31,NST
14765243,PCT/NL2014/050051,2014-01-30,NST
14765244,PCT/US2014/014136,2014-01-31,NST
14765245,PCT/BR2013/000036,2013-02-01,NST
14765246,PCT/EP2014/051960,2014-01-31,NST
14765247,PCT/IB2014/058785,2014-02-04,NST
14765249,PCT/EP2014/051658,2014-01-28,NST
14765250,PCT/CN2014/071725,2014-01-29,NST
14765251,PCT/EP2014/051886,2014-01-31,NST
14765252,PCT/EP2013/052039,2013-02-01,NST
14765253,PCT/JP2014/052165,2014-01-30,NST
14765254,PCT/US2014/012935,2014-01-24,NST
14765255,PCT/CN2013/071292,2013-02-01,NST
14765256,PCT/MX2014/000039,2014-01-31,NST
14765257,PCT/KR2014/000908,2014-02-03,NST
14765258,61759860,2013-02-01,PRO
14765258,PCT/US14/14342,2014-02-01,NST
14765262,PCT/KR2013/009501,2013-10-24,NST
14765263,PCT/AT2014/050001,2014-01-07,NST
14765264,PCT/EP2014/053241,2014-02-19,NST
14765265,PCT/CN2013/071180,2013-01-31,NST
14765266,61759903,2013-02-01,PRO
14765266,PCT/US14/13884,2014-01-30,NST
14765267,PCT/JP2014/052857,2014-02-07,NST
14765268,PCT/JP13/60589,2013-04-08,NST
14765269,PCT/JP2014/054723,2014-02-26,NST
14765270,PCT/JP2014/050954,2014-01-20,NST
14765271,PCT/EP2014/051939,2014-01-31,NST
14765272,PCT/JP2014/056557,2014-03-12,NST
14765273,PCT/EP2014/050254,2014-01-09,NST
14765274,PCT/US2014/022557,2014-03-10,NST
14765275,PCT/JP2013/072196,2013-08-20,NST
14765276,PCT/JP2014/063737,2014-05-23,NST
14765277,PCT/US14/16089,2014-02-12,NST
14765278,PCT/JP2014/062151,2014-05-02,NST
14765279,PCT/EP2014/055384,2014-03-18,NST
14765280,PCT/JP2014/058316,2014-03-25,NST
14765281,PCT/US2014/014482,2014-02-03,NST
14765282,PCT/GB2014/050263,2014-01-31,NST
14765283,PCT/JP13/82345,2013-12-02,NST
14765284,PCT/US2014/014264,2014-01-31,NST
14765285,61771698,2013-03-01,PRO
14765285,PCT/US13/74673,2013-12-12,NST
14765286,PCT/IB2014/058531,2014-01-24,NST
14765287,PCT/CN2013/076844,2013-06-06,NST
14765289,PCT/BR2014/000008,2014-01-17,NST
14765290,PCT/EP2014/000133,2014-01-18,NST
14765291,PCT/CN2013/071232,2013-01-31,NST
14765292,PCT/EP2014/052367,2014-02-06,NST
14765293,PCT/EP2014/051211,2014-01-22,NST
14765294,PCT/EP2014/051937,2014-01-31,NST
14765295,PCT/CN2014/070970,2014-01-21,NST
14765296,PCT/JP2014/052147,2014-01-30,NST
14765297,PCT/JP2014/052166,2014-01-30,NST
14765298,PCT/CN2014/076901,2014-05-06,NST
14765299,PCT/KR2014/000874,2014-01-29,NST
14765300,PCT/IB2013/050828,2013-01-31,NST
14765301,PCT/EP2013/051920,2013-01-31,NST
14765302,PCT/JP2014/050932,2014-01-20,NST
14765303,PCT/JP2013/062260,2013-04-25,NST
14765304,PCT/KR2014/003281,2014-04-16,NST
14765305,PCT/CN2014/071362,2014-01-24,NST
14765306,PCT/US2014/014203,2014-01-31,NST
14765307,PCT/JP2014/057133,2014-03-17,NST
14765308,PCT/CN2014/076905,2014-05-06,NST
14765309,PCT/JP2013/005313,2013-09-06,NST
14765310,PCT/CN2014/071442,2014-01-25,NST
14765311,PCT/US2013/024015,2013-01-31,NST
14765312,PCT/JP2014/050612,2014-01-16,NST
14765313,PCT/CN2014/071595,2014-01-27,NST
14765314,PCT/FR2013/050224,2013-02-01,NST
14765315,PCT/CN2014/071389,2014-01-24,NST
14765317,PCT/CN2014/000130,2014-01-28,NST
14765318,PCT/KR2014/001103,2014-02-11,NST
14765319,PCT/US2013/035164,2013-04-03,NST
14765320,PCT/US2013/023994,2013-01-31,NST
14765321,PCT/US2013/024116,2013-01-31,NST
14765322,PCT/US2013/023995,2013-01-31,NST
14765323,PCT/US2013/024125,2013-01-31,NST
14765324,PCT/CA2014/051267,2014-12-23,NST
14765325,PCT/US2013/024208,2013-01-31,NST
14765326,PCT/JP2014/050536,2014-01-15,NST
14765327,PCT/US2014/049318,2014-07-31,NST
14765328,PCT/CN2013/071224,2013-01-31,NST
14765329,PCT/EP2014/055691,2014-03-21,NST
14765330,PCT/US2014/014340,2014-02-01,NST
14765331,PCT/CN2013/083843,2013-09-18,NST
14765332,PCT/JP2014/052314,2014-01-31,NST
14765333,PCT/IL2014/050117,2014-04-02,NST
14765334,PCT/KR2014/000346,2014-01-13,NST
14765335,PCT/IL2014/005130,2014-02-06,NST
14765336,PCT/CN2013/084373,2013-09-26,NST
14765337,PCT/JP2014/050342,2014-01-10,NST
14765338,PCT/IB2014/058874,2014-02-09,NST
14765339,PCT/IB2014/000607,2014-02-03,NST
14765340,PCT/CN2013/000883,2013-07-24,NST
14765341,PCT/US2014/015231,2014-02-07,NST
14765342,PCT/US2014/031152,2014-03-19,NST
14765343,PCT/CN2014/077054,2014-05-08,NST
14765344,61760890,2013-02-05,PRO
14765344,PCT/US14/14336,2014-02-01,NST
14765346,PCT/KR2014/000964,2014-02-05,NST
14765347,PCT/FI2014/050081,2014-02-03,NST
14765348,PCT/CN2013/072325,2013-03-08,NST
14765349,PCT/GB2014/050226,2014-01-29,NST
14765350,PCT/EP2013/000688,2013-03-08,NST
14765351,61775942,2013-03-11,PRO
14765351,61775949,2013-03-11,PRO
14765351,PCT/US14/22345,2014-03-10,NST
14765352,PCT/JP2014/000510,2014-01-31,NST
14765353,PCT/SE2014/050159,2014-02-10,NST
14765354,PCT/US13/29676,2013-03-07,NST
14765355,PCT/HR2013/000001,2013-02-05,NST
14765356,PCT/IB2014/058419,2014-01-21,NST
14765357,PCT/US2013/028806,2013-03-04,NST
14765358,PCT/JP2014/069426,2014-07-23,NST
14765359,PCT/EP2014/051872,2014-01-31,NST
14765360,PCT/JP2013/052334,2013-02-01,NST
14765361,PCT/EP2014/052155,2014-02-04,NST
14765362,PCT/EP2014/052294,2014-02-06,NST
14765363,PCT/EP2014/000489,2014-02-25,NST
14765364,PCT/JP2013/052583,2013-02-05,NST
14765365,PCT/US2014/014813,2014-02-05,NST
14765367,PCT/EP2014/050552,2014-01-14,NST
14765368,PCT/EP2014/050289,2014-01-09,NST
14765369,PCT/AT2014/050031,2014-01-28,NST
14765370,PCT/EP2014/050896,2014-01-17,NST
14765371,PCT/HU2013/000024,2013-03-04,NST
14765372,PCT/KR2014/000943,2014-02-04,NST
14765373,PCT/EP2014/051713,2014-01-29,NST
14765374,PCT/CA2013/050092,2013-02-06,NST
14765375,PCT/CN2013/083366,2013-09-12,NST
14765376,PCT/EP2014/051733,2014-01-29,NST
14765377,PCT/JP14/52691,2014-02-05,NST
14765378,PCT/CA2014/050061,2014-01-31,NST
14765379,PCT/JP2013/082714,2013-12-05,NST
14765380,PCT/JP2013/069682,2013-07-19,NST
14765381,PCT/JP2013/054514,2013-02-22,NST
14765382,PCT/JP14/52642,2014-02-05,NST
14765383,PCT/EP2014/067073,2014-08-08,NST
14765384,PCT/FR2014/050214,2014-02-05,NST
14765385,PCT/US2013/031291,2013-03-14,NST
14765386,PCT/JP2014/052889,2014-02-07,NST
14765387,PCT/EP2014/051717,2014-01-29,NST
14765388,PCT/JP2014/051343,2014-01-23,NST
14765389,PCT/JP2013/057051,2013-03-13,NST
14765390,61760795,2013-02-05,PRO
14765390,PCT/US14/13981,2014-01-31,NST
14765391,PCT/IB2014/058627,2014-01-29,NST
14765392,PCT/EP2014/051919,2014-01-31,NST
14765393,61775732,2013-03-11,PRO
14765393,PCT/US14/21094,2014-03-06,NST
14765394,PCT/JP2014/051978,2014-01-29,NST
14765395,PCT/CN2013/081814,2013-08-20,NST
14765396,PCT/US2014/013481,2014-01-29,NST
14765397,PCT/US2014/014006,2014-01-31,NST
14765398,PCT/US2014/014991,2014-02-06,NST
14765399,PCT/EP2014/052139,2014-02-04,NST
14765402,PCT/US2014/014661,2014-02-04,NST
14765403,PCT/EP13/00687,2013-03-08,NST
14765404,PCT/EP2014/050290,2014-01-09,NST
14765405,PCT/US2013/071020,2013-11-20,NST
14765406,PCT/NL2014/050072,2014-02-06,NST
14765407,PCT/GB2014/000038,2014-01-31,NST
14765408,PCT/EP2013/052127,2013-02-04,NST
14765409,PCT/EP2014/052316,2014-02-06,NST
14765410,PCT/JP2014/053342,2014-02-13,NST
14765411,PCT/GB2014/050330,2014-02-05,NST
14765412,61782223,2013-03-14,PRO
14765412,PCT/US14/25201,2014-03-13,NST
14765413,PCT/JP2014/051452,2014-01-24,NST
14765414,PCT/IB2014/058653,2014-01-30,NST
14765415,PCT/CA2014/000079,2014-02-03,NST
14765416,PCT/JP2014/055244,2014-03-03,NST
14765417,PCT/AU2014/000074,2014-02-03,NST
14765418,PCT/EP2014/051997,2014-02-03,NST
14765419,PCT/JP2014/052745,2014-02-06,NST
14765420,PCT/JP2013/053510,2013-02-14,NST
14765421,PCT/JP2013/053040,2013-02-08,NST
14765422,PCT/JP2014/052653,2014-02-05,NST
14765423,PCT/CN2014/075172,2014-04-11,NST
14765424,61781467,2013-03-14,PRO
14765424,PCT/US14/22918,2014-03-11,NST
14765425,PCT/IB2013/053401,2013-04-30,NST
14765426,PCT/US2014/011654,2014-01-15,NST
14765427,PCT/ES2013/070056,2013-02-01,NST
14765428,PCT/US2013/024409,2013-02-01,NST
14765429,PCT/FR2014/050204,2014-02-04,NST
14765430,PCT/EP2014/052267,2014-02-05,NST
14765431,PCT/EP2014/052241,2014-02-05,NST
14765432,PCT/FR2014/050177,2014-01-31,NST
14765433,PCT/EP2014/052023,2014-02-03,NST
14765434,61760532,2013-02-04,PRO
14765434,PCT/US14/14611,2014-02-04,NST
14765435,PCT/JP2013/052592,2013-02-05,NST
14765436,PCT/DE2014/000039,2014-02-04,NST
14765437,PCT/JP2014/000374,2014-01-27,NST
14765438,PCT/JP2014/051438,2014-01-24,NST
14765439,PCT/EP2013/052162,2013-02-04,NST
14765440,PCT/US2014/013629,2014-01-29,NST
14765441,PCT/JP2013/075644,2013-09-24,NST
14765442,PCT/JP2013/077483,2013-10-09,NST
14765443,PCT/EP2014/050130,2014-01-07,NST
14765444,PCT/GB2014/050302,2014-02-04,NST
14765445,PCT/AT2013/050242,2013-12-10,NST
14765446,PCT/EP2014/052012,2014-02-03,NST
14765447,PCT/CN2013/083447,2013-09-13,NST
14765448,PCT/GB2014/050303,2014-02-04,NST
14765449,PCT/JP2014/051214,2014-01-22,NST
14765450,PCT/JP13/84562,2013-12-25,NST
14765451,PCT/JP2013/061125,2013-04-12,NST
14765452,61760210,2013-02-04,PRO
14765452,PCT/US14/14416,2014-02-03,NST
14765453,PCT/EP2014/051931,2014-01-31,NST
14765454,PCT/JP2013/082944,2013-12-09,NST
14765455,PCT/JP2014/051439,2014-01-24,NST
14765456,PCT/JP2014/000601,2014-02-05,NST
14765457,PCT/KR2014/001009,2014-02-06,NST
14765458,PCT/JP2013/053242,2013-02-12,NST
14765459,PCT/IB2014/000169,2014-02-18,NST
14765461,PCT/EP2014/053732,2014-02-26,NST
14765462,PCT/CN2014/071447,2014-01-26,NST
14765464,PCT/GB2014/050182,2014-01-24,NST
14765465,PCT/EP2013/001194,2013-04-22,NST
14765466,61770339,2013-02-28,PRO
14765466,PCT/US14/19462,2014-02-28,NST
14765467,61790648,2013-03-15,PRO
14765467,PCT/US13/76453,2013-12-19,NST
14765468,PCT/DK2013/050032,2013-02-07,NST
14765469,PCT/EP14/53031,2014-02-18,NST
14765470,PCT/JP2014/056947,2014-03-14,NST
14765471,PCT/EP2014/052203,2014-02-05,NST
14765472,PCT/EP14/50658,2014-01-15,NST
14765473,PCT/EP2014/002310,2014-08-22,NST
14765474,PCT/EP2014/051972,2014-01-31,NST
14765476,PCT/EP2014/052067,2014-02-03,NST
14765477,PCT/JP2014/056767,2014-03-13,NST
14765478,PCT/EP2014/050939,2014-01-17,NST
14765479,PCT/US2014/014702,2014-02-04,NST
14765480,PCT/US2014/038081,2014-05-15,NST
14765481,PCT/EP2014/051462,2014-01-27,NST
14765482,PCT/KR2014/007236,2014-08-05,NST
14765483,61760241,2013-02-04,PRO
14765483,PCT/IL14/50118,2014-02-03,NST
14765484,PCT/JP2014/052999,2014-02-10,NST
14765485,PCT/EP2014/055100,2014-03-14,NST
14765486,61798222,2013-03-15,PRO
14765486,PCT/US13/76038,2013-12-18,NST
14765487,PCT/US2013/024955,2013-02-06,NST
14765488,PCT/JP2014/052249,2014-01-31,NST
14765489,PCT/JP2014/051436,2014-01-24,NST
14765490,PCT/EP2014/051861,2014-01-30,NST
14765491,61798933,2013-03-15,PRO
14765491,PCT/US13/75993,2013-12-18,NST
14765492,PCT/AU2014/000077,2014-02-04,NST
14765493,61760251,2013-02-04,PRO
14765493,61866688,2013-08-16,PRO
14765493,PCT/US14/13563,2014-01-29,NST
14765494,PCT/KR2014/007239,2014-08-05,NST
14765495,PCT/DE2014/200056,2014-02-12,NST
14765496,PCT/EP2014/052185,2014-02-05,NST
14765497,PCT/JP2014/055537,2014-03-05,NST
14765498,PCT/CH2014/000010,2014-01-28,NST
14765499,PCT/DE2014/200015,2014-01-21,NST
14765500,PCT/EP2014/050893,2014-01-17,NST
14765501,PCT/JP2013/083026,2013-12-10,NST
14765502,PCT/GB2014/050297,2014-02-03,NST
14765503,PCT/EP2014/053325,2014-02-20,NST
14765504,PCT/JP2013/084069,2013-12-19,NST
14765505,PCT/JP2013/053509,2013-02-14,NST
14765506,PCT/JP2014/052078,2014-01-30,NST
14765507,PCT/JP14/54959,2014-02-27,NST
14765508,PCT/GB2014/050265,2014-01-31,NST
14765509,61800411,2013-03-15,PRO
14765509,PCT/US13/75961,2013-12-18,NST
14765510,PCT/JP2014/052401,2014-02-03,NST
14765511,PCT/JP2013/053023,2013-02-08,NST
14765512,PCT/CN2013/071379,2013-02-05,NST
14765514,61764297,2013-02-13,PRO
14765514,61904786,2013-11-15,PRO
14765514,PCT/US14/15945,2014-02-12,NST
14765515,PCT/KR2014/010398,2014-10-31,NST
14765516,PCT/CN2013/086691,2013-11-07,NST
14765517,PCT/JP2014/051411,2014-01-23,NST
14765518,PCT/EP2014/052073,2014-02-02,NST
14765519,PCT/KR2014/000932,2014-02-04,NST
14765520,PCT/KR2014/001292,2014-02-18,NST
14765521,PCT/EP2013/076918,2013-12-17,NST
14765522,PCT/EP2014/050529,2014-01-14,NST
14765523,PCT/EP2014/052540,2014-02-10,NST
14765524,61771698,2013-03-01,PRO
14765524,PCT/US13/77748,2013-12-26,NST
14765525,PCT/DE2014/000027,2014-01-24,NST
14765526,PCT/EP2014/000271,2014-02-03,NST
14765527,PCT/US2014/015144,2014-02-06,NST
14765528,PCT/US2014/014951,2014-02-05,NST
14765529,PCT/EP2014/051680,2014-01-29,NST
14765530,PCT/EP2014/052275,2014-02-05,NST
14765531,PCT/IB2014/058654,2014-01-30,NST
14765532,PCT/US2013/024949,2013-02-06,NST
14765533,PCT/JP2014/051410,2014-01-23,NST
14765534,PCT/JP2014/000508,2014-01-31,NST
14765535,PCT/JP2014/052551,2014-02-04,NST
14765536,PCT/KR2014/001055,2014-02-07,NST
14765537,PCT/US2014/014501,2014-02-03,NST
14765538,PCT/CN2013/075954,2013-05-21,NST
14765539,PCT/US2014/014359,2014-02-02,NST
14765540,PCT/KR2013/009578,2013-10-25,NST
14765541,PCT/GB2014/000045,2014-02-05,NST
14765542,PCT/CA2014/000110,2014-02-14,NST
14765543,PCT/US2014/013702,2014-01-30,NST
14765544,PCT/EP2014/051901,2014-01-31,NST
14765545,PCT/IB2014/058655,2014-01-30,NST
14765546,PCT/CN2013/071335,2013-02-04,NST
14765547,PCT/US2013/065904,2013-10-21,NST
14765548,PCT/JP2014/065784,2014-06-13,NST
14765549,PCT/US2014/014599,2014-02-04,NST
14765550,PCT/US2014/014500,2014-02-03,NST
14765551,PCT/CN2013/072006,2013-02-28,NST
14765552,61760615,2013-02-04,PRO
14765552,61798951,2013-03-15,PRO
14765552,PCT/US14/14088,2014-01-31,NST
14765553,PCT/US2013/024753,2013-02-05,NST
14765554,PCT/EP2014/052270,2014-02-05,NST
14765555,PCT/EP2014/000418,2014-02-14,NST
14765556,PCT/US2014/014111,2014-01-31,NST
14765557,PCT/JP2014/051784,2014-01-28,NST
14765558,PCT/JP2014/056770,2014-03-13,NST
14765559,PCT/EP2014/052271,2014-02-05,NST
14765560,PCT/FR2014/050303,2014-02-14,NST
14765561,PCT/US2013/024778,2013-02-05,NST
14765562,PCT/EP2014/052272,2014-02-05,NST
14765563,PCT/US2014/013448,2014-01-28,NST
14765564,PCT/US2013/024766,2013-02-05,NST
14765565,PCT/IB2013/060963,2013-12-15,NST
14765566,PCT/EP2014/052173,2014-02-04,NST
14765567,PCT/KR2014/000909,2014-02-03,NST
14765568,PCT/CN2014/086696,2014-09-17,NST
14765569,PCT/IB2014/058769,2014-02-04,NST
14765570,PCT/IL14/50114,2014-02-03,NST
14765571,PCT/EP2014/051408,2014-01-24,NST
14765572,PCT/EP2014/052747,2014-02-12,NST
14765573,PCT/JP2013/004809,2013-08-09,NST
14765574,PCT/EP2014/051836,2014-01-30,NST
14765575,PCT/IN2013/000778,2013-12-18,NST
14765576,PCT/EP2014/052201,2014-02-05,NST
14765577,PCT/EP2014/051881,2014-01-31,NST
14765578,PCT/IL2014/050150,2014-02-12,NST
14765579,PCT/JP2013/082349,2013-12-02,NST
14765580,PCT/EP2014/054225,2014-03-05,NST
14765581,PCT/JP2014/052939,2014-02-07,NST
14765582,PCT/IB2013/058470,2013-09-12,NST
14765583,PCT/US2014/015300,2014-02-07,NST
14765584,PCT/JP2014/000144,2014-01-15,NST
14765585,PCT/JP2014/053183,2014-02-12,NST
14765586,PCT/KR2013/000926,2013-02-05,NST
14765587,PCT/JP2014/000758,2014-02-14,NST
14765588,PCT/EP2014/054213,2014-03-05,NST
14765589,PCT/IB2014/058559,2014-01-27,NST
14765590,61772001,2013-03-04,PRO
14765590,PCT/US14/18859,2014-02-27,NST
14765591,PCT/EP2014/000292,2014-02-04,NST
14765592,PCT/EP2014/054219,2014-03-05,NST
14765593,PCT/EP2014/051765,2014-01-30,NST
14765594,PCT/EP2014/050657,2014-01-15,NST
14765595,PCT/US2014/016347,2014-02-14,NST
14765596,PCT/JP2013/083520,2013-12-13,NST
14765597,PCT/IB2014/058457,2014-01-22,NST
14765598,PCT/FR2014/050198,2014-02-04,NST
14765599,PCT/IL2013/050678,2013-08-08,NST
14765600,PCT/IB2014/000114,2014-02-05,NST
14765601,PCT/US2014/014653,2014-02-04,NST
14765603,PCT/US2014/015159,2014-02-06,NST
14765604,PCT/JP2014/000367,2014-01-24,NST
14765605,PCT/EP2014/000290,2014-02-04,NST
14765606,PCT/GB2014/050354,2014-02-06,NST
14765607,PCT/JP2013/079893,2013-11-05,NST
14765608,PCT/US2014/014907,2014-02-05,NST
14765609,PCT/EP2014/051251,2014-01-22,NST
14765610,PCT/KR2014/000998,2014-02-05,NST
14765611,PCT/ES2013/070090,2013-02-14,NST
14765613,PCT/US2014/014663,2014-02-04,NST
14765614,PCT/FR2014/050205,2014-02-04,NST
14765615,PCT/EP2014/000169,2014-01-23,NST
14765616,PCT/EP2014/000285,2014-02-04,NST
14765617,PCT/EP2014/050863,2014-01-17,NST
14765618,PCT/EP2014/053983,2014-02-28,NST
14765619,PCT/NO2014/000016,2014-02-05,NST
14765620,PCT/US2014/014727,2014-02-04,NST
14765621,PCT/JP2014/000523,2014-01-31,NST
14765622,PCT/JP2014/053353,2014-02-13,NST
14765623,PCT/JP2014/054807,2014-02-27,NST
14765624,PCT/US2014/014580,2014-02-04,NST
14765625,PCT/AU2014/000448,2014-04-17,NST
14765626,61760204,2013-02-04,PRO
14765626,PCT/US14/14739,2014-02-04,NST
14765627,PCT/EP2014/052373,2014-02-06,NST
14765628,PCT/JP2014/000683,2014-02-07,NST
14765629,PCT/IB2014/058808,2014-02-05,NST
14765630,PCT/EP2014/052372,2014-02-06,NST
14765631,PCT/EP2014/052153,2014-02-04,NST
14765632,PCT/NL2013/050055,2013-02-04,NST
14765633,61760610,2013-02-04,PRO
14765633,PCT/US14/14722,2014-02-04,NST
14765634,PCT/JP2013/053145,2013-02-08,NST
14765635,PCT/CN2013/087446,2013-11-19,NST
14765636,PCT/JP2014/052085,2014-01-30,NST
14765637,PCT/GB2013/052369,2013-09-10,NST
14765638,PCT/GB2014/050331,2014-02-05,NST
14765639,PCT/RU2014/000076,2014-02-03,NST
14765640,PCT/CN2014/074041,2014-03-25,NST
14765641,PCT/JP2014/052079,2014-01-30,NST
14765642,PCT/GB2014/000046,2014-02-06,NST
14765643,PCT/JP2014/055863,2014-03-06,NST
14765644,PCT/EP2014/050667,2014-01-15,NST
14765645,PCT/KR2013/004368,2013-05-16,NST
14765646,PCT/IB2014/058522,2014-01-24,NST
14765648,PCT/EP2014/052371,2014-02-06,NST
14765649,61770418,2013-02-28,PRO
14765649,PCT/US14/19215,2014-02-28,NST
14765650,PCT/JP2013/082986,2013-12-09,NST
14765651,PCT/JP2014/061948,2014-04-30,NST
14765653,PCT/IB2014/000091,2014-01-31,NST
14765654,PCT/US13/27666,2013-02-25,NST
14765655,PCT/IT2013/000049,2013-02-15,NST
14765656,PCT/JP2014/052559,2014-02-04,NST
14765657,PCT/US2014/014373,2014-02-03,NST
14765658,PCT/JP2014/052038,2014-01-30,NST
14765659,PCT/EP2014/052162,2014-02-04,NST
14765660,PCT/JP2014/052474,2014-02-03,NST
14765661,PCT/JP2014/000649,2014-02-07,NST
14765662,PCT/US2014/014832,2014-02-05,NST
14765663,PCT/JP2014/051782,2014-01-28,NST
14765664,PCT/NO2014/000012,2014-02-05,NST
14765665,PCT/EP2014/000268,2014-02-03,NST
14765666,PCT/JP2014/053106,2014-02-12,NST
14765667,PCT/JP2014/053518,2014-02-14,NST
14765668,PCT/EP2014/052255,2014-02-05,NST
14765669,PCT/JP2014/051925,2014-01-29,NST
14765671,PCT/MX2014/000042,2014-02-06,NST
14765672,PCT/US14/27808,2014-03-14,NST
14765673,PCT/US2014/014678,2014-02-04,NST
14765674,PCT/EP2014/052213,2014-02-05,NST
14765675,PCT/KR2013/007244,2013-08-12,NST
14765676,PCT/EP2014/052616,2014-02-11,NST
14765678,PCT/JP2014/000187,2014-01-16,NST
14765679,PCT/GB2014/050227,2014-01-29,NST
14765680,61790616,2013-03-15,PRO
14765680,PCT/US14/27560,2014-03-14,NST
14765681,PCT/EP2014/052064,2014-02-03,NST
14765682,PCT/EP2014/052129,2014-02-04,NST
14765683,PCT/JP2014/052654,2014-02-05,NST
14765685,PCT/US2013/076088,2013-12-18,NST
14765686,PCT/US2014/016353,2014-02-14,NST
14765687,PCT/EP2014/051675,2014-01-29,NST
14765688,PCT/US2013/076802,2013-12-20,NST
14765689,PCT/CN2013/071389,2013-02-05,NST
14765690,61760216,2013-02-04,PRO
14765690,PCT/US14/14007,2014-01-31,NST
14765691,PCT/EP2014/052148,2014-02-04,NST
14765692,PCT/US2014/016906,2014-02-18,NST
14765693,61761379,2013-02-06,PRO
14765693,PCT/US14/15014,2014-02-06,NST
14765694,PCT/JP2014/050882,2014-01-20,NST
14765695,PCT/RU2013/000077,2013-02-04,NST
14765696,PCT/KR2014/011108,2014-11-19,NST
14765697,PCT/JP2014/000680,2014-02-07,NST
14765698,PCT/EP2014/051650,2014-01-28,NST
14765699,PCT/GB2014/050228,2014-01-29,NST
14765700,PCT/JP2013/075086,2013-09-18,NST
14765701,PCT/RU2013/000078,2013-02-04,NST
14765703,PCT/EP2014/052493,2014-02-07,NST
14765704,PCT/AU2014/000081,2014-02-05,NST
14765705,PCT/EP2014/052159,2014-02-04,NST
14765706,PCT/IB2013/000347,2013-02-22,NST
14765707,PCT/GB2014/050308,2014-02-04,NST
14765708,PCT/FI2013/050220,2013-02-27,NST
14765709,PCT/US2014/014563,2014-02-04,NST
14765711,PCT/CA2013/050091,2013-02-06,NST
14765712,PCT/EP2014/052852,2014-02-13,NST
14765713,PCT/JP2014/059130,2014-03-28,NST
14765714,PCT/US2014/058572,2014-10-01,NST
14765715,PCT/CN2014/071325,2014-01-24,NST
14765716,PCT/EP2014/050474,2014-01-13,NST
14765717,PCT/US2014/014406,2014-02-03,NST
14765718,PCT/IB2014/058262,2014-01-14,NST
14765719,PCT/EP2014/052445,2014-02-07,NST
14765720,PCT/JP2014/052547,2014-02-04,NST
14765721,PCT/GB2014/050229,2014-01-29,NST
14765722,PCT/JP2014/052665,2014-02-05,NST
14765723,PCT/US2013/076462,2013-12-19,NST
14765724,PCT/GB2014/050305,2014-02-04,NST
14765725,PCT/IB2014/058793,2014-02-05,NST
14765726,PCT/EP2014/000304,2014-02-05,NST
14765727,PCT/NL2013/050054,2013-02-04,NST
14765728,PCT/NZ2014/000012,2014-02-05,NST
14765729,PCT/JP2014/054876,2014-02-27,NST
14765730,PCT/IL2014/000010,2014-02-06,NST
14765731,PCT/EP2013/052250,2013-02-05,NST
14765732,61868761,2013-08-22,PRO
14765732,PCT/US14/52418,2014-08-22,NST
14765733,PCT/FR2014/050203,2014-02-04,NST
14765734,61807503,2013-04-02,PRO
14765734,PCT/US14/32673,2014-04-02,NST
14765735,PCT/US2014/014965,2014-02-05,NST
14765736,PCT/IB2014/058746,2014-02-03,NST
14765737,PCT/KR2014/011498,2014-11-27,NST
14765738,61760211,2013-02-04,PRO
14765738,PCT/US14/14383,2014-02-03,NST
14765739,PCT/JP2014/051114,2014-01-21,NST
14765740,PCT/EP2014/050091,2014-01-06,NST
14765741,PCT/JP2013/052547,2013-02-05,NST
14765742,PCT/CN2014/070889,2014-01-20,NST
14765743,PCT/GB2014/000040,2014-02-04,NST
14765744,PCT/IB2014/058751,2014-02-03,NST
14765745,PCT/IB2014/058783,2014-02-04,NST
14765746,PCT/JP2014/001261,2014-03-07,NST
14765747,PCT/IB2014/058779,2014-02-04,NST
14765748,PCT/CN2014/083329,2014-07-30,NST
14765749,PCT/CN2013/072365,2013-03-08,NST
14765750,PCT/CN2013/083663,2013-09-17,NST
14765751,PCT/JP2014/052522,2014-02-04,NST
14765752,PCT/EP2014/052025,2014-02-03,NST
14765753,PCT/JP2014/052802,2014-02-06,NST
14765754,PCT/US2014/014725,2014-02-04,NST
14765755,PCT/CN2014/071716,2014-01-28,NST
14765756,PCT/NL2014/050064,2014-02-03,NST
14765758,PCT/CN2014/070509,2014-01-13,NST
14765759,PCT/US2014/014926,2014-02-05,NST
14765760,61791731,2013-03-15,PRO
14765760,PCT/US13/75024,2013-12-13,NST
14765761,PCT/EP2014/052136,2014-02-04,NST
14765762,PCT/JP2014/057846,2014-03-20,NST
14765763,61761012,2013-02-05,PRO
14765763,PCT/US14/14751,2014-02-05,NST
14765764,PCT/EP2014/052065,2014-02-03,NST
14765765,PCT/US2014/014728,2014-02-04,NST
14765766,PCT/KR2014/000956,2014-02-05,NST
14765767,PCT/KR2013/000952,2013-02-06,NST
14765768,61760956,2013-02-05,PRO
14765768,PCT/US14/14808,2014-02-05,NST
14765769,PCT/IB2014/058759,2014-02-03,NST
14765770,PCT/EP2013/070347,2013-09-30,NST
14765772,PCT/GB2014/050321,2014-02-05,NST
14765773,61760573,2013-02-04,PRO
14765773,PCT/US14/14079,2014-01-31,NST
14765774,PCT/JP2014/051750,2014-01-28,NST
14765775,PCT/NO2014/000014,2014-02-05,NST
14765776,PCT/EP2013/076716,2013-12-16,NST
14765777,PCT/CN2014/000046,2014-01-16,NST
14765778,PCT/SG2014/000101,2014-03-03,NST
14765779,PCT/GB2014/050307,2014-02-04,NST
14765781,PCT/EP2014/052223,2014-02-05,NST
14765782,PCT/EP2014/052463,2014-02-07,NST
14765783,PCT/IB2014/058784,2014-02-04,NST
14765784,PCT/EP2014/052055,2014-02-03,NST
14765785,PCT/KR2014/008724,2014-09-19,NST
14765786,PCT/EP2014/051975,2014-02-03,NST
14765787,PCT/KR2013/000951,2013-02-06,NST
14765788,PCT/GB2014/050309,2014-02-04,NST
14765790,PCT/IL14/50126,2014-02-05,NST
14765792,PCT/JP2014/052437,2014-02-03,NST
14765793,PCT/DE2014/000037,2014-02-03,NST
14765794,PCT/KR2014/001512,2014-02-25,NST
14765795,PCT/GB2014/050322,2014-02-05,NST
14765796,PCT/GB2014/050289,2014-02-03,NST
14765798,PCT/EP2014/051525,2014-01-27,NST
14765799,PCT/KR2014/002403,2014-03-21,NST
14765801,PCT/JP2014/052572,2014-02-04,NST
14765802,PCT/KR2014/000945,2014-02-04,NST
14765803,PCT/JP2014/055092,2014-02-28,NST
14765804,PCT/JP2014/000880,2014-02-20,NST
14765806,PCT/CN2013/083455,2013-09-13,NST
14765807,PCT/CN2014/076166,2014-04-24,NST
14765808,PCT/US2014/014684,2014-02-04,NST
14765810,61760574,2013-02-04,PRO
14765810,61760584,2013-02-04,PRO
14765810,61760585,2013-02-04,PRO
14765810,61760606,2013-02-04,PRO
14765810,61926918,2014-01-13,PRO
14765810,PCT/US14/14738,2014-02-04,NST
14765811,PCT/EP2014/052164,2014-02-04,NST
14765812,61760574,2013-02-04,PRO
14765812,61760584,2013-02-04,PRO
14765812,61760585,2013-02-04,PRO
14765812,61760606,2013-02-04,PRO
14765812,61798606,2013-03-15,PRO
14765812,61926918,2014-01-13,PRO
14765812,PCT/US14/14747,2014-02-04,NST
14765813,PCT/EP2014/051911,2014-01-31,NST
14765814,61760574,2013-02-04,PRO
14765814,61760584,2013-02-04,PRO
14765814,61760585,2013-02-04,PRO
14765814,61760606,2013-02-04,PRO
14765814,61926918,2014-01-13,PRO
14765814,PCT/US14/14744,2014-02-04,NST
14765815,PCT/FR2014/050241,2014-02-07,NST
14765816,PCT/FR2014/000019,2014-01-30,NST
14765817,PCT/EP2013/052340,2013-02-06,NST
14765818,PCT/GB2014/050306,2014-02-04,NST
14765820,PCT/KR2013/000929,2013-02-05,NST
14765821,PCT/JP2014/052546,2014-02-04,NST
14765822,PCT/US2013/027958,2013-02-27,NST
14765823,PCT/US2013/025405,2013-02-08,NST
14765824,PCT/EP2014/052265,2014-02-05,NST
14765825,PCT/EP2013/052208,2013-02-05,NST
14765826,PCT/CN2013/071657,2013-02-19,NST
14765827,PCT/FR2013/053205,2013-12-19,NST
14765828,61762013,2013-02-07,PRO
14765828,PCT/US14/15086,2014-02-06,NST
14765829,PCT/JP2014/000519,2014-01-31,NST
14765830,PCT/KR2014/002582,2014-03-27,NST
14765831,PCT/US2013/028052,2013-02-27,NST
14765835,PCT/EP2013/053117,2013-02-15,NST
14765836,PCT/KR2014/000999,2014-02-06,NST
14765837,PCT/JP2014/051043,2014-01-21,NST
14765838,PCT/JP2014/051044,2014-01-21,NST
14765839,PCT/EP2014/052492,2014-02-07,NST
14765840,PCT/RU2013/000118,2013-02-14,NST
14765841,PCT/IB2013/051256,2013-02-15,NST
14765842,61765745,2013-02-17,PRO
14765842,PCT/IL14/50224,2014-02-17,NST
14765843,PCT/KR2014/000866,2014-01-29,NST
14765844,PCT/EP2013/053057,2013-02-15,NST
14765845,PCT/EP2013/053066,2013-02-15,NST
14765846,PCT/EP2013/053074,2013-02-15,NST
14765847,PCT/EP2014/000553,2013-03-05,NST
14765848,PCT/EP2014/000196,2014-01-25,NST
14765849,PCT/US2014/023017,2014-03-11,NST
14765850,PCT/EP2014/000195,2014-01-25,NST
14765851,PCT/JP2013/007600,2013-12-25,NST
14765852,61778753,2013-03-13,PRO
14765852,PCT/US14/21521,2014-03-07,NST
14765853,PCT/ES2014/070085,2014-02-06,NST
14765854,PCT/IB2014/059923,2014-03-18,NST
14765855,PCT/EP2014/052188,2014-02-05,NST
14765856,PCT/JP2013/077240,2013-10-07,NST
14765857,PCT/CN2013/071407,2013-02-05,NST
14765858,PCT/JP2014/051749,2014-01-28,NST
14765859,61778960,2013-03-13,PRO
14765859,PCT/US14/22244,2014-03-10,NST
14765860,PCT/EP2013/052296,2013-02-06,NST
14765861,61762755,2013-02-08,PRO
14765861,PCT/US14/15409,2014-02-07,NST
14765862,PCT/IB2014/058973,2014-02-13,NST
14765863,PCT/GB14/50333,2014-02-05,NST
14765864,PCT/JP2013/054788,2013-02-25,NST
14765868,PCT/IB2014/058923,2014-02-11,NST
14765869,PCT/JP2013/083823,2013-12-18,NST
14765870,PCT/EP2014/052260,2014-02-05,NST
14765871,PCT/JP2014/059433,2014-03-31,NST
14765872,PCT/US2014/036213,2014-04-30,NST
14765873,PCT/EP2014/052134,2014-02-04,NST
14765874,PCT/JP2013/052929,2013-02-07,NST
14765875,PCT/JP2014/053379,2014-02-13,NST
14765876,61766240,2013-02-19,PRO
14765876,PCT/US14/15940,2014-02-12,NST
14765877,PCT/US2014/021477,2014-03-07,NST
14765878,PCT/US2014/014796,2014-02-05,NST
14765879,PCT/EP2014/050319,2014-01-09,NST
14765880,PCT/EP2014/000106,2014-01-16,NST
14765881,PCT/US2014/014872,2014-02-05,NST
14765882,PCT/IB2014/058816,2014-02-05,NST
14765883,PCT/EP2014/000105,2014-01-16,NST
14765885,PCT/US2014/015235,2014-02-07,NST
14765886,PCT/EP2014/052429,2014-02-07,NST
14765887,PCT/SE2013/050092,2013-02-05,NST
14765888,PCT/EP2014/052527,2014-02-10,NST
14765889,PCT/JP2013/056797,2013-03-12,NST
14765890,PCT/JP2013/083351,2013-12-12,NST
14765891,PCT/EP2014/052333,2014-02-06,NST
14765892,PCT/EP2014/052430,2014-02-07,NST
14765893,PCT/JP14/55500,2014-03-04,NST
14765894,PCT/JP2014/052667,2014-02-05,NST
14765895,PCT/KR2013/001046,2013-02-08,NST
14765896,61761548,2013-02-06,PRO
14765896,PCT/US14/15113,2014-02-06,NST
14765897,61762725,2013-02-08,PRO
14765897,PCT/US13/32515,2013-03-15,NST
14765898,PCT/US2014/015210,2014-02-07,NST
14765899,PCT/KR2014/000933,2014-02-04,NST
14765900,PCT/JP2013/070741,2013-07-31,NST
14765901,PCT/JP2014/051107,2014-01-21,NST
14765903,PCT/KR2013/010234,2013-11-12,NST
14765904,PCT/KR2014/000996,2014-02-05,NST
14765905,PCT/JP2014/051481,2014-01-24,NST
14765906,PCT/US2014/014651,2014-02-04,NST
14765907,PCT/FR2014/050618,2014-03-18,NST
14765908,PCT/JP2013/075230,2013-09-19,NST
14765909,PCT/US13/26093,2013-02-14,NST
14765910,PCT/US2014/014654,2014-02-04,NST
14765911,PCT/JP2013/079374,2013-10-30,NST
14765912,PCT/US2014/015242,2014-02-07,NST
14765913,PCT/EP2014/000100,2014-01-16,NST
14765914,PCT/KR2014/000960,2014-02-05,NST
14765915,PCT/JP2014/000720,2014-02-12,NST
14765916,PCT/GB2014/050423,2014-02-13,NST
14765917,PCT/US2014/022940,2014-03-11,NST
14765918,PCT/UA2013/000075,2013-07-15,NST
14765919,PCT/CN2014/070498,2014-01-13,NST
14765920,PCT/GB2014/050340,2014-02-06,NST
14765921,PCT/AT2014/050036,2014-02-10,NST
14765922,PCT/US2014/022373,2014-03-10,NST
14765923,PCT/IB2014/058871,2014-02-08,NST
14765924,PCT/JP2014/052949,2014-02-07,NST
14765925,PCT/KR2014/001416,2014-02-21,NST
14765926,PCT/EP2013/075773,2013-12-06,NST
14765927,PCT/ES2014/070072,2014-02-03,NST
14765928,PCT/US13/24803,2013-02-06,NST
14765929,PCT/JP2014/001046,2014-02-27,NST
14765930,PCT/US2014/016312,2014-02-13,NST
14765931,PCT/US2014/024706,2014-03-12,NST
14765932,PCT/JP2013/084590,2013-12-25,NST
14765933,PCT/EP2014/052228,2014-02-05,NST
14765934,PCT/JP2013/082519,2013-12-04,NST
14765935,PCT/IB2014/000419,2014-01-31,NST
14765936,PCT/EP2014/051334,2014-01-23,NST
14765937,PCT/JP2014/000202,2014-01-16,NST
14765938,PCT/DK2013/050039,2013-02-15,NST
14765939,PCT/FR2014/050246,2014-02-10,NST
14765940,PCT/EP2014/000332,2014-02-07,NST
14765941,PCT/DE2014/100026,2014-02-03,NST
14765942,PCT/KR2014/001029,2014-02-06,NST
14765943,PCT/IB2014/058866,2014-02-08,NST
14765944,PCT/CN2013/071584,2013-02-08,NST
14765945,PCT/JP2013/054474,2013-02-22,NST
14765946,PCT/EP2014/052454,2014-02-07,NST
14765947,PCT/US2014/014568,2014-02-04,NST
14765948,61762459,2013-02-08,PRO
14765948,PCT/US14/15249,2014-02-07,NST
14765949,PCT/CN2013/071408,2013-02-05,NST
14765950,PCT/EP2014/052062,2014-02-03,NST
14765951,PCT/FR2014/050195,2014-02-04,NST
14765952,PCT/KR2014/001085,2014-02-10,NST
14765953,PCT/US14/27848,2014-03-14,NST
14765954,PCT/US2014/016034,2014-02-12,NST
14765955,PCT/DK2014/050026,2014-02-04,NST
14765956,PCT/JP2014/052484,2014-02-04,NST
14765957,PCT/JP2014/000682,2014-02-07,NST
14765958,PCT/US15/43674,2015-08-04,NST
14765959,PCT/DE2014/100047,2014-02-10,NST
14765960,PCT/EP2013/052476,2013-02-07,NST
14765961,61778973,2013-03-13,PRO
14765961,PCT/US14/25610,2014-03-13,NST
14765962,PCT/JP2014/050441,2014-01-14,NST
14765964,PCT/EP2014/051288,2014-01-23,NST
14765965,PCT/JP2014/051252,2014-01-22,NST
14765966,PCT/JP2013/076268,2013-09-27,NST
14765967,PCT/AU2014/000085,2014-02-06,NST
14765968,PCT/AU2014/000088,2014-02-06,NST
14765969,PCT/CN2013/082683,2013-08-30,NST
14765970,PCT/JP2014/064324,2014-05-29,NST
14765971,PCT/US2014/015081,2014-02-06,NST
14765972,PCT/KR2014/001076,2014-02-07,NST
14765973,PCT/JP2014/000562,2014-02-04,NST
14765974,PCT/IB2014/000147,2014-02-13,NST
14765975,PCT/EP2014/052402,2014-02-07,NST
14765976,PCT/IB2014/058782,2014-02-04,NST
14765977,PCT/EP2013/052303,2013-02-06,NST
14765978,PCT/US2014/025737,2014-03-13,NST
14765979,PCT/EP2013/076159,2013-12-11,NST
14765980,PCT/JP2014/054971,2014-02-27,NST
14765981,PCT/CA2013/050129,2013-02-19,NST
14765982,PCT/US2014/015094,2014-02-06,NST
14765983,PCT/CN2014/070974,2014-01-21,NST
14765984,PCT/EP2013/052275,2013-02-06,NST
14765985,PCT/EP2014/052494,2014-02-07,NST
14765986,PCT/JP2014/051927,2014-01-29,NST
14765987,PCT/JP2014/054340,2014-02-24,NST
14765988,PCT/JP2013/082207,2013-11-29,NST
14765989,PCT/EP2014/051490,2014-01-27,NST
14765991,PCT/JP2014/056562,2014-03-12,NST
14765992,PCT/CA2014/000091,2014-02-04,NST
14765993,61760987,2013-02-05,PRO
14765993,PCT/US14/14779,2014-02-05,NST
14765994,PCT/US13/30371,2013-03-12,NST
14765995,PCT/US2014/015174,2014-02-06,NST
14765996,PCT/KR2014/001078,2014-02-07,NST
14765997,PCT/EP2013/052272,2013-02-06,NST
14765998,PCT/SG2014/000050,2014-02-06,NST
14765999,PCT/SE2014/050157,2014-02-07,NST
14766000,PCT/AT2014/000176,2014-09-29,NST
14766001,PCT/EP2014/051673,2014-01-29,NST
14766002,PCT/KR2014/001313,2014-02-18,NST
14766003,PCT/JP2013/006161,2013-10-17,NST
14766004,PCT/JP2014/056087,2014-03-04,NST
14766005,PCT/EP2013/052299,2013-02-06,NST
14766007,PCT/JP2014/053531,2014-02-14,NST
14766008,PCT/JP2014/054568,2014-02-25,NST
14766009,PCT/JP2013/053913,2013-02-19,NST
14766010,PCT/JP2014/000454,2014-01-29,NST
14766011,61760997,2013-02-05,PRO
14766011,PCT/US14/14782,2014-02-05,NST
14766012,PCT/US2014/014640,2014-02-04,NST
14766013,PCT/CN2014/071551,2014-01-27,NST
14766014,PCT/JP2014/052750,2014-02-06,NST
14766015,PCT/EP2014/050123,2014-01-07,NST
14766017,PCT/JP2014/000631,2014-02-06,NST
14766019,PCT/FR2014/050173,2014-01-31,NST
14766020,PCT/CN2014/071712,2014-01-28,NST
14766021,PCT/EP2014/051896,2014-01-31,NST
14766022,PCT/JP2013/079729,2013-11-01,NST
14766023,PCT/JP2013/053418,2013-02-13,NST
14766024,PCT/KR2014/000985,2014-02-05,NST
14766025,PCT/JP2014/053538,2014-02-14,NST
14766027,PCT/AU2014/000094,2014-02-07,NST
14766028,61761874,2013-02-07,PRO
14766028,PCT/US14/15183,2014-02-07,NST
14766029,PCT/JP2014/000553,2014-02-03,NST
14766030,PCT/EP2014/052306,2014-02-06,NST
14766031,PCT/JP2013/079731,2013-11-01,NST
14766032,PCT/EP2013/052304,2013-02-06,NST
14766033,PCT/JP2014/000633,2014-02-06,NST
14766034,PCT/EP2014/052097,2014-02-04,NST
14766035,PCT/IB2014/058478,2014-01-23,NST
14766036,PCT/US2014/014887,2014-02-05,NST
14766037,PCT/JP2013/053176,2013-02-12,NST
14766038,PCT/KR2014/000980,2014-02-05,NST
14766039,PCT/EP2013/060599,2013-05-23,NST
14766040,PCT/US2014/014717,2014-02-04,NST
14766041,PCT/JP2014/061845,2014-04-28,NST
14766042,PCT/FR2014/050132,2014-01-23,NST
14766043,PCT/US13/30176,2013-03-11,NST
14766044,61761978,2013-02-07,PRO
14766044,61874739,2013-09-06,PRO
14766044,PCT/US14/14898,2014-02-05,NST
14766045,PCT/EP2014/051005,2014-01-20,NST
14766046,PCT/JP2014/051874,2014-01-29,NST
14766047,61761260,2013-02-06,PRO
14766047,PCT/US14/15114,2014-02-06,NST
14766048,PCT/FR2014/050239,2014-02-07,NST
14766049,PCT/EP2014/053057,2014-02-18,NST
14766051,61761962,2013-02-07,PRO
14766051,61874512,2013-09-06,PRO
14766051,PCT/US14/14942,2014-02-05,NST
14766052,PCT/CN2014/071589,2014-01-27,NST
14766053,PCT/CN2013/083699,2013-09-17,NST
14766054,PCT/JP2013/055656,2013-03-01,NST
14766055,PCT/EP2014/000334,2014-02-07,NST
14766056,PCT/EP2014/052208,2014-02-05,NST
14766057,PCT/KR2013/008814,2013-10-02,NST
14766058,PCT/CN2014/000103,2014-01-26,NST
14766059,PCT/JP2014/052258,2014-01-31,NST
14766060,PCT/IB2014/058800,2014-02-05,NST
14766061,PCT/US2014/011833,2014-01-16,NST
14766062,PCT/JP2014/052758,2014-02-06,NST
14766063,PCT/FR2014/050701,2014-03-25,NST
14766064,PCT/SG2014/000138,2014-03-20,NST
14766065,PCT/CA2013/000091,2013-02-05,NST
14766066,PCT/JP2014/051507,2014-01-24,NST
14766067,PCT/US2014/013836,2014-01-30,NST
14766068,PCT/CA2014/050071,2014-02-05,NST
14766069,PCT/JP2014/000554,2014-02-03,NST
14766070,PCT/US14/51104,2014-08-14,NST
14766071,PCT/US2014/014897,2014-02-05,NST
14766073,PCT/JP2014/055401,2014-03-04,NST
14766074,PCT/EP2014/051303,2014-01-23,NST
14766075,PCT/US2014/015295,2014-02-07,NST
14766076,PCT/KR2014/004718,2014-05-28,NST
14766077,PCT/JP2014/052291,2014-01-31,NST
14766078,PCT/EP2014/000333,2014-02-07,NST
14766079,PCT/EP2014/051903,2014-01-31,NST
14766080,PCT/JP2014/053269,2014-02-13,NST
14766081,PCT/IB2014/000722,2014-02-06,NST
14766082,PCT/JP2014/050598,2014-01-15,NST
14766083,PCT/US15/32464,2015-05-26,NST
14766084,PCT/US2013/028793,2013-03-04,NST
14766085,PCT/KR2014/010526,2014-11-04,NST
14766086,61761016,2013-02-05,PRO
14766086,61779243,2013-03-13,PRO
14766086,PCT/US14/14877,2014-02-05,NST
14766088,PCT/US2014/018314,2014-02-25,NST
14766089,PCT/US2013/031023,2013-03-13,NST
14766090,PCT/KR2014/001304,2014-02-18,NST
14766091,PCT/EP2014/050777,2014-01-16,NST
14766092,61763087,2013-02-11,PRO
14766092,61765560,2013-02-15,PRO
14766092,PCT/US14/15859,2014-02-11,NST
14766093,PCT/US2014/016575,2014-02-14,NST
14766094,PCT/SE2014/050138,2014-02-04,NST
14766095,PCT/CN2014/071594,2014-01-27,NST
14766096,PCT/EP2014/052090,2014-02-04,NST
14766097,61761182,2013-02-05,PRO
14766097,PCT/US14/14958,2014-02-05,NST
14766098,PCT/IB2014/058815,2014-02-05,NST
14766100,PCT/CN2014/071653,2014-01-28,NST
14766101,PCT/US2014/015104,2014-02-06,NST
14766102,PCT/FR2014/050264,2014-02-11,NST
14766103,PCT/US13/25841,2013-02-13,NST
14766104,PCT/JP2014/052782,2014-02-06,NST
14766105,PCT/US2014/016527,2014-02-14,NST
14766106,PCT/US2013/073545,2013-12-06,NST
14766107,PCT/IL2014/000009,2014-02-04,NST
14766108,PCT/IL2014/050124,2014-02-05,NST
14766109,PCT/EP2013/000939,2013-03-27,NST
14766110,PCT/NO2014/000017,2014-02-07,NST
14766112,PCT/EP2014/052355,2014-02-06,NST
14766113,PCT/JP2014/000620,2014-02-06,NST
14766114,PCT/EP2014/052549,2014-02-10,NST
14766115,PCT/IL14/50128,2014-02-05,NST
14766116,PCT/US2014/017770,2014-02-21,NST
14766117,PCT/GB2014/050367,2014-02-07,NST
14766118,PCT/JP2014/053021,2014-02-10,NST
14766119,PCT/US2013/025168,2013-02-07,NST
14766120,PCT/EP2014/052187,2014-02-05,NST
14766121,PCT/IB2014/058696,2014-01-31,NST
14766122,PCT/CN2014/070438,2014-01-10,NST
14766123,PCT/SG2014/000048,2014-02-05,NST
14766124,PCT/US2014/012572,2014-01-22,NST
14766125,PCT/US2014/011912,2014-01-16,NST
14766126,PCT/SG2014/000045,2014-02-05,NST
14766127,61806522,2013-03-29,PRO
14766127,PCT/US14/31176,2014-03-19,NST
14766128,PCT/GB2014/050335,2014-02-06,NST
14766129,PCT/SG2014/000046,2014-02-05,NST
14766130,PCT/KR2013/003263,2013-04-18,NST
14766131,PCT/SG2014/000047,2014-02-05,NST
14766132,PCT/US2014/014901,2014-02-05,NST
14766133,PCT/CN2013/072668,2013-03-15,NST
14766134,PCT/CN2013/079632,2013-07-18,NST
14766135,PCT/IL2013/050115,2013-02-07,NST
14766136,PCT/IB2014/058458,2014-01-22,NST
14766137,PCT/KR2013/006931,2013-08-01,NST
14766138,PCT/FR2014/050321,2014-02-17,NST
14766139,PCT/US2014/015351,2014-02-07,NST
14766140,61763917,2013-02-12,PRO
14766140,PCT/US14/16125,2014-02-12,NST
14766141,PCT/EP2014/052214,2014-02-05,NST
14766142,PCT/EP2014/058031,2014-04-21,NST
14766143,PCT/JP2014/054481,2014-02-25,NST
14766144,PCT/IB2013/000430,2013-02-12,NST
14766145,PCT/JP2014/052304,2014-01-31,NST
14766146,PCT/JP2013/077383,2013-10-08,NST
14766147,PCT/US2013/031780,2013-03-14,NST
14766148,PCT/EP2014/052500,2014-02-10,NST
14766149,PCT/JP2014/056647,2014-03-13,NST
14766150,PCT/KR2014/001257,2014-02-17,NST
14766151,PCT/IL2014/050178,2014-02-19,NST
14766152,PCT/JP2014/000073,2014-01-10,NST
14766153,PCT/EP2014/000440,2014-02-18,NST
14766154,PCT/IB2014/059137,2014-02-20,NST
14766155,PCT/US2013/032634,2013-03-15,NST
14766156,PCT/US2013/030376,2013-03-12,NST
14766157,PCT/US2014/015106,2014-02-06,NST
14766158,PCT/EP2014/050273,2014-01-09,NST
14766159,PCT/IB2014/059243,2014-02-25,NST
14766160,PCT/EP2014/052588,2014-02-11,NST
14766161,PCT/NL2014/050069,2014-02-05,NST
14766162,PCT/KR2014/003725,2014-04-28,NST
14766163,PCT/EP2014/052955,2014-02-14,NST
14766164,PCT/EP2014/051222,2014-01-22,NST
14766165,PCT/IB2014/058834,2014-02-06,NST
14766166,PCT/JP2013/057075,2013-03-13,NST
14766167,PCT/JP2014/051510,2014-01-24,NST
14766168,PCT/JP2013/057001,2013-03-13,NST
14766169,PCT/JP2013/003953,2013-06-25,NST
14766170,61924624,2014-01-07,PRO
14766170,PCT/US15/10051,2015-01-02,NST
14766171,PCT/JP2013/073128,2013-08-29,NST
14766172,PCT/US2014/015340,2014-02-07,NST
14766173,PCT/JP2013/084872,2013-12-26,NST
14766174,PCT/NO2014/000013,2014-02-04,NST
14766175,PCT/JP2013/054207,2013-02-20,NST
14766176,PCT/IB2014/058864,2014-02-07,NST
14766177,PCT/JP2013/079446,2013-10-30,NST
14766178,PCT/US2014/013276,2014-01-28,NST
14766180,PCT/BR2014/000042,2014-02-06,NST
14766181,PCT/KR2014/001019,2014-02-06,NST
14766183,PCT/KR2014/000970,2014-02-05,NST
14766184,PCT/EP2014/052407,2014-02-07,NST
14766185,PCT/EP2014/052855,2014-02-13,NST
14766187,PCT/IB2014/000930,2014-02-11,NST
14766188,PCT/US2013/026073,2013-02-14,NST
14766189,PCT/EP2014/052222,2014-02-05,NST
14766190,PCT/US2014/015194,2014-02-07,NST
14766192,PCT/US2013/075978,2013-12-18,NST
14766193,PCT/JP2014/052704,2014-02-05,NST
14766194,PCT/CH2014/000018,2014-02-11,NST
14766195,PCT/US2014/026261,2014-03-13,NST
14766196,PCT/JP2013/084064,2013-12-19,NST
14766197,PCT/US2014/015447,2014-02-08,NST
14766199,PCT/FR2014/050213,2014-02-05,NST
14766200,PCT/EP2014/052286,2014-02-06,NST
14766201,PCT/EP2014/000311,2014-02-05,NST
14766202,PCT/EP2014/052370,2014-02-06,NST
14766203,PCT/KR2014/001006,2014-02-06,NST
14766204,PCT/US2013/064743,2013-10-13,NST
14766205,PCT/EP2014/000251,2014-01-30,NST
14766206,PCT/EP2014/000101,2014-01-16,NST
14766207,PCT/JP2014/052686,2014-02-05,NST
14766208,PCT/KR2014/001011,2014-02-06,NST
14766209,PCT/JP2013/006998,2013-11-28,NST
14766210,PCT/EP2014/052312,2014-02-06,NST
14766212,PCT/JP2013/066419,2013-06-14,NST
14766213,PCT/KR2014/004555,2014-05-22,NST
14766214,PCT/EP2014/050146,2014-01-07,NST
14766215,61761473,2013-02-06,PRO
14766215,61791162,2013-03-15,PRO
14766215,PCT/US14/15110,2014-02-06,NST
14766216,PCT/IB2014/058796,2014-02-05,NST
14766217,PCT/US2014/014409,2014-02-03,NST
14766218,PCT/JP2013/057547,2013-03-15,NST
14766219,61761601,2013-02-06,PRO
14766219,PCT/US14/14945,2014-02-05,NST
14766220,PCT/EP2014/053628,2014-02-25,NST
14766221,PCT/FI2014/050090,2014-02-07,NST
14766222,PCT/IB2014/058873,2014-02-08,NST
14766223,PCT/JP2014/000630,2014-02-06,NST
14766224,PCT/JP2013/055518,2013-02-28,NST
14766225,PCT/IB2014/000171,2014-02-05,NST
14766226,PCT/EP2014/050714,2014-01-15,NST
14766227,PCT/JP2013/061320,2013-04-16,NST
14766228,PCT/JP2013/054655,2013-02-25,NST
14766229,PCT/EP2013/052848,2013-02-13,NST
14766230,PCT/IB2014/000172,2014-02-05,NST
14766231,PCT/US15/15539,2015-02-12,NST
14766232,PCT/AU2014/000101,2014-02-10,NST
14766233,PCT/AU2014/000102,2014-02-10,NST
14766234,61761280,2013-02-06,PRO
14766234,PCT/US14/15054,2014-02-06,NST
14766235,PCT/JP2014/052784,2014-02-06,NST
14766236,PCT/JP2014/053122,2014-02-12,NST
14766237,PCT/EP2014/052301,2014-02-06,NST
14766238,PCT/JP2014/052681,2014-02-05,NST
14766239,61762891,2013-02-09,PRO
14766239,PCT/US14/14408,2014-02-03,NST
14766240,PCT/JP2013/052981,2013-02-08,NST
14766241,PCT/JP2013/080236,2013-11-08,NST
14766242,PCT/TH2014/000004,2014-02-07,NST
14766243,PCT/JP2013/083315,2013-12-12,NST
14766244,PCT/KR2014/000195,2014-01-08,NST
14766245,PCT/IN2014/000003,2014-01-02,NST
14766246,PCT/JP2013/084202,2013-12-20,NST
14766247,PCT/US2014/015205,2014-02-07,NST
14766248,PCT/JP2014/053909,2014-02-19,NST
14766249,PCT/JP2014/055188,2014-02-28,NST
14766250,PCT/IL2014/050113,2014-02-03,NST
14766252,PCT/US2014/015254,2014-02-07,NST
14766253,PCT/JP2014/051434,2014-01-24,NST
14766254,PCT/IB2014/059897,2014-03-17,NST
14766255,PCT/US2014/015898,2014-02-11,NST
14766256,PCT/EP2013/077584,2013-12-20,NST
14766257,PCT/JP2014/050462,2014-01-14,NST
14766258,61761848,2013-02-07,PRO
14766258,PCT/US14/15222,2014-02-07,NST
14766259,PCT/US2014/025500,2014-03-13,NST
14766261,PCT/IB2014/058795,2014-02-05,NST
14766262,PCT/CA2014/050086,2014-02-07,NST
14766263,PCT/IB2013/052741,2013-04-05,NST
14766264,PCT/JP2014/056985,2014-03-14,NST
14766265,PCT/JP2013/084493,2013-12-24,NST
14766267,PCT/US2014/023024,2014-03-11,NST
14766268,PCT/EP2014/052349,2014-02-06,NST
14766269,PCT/EP2014/000373,2014-02-11,NST
14766270,PCT/JP2014/052799,2014-02-06,NST
14766271,PCT/JP2014/052655,2014-02-05,NST
14766272,PCT/US2014/016639,2014-02-15,NST
14766273,PCT/JP2014/000575,2014-02-04,NST
14766274,PCT/EP2014/052633,2014-02-11,NST
14766275,PCT/EP2014/052562,2014-02-10,NST
14766276,PCT/EP2014/052106,2014-02-04,NST
14766277,PCT/JP2013/080632,2013-11-13,NST
14766278,PCT/CA2014/000072,2014-01-30,NST
14766279,PCT/EP2014/052360,2014-02-06,NST
14766280,PCT/CA2014/050082,2014-02-06,NST
14766281,PCT/KR2013/009611,2013-10-28,NST
14766282,PCT/US2013/075040,2013-12-13,NST
14766283,PCT/CA2014/050079,2014-02-06,NST
14766284,PCT/KR2014/001440,2014-02-21,NST
14766285,PCT/US2014/014596,2014-02-04,NST
14766286,PCT/EP2014/052220,2014-02-05,NST
14766287,PCT/IB2014/058868,2014-02-08,NST
14766288,61912888,2013-12-06,PRO
14766288,PCT/US14/68613,2014-12-04,NST
14766289,PCT/KR2014/001256,2014-02-17,NST
14766290,PCT/EP2014/052830,2014-02-13,NST
14766291,PCT/EP14/00337,2014-02-07,NST
14766292,PCT/CN2014/072782,2014-03-03,NST
14766293,PCT/EP2014/052756,2014-02-12,NST
14766294,PCT/JP2013/080007,2013-11-06,NST
14766295,PCT/EP2014/051154,2014-01-21,NST
14766296,PCT/JP2014/055753,2014-03-06,NST
14766297,PCT/JP2014/057269,2014-03-18,NST
14766298,PCT/JP2014/060350,2014-04-03,NST
14766299,PCT/KR2014/001258,2014-02-17,NST
14766300,PCT/FR2014/050229,2014-02-06,NST
14766301,61761412,2013-02-06,PRO
14766301,13835284,2013-03-15,CIP
14766301,61930732,2014-01-23,PRO
14766301,PCT/US14/14944,2014-02-05,NST
14766302,PCT/JP2014/052104,2014-01-30,NST
14766303,PCT/JP2013/053096,2013-02-08,NST
14766304,PCT/EP2014/052461,2014-02-07,NST
14766305,PCT/JP2013/065680,2013-06-06,NST
14766306,PCT/US2014/013580,2014-01-29,NST
14766307,PCT/JP2013/053724,2013-02-15,NST
14766308,PCT/CN2014/071669,2014-01-28,NST
14766309,PCT/CN2013/071583,2013-02-08,NST
14766310,PCT/EP2014/052802,2014-02-13,NST
14766311,PCT/EP14/00324,2014-02-06,NST
14766312,PCT/KR2013/000987,2013-02-07,NST
14766313,PCT/AT2014/050020,2014-01-21,NST
14766314,PCT/KR2014/004986,2014-06-05,NST
14766315,PCT/JP2014/058743,2014-03-27,NST
14766316,PCT/IB2014/000680,2014-02-06,NST
14766317,13832699,2013-03-15,CON
14766317,PCT/US14/21592,2014-03-07,NST
14766318,PCT/EP2014/000122,2014-01-17,NST
14766319,PCT/EP2014/054306,2014-03-06,NST
14766320,PCT/JP2014/052584,2014-02-04,NST
14766322,61762087,2013-02-07,PRO
14766322,61900706,2013-11-06,PRO
14766322,PCT/US14/15372,2014-02-07,NST
14766323,PCT/ES2014/070087,2014-02-06,NST
14766324,PCT/GB2014/050483,2014-02-19,NST
14766325,PCT/US2014/015258,2014-02-07,NST
14766326,PCT/IB2013/050987,2013-02-06,NST
14766327,PCT/IB2014/058797,2014-02-05,NST
14766328,PCT/EP2014/052335,2014-02-06,NST
14766329,PCT/JP2014/053686,2014-02-18,NST
14766330,PCT/JP2014/000346,2014-01-23,NST
14766331,PCT/JP2014/000646,2014-02-06,NST
14766332,PCT/IB2013/050979,2013-02-06,NST
14766333,61761412,2013-02-06,PRO
14766333,13835284,2013-03-15,CON
14766333,61930732,2014-01-23,PRO
14766333,PCT/US14/14932,2014-02-05,NST
14766334,PCT/JP2014/053472,2014-02-14,NST
14766335,PCT/EP2014/052313,2014-02-06,NST
14766336,PCT/JP2013/078221,2013-10-17,NST
14766337,PCT/JP2014/063784,2014-05-26,NST
14766338,PCT/US2014/016874,2014-02-18,NST
14766339,PCT/US2014/015594,2014-02-10,NST
14766340,PCT/JP2014/052844,2014-02-07,NST
14766341,PCT/KR2014/002613,2014-03-27,NST
14766342,PCT/EP2014/052207,2014-02-05,NST
14766343,PCT/EP2014/052472,2014-02-07,NST
14766344,PCT/IB2013/055575,2013-07-08,NST
14766345,PCT/EP2014/000235,2014-01-29,NST
14766346,PCT/IB2014/001082,2014-02-07,NST
14766347,61761545,2013-02-06,PRO
14766347,61875904,2013-09-10,PRO
14766347,PCT/US14/15030,2014-02-06,NST
14766348,PCT/EP2014/000171,2014-01-23,NST
14766349,PCT/US13/27674,2013-02-25,NST
14766350,61762001,2013-02-07,PRO
14766350,PCT/US14/14603,2014-02-04,NST
14766351,PCT/US2014/015579,2014-02-10,NST
14766352,PCT/IB2014/058835,2014-02-06,NST
14766353,PCT/JP2014/000647,2014-02-06,NST
14766354,PCT/JP2014/053658,2014-02-17,NST
14766355,PCT/JP2014/053471,2014-02-14,NST
14766356,PCT/JP2013/054565,2013-02-22,NST
14766357,PCT/EP2014/052761,2014-02-12,NST
14766358,PCT/EP2014/050255,2014-01-09,NST
14766359,61761650,2013-02-06,PRO
14766359,PCT/US14/14938,2014-02-05,NST
14766360,PCT/US2014/015020,2014-02-06,NST
14766361,PCT/JP2014/052724,2014-02-06,NST
14766362,PCT/NL2014/050071,2014-02-06,NST
14766363,PCT/JP2014/001521,2014-03-17,NST
14766364,61763130,2013-02-11,PRO
14766364,61767156,2013-02-20,PRO
14766364,PCT/US14/15589,2014-02-10,NST
14766365,PCT/US2013/024887,2013-02-06,NST
14766366,PCT/KR2014/000973,2014-02-05,NST
14766367,13760548,2013-02-06,CIP
14766367,PCT/US13/72314,2013-11-27,NST
14766368,PCT/EP2014/054576,2014-03-10,NST
14766369,PCT/AT2014/050021,2014-01-21,NST
14766370,PCT/US2014/015129,2014-02-06,NST
14766371,PCT/US2014/012453,2014-01-22,NST
14766372,PCT/BR2014/000035,2014-02-06,NST
14766373,PCT/US2014/010764,2014-01-09,NST
14766374,PCT/EP2014/051509,2014-01-21,NST
14766375,PCT/US2014/028358,2014-03-14,NST
14766376,PCT/EP2014/052559,2014-02-10,NST
14766377,PCT/JP2014/051321,2014-01-23,NST
14766378,PCT/JP2013/053765,2013-02-15,NST
14766379,PCT/KR14/01053,2014-02-07,NST
14766380,PCT/DK2014/050029,2014-02-04,NST
14766381,PCT/AU2014/000072,2014-02-03,NST
14766382,PCT/US15/19266,2015-03-06,NST
14766383,PCT/EP2014/052555,2014-02-10,NST
14766384,PCT/JP2013/071650,2013-08-09,NST
14766385,PCT/JP2014/053163,2014-02-12,NST
14766386,PCT/JP2014/064900,2014-05-29,NST
14766387,PCT/IT2013/000042,2013-02-11,NST
14766388,PCT/US2014/014915,2014-02-05,NST
14766389,PCT/FR2014/050365,2014-02-21,NST
14766390,PCT/IB2013/000341,2013-02-06,NST
14766391,PCT/JP2014/051471,2014-01-24,NST
14766392,PCT/CA14/00088,2014-02-07,NST
14766394,PCT/GB2014/050353,2014-02-06,NST
14766395,PCT/SG2014/000049,2014-02-06,NST
14766396,PCT/JP2014/052856,2014-02-07,NST
14766397,PCT/EP2014/052051,2014-02-03,NST
14766398,PCT/EP2014/052359,2014-02-06,NST
14766399,PCT/IL2014/050952,2014-11-03,NST
14766400,PCT/JP2014/052713,2014-02-06,NST
14766401,61761436,2013-02-06,PRO
14766401,61765284,2013-02-15,PRO
14766401,PCT/US14/14893,2014-02-05,NST
14766402,PCT/US2014/015332,2014-02-07,NST
14766403,PCT/JP2014/052057,2014-01-30,NST
14766404,PCT/US2013/024896,2013-02-06,NST
14766405,PCT/EP2013/074300,2013-11-20,NST
14766406,61761880,2013-02-07,PRO
14766406,61878975,2013-09-17,PRO
14766406,PCT/US14/15401,2014-02-07,NST
14766407,PCT/JP2014/058744,2014-03-27,NST
14766408,PCT/EP2014/052109,2014-02-04,NST
14766409,PCT/CN2014/071579,2014-01-27,NST
14766410,PCT/IB2013/000194,2013-02-14,NST
14766411,PCT/EP2014/050128,2014-01-07,NST
14766412,PCT/EP2014/051715,2014-01-29,NST
14766413,PCT/CL2013/000011,2013-02-07,NST
14766414,PCT/JP2013/077979,2013-10-15,NST
14766415,PCT/IN2014/000082,2014-02-07,NST
14766416,PCT/DE2014/000038,2014-02-03,NST
14766417,PCT/EP2014/052311,2014-02-06,NST
14766418,PCT/EP2014/052341,2014-02-06,NST
14766419,PCT/JP2014/050962,2014-01-20,NST
14766420,PCT/EP2014/051326,2014-01-23,NST
14766421,PCT/CA2014/050087,2014-02-07,NST
14766422,PCT/KR2014/001847,2014-03-06,NST
14766423,PCT/JP2014/053362,2014-02-13,NST
14766424,PCT/KR2014/001243,2014-02-14,NST
14766425,PCT/JP2013/053063,2013-02-08,NST
14766426,PCT/KR2014/000995,2014-02-05,NST
14766427,PCT/GB2014/050374,2014-02-07,NST
14766428,PCT/BR2014/000033,2014-01-24,NST
14766429,PCT/JP2013/054023,2013-02-19,NST
14766430,61762883,2013-02-09,PRO
14766430,PCT/US14/15349,2014-02-07,NST
14766431,PCT/KR2013/001007,2013-02-07,NST
14766432,61763342,2013-02-11,PRO
14766432,PCT/IL2014/050145,2014-02-11,NST
14766433,PCT/JP2014/000549,2014-02-03,NST
14766434,PCT/JP2014/050859,2014-01-17,NST
14766435,PCT/JP2014/050860,2014-01-17,NST
14766436,PCT/JP2014/051585,2014-01-24,NST
14766437,PCT/JP2014/051586,2014-01-24,NST
14766438,PCT/JP2014/051587,2014-01-24,NST
14766439,PCT/CA2014/050094,2014-02-11,NST
14766440,PCT/JP2014/050380,2014-01-10,NST
14766441,PCT/JP2014/050382,2014-01-10,NST
14766442,PCT/FR2014/000030,2014-02-05,NST
14766443,PCT/JP2014/051588,2014-01-24,NST
14766444,PCT/JP2013/079088,2013-10-28,NST
14766445,PCT/CA2014/050100,2014-02-14,NST
14766446,PCT/JP2014/052971,2014-02-07,NST
14766447,PCT/FR2014/000029,2014-02-05,NST
14766448,PCT/IB2013/000193,2013-02-15,NST
14766449,PCT/US2014/015112,2014-02-06,NST
14766450,PCT/KR2014/000363,2014-01-13,NST
14766451,PCT/CA2014/050093,2014-02-11,NST
14766452,PCT/CN2014/071794,2014-01-29,NST
14766453,PCT/CN2013/085279,2013-10-16,NST
14766454,PCT/IB2013/000191,2013-02-15,NST
14766456,PCT/JP2013/053111,2013-02-08,NST
14766457,PCT/EP2014/000309,2014-02-05,NST
14766458,PCT/EP2014/000362,2014-02-10,NST
14766459,PCT/EP2014/000276,2014-02-03,NST
14766460,PCT/EP2014/000310,2014-02-05,NST
14766461,PCT/IB13/50999,2013-02-07,NST
14766462,PCT/US2014/014361,2014-02-03,NST
14766463,PCT/EP2014/052986,2014-02-17,NST
14766464,PCT/US2014/015213,2014-02-07,NST
14766465,PCT/AU2014/000092,2014-02-07,NST
14766466,PCT/CN2013/088940,2013-12-10,NST
14766467,PCT/JP2014/000097,2014-01-10,NST
14766468,PCT/EP2014/050365,2014-01-10,NST
14766469,PCT/US2014/014811,2014-02-05,NST
14766471,PCT/EP2013/057024,2013-04-03,NST
14766472,61738425,2012-12-18,PRO
14766472,PCT/US13/76109,2013-12-18,NST
14766473,PCT/JP2014/053390,2014-02-06,NST
14766474,PCT/DE2014/100041,2014-02-06,NST
14766475,PCT/US2014/015198,2014-02-07,NST
14766476,PCT/IB2014/058870,2014-02-08,NST
14766477,61771188,2013-03-01,PRO
14766477,PCT/US14/16678,2014-02-17,NST
14766478,PCT/EP2014/053053,2014-02-18,NST
14766479,PCT/NO2014/000019,2014-02-18,NST
14766480,PCT/JP2014/052771,2014-02-06,NST
14766482,PCT/JP2014/052403,2014-02-03,NST
14766483,PCT/EP2014/052916,2014-02-14,NST
14766484,PCT/JP14/56291,2014-03-11,NST
14766485,PCT/IB2014/059314,2014-02-27,NST
14766486,PCT/US2013/075962,2013-12-18,NST
14766487,PCT/US14/14363,2014-02-03,NST
14766488,PCT/DK2014/050001,2014-01-03,NST
14766489,PCT/EP2014/000351,2014-02-09,NST
14766490,PCT/IL2014/050299,2014-03-18,NST
14766491,PCT/US14/14365,2014-02-03,NST
14766492,PCT/US2013/077999,2013-12-27,NST
14766493,PCT/EP2014/052663,2014-02-11,NST
14766494,PCT/JP2013/053492,2013-02-14,NST
14766495,PCT/US2014/014642,2014-02-04,NST
14766496,PCT/US2014/015195,2014-02-07,NST
14766497,PCT/US2014/015583,2014-02-10,NST
14766498,PCT/EP2014/000336,2014-02-07,NST
14766499,PCT/JP2014/052530,2014-02-04,NST
14766500,PCT/EP2014/050623,2014-01-14,NST
14766501,PCT/JP2014/055349,2014-03-04,NST
14766502,PCT/EP2014/050042,2014-01-03,NST
14766503,PCT/JP2013/060950,2013-04-11,NST
14766504,PCT/CN2014/086737,2014-09-17,NST
14766505,61762240,2013-02-07,PRO
14766505,PCT/US14/15132,2014-02-06,NST
14766506,PCT/JP2014/055876,2014-03-06,NST
14766507,61769816,2013-02-27,PRO
14766507,PCT/US14/16835,2014-02-18,NST
14766508,PCT/EP2014/053226,2014-02-19,NST
14766509,PCT/CN2014/071866,2014-02-06,NST
14766510,PCT/EP2014/052449,2014-02-07,NST
14766511,PCT/NL2014/050077,2014-02-07,NST
14766512,PCT/AU2014/000098,2014-02-07,NST
14766513,PCT/JP2013/080718,2013-11-13,NST
14766514,PCT/US2013/026143,2013-02-14,NST
14766515,PCT/EP2014/052383,2014-02-07,NST
14766516,PCT/EP2014/052666,2014-02-11,NST
14766517,PCT/CN2013/000132,2013-02-07,NST
14766518,PCT/EP14/51381,2014-01-24,NST
14766519,PCT/CN2013/071574,2013-02-08,NST
14766520,PCT/GB2014/050371,2014-02-07,NST
14766521,PCT/EP2014/052249,2014-02-05,NST
14766522,PCT/JP2003/055155,2013-02-27,NST
14766523,PCT/US2014/015604,2014-02-10,NST
14766524,PCT/US2014/015263,2014-02-07,NST
14766525,PCT/JP2014/052682,2014-02-05,NST
14766526,PCT/US2014/015350,2014-02-07,NST
14766527,PCT/EP2013/052577,2013-02-08,NST
14766528,PCT/US2014/015627,2014-02-10,NST
14766529,PCT/JP2014/050620,2014-01-16,NST
14766530,PCT/SE2013/050100,2013-02-07,NST
14766531,PCT/JP2013/055925,2013-03-05,NST
14766532,PCT/EP2014/000083,2014-01-15,NST
14766533,PCT/EP2014/052569,2014-02-10,NST
14766534,PCT/EP2013/052572,2013-02-08,NST
14766535,PCT/US2014/015339,2014-02-07,NST
14766536,PCT/AU2014/000073,2014-02-03,NST
14766537,PCT/EP2014/052983,2014-02-17,NST
14766538,PCT/JP2014/053010,2014-02-10,NST
14766539,PCT/EP2014/052231,2014-02-05,NST
14766540,PCT/DE2014/100043,2014-02-07,NST
14766541,61789395,2013-03-15,PRO
14766541,PCT/US14/21657,2014-03-07,NST
14766542,PCT/JP2013/006350,2013-10-28,NST
14766543,PCT/JP2013/006943,2013-11-26,NST
14766544,PCT/EP2014/052498,2014-02-07,NST
14766545,PCT/EP2014/055429,2014-03-18,NST
14766546,PCT/JP2014/058726,2014-03-27,NST
14766548,PCT/EP2014/050033,2014-01-03,NST
14766549,PCT/US2014/015117,2014-02-06,NST
14766550,PCT/EP2014/000281,2014-02-04,NST
14766551,PCT/US2013/072930,2013-12-03,NST
14766552,PCT/JP2014/051505,2014-01-24,NST
14766553,PCT/EP2014/052457,2014-02-07,NST
14766554,PCT/EP2014/052460,2014-02-07,NST
14766555,PCT/JP2013/053140,2013-02-08,NST
14766556,61766406,2013-02-19,PRO
14766556,PCT/US14/15546,2014-02-10,NST
14766557,PCT/US14/15244,2014-02-07,NST
14766558,PCT/CN2014/072652,2014-02-27,NST
14766559,PCT/JP2014/053033,2014-02-10,NST
14766560,PCT/EP2013/060874,2013-05-27,NST
14766561,PCT/US2014/015511,2014-02-10,NST
14766562,PCT/JP2014/055871,2014-03-06,NST
14766563,61762018,2013-02-07,PRO
14766563,PCT/US14/15024,2014-02-06,NST
14766564,PCT/IT2013/000043,2013-02-11,NST
14766565,PCT/JP2014/051509,2014-01-24,NST
14766566,PCT/CH2014/000015,2014-02-06,NST
14766567,PCT/IB2014/059057,2014-02-18,NST
14766568,PCT/EP2014/052394,2014-02-07,NST
14766569,61774152,2013-03-07,PRO
14766569,PCT/US14/19328,2014-02-28,NST
14766570,PCT/EP2014/000087,2014-01-15,NST
14766571,PCT/EP2014/000153,2014-01-21,NST
14766572,PCT/DK2014/050032,2014-02-07,NST
14766573,PCT/EP2013/054322,2013-03-05,NST
14766574,61762830,2013-02-08,PRO
14766574,61762831,2013-02-08,PRO
14766574,61906074,2013-11-19,PRO
14766574,PCT/US14/15631,2014-02-10,NST
14766575,PCT/US2014/028683,2014-03-14,NST
14766576,PCT/US2014/015709,2014-02-11,NST
14766577,PCT/JP2014/052193,2014-01-31,NST
14766578,PCT/JP2014/000252,2014-01-20,NST
14766579,PCT/IB2014/058943,2014-02-12,NST
14766580,PCT/GB2014/050350,2014-02-06,NST
14766581,PCT/JP2014/056012,2014-03-07,NST
14766582,PCT/JP2013/067316,2013-06-25,NST
14766583,PCT/KR2014/001291,2014-02-18,NST
14766584,PCT/JP2014/053346,2014-02-13,NST
14766585,PCT/JP2014/056051,2014-03-07,NST
14766586,PCT/EP2014/052619,2014-02-11,NST
14766587,PCT/CA2014/050084,2014-02-07,NST
14766588,PCT/FR2014/050248,2014-02-10,NST
14766589,PCT/EP2014/051889,2014-01-31,NST
14766590,PCT/KR2014/004670,2014-05-26,NST
14766591,PCT/EP2014/052252,2014-02-05,NST
14766592,PCT/US2014/017942,2014-02-24,NST
14766593,PCT/KR2014/001052,2014-02-07,NST
14766594,PCT/CN2014/093007,2014-12-04,NST
14766595,PCT/IB2014/000675,2014-02-07,NST
14766596,PCT/JP2014/052942,2014-02-07,NST
14766597,PCT/EP2014/052242,2014-02-05,NST
14766598,PCT/EP2013/053617,2013-02-22,NST
14766599,PCT/JP2014/075465,2014-09-25,NST
14766600,61762076,2013-02-07,PRO
14766600,PCT/US14/14470,2014-02-03,NST
14766601,PCT/EP2014/052481,2014-02-07,NST
14766602,PCT/EP2014/052665,2014-02-11,NST
14766603,PCT/JP2013/007414,2013-12-17,NST
14766604,PCT/KR2013/008335,2013-09-16,NST
14766605,PCT/FR2014/050234,2014-02-07,NST
14766606,PCT/EP2014/052566,2014-02-10,NST
14766607,PCT/EP2014/057045,2014-04-08,NST
14766608,PCT/JP2013/075977,2013-09-26,NST
14766609,61774156,2013-03-07,PRO
14766609,PCT/US14/19275,2014-02-28,NST
14766610,PCT/IT2013/000058,2013-02-27,NST
14766611,PCT/JP2014/052908,2014-02-07,NST
14766612,61762658,2013-02-08,PRO
14766612,PCT/US14/15357,2014-02-07,NST
14766613,PCT/EP14/51751,2014-01-30,NST
14766614,PCT/IB2014/059041,2014-02-17,NST
14766615,PCT/JP2014/000588,2014-02-04,NST
14766616,PCT/JP2013/082461,2013-12-03,NST
14766617,61762518,2013-02-08,PRO
14766617,PCT/US13/73131,2013-12-04,NST
14766618,PCT/JP2014/052951,2014-02-07,NST
14766620,61762768,2013-02-08,PRO
14766620,61794155,2013-03-15,PRO
14766620,PCT/US14/15274,2014-02-07,NST
14766621,61768262,2013-02-22,PRO
14766621,PCT/US13/62711,2013-09-30,NST
14766622,PCT/GB2014/050454,2014-02-17,NST
14766623,PCT/EP14/52031,2014-02-03,NST
14766624,PCT/JP2014/052035,2014-01-30,NST
14766625,PCT/EP2014/052462,2014-02-07,NST
14766626,61762416,2013-02-08,PRO
14766626,PCT/US14/15250,2014-02-07,NST
14766627,PCT/GB2014/050417,2014-02-13,NST
14766628,PCT/BE2014/000009,2014-02-11,NST
14766630,PCT/JP2014/000590,2014-02-04,NST
14766631,PCT/CA2014/000089,2014-02-06,NST
14766632,PCT/US2014/015706,2014-02-11,NST
14766633,PCT/JP2013/052889,2013-02-07,NST
14766634,PCT/JP2013/055575,2013-02-28,NST
14766635,PCT/JP2014/053279,2014-02-13,NST
14766636,PCT/EP2014/052369,2014-02-06,NST
14766637,PCT/CN2014/000143,2014-02-07,NST
14766638,PCT/IB2013/051199,2013-02-14,NST
14766639,PCT/US2014/015157,2014-02-06,NST
14766640,PCT/SE2014/050161,2014-02-10,NST
14766641,PCT/US2014/014539,2014-02-04,NST
14766642,PCT/GB2014/050316,2014-02-05,NST
14766643,PCT/GB2014/050383,2014-02-10,NST
14766644,61762817,2013-02-08,PRO
14766644,PCT/US14/15255,2014-02-07,NST
14766645,PCT/JP2013/000665,2013-02-07,NST
14766646,PCT/EP2014/054032,2014-03-03,NST
14766647,PCT/FR2014/050200,2014-02-04,NST
14766648,PCT/EP2014/052439,2014-02-07,NST
14766649,PCT/KR2014/001036,2014-02-06,NST
14766650,PCT/EP2014/050178,2014-01-08,NST
14766651,61764110,2013-02-13,PRO
14766651,PCT/US14/15984,2014-02-12,NST
14766652,PCT/JP2014/000955,2014-02-24,NST
14766653,PCT/US2013/028707,2013-03-01,NST
14766654,PCT/EP2014/052437,2014-02-07,NST
14766655,PCT/GB2014/050379,2014-02-10,NST
14766656,61763732,2013-02-12,PRO
14766656,PCT/US14/15683,2014-02-11,NST
14766657,PCT/EP2014/000132,2014-01-18,NST
14766658,PCT/JP2014/051775,2014-01-28,NST
14766659,PCT/GB2014/050380,2014-02-10,NST
14766660,61762082,2013-02-07,PRO
14766660,PCT/US14/15375,2014-02-07,NST
14766661,PCT/JP2013/052890,2013-02-07,NST
14766662,PCT/EP2014/052374,2014-02-06,NST
14766663,PCT/US2013/041298,2013-05-16,NST
14766664,61761771,2013-02-07,PRO
14766664,PCT/US14/15124,2014-02-06,NST
14766665,PCT/US2014/015170,2014-02-06,NST
14766666,PCT/US2014/021358,2014-03-06,NST
14766667,PCT/JP2014/000947,2014-02-24,NST
14766668,PCT/FR14/50088,2014-01-16,NST
14766669,PCT/IB2014/059331,2014-02-28,NST
14766670,61765899,2013-02-18,PRO
14766670,PCT/US14/16924,2014-02-18,NST
14766671,PCT/EP2014/000316,2014-02-06,NST
14766672,PCT/JP2014/053097,2014-02-10,NST
14766673,PCT/US2014/012904,2014-01-24,NST
14766674,PCT/EP2014/053860,2014-02-27,NST
14766675,61761971,2013-02-07,PRO
14766675,PCT/US14/15252,2014-02-07,NST
14766676,PCT/JP2014/000564,2014-02-04,NST
14766677,PCT/JP2014/000747,2014-02-14,NST
14766678,PCT/EP2013/003524,2013-11-22,NST
14766679,PCT/JP2014/055020,2014-02-28,NST
14766680,PCT/CN2013/088932,2013-12-10,NST
14766681,PCT/KR2014/002306,2014-03-19,NST
14766682,PCT/JP2013/000704,2013-02-08,NST
14766683,PCT/EP2013/073163,2013-11-06,NST
14766684,PCT/KR2013/000972,2013-02-07,NST
14766685,PCT/US2014/016610,2014-02-14,NST
14766686,PCT/JP2014/000155,2014-01-15,NST
14766687,PCT/EP2012/075283,2012-12-12,NST
14766688,PCT/US2014/012684,2014-01-23,NST
14766689,PCT/US2014/013338,2014-01-28,NST
14766690,61766449,2013-02-19,PRO
14766690,PCT/US14/17033,2014-02-19,NST
14766691,PCT/JP2013/067894,2013-06-28,NST
14766692,61762065,2013-02-07,PRO
14766692,PCT/US14/13826,2014-01-30,NST
14766693,61763266,2013-02-11,PRO
14766693,61883802,2013-09-27,PRO
14766693,PCT/US14/15854,2014-02-11,NST
14766694,PCT/US2014/015338,2014-02-07,NST
14766695,PCT/EP2013/078043,2013-12-27,NST
14766696,PCT/US2014/015141,2014-02-06,NST
14766697,PCT/JP2014/052524,2014-02-04,NST
14766698,PCT/US2014/015273,2014-02-07,NST
14766699,61762771,2013-02-08,PRO
14766699,PCT/US14/15611,2014-02-10,NST
14766700,PCT/AU2014/000010,2014-01-08,NST
14766701,PCT/IB2014/058855,2014-02-07,NST
14766702,PCT/JP2013/081940,2013-11-27,NST
14766703,PCT/EP2014/052110,2014-02-04,NST
14766704,PCT/KR2014/001065,2014-02-07,NST
14766705,PCT/EP2014/051000,2014-01-20,NST
14766706,PCT/CN2013/077304,2013-06-17,NST
14766707,PCT/RS2013/000005,2013-04-05,NST
14766708,PCT/JP2014/052710,2014-02-06,NST
14766709,PCT/US2014/012672,2014-01-23,NST
14766710,PCT/EP2014/052426,2014-02-07,NST
14766711,PCT/US2014/016562,2014-02-14,NST
14766712,PCT/US2014/015698,2014-02-11,NST
14766713,61762125,2013-02-07,PRO
14766713,PCT/US14/15343,2014-02-07,NST
14766714,PCT/US14/31470,2014-03-21,NST
14766715,PCT/US2014/015395,2014-02-07,NST
14766716,PCT/IL2014/050138,2014-02-10,NST
14766717,PCT/ES2014/000003,2014-01-08,NST
14766718,PCT/KR2014/001056,2014-02-07,NST
14766719,PCT/JP2013/053870,2013-02-18,NST
14766720,PCT/EP2014/052414,2014-02-07,NST
14766721,PCT/KR2014/001086,2014-02-10,NST
14766722,61764197,2013-02-13,PRO
14766722,PCT/US14/16166,2014-02-13,NST
14766723,PCT/SE2014/050087,2014-01-24,NST
14766724,PCT/CN2014/070510,2014-01-13,NST
14766725,PCT/US2014/018110,2014-02-24,NST
14766726,61762832,2013-02-08,PRO
14766726,61773663,2013-03-06,PRO
14766726,PCT/US14/15413,2014-02-07,NST
14766727,PCT/EP2014/052291,2014-02-06,NST
14766728,61771698,2013-03-01,PRO
14766728,PCT/US14/19304,2014-02-28,NST
14766729,61765087,2013-02-15,PRO
14766729,PCT/US14/16564,2014-02-14,NST
14766730,PCT/CN2014/076476,2014-04-29,NST
14766731,PCT/EP2014/052169,2014-02-04,NST
14766732,PCT/GB2014/050373,2014-02-07,NST
14766733,PCT/JP2014/052689,2014-02-05,NST
14766735,PCT/US2014/014984,2014-02-06,NST
14766736,PCT/KR2014/001037,2014-02-06,NST
14766737,PCT/EP2013/050700,2013-01-16,NST
14766738,PCT/EP2012/075284,2012-12-12,NST
14766739,PCT/EP2014/052479,2014-02-07,NST
14766740,PCT/CN2013/072611,2013-03-14,NST
14766741,PCT/US2014/015396,2014-02-07,NST
14766743,PCT/KR2014/001099,2014-02-11,NST
14766744,PCT/JP2013/083011,2013-12-10,NST
14766747,PCT/KR2014/001080,2014-02-08,NST
14766748,PCT/CN2013/089832,2013-12-18,NST
14766749,PCT/IL2014/000014,2014-02-18,NST
14766750,PCT/IB2014/060085,2014-03-24,NST
14766751,PCT/CN2015/078384,2015-05-06,NST
14766752,PCT/IB2014/059559,2014-03-03,NST
14766753,PCT/IB2014/060029,2014-03-21,NST
14766754,PCT/CN2014/071812,2014-01-29,NST
14766755,PCT/CN2014/071767,2014-01-29,NST
14766756,PCT/CN2014/071799,2014-01-29,NST
14766758,PCT/TR2014/000029,2014-02-10,NST
14766759,PCT/KR2013/007825,2013-08-30,NST
14766760,PCT/EP2013/000376,2013-02-08,NST
14766762,PCT/IB2013/000705,2013-03-21,NST
14766764,PCT/EP2014/000308,2014-02-05,NST
14766765,PCT/EP2013/000399,2013-02-11,NST
14766766,PCT/US2014/016753,2014-02-18,NST
14766767,PCT/EP2014/051413,2014-01-24,NST
14766768,PCT/EP2013/000398,2013-02-11,NST
14766769,PCT/US2014/015562,2014-02-10,NST
14766770,PCT/US2014/015571,2014-02-10,NST
14766771,PCT/US2014/015619,2014-02-10,NST
14766772,PCT/EP2014/052635,2014-02-11,NST
14766773,61763137,2013-02-11,PRO
14766773,PCT/US14/15623,2014-02-10,NST
14766774,61763141,2013-02-11,PRO
14766774,PCT/US14/15578,2014-02-10,NST
14766775,PCT/US2014/015598,2014-02-10,NST
14766776,PCT/EP2014/051345,2014-01-23,NST
14766777,61764635,2013-02-14,PRO
14766777,PCT/US14/16355,2014-02-14,NST
14766778,PCT/JP2014/051533,2014-01-24,NST
14766779,PCT/IB2014/059011,2014-02-15,NST
14766780,PCT/JP2014/000689,2014-02-10,NST
14766781,PCT/JP2014/000690,2014-02-10,NST
14766782,PCT/JP2013/060358,2013-04-04,NST
14766783,PCT/EP2014/052744,2014-02-12,NST
14766784,61764031,2013-02-13,PRO
14766784,61802814,2013-03-18,PRO
14766784,PCT/IL14/50149,2014-02-12,NST
14766785,PCT/JP2014/050653,2014-01-16,NST
14766786,61774161,2013-03-07,PRO
14766786,PCT/US14/19266,2014-02-28,NST
14766787,PCT/US2014/017141,2014-02-19,NST
14766788,PCT/JP2014/053185,2014-02-12,NST
14766789,PCT/US2014/015607,2014-02-10,NST
14766790,PCT/CN2014/076004,2014-04-23,NST
14766791,PCT/EP2014/053027,2014-02-17,NST
14766792,PCT/JP2013/053723,2013-02-15,NST
14766793,PCT/EP2013/053139,2013-02-15,NST
14766794,PCT/EP2014/000358,2014-02-10,NST
14766796,PCT/JP2014/001119,2014-03-03,NST
14766797,PCT/FR2014/050276,2014-02-12,NST
14766799,61781241,2013-03-14,PRO
14766799,PCT/US14/19269,2014-02-28,NST
14766801,PCT/JP2014/071753,2014-08-20,NST
14766802,PCT/EP2014/050732,2014-01-15,NST
14766803,PCT/IB2014/058953,2014-02-13,NST
14766804,PCT/EP2013/000921,2013-03-27,NST
14766805,61766722,2013-02-20,PRO
14766805,PCT/US14/16293,2014-02-13,NST
14766806,PCT/JP2013/084576,2013-12-25,NST
14766807,PCT/EP2014/055225,2014-03-17,NST
14766808,PCT/JP2014/051958,2014-01-29,NST
14766809,PCT/JP2013/056328,2013-03-07,NST
14766810,PCT/JP2013/074193,2013-09-09,NST
14766811,PCT/IB2014/058878,2014-02-10,NST
14766812,PCT/JP2013/081194,2013-11-19,NST
14766813,PCT/CN2013/072026,2013-02-28,NST
14766814,PCT/NL2014/050078,2014-02-10,NST
14766815,PCT/EP2014/050044,2014-01-03,NST
14766816,PCT/JP2013/059601,2013-03-29,NST
14766817,PCT/DE2014/100048,2014-02-11,NST
14766818,PCT/JP2013/054530,2013-02-22,NST
14766819,PCT/CN2013/071569,2013-02-08,NST
14766820,PCT/US2014/020316,2014-03-04,NST
14766821,PCT/EP2014/051947,2014-01-31,NST
14766822,PCT/EP2014/055272,2014-03-17,NST
14766823,PCT/EP2014/053452,2014-02-21,NST
14766824,PCT/US2013/029255,2013-03-06,NST
14766825,PCT/US2014/016196,2014-02-13,NST
14766826,PCT/JP2014/053100,2014-02-10,NST
14766827,PCT/JP2014/053580,2014-02-17,NST
14766828,PCT/US2014/015326,2014-02-07,NST
14766829,PCT/JP2014/058187,2014-03-25,NST
14766830,PCT/EP2013/072125,2013-10-23,NST
14766832,PCT/EP2014/050730,2014-01-15,NST
14766833,PCT/JP2013/084999,2013-12-26,NST
14766834,PCT/JP14/65313,2014-06-10,NST
14766835,PCT/JP2014/052801,2014-02-06,NST
14766836,PCT/JP2014/055882,2014-02-27,NST
14766837,PCT/JP2014/051709,2014-01-27,NST
14766838,PCT/JP2014/055146,2014-02-28,NST
14766839,PCT/JP2013/079913,2013-11-05,NST
14766840,PCT/EP2014/052404,2014-02-07,NST
14766841,PCT/US13/25582,2013-02-11,NST
14766842,PCT/US2014/016389,2014-02-14,NST
14766843,PCT/US2014/019193,2014-02-28,NST
14766844,PCT/EP2014/053492,2014-02-24,NST
14766845,PCT/JP2014/056952,2014-03-14,NST
14766846,PCT/JP2014/000542,2014-02-03,NST
14766847,PCT/JP2013/070821,2013-07-31,NST
14766848,PCT/US2014/015702,2014-02-11,NST
14766849,PCT/US2014/015658,2014-02-11,NST
14766850,PCT/US2013/075633,2013-12-17,NST
14766851,PCT/JP2014/051447,2014-01-24,NST
14766852,PCT/JP2014/054019,2014-02-20,NST
14766853,PCT/JP2014/053001,2014-02-10,NST
14766854,PCT/US2014/016020,2014-02-12,NST
14766855,PCT/JP2014/001469,2014-03-14,NST
14766856,PCT/KR2014/001081,2014-02-08,NST
14766857,PCT/IB2014/000135,2014-02-11,NST
14766858,PCT/US2013/075768,2013-12-17,NST
14766859,PCT/US2014/016795,2014-02-18,NST
14766860,PCT/NL2014/050089,2014-02-13,NST
14766861,PCT/US2014/011966,2014-01-17,NST
14766862,PCT/JP2013/069520,2013-07-18,NST
14766863,PCT/US2014/016878,2014-02-18,NST
14766864,PCT/JP2014/054565,2014-02-25,NST
14766866,61764172,2013-02-13,PRO
14766866,PCT/US14/16326,2014-02-13,NST
14766867,PCT/EP2014/052546,2014-02-10,NST
14766868,PCT/IB2014/000159,2014-02-17,NST
14766869,PCT/EP2014/052622,2014-02-11,NST
14766870,PCT/JP2014/058279,2014-03-25,NST
14766871,PCT/JP2014/000552,2014-02-03,NST
14766872,PCT/EP2014/053780,2014-02-27,NST
14766873,PCT/US2013/075100,2013-12-13,NST
14766874,PCT/KR2013/007462,2013-08-20,NST
14766875,PCT/JP2014/061916,2014-04-28,NST
14766876,PCT/EP2014/053105,2014-02-18,NST
14766877,PCT/SE2014/050199,2014-02-19,NST
14766878,PCT/IB2014/058664,2014-01-30,NST
14766879,PCT/JP2014/000871,2014-02-20,NST
14766880,PCT/JP2014/000949,2014-02-24,NST
14766881,PCT/KR2014/003224,2014-04-15,NST
14766882,PCT/JP2014/000795,2014-02-17,NST
14766883,PCT/JP2013/084081,2013-12-19,NST
14766884,PCT/FR2014/050235,2014-02-07,NST
14766885,PCT/CN2014/071808,2014-01-29,NST
14766886,61781456,2013-03-14,PRO
14766886,PCT/US14/19241,2014-02-28,NST
14766887,PCT/JP2013/053245,2013-02-12,NST
14766888,PCT/EP2014/052685,2014-02-12,NST
14766889,PCT/JP2014/052987,2014-02-04,NST
14766890,PCT/JP2013/060850,2013-04-10,NST
14766891,PCT/CA2013/050617,2013-08-09,NST
14766892,PCT/IB2014/000157,2014-02-14,NST
14766893,PCT/JP2014/053197,2014-02-12,NST
14766894,PCT/EP2014/052502,2014-02-10,NST
14766895,PCT/JP2014/052139,2014-01-30,NST
14766896,PCT/EP2014/052861,2014-02-13,NST
14766897,PCT/JP2014/052890,2014-02-07,NST
14766898,PCT/JP2014/000948,2014-02-24,NST
14766899,PCT/EP2014/000184,2014-01-24,NST
14766900,PCT/IB2014/058547,2014-01-26,NST
14766901,PCT/EP2014/053488,2014-02-24,NST
14766902,PCT/US2014/014422,2014-02-03,NST
14766903,PCT/IB2014/058827,2014-02-06,NST
14766904,PCT/EP2014/000091,2014-01-14,NST
14766905,PCT/EP2014/054015,2014-03-03,NST
14766906,PCT/EP2014/051338,2014-01-23,NST
14766907,PCT/EP2014/051432,2014-01-24,NST
14766908,PCT/KR2014/004671,2014-05-26,NST
14766909,PCT/JP2014/000405,2014-01-28,NST
14766910,PCT/GB2014/050863,2014-03-19,NST
14766911,PCT/JP2013/077972,2013-10-15,NST
14766912,PCT/JP2013/072741,2013-08-26,NST
14766913,PCT/EP2014/053348,2014-02-20,NST
14766914,PCT/JP2013/053659,2013-02-15,NST
14766915,PCT/JP2014/053388,2014-02-13,NST
14766916,PCT/EP2014/053159,2014-02-18,NST
14766917,PCT/IB2014/000156,2014-02-14,NST
14766918,PCT/US2014/014426,2014-02-03,NST
14766919,PCT/KR2014/001151,2014-02-12,NST
14766920,PCT/FR2014/050242,2014-02-10,NST
14766921,PCT/JP13/56799,2013-03-12,NST
14766922,PCT/JP2014/053198,2014-02-12,NST
14766923,PCT/JP2014/054097,2014-02-14,NST
14766924,61764449,2013-02-13,PRO
14766924,PCT/US14/16275,2014-02-13,NST
14766925,PCT/US2013/025931,2013-02-13,NST
14766926,61764410,2013-02-13,PRO
14766926,61785185,2013-03-14,PRO
14766926,61883524,2013-09-27,PRO
14766926,PCT/US14/15825,2014-02-11,NST
14766927,PCT/US2013/029194,2013-03-05,NST
14766928,PCT/IT2014/000034,2014-02-06,NST
14766929,PCT/EP2014/052806,2014-02-13,NST
14766930,PCT/US2014/020716,2014-03-05,NST
14766931,PCT/IB2014/059155,2014-02-21,NST
14766932,PCT/ES14/70098,2014-02-12,NST
14766933,PCT/JP14/53329,2014-02-13,NST
14766934,PCT/JP2013/054232,2013-02-20,NST
14766935,PCT/US2014/016019,2014-02-12,NST
14766936,PCT/KR2014/001303,2014-02-18,NST
14766937,PCT/IB2014/001117,2014-03-14,NST
14766938,PCT/EP2014/052658,2014-02-11,NST
14766939,PCT/IB2014/060081,2014-03-24,NST
14766940,PCT/GB2014/050397,2014-02-11,NST
14766941,PCT/EP2012/052149,2012-02-08,NST
14766942,PCT/EP2014/050256,2014-01-09,NST
14766943,PCT/US2014/019408,2014-02-28,NST
14766944,PCT/FI2014/050057,2014-01-24,NST
14766945,PCT/JP2014/052964,2014-02-07,NST
14766946,PCT/US2014/015651,2014-02-10,NST
14766947,PCT/KR2014/006534,2014-07-18,NST
14766948,PCT/GB2014/050387,2014-02-10,NST
14766949,PCT/KR2014/001310,2014-02-18,NST
14766950,PCT/JP2013/063691,2013-05-16,NST
14766951,PCT/FR2014/050247,2014-02-10,NST
14766952,PCT/US2013/075463,2013-12-16,NST
14766954,61770870,2013-02-28,PRO
14766954,PCT/US14/19099,2014-02-27,NST
14766955,PCT/JP2014/050798,2014-01-17,NST
14766956,PCT/FR2014/050249,2014-02-10,NST
14766957,PCT/US2014/012597,2014-01-22,NST
14766958,PCT/KR2014/007765,2014-08-21,NST
14766959,PCT/DK2013/050049,2013-02-22,NST
14766960,PCT/US13/25546,2013-02-11,NST
14766961,PCT/EP2014/058059,2014-04-22,NST
14766962,PCT/JP2014/053668,2014-02-17,NST
14766963,PCT/JP2014/050795,2014-01-17,NST
14766964,PCT/US2014/016187,2014-02-13,NST
14766965,PCT/SE2014/050166,2014-02-11,NST
14766966,PCT/JP2013/060036,2013-04-02,NST
14766967,PCT/JP2014/066872,2014-06-25,NST
14766968,PCT/EP2014/052834,2014-02-13,NST
14766969,PCT/JP2014/000744,2014-02-13,NST
14766970,PCT/KR2014/011763,2014-12-03,NST
14766971,PCT/US13/25519,2013-02-11,NST
14766973,PCT/IB2014/058922,2014-02-11,NST
14766974,PCT/AU2014/000159,2014-02-21,NST
14766975,PCT/IB2013/002141,2013-09-27,NST
14766976,61769679,2013-02-26,PRO
14766976,PCT/US14/18395,2014-02-25,NST
14766977,PCT/IB2014/060083,2014-03-24,NST
14766978,PCT/CN2013/089008,2013-12-10,NST
14766979,PCT/KR2014/001348,2014-02-19,NST
14766980,PCT/CN2013/079274,2013-07-12,NST
14766981,PCT/JP2014/051032,2014-01-21,NST
14766982,PCT/EP2014/053448,2014-02-21,NST
14766984,PCT/JP2013/059767,2013-03-29,NST
14766985,PCT/IL2014/050151,2014-02-12,NST
14766986,PCT/IB2013/000431,2013-02-12,NST
14766987,PCT/IB2013/051252,2013-02-15,NST
14766988,PCT/EP2014/052563,2014-02-10,NST
14766989,PCT/IB2013/051133,2013-02-12,NST
14766990,PCT/EP2014/052561,2014-02-10,NST
14766991,PCT/IB2013/000425,2013-02-15,NST
14766992,PCT/GB2014/050407,2014-02-12,NST
14766993,PCT/CN2014/090676,2014-11-10,NST
14766994,PCT/US2013/026675,2013-02-19,NST
14766995,PCT/US2013/026674,2013-02-19,NST
14766996,PCT/IL2014/050147,2014-02-13,NST
14766997,PCT/US2014/019257,2014-02-28,NST
14766998,PCT/JP2014/053490,2014-02-14,NST
14766999,PCT/IB2014/058895,2014-02-11,NST
14767000,PCT/JP2014/052190,2014-01-31,NST
14767001,PCT/CN2014/071927,2014-02-10,NST
14767002,PCT/NO2014/050022,2014-02-12,NST
14767003,PCT/EP2014/052043,2014-02-03,NST
14767004,PCT/EP2014/052815,2014-02-13,NST
14767005,PCT/JP2014/000300,2014-01-22,NST
14767006,PCT/EP2014/051984,2014-02-03,NST
14767007,PCT/JP2013/007454,2013-12-19,NST
14767008,PCT/IB2014/058915,2014-02-11,NST
14767009,PCT/SE2014/050169,2014-02-11,NST
14767010,PCT/RU2013/000034,2013-01-17,NST
14767011,PCT/US2014/021022,2014-03-06,NST
14767012,PCT/CN2014/095902,2014-12-31,NST
14767013,PCT/JP2014/058278,2014-03-25,NST
14767014,PCT/JP2013/079715,2013-11-01,NST
14767015,PCT/EP2014/052545,2014-02-10,NST
14767016,PCT/JP2013/077564,2013-10-10,NST
14767017,PCT/JP2014/055731,2014-03-06,NST
14767018,PCT/EP2013/052767,2013-02-12,NST
14767019,PCT/JP2013/063889,2013-05-20,NST
14767020,PCT/JP2013/072712,2013-08-26,NST
14767021,PCT/EP2014/052825,2014-02-13,NST
14767022,PCT/JP2014/000710,2014-02-12,NST
14767023,PCT/JP2013/054139,2013-02-20,NST
14767024,PCT/JP2013/076856,2013-10-02,NST
14767025,PCT/EP2014/053996,2014-02-28,NST
14767026,PCT/EP2014/054416,2014-03-07,NST
14767027,PCT/AU2013/001326,2013-11-18,NST
14767028,PCT/IL2014/050153,2014-02-12,NST
14767029,PCT/NL2014/050082,2014-02-12,NST
14767031,PCT/BR2014/000066,2014-02-25,NST
14767032,PCT/JP2013/004954,2013-08-21,NST
14767034,PCT/RU2011/000590,2011-08-04,NST
14767035,61763024,2013-02-11,PRO
14767035,PCT/US14/15689,2014-02-11,NST
14767036,PCT/JP2014/053869,2014-02-19,NST
14767037,PCT/JP2014/053239,2014-02-13,NST
14767038,61763405,2013-02-11,PRO
14767038,PCT/US14/15849,2014-02-11,NST
14767039,PCT/JP2014/053127,2014-02-12,NST
14767040,PCT/JP2014/054140,2014-02-21,NST
14767041,PCT/US2014/015316,2014-02-07,NST
14767042,PCT/JP2013/064606,2013-05-27,NST
14767043,PCT/EP2014/053400,2014-02-21,NST
14767044,PCT/EP2014/051031,2014-01-20,NST
14767045,PCT/JP2013/083608,2013-12-16,NST
14767046,61763872,2013-02-12,PRO
14767046,PCT/US14/15715,2014-02-11,NST
14767047,PCT/US2014/016132,2014-02-12,NST
14767048,PCT/JP2013/063740,2013-05-17,NST
14767049,PCT/JP2013/084977,2013-12-26,NST
14767050,PCT/US2014/012957,2014-01-24,NST
14767051,PCT/JP2014/053675,2014-02-17,NST
14767052,PCT/CA2014/000104,2014-02-12,NST
14767053,PCT/EP2014/052022,2014-02-03,NST
14767054,PCT/GB2014/050404,2014-02-12,NST
14767055,PCT/JP2014/000734,2014-02-13,NST
14767056,PCT/JP2013/070453,2013-07-29,NST
14767057,PCT/US2014/016316,2014-02-13,NST
14767058,PCT/EP2014/065752,2014-07-22,NST
14767059,PCT/IB2014/059002,2014-02-14,NST
14767060,PCT/KR2014/001426,2014-02-21,NST
14767061,PCT/JP2014/053201,2014-02-12,NST
14767062,PCT/KR2014/001217,2014-02-14,NST
14767063,PCT/US2014/015744,2014-02-11,NST
14767064,PCT/EP2014/057159,2014-04-09,NST
14767065,PCT/IB2013/061411,2013-12-30,NST
14767066,PCT/JP2013/081785,2013-11-26,NST
14767067,PCT/EP2014/052528,2014-02-10,NST
14767068,PCT/JP2013/074107,2013-09-06,NST
14767069,PCT/EP2014/055097,2014-03-14,NST
14767070,PCT/JP2014/054714,2014-02-26,NST
14767071,PCT/SE2013/050145,2013-02-20,NST
14767072,PCT/CN2014/072844,2014-03-04,NST
14767073,PCT/IT2014/000036,2014-02-11,NST
14767074,PCT/US2014/015478,2014-02-10,NST
14767075,PCT/KR2013/007451,2013-08-20,NST
14767077,PCT/JP2014/054038,2014-02-20,NST
14767078,PCT/EP2014/000369,2014-02-11,NST
14767079,PCT/EP2014/050535,2014-01-14,NST
14767080,PCT/JP2014/001078,2014-02-27,NST
14767081,PCT/JP2014/054179,2014-02-21,NST
14767082,PCT/FR2014/000037,2014-02-13,NST
14767083,PCT/JP2013/071651,2013-08-09,NST
14767084,PCT/AU2014/000302,2014-03-21,NST
14767085,PCT/GB2014/050569,2014-02-26,NST
14767086,PCT/JP2013/053713,2013-02-15,NST
14767087,PCT/EP2014/052976,2014-02-14,NST
14767088,PCT/JP2014/053740,2014-02-18,NST
14767089,PCT/IB2014/000867,2014-02-13,NST
14767090,PCT/EP2014/052477,2014-02-07,NST
14767091,PCT/EP2014/053562,2014-02-24,NST
14767092,PCT/EP2014/052975,2014-02-14,NST
14767093,PCT/US2013/026269,2013-02-15,NST
14767094,PCT/JP2014/000722,2014-02-12,NST
14767095,61850414,2013-02-14,PRO
14767095,PCT/US14/16445,2014-02-14,NST
14767096,PCT/JP2014/056567,2014-03-12,NST
14767097,PCT/IB2014/058459,2014-01-22,NST
14767098,PCT/JP2014/000455,2014-01-29,NST
14767099,PCT/SG2013/000115,2013-03-22,NST
14767100,PCT/IB2014/001236,2014-02-13,NST
14767101,PCT/FR2014/050271,2014-02-12,NST
14767102,PCT/US2014/015679,2014-02-11,NST
14767103,PCT/US2014/016007,2014-02-12,NST
14767104,PCT/US2014/022497,2014-03-10,NST
14767105,61792606,2013-03-15,PRO
14767105,PCT/US14/22499,2014-03-10,NST
14767106,PCT/FI2014/050119,2014-02-18,NST
14767107,PCT/KR2013/009045,2013-10-10,NST
14767108,PCT/JP2013/081508,2013-11-22,NST
14767109,61770626,2013-02-28,PRO
14767109,PCT/US14/14387,2014-02-03,NST
14767110,PCT/JP2014/053074,2014-02-10,NST
14767111,PCT/US2014/015257,2014-02-07,NST
14767112,PCT/US2014/017332,2014-02-21,NST
14767113,PCT/US2014/016996,2014-02-18,NST
14767114,PCT/JP2014/055877,2014-03-06,NST
14767115,PCT/JP2014/000616,2014-02-05,NST
14767116,PCT/US2014/017630,2014-02-21,NST
14767117,PCT/IB2014/000692,2014-02-13,NST
14767118,PCT/JP2014/073455,2014-09-05,NST
14767119,PCT/ES2014/070094,2014-02-11,NST
14767120,PCT/IB2014/000711,2014-02-13,NST
14767121,PCT/EP2014/052686,2014-02-12,NST
14767122,PCT/SE2013/050141,2013-02-20,NST
14767123,PCT/JP2013/084080,2013-12-19,NST
14767124,PCT/JP2014/051251,2014-01-22,NST
14767125,PCT/SG2014/000091,2014-02-27,NST
14767126,PCT/US2014/023135,2014-03-11,NST
14767127,PCT/EP2014/052668,2014-02-11,NST
14767128,PCT/EP2014/000314,2014-02-05,NST
14767129,61764436,2013-02-13,PRO
14767129,PCT/US14/15919,2014-02-12,NST
14767130,PCT/JP2014/052620,2014-02-05,NST
14767131,PCT/EP2014/052964,2014-02-14,NST
14767133,61788061,2013-03-15,PRO
14767133,PCT/US14/22957,2014-03-11,NST
14767134,PCT/JP2014/000574,2014-02-04,NST
14767135,PCT/EP2014/053844,2014-02-27,NST
14767136,PCT/JP2014/055367,2014-03-04,NST
14767137,PCT/JP2013/083471,2013-12-13,NST
14767138,PCT/JP2014/053186,2014-02-12,NST
14767139,PCT/US2013/035463,2013-04-05,NST
14767140,PCT/JP2014/054637,2014-02-26,NST
14767141,PCT/EP2014/052551,2013-02-11,NST
14767142,PCT/FR2013/000329,2013-12-10,NST
14767143,PCT/EP2014/053152,2014-02-18,NST
14767144,PCT/JP2014/000188,2014-01-16,NST
14767145,PCT/DE2013/200359,2013-12-11,NST
14767146,PCT/EP2013/063234,2013-06-25,NST
14767147,61763199,2013-02-11,PRO
14767147,PCT/US14/15494,2014-02-10,NST
14767148,PCT/EP2013/055918,2013-03-21,NST
14767149,PCT/JP2014/002602,2014-05-16,NST
14767150,PCT/EP2014/052601,2014-02-11,NST
14767151,PCT/CA15/00173,2015-03-19,NST
14767152,PCT/AU2014/000108,2014-02-11,NST
14767153,PCT/EP2013/072913,2013-11-04,NST
14767154,PCT/JP2014/052424,2014-02-03,NST
14767155,PCT/SE2013/050148,2013-02-20,NST
14767156,PCT/FR2014/050273,2014-02-12,NST
14767157,PCT/US2014/014521,2014-02-04,NST
14767158,PCT/EP2014/050661,2014-01-15,NST
14767159,PCT/US2013/025906,2013-02-13,NST
14767160,PCT/CA2014/050098,2014-02-12,NST
14767161,PCT/IN14/00043,2014-01-22,NST
14767162,PCT/EP2013/052746,2013-02-12,NST
14767163,PCT/EP2014/052743,2014-02-12,NST
14767164,PCT/JP2014/052012,2014-01-29,NST
14767166,PCT/JP2014/053047,2014-02-10,NST
14767167,PCT/US2014/017251,2014-02-20,NST
14767168,61764588,2013-02-14,PRO
14767168,PCT/US14/14423,2014-02-03,NST
14767169,PCT/JP2014/053048,2014-02-10,NST
14767170,PCT/CA2014/000102,2014-02-11,NST
14767171,PCT/US2014/015507,2014-02-10,NST
14767172,PCT/KR2014/011775,2014-12-03,NST
14767173,PCT/JP2014/052586,2014-02-04,NST
14767174,PCT/EP2014/053184,2014-02-19,NST
14767175,PCT/GB2014/050378,2014-02-10,NST
14767176,PCT/CA2014/050090,2014-02-11,NST
14767177,PCT/EP2013/052737,2013-02-12,NST
14767178,61763451,2013-02-11,PRO
14767178,PCT/US14/15841,2014-02-11,NST
14767179,PCT/IB2014/059052,2014-02-17,NST
14767180,PCT/US2013/075342,2013-12-16,NST
14767181,PCT/US2014/016139,2014-02-12,NST
14767182,PCT/KR2014/008901,2014-09-24,NST
14767183,PCT/FR2014/050342,2014-02-19,NST
14767184,PCT/FR2014/050227,2014-02-06,NST
14767185,PCT/KR2014/000019,2014-01-02,NST
14767186,PCT/KR2014/001171,2014-02-13,NST
14767187,PCT/JP2014/052109,2014-01-30,NST
14767188,PCT/US13/33191,2013-03-20,NST
14767189,PCT/US2014/016264,2014-02-13,NST
14767190,PCT/IL2014/050137,2014-02-10,NST
14767191,PCT/JP2013/053752,2013-02-15,NST
14767192,61763243,2013-02-11,PRO
14767192,PCT/US14/15720,2014-02-11,NST
14767193,PCT/JP2014/053102,2014-02-10,NST
14767194,PCT/JP2013/080464,2013-11-11,NST
14767195,61767576,2013-02-21,PRO
14767195,61921913,2013-12-30,PRO
14767195,PCT/US14/17735,2014-02-21,NST
14767196,PCT/EP2014/052764,2014-02-12,NST
14767197,PCT/US2013/073077,2013-12-04,NST
14767198,PCT/EP2014/052586,2014-11-02,NST
14767199,PCT/JP2013/076153,2013-09-26,NST
14767200,PCT/JP2013/083091,2013-12-10,NST
14767201,PCT/EP2013/002771,2013-09-13,NST
14767202,PCT/EP2014/053728,2014-02-26,NST
14767203,PCT/JP2014/052498,2014-02-04,NST
14767204,PCT/JP2014/052160,2014-01-30,NST
14767205,PCT/JP2014/000869,2014-02-20,NST
14767206,PCT/JP2014/053524,2014-02-14,NST
14767207,PCT/EP2014/000584,2014-03-06,NST
14767208,PCT/JP2014/058167,2014-03-25,NST
14767209,PCT/EP2014/052597,2014-02-11,NST
14767210,PCT/EP2014/052392,2014-02-07,NST
14767211,PCT/FR2014/050258,2014-02-11,NST
14767212,PCT/EP2014/051894,2014-01-31,NST
14767213,PCT/DE2014/200012,2014-01-20,NST
14767214,PCT/EP2014/052870,2014-02-14,NST
14767215,PCT/US2014/021717,2014-03-07,NST
14767216,PCT/DE2014/000051,2014-02-10,NST
14767217,PCT/JP2014/053796,2014-02-18,NST
14767218,PCT/JP2014/054098,2014-02-14,NST
14767219,PCT/EP2014/052526,2014-02-10,NST
14767220,PCT/JP2013/082258,2013-11-29,NST
14767221,PCT/JP2014/053515,2014-02-14,NST
14767222,PCT/FR2014/050358,2014-02-21,NST
14767223,PCT/EP2014/051237,2014-01-22,NST
14767224,PCT/EP2014/052758,2014-02-12,NST
14767225,PCT/FI2013/050175,2013-02-14,NST
14767226,PCT/JP2013/054058,2013-02-13,NST
14767227,PCT/DE2014/200013,2014-01-20,NST
14767228,61765276,2013-02-15,PRO
14767228,PCT/US14/16244,2014-02-13,NST
14767229,PCT/AU2014/000106,2014-02-11,NST
14767230,PCT/US2014/015822,2014-02-11,NST
14767231,PCT/EP2014/054921,2014-03-13,NST
14767232,PCT/EP2014/052940,2014-02-14,NST
14767233,PCT/EP2014/052787,2014-02-13,NST
14767234,PCT/KR2013/009047,2013-10-10,NST
14767235,PCT/US2014/016405,2014-02-14,NST
14767236,PCT/EP2013/074441,2013-11-22,NST
14767237,PCT/JP2014/053068,2014-02-10,NST
14767238,PCT/EP2014/052533,2014-02-10,NST
14767239,PCT/AU2014/000104,2014-02-11,NST
14767240,PCT/US2014/015711,2014-02-11,NST
14767241,PCT/KR2014/005001,2014-06-05,NST
14767242,PCT/JP2014/053741,2014-02-18,NST
14767243,PCT/CN2013/090386,2013-12-25,NST
14767244,PCT/EP2014/052473,2014-02-07,NST
14767245,PCT/EP2014/052246,2014-02-05,NST
14767246,PCT/CA2014/000155,2014-02-26,NST
14767247,PCT/US2014/015725,2014-02-11,NST
14767249,PCT/US2014/016304,2014-02-13,NST
14767250,PCT/JP2014/052447,2014-02-03,NST
14767251,PCT/JP2014/052718,2014-02-06,NST
14767252,PCT/US14/15861,2014-02-11,NST
14767253,PCT/IB2014/000780,2014-02-12,NST
14767254,PCT/JP2014/053147,2014-02-12,NST
14767256,PCT/US2014/016075,2014-02-12,NST
14767257,PCT/EP2013/052656,2013-02-11,NST
14767258,PCT/EP2013/053733,2013-02-25,NST
14767259,PCT/EP2013/052657,2013-02-11,NST
14767260,PCT/EP2013/052655,2013-02-11,NST
14767261,PCT/US2013/032365,2013-03-15,NST
14767262,PCT/JP2014/053025,2014-02-10,NST
14767263,PCT/IL2014/050169,2014-02-17,NST
14767264,PCT/US2014/015959,2014-02-12,NST
14767265,PCT/GB2014/050391,2014-02-11,NST
14767266,PCT/KR2014/001591,2014-02-26,NST
14767267,PCT/EP2014/053535,2014-02-24,NST
14767268,61763862,2013-02-12,PRO
14767268,PCT/US14/16106,2014-02-12,NST
14767269,PCT/KR2014/001592,2014-02-26,NST
14767270,PCT/FR2014/050292,2014-02-13,NST
14767271,PCT/JP2013/053326,2013-02-13,NST
14767272,PCT/US2014/014220,2014-01-31,NST
14767273,PCT/CA2015/000042,2015-01-27,NST
14767274,PCT/US2014/015809,2014-02-11,NST
14767275,PCT/EP2013/053720,2013-02-25,NST
14767276,PCT/EP2014/053212,2014-02-19,NST
14767277,PCT/US2014/016116,2014-02-12,NST
14767278,PCT/GB2014/050411,2014-02-12,NST
14767279,PCT/US2014/012599,2014-01-22,NST
14767280,PCT/GB2014/050412,2014-02-12,NST
14767281,PCT/EP2014/052396,2014-02-07,NST
14767282,PCT/JP2014/000344,2014-01-23,NST
14767283,PCT/KR2014/000919,2014-03-02,NST
14767284,PCT/KR2013/012404,2013-12-31,NST
14767285,PCT/KR2014/001200,2014-02-13,NST
14767286,PCT/KR2014/001201,2014-02-13,NST
14767287,PCT/SG2014/000054,2014-02-11,NST
14767288,PCT/GB2014/050398,2014-02-12,NST
14767289,PCT/GB2014/050399,2014-02-12,NST
14767290,PCT/KR2014/001083,2014-02-09,NST
14767291,PCT/JP2014/053669,2014-02-17,NST
14767292,PCT/KR2013/011850,2013-12-19,NST
14767293,PCT/KR2014/000220,2014-01-09,NST
14767295,PCT/IB2013/051138,2013-02-12,NST
14767296,PCT/IN2013/000232,2013-04-08,NST
14767297,PCT/IB2013/051258,2013-02-15,NST
14767298,PCT/KR2013/006735,2013-07-26,NST
14767299,PCT/CN2013/072424,2013-03-11,NST
14767300,PCT/JP2013/053408,2013-02-13,NST
14767301,PCT/CN2014/073996,2014-03-25,NST
14767302,PCT/IB2014/058809,2014-02-05,NST
14767303,PCT/ES2014/070038,2014-01-21,NST
14767304,PCT/EP2014/050864,2014-01-17,NST
14767305,PCT/JP2014/053306,2014-02-13,NST
14767306,PCT/JP2014/000892,2014-02-21,NST
14767307,PCT/IN2014/000108,2014-02-20,NST
14767308,PCT/EP2014/052902,2014-02-14,NST
14767309,PCT/IB2014/059196,2014-02-24,NST
14767310,PCT/JP2014/057984,2014-03-24,NST
14767311,PCT/FR2014/050226,2014-02-06,NST
14767312,PCT/NL2014/000009,2014-02-25,NST
14767313,PCT/JP2014/080389,2014-11-17,NST
14767314,PCT/US2014/013133,2014-01-27,NST
14767315,PCT/EP2014/053221,2014-02-19,NST
14767316,PCT/US13/26652,2013-02-19,NST
14767317,PCT/US2014/016845,2014-02-18,NST
14767318,PCT/SE2013/050125,2013-02-13,NST
14767319,PCT/EP2014/052608,2014-02-11,NST
14767320,PCT/EP2014/051992,2014-02-03,NST
14767321,PCT/JP2014/050154,2014-01-08,NST
14767322,PCT/JP2014/053945,2014-02-19,NST
14767323,PCT/FR2014/050250,2014-02-10,NST
14767325,PCT/JP2014/055191,2014-02-28,NST
14767326,PCT/JP2014/053344,2014-02-13,NST
14767327,PCT/EP2013/053105,2013-02-15,NST
14767328,PCT/CN2013/078735,2013-07-03,NST
14767329,PCT/JP2014/000837,2014-02-19,NST
14767330,PCT/JP2014/000736,2014-02-13,NST
14767331,PCT/JP2014/053384,2014-02-13,NST
14767332,PCT/EP2014/052835,2014-02-13,NST
14767333,PCT/EP2014/058815,2014-04-30,NST
14767334,PCT/FI2014/050107,2014-02-12,NST
14767335,PCT/US2014/016331,2014-02-13,NST
14767336,PCT/US13/35981,2013-04-10,NST
14767337,PCT/EP2014/052395,2014-02-07,NST
14767338,PCT/GB2014/050401,2014-02-12,NST
14767339,PCT/IB2014/000282,2014-03-11,NST
14767340,PCT/JP2014/052599,2014-01-29,NST
14767341,PCT/EP2014/051291,2014-01-23,NST
14767342,61765263,2013-02-15,PRO
14767342,61783852,2013-03-14,PRO
14767342,PCT/US14/16449,2014-02-14,NST
14767343,PCT/US13/28226,2013-02-28,NST
14767344,PCT/EP2014/052490,2014-02-07,NST
14767345,PCT/JP2014/052732,2014-02-06,NST
14767346,61764696,2013-02-14,PRO
14767346,PCT/US14/16502,2014-02-14,NST
14767347,PCT/EP2014/053580,2014-02-25,NST
14767348,PCT/JP2014/052234,2014-01-31,NST
14767349,PCT/JP2014/069320,2014-07-22,NST
14767350,PCT/EP2014/053313,2014-02-20,NST
14767351,PCT/CA2014/050095,2014-02-12,NST
14767352,PCT/IB2014/058942,2014-02-12,NST
14767353,PCT/EP2013/058792,2013-04-26,NST
14767354,PCT/CA2014/050092,2014-02-11,NST
14767355,PCT/JP2014/053259,2014-02-13,NST
14767356,PCT/EP2014/051441,2014-01-24,NST
14767357,PCT/CN2013/078971,2013-07-08,NST
14767358,PCT/SE2014/050167,2014-02-11,NST
14767359,PCT/EP2014/054085,2014-03-03,NST
14767360,61789362,2013-03-15,PRO
14767360,PCT/US14/20088,2014-03-04,NST
14767361,PCT/IB2014/059624,2014-03-11,NST
14767362,PCT/JP2014/054990,2014-02-21,NST
14767363,PCT/EP2014/051263,2014-01-22,NST
14767364,PCT/EP2014/053267,2014-02-19,NST
14767365,PCT/JP2013/082395,2013-12-02,NST
14767366,PCT/EP2014/050973,2014-01-20,NST
14767367,PCT/JP2014/061949,2014-04-30,NST
14767368,PCT/IL2014/050042,2014-07-14,NST
14767369,PCT/EP14/52767,2014-02-13,NST
14767370,PCT/JP2013/053419,2013-02-13,NST
14767371,PCT/EP2014/055735,2014-03-21,NST
14767372,PCT/JP2014/053594,2014-02-17,NST
14767373,PCT/JP2014/052475,2014-02-03,NST
14767374,PCT/JP2013/060636,2013-04-08,NST
14767375,PCT/EP2014/050979,2014-01-20,NST
14767376,PCT/EP2013/078053,2013-12-27,NST
14767377,61763922,2013-02-12,PRO
14767377,PCT/US14/16112,2014-02-12,NST
14767378,PCT/IB2014/000281,2014-02-12,NST
14767379,PCT/JP2014/051760,2014-01-28,NST
14767380,61764246,2013-02-13,PRO
14767380,PCT/US14/15997,2014-02-12,NST
14767381,PCT/US13/26047,2013-02-14,NST
14767382,PCT/EP2013/072645,2013-10-29,NST
14767383,PCT/JP13/54817,2013-02-25,NST
14767384,PCT/EP2014/052901,2014-02-14,NST
14767385,PCT/IB2014/058908,2014-02-11,NST
14767386,PCT/JP2014/000431,2014-01-28,NST
14767388,PCT/US13/26033,2013-02-14,NST
14767389,PCT/US14/14966,2014-02-05,NST
14767390,PCT/NL2014/050083,2014-02-12,NST
14767391,PCT/JP2014/054026,2014-02-20,NST
14767392,PCT/EP2014/052824,2014-02-13,NST
14767393,PCT/US2014/014529,2014-02-04,NST
14767394,61771607,2013-03-01,PRO
14767394,PCT/US14/16056,2014-02-12,NST
14767395,PCT/JP2014/059374,2014-03-28,NST
14767396,PCT/US2014/018544,2014-02-26,NST
14767397,PCT/JP2014/000603,2014-02-05,NST
14767398,PCT/EP2013/074305,2013-11-20,NST
14767399,PCT/EP14/52691,2014-02-12,NST
14767400,PCT/IB14/58912,2014-02-11,NST
14767401,PCT/IB2014/059626,2014-03-11,NST
14767402,PCT/GB2014/050646,2014-03-05,NST
14767403,PCT/US2013/025670,2013-02-12,NST
14767404,PCT/JP2014/054168,2014-02-21,NST
14767405,PCT/KR2014/005222,2014-06-13,NST
14767406,61771676,2013-03-01,PRO
14767406,PCT/EP2014/053853,2014-02-27,NST
14767407,PCT/EP14/52518,2014-02-10,NST
14767408,61800599,2013-03-15,PRO
14767408,PCT/US14/23859,2014-03-12,NST
14767409,PCT/JP2014/050161,2014-01-08,NST
14767410,PCT/EP2014/053886,2014-02-27,NST
14767411,PCT/JP2014/000775,2014-02-14,NST
14767412,PCT/EP2014/052889,2014-02-14,NST
14767413,PCT/JP2013/065351,2013-06-03,NST
14767414,PCT/IB2014/058777,2014-02-02,NST
14767415,PCT/NO2014/050023,2014-02-17,NST
14767416,PCT/DE2013/200357,2013-12-11,NST
14767417,61763583,2013-02-12,PRO
14767417,13831064,2013-03-14,CON
14767417,PCT/US14/16026,2014-02-12,NST
14767418,61772246,2013-03-04,PRO
14767418,PCT/US14/17960,2014-02-24,NST
14767419,61763843,2013-02-12,PRO
14767419,PCT/US14/16049,2014-02-12,NST
14767420,PCT/FI2014/050121,2014-02-19,NST
14767421,PCT/IB2014/059598,2014-03-10,NST
14767422,PCT/JP2013/082987,2013-12-09,NST
14767423,PCT/JP2014/071774,2014-08-20,NST
14767424,PCT/EP2014/052342,2014-02-06,NST
14767425,PCT/US2014/016441,2014-02-14,NST
14767427,PCT/JP2014/000924,2014-02-21,NST
14767428,PCT/IL2014/050141,2014-02-10,NST
14767429,61765483,2013-02-15,PRO
14767429,PCT/US14/16420,2014-02-14,NST
14767430,PCT/JP2014/054443,2014-02-25,NST
14767431,PCT/TR2014/000028,2014-02-06,NST
14767432,PCT/IL2014/050140,2014-02-10,NST
14767433,61763600,2013-02-12,PRO
14767433,PCT/US14/16043,2014-02-12,NST
14767434,61763870,2013-02-12,PRO
14767434,61766800,2013-02-20,PRO
14767434,PCT/US14/16073,2014-02-12,NST
14767435,PCT/EP2014/053158,2014-02-18,NST
14767436,PCT/JP2014/058136,2014-03-24,NST
14767437,PCT/JP2014/052232,2014-01-31,NST
14767438,PCT/US2014/016491,2014-02-14,NST
14767439,PCT/CA2014/000339,2014-04-10,NST
14767440,PCT/FR2014/050126,2014-01-23,NST
14767441,PCT/US2014/024159,2014-03-12,NST
14767442,PCT/GB2014/050334,2014-02-06,NST
14767443,PCT/GB2014/050395,2014-02-11,NST
14767444,PCT/IB2014/058969,2014-02-13,NST
14767445,PCT/EP2014/054024,2014-03-03,NST
14767446,PCT/JP2014/053315,2014-02-13,NST
14767447,PCT/EP2014/052655,2014-02-11,NST
14767448,PCT/JP2013/055032,2013-02-27,NST
14767449,PCT/JP2013/085333,2013-12-26,NST
14767450,PCT/EP2014/052495,2014-02-07,NST
14767452,PCT/US13/29924,2013-03-08,NST
14767453,PCT/IB2014/000110,2014-02-06,NST
14767454,PCT/EP2013/078031,2013-12-27,NST
14767455,PCT/IB2014/058980,2014-02-13,NST
14767456,PCT/JP2014/054302,2014-02-24,NST
14767457,PCT/JP2013/006893,2013-11-22,NST
14767458,PCT/US14/17423,2014-02-20,NST
14767459,PCT/CN2014/079683,2014-06-11,NST
14767460,PCT/JP2014/053209,2014-02-12,NST
14767461,PCT/US2014/025264,2014-03-13,NST
14767462,PCT/JP2014/052469,2014-02-03,NST
14767463,PCT/EP2014/052863,2014-02-13,NST
14767464,PCT/FI2014/050051,2014-01-22,NST
14767465,PCT/EP2014/053220,2014-02-19,NST
14767466,PCT/EP2014/052450,2014-02-07,NST
14767468,PCT/CN2013/074342,2013-04-18,NST
14767469,PCT/CN2014/073311,2014-03-12,NST
14767470,PCT/JP2014/053356,2014-02-13,NST
14767472,PCT/CA2014/050044,2014-01-22,NST
14767473,PCT/JP2014/053139,2014-02-12,NST
14767474,PCT/KR2014/000982,2014-02-05,NST
14767476,PCT/EP2014/055553,2014-03-19,NST
14767477,PCT/US2014/018877,2014-02-27,NST
14767478,61769568,2013-02-26,PRO
14767478,PCT/US14/17927,2014-02-24,NST
14767479,PCT/US2013/033679,2013-03-25,NST
14767480,PCT/JP2014/057207,2014-03-17,NST
14767481,PCT/ES2014/070012,2014-01-10,NST
14767482,PCT/US2014/018299,2014-02-25,NST
14767483,PCT/EP2014/051478,2014-01-27,NST
14767484,PCT/EP2014/051292,2014-01-23,NST
14767485,PCT/US2014/024211,2014-03-12,NST
14767486,PCT/JP2014/000152,2014-01-15,NST
14767487,PCT/KR2014/001181,2014-02-13,NST
14767488,PCT/SE2013/050126,2013-02-14,NST
14767489,61765804,2013-02-17,PRO
14767489,PCT/US14/16741,2014-02-17,NST
14767490,PCT/ES2014/070103,2014-02-12,NST
14767491,61763903,2013-02-12,PRO
14767491,PCT/US14/16104,2014-02-12,NST
14767492,PCT/EP2014/052496,2014-02-07,NST
14767493,PCT/NL2014/050055,2014-01-31,NST
14767494,PCT/JP2014/053065,2014-02-10,NST
14767495,PCT/JP2013/007624,2013-12-26,NST
14767496,PCT/JP2014/053375,2014-02-13,NST
14767497,PCT/SE2013/050937,2013-07-29,NST
14767498,PCT/US2014/014916,2014-02-05,NST
14767499,PCT/SE2013/051332,2013-11-12,NST
14767500,PCT/IB2014/058905,2014-02-11,NST
14767501,PCT/JP2014/053291,2014-02-13,NST
14767502,PCT/JP2014/000074,2014-01-10,NST
14767503,PCT/JP2014/053054,2014-02-10,NST
14767504,61763907,2013-02-12,PRO
14767504,PCT/US14/16108,2014-02-12,NST
14767505,PCT/EP2014/052583,2014-02-11,NST
14767506,PCT/EP2014/053219,2014-02-19,NST
14767507,PCT/GB2014/050211,2014-01-28,NST
14767509,PCT/US2014/016122,2014-02-12,NST
14767510,PCT/EP2014/052716,2014-02-12,NST
14767511,PCT/EP2014/052620,2014-02-11,NST
14767512,61769966,2013-02-27,PRO
14767512,PCT/US14/14908,2014-02-05,NST
14767513,PCT/EP2014/051508,2014-01-27,NST
14767515,PCT/JP2014/054384,2014-02-24,NST
14767516,PCT/JP2014/056103,2014-03-10,NST
14767517,PCT/US2014/018273,2014-02-25,NST
14767518,PCT/KR2014/001180,2014-02-13,NST
14767519,PCT/KR2014/001587,2014-02-26,NST
14767520,PCT/CN2014/088390,2014-10-11,NST
14767521,PCT/EP2014/052944,2014-02-14,NST
14767522,PCT/EP2014/050346,2014-01-10,NST
14767523,PCT/GB2013/050363,2013-02-15,NST
14767524,PCT/JP2014/051483,2014-01-24,NST
14767525,PCT/EP2014/052715,2014-02-12,NST
14767526,PCT/EP2014/052572,2014-02-11,NST
14767527,PCT/EP2014/052746,2014-02-12,NST
14767528,PCT/JP2014/084672,2014-12-26,NST
14767529,PCT/EP2014/055330,2014-03-17,NST
14767530,PCT/FR2014/050290,2014-02-13,NST
14767532,PCT/JP2014/053448,2014-02-14,NST
14767533,PCT/JP2014/054251,2014-02-18,NST
14767534,PCT/GB2014/050209,2014-01-28,NST
14767535,PCT/JP2014/051933,2014-01-29,NST
14767536,PCT/JP2013/053255,2013-02-12,NST
14767537,PCT/IB2014/000906,2014-03-05,NST
14767538,PCT/KR2014/003424,2014-04-18,NST
14767539,PCT/KR2013/010743,2013-11-25,NST
14767540,13765461,2013-02-12,CIP
14767540,61794192,2013-03-15,PRO
14767540,PCT/US14/31114,2014-03-18,NST
14767541,61764854,2013-02-14,PRO
14767541,PCT/US14/16296,2014-02-13,NST
14767542,PCT/SG2014/000079,2014-02-24,NST
14767543,PCT/EP2014/053720,2014-02-26,NST
14767544,PCT/FR2014/050314,2014-02-14,NST
14767545,PCT/AU2014/000122,2014-02-13,NST
14767546,PCT/JP2013/058864,2013-03-26,CON
14767547,PCT/US2014/015793,2014-02-11,NST
14767548,PCT/US13/25915,2013-02-13,NST
14767549,PCT/FR2014/050291,2014-02-13,NST
14767550,PCT/EP2014/000386,2014-02-12,NST
14767551,PCT/US2013/035619,2013-04-08,NST
14767553,61790295,2013-03-15,PRO
14767553,PCT/US14/29212,2014-03-14,NST
14767554,PCT/IL2014/050158,2014-02-13,NST
14767555,PCT/US2013/032596,2013-03-15,NST
14767556,PCT/CA2014/000105,2014-02-13,NST
14767557,PCT/KR2013/012199,2013-12-26,NST
14767558,PCT/IB2014/058641,2014-01-29,NST
14767559,PCT/US2014/016256,2014-02-13,NST
14767560,PCT/EP2014/052114,2014-02-04,NST
14767561,61763741,2013-02-12,PRO
14767561,PCT/US14/16137,2014-02-12,NST
14767562,PCT/KR2014/001297,2014-02-18,NST
14767563,PCT/IL2014/050134,2014-02-07,NST
14767564,61764524,2013-02-13,PRO
14767564,PCT/US14/15707,2014-02-11,NST
14767565,PCT/US2014/012457,2014-01-22,NST
14767566,61764366,2013-02-13,PRO
14767566,PCT/US14/16028,2014-02-12,NST
14767567,PCT/KR2014/005685,2014-06-26,NST
14767568,PCT/US2013/061698,2013-09-25,NST
14767569,PCT/US2013/061696,2013-09-25,NST
14767570,PCT/US2014/016332,2014-02-13,NST
14767571,PCT/KR2014/007599,2014-08-14,NST
14767572,PCT/EP2014/052788,2014-02-13,NST
14767573,PCT/KR2014/007600,2014-08-14,NST
14767574,PCT/EP2014/000391,2014-02-13,NST
14767575,PCT/KR2013/001108,2013-02-13,NST
14767576,PCT/JP2013/055500,2013-02-28,NST
14767577,61763908,2013-02-12,PRO
14767577,PCT/US14/16109,2014-02-12,NST
14767578,PCT/KR2013/001110,2013-02-13,NST
14767579,PCT/ES2014/070108,2014-08-21,NST
14767580,PCT/JP2014/051691,2014-01-27,NST
14767581,PCT/JP2014/059378,2014-03-28,NST
14767582,PCT/JP2013/057965,2013-03-21,NST
14767583,PCT/JP2014/052277,2014-01-31,NST
14767588,PCT/JP2014/053670,2014-02-17,NST
14767593,PCT/EP2014/054294,2014-03-06,NST
14767596,PCT/EP2014/053116,2014-02-18,NST
14767599,PCT/US2014/023291,2014-03-11,NST
14767600,PCT/EP2014/052849,2014-02-13,NST
14767601,PCT/JP2014/053462,2014-02-14,NST
14767602,PCT/US2014/016173,2014-02-13,NST
14767603,PCT/EP2014/052745,2014-02-12,NST
14767604,PCT/JP2014/058356,2014-03-25,NST
14767605,PCT/FR2014/050297,2014-02-14,NST
14767606,PCT/US2014/016777,2014-02-18,NST
14767607,PCT/CN2013/075166,2013-05-04,NST
14767608,PCT/EP2014/052071,2014-02-03,NST
14767609,61783274,2013-03-14,PRO
14767609,PCT/US14/19213,2014-02-28,NST
14767610,PCT/EP2014/052926,2014-02-14,NST
14767611,PCT/US2014/015545,2014-02-10,NST
14767612,PCT/US2014/016062,2014-02-12,NST
14767613,PCT/US2014/015448,2014-02-08,NST
14767614,PCT/JP2013/084217,2013-12-20,NST
14767615,PCT/JP2014/052871,2014-02-07,NST
14767616,PCT/JP2013/083455,2013-12-13,NST
14767617,PCT/US2013/031272,2013-03-14,NST
14767618,PCT/EP2014/052648,2014-02-11,NST
14767619,PCT/FR2014/050254,2014-02-11,NST
14767620,PCT/JP2014/052859,2014-02-07,NST
14767621,PCT/EP2014/053835,2014-02-27,NST
14767622,PCT/EP2014/054030,2014-03-03,NST
14767623,PCT/EP2013/052930,2013-02-14,NST
14767624,PCT/EP2014/052722,2014-02-12,NST
14767625,PCT/IB2014/062232,2014-06-14,NST
14767626,PCT/JP2013/084215,2013-12-20,NST
14767627,61764572,2013-02-14,PRO
14767627,PCT/US14/16456,2014-02-14,NST
14767628,PCT/EP2014/053438,2014-02-21,NST
14767629,PCT/EP2013/077566,2013-12-20,NST
14767630,PCT/EP2014/000417,2014-02-14,NST
14767632,PCT/JP2013/083229,2013-12-11,NST
14767633,PCT/EP2014/052843,2014-02-13,NST
14767634,PCT/EP2014/052336,2014-02-06,NST
14767635,PCT/JP2014/081042,2014-11-25,NST
14767636,PCT/JP2014/054323,2014-02-24,NST
14767637,PCT/GB2014/000042,2014-02-05,NST
14767638,61781581,2013-03-14,PRO
14767638,PCT/US14/20561,2014-03-05,NST
14767639,PCT/FR2014/050408,2014-02-25,NST
14767640,PCT/IB2014/058961,2014-02-13,NST
14767641,PCT/SE2014/050806,2014-06-27,NST
14767643,13770446,2013-02-19,CIP
14767643,61777710,2013-03-12,PRO
14767643,PCT/US13/71576,2013-11-25,NST
14767644,PCT/IL2014/050162,2014-02-13,NST
14767645,PCT/CA2014/000113,2014-02-14,NST
14767646,PCT/US2013/078235,2013-12-30,NST
14767648,PCT/SE2013/050134,2013-02-15,NST
14767649,PCT/KR2013/002038,2013-03-14,NST
14767650,PCT/US2014/016887,2014-02-18,NST
14767651,PCT/EP2014/050835,2014-01-16,NST
14767653,PCT/EP2014/000447,2014-02-19,NST
14767654,PCT/EP2014/000201,2014-01-25,NST
14767656,PCT/GB2014/050402,2014-02-12,NST
14767657,PCT/JP2014/000729,2014-02-13,NST
14767658,PCT/JP2013/084249,2013-12-20,NST
14767659,PCT/JP14/01471,2014-03-14,NST
14767660,PCT/CN2013/078657,2013-07-02,NST
14767661,PCT/NL2014/050106,2014-02-21,NST
14767662,PCT/EP2014/051685,2014-01-29,NST
14767663,PCT/JP2013/080507,2013-11-12,NST
14767664,PCT/JP2014/051014,2014-01-20,NST
14767665,PCT/JP2013/060809,2013-04-10,NST
14767666,PCT/EP2014/052058,2014-02-03,NST
14767667,PCT/JP2014/000950,2014-02-24,NST
14767668,PCT/US2014/016683,2014-02-17,NST
14767669,PCT/US2014/031231,2014-03-19,NST
14767670,PCT/JP2014/055009,2014-02-28,NST
14767671,61768330,2013-02-22,PRO
14767671,PCT/US13/77129,2013-12-20,NST
14767672,PCT/JP2014/055060,2014-02-28,NST
14767673,PCT/US2013/030939,2013-03-13,NST
14767674,PCT/IB2014/059069,2014-02-18,NST
14767675,PCT/JP2014/055754,2014-03-06,NST
14767676,PCT/JP14/55570,2014-03-05,NST
14767677,PCT/EP2014/053272,2014-02-20,NST
14767678,PCT/JP2014/054126,2014-02-21,NST
14767679,61767385,2013-02-21,PRO
14767679,PCT/US14/16814,2014-02-18,NST
14767680,PCT/KR2014/009844,2014-10-20,NST
14767681,PCT/EP2014/052859,2014-02-13,NST
14767682,PCT/CN2014/072357,2014-02-21,NST
14767684,PCT/NL2014/050088,2014-02-13,NST
14767685,PCT/EP2014/053047,2014-02-17,NST
14767686,PCT/US2014/017531,2014-02-21,NST
14767687,PCT/EP2014/052482,2014-02-07,NST
14767688,PCT/US2014/012986,2014-01-24,NST
14767689,PCT/JP2013/079816,2013-11-05,NST
14767690,PCT/JP2014/000990,2014-02-25,NST
14767691,PCT/IB2014/059664,2014-03-12,NST
14767692,PCT/CA2014/000103,2014-02-13,NST
14767693,PCT/IT2014/000024,2014-01-29,NST
14767694,PCT/EP2014/052760,2014-02-12,NST
14767695,PCT/AU2014/000135,2014-02-18,NST
14767696,PCT/JP2014/000706,2014-02-12,NST
14767697,PCT/JP2015/050091,2015-01-06,NST
14767698,PCT/CA2014/000106,2014-02-13,NST
14767699,61765883,2013-02-18,PRO
14767699,PCT/US13/78179,2013-12-30,NST
14767700,PCT/JP2014/000592,2014-02-04,NST
14767701,PCT/EP2014/052804,2014-02-13,NST
14767702,PCT/EP2014/052717,2014-02-12,NST
14767703,PCT/JP2013/071652,2013-08-09,NST
14767704,PCT/EP2014/052170,2014-02-04,NST
14767705,61781527,2013-03-14,PRO
14767705,PCT/US14/20666,2014-03-05,NST
14767706,PCT/JP2013/080550,2013-11-12,NST
14767707,PCT/FR2014/000032,2014-02-10,NST
14767708,PCT/JP2014/053167,2014-02-12,NST
14767709,PCT/JP2013/070172,2013-07-25,NST
14767710,PCT/JP2014/053979,2014-02-20,NST
14767711,PCT/CN2013/071731,2013-02-21,NST
14767712,PCT/JP2014/054970,2014-02-27,NST
14767713,61834190,2013-06-12,PRO
14767713,61880208,2013-09-20,PRO
14767713,PCT/US14/42037,2014-06-12,NST
14767714,PCT/EP2014/052720,2014-02-12,NST
14767715,PCT/EP2014/000330,2014-02-07,NST
14767716,PCT/JP2013/071222,2013-08-06,NST
14767717,PCT/JP2014/053959,2014-02-13,NST
14767718,PCT/JP2014/053158,2014-02-12,NST
14767719,PCT/EP2014/052719,2014-02-12,NST
14767720,PCT/AU2014/050024,2014-04-30,NST
14767721,PCT/JP2013/063410,2013-05-14,NST
14767722,PCT/JP2014/053409,2014-02-14,NST
14767723,PCT/JP2014/053340,2014-02-13,NST
14767724,PCT/JP2014/050970,2014-01-20,NST
14767725,PCT/KR2013/007167,2013-08-08,NST
14767726,PCT/EP2014/055478,2014-03-19,NST
14767727,PCT/KR2013/008395,2013-09-17,NST
14767728,61777413,2013-03-12,PRO
14767728,PCT/US13/69095,2013-11-08,NST
14767729,PCT/IB2013/002480,2013-11-07,NST
14767730,PCT/GB2014/050437,2014-02-14,NST
14767731,PCT/EP2014/052737,2014-02-12,NST
14767732,PCT/US2014/033712,2014-04-11,NST
14767733,PCT/EP2014/052782,2014-02-13,NST
14767734,61764905,2013-02-14,PRO
14767734,PCT/US14/16017,2014-02-12,NST
14767735,PCT/JP2014/056430,2014-03-12,NST
14767736,PCT/IB2014/059032,2014-02-17,NST
14767737,61768175,2013-02-22,PRO
14767737,PCT/US14/17271,2014-02-20,NST
14767738,PCT/US2013/076050,2014-02-24,NST
14767739,PCT/JP2014/001333,2014-03-10,NST
14767740,PCT/JP2013/079075,2013-10-28,NST
14767741,PCT/EP2014/052810,2014-02-13,NST
14767742,PCT/JP2013/000907,2013-02-19,NST
14767743,PCT/EP2014/053397,2014-02-21,NST
14767744,PCT/JP2014/055755,2014-03-06,NST
14767745,PCT/US2014/016432,2014-02-14,NST
14767746,PCT/JP2013/000908,2013-02-19,NST
14767747,PCT/CH2013/000211,2013-12-03,NST
14767749,PCT/EP2014/000207,2014-01-27,NST
14767750,PCT/KR2014/009671,2014-10-15,NST
14767751,PCT/SE2013/050130,2013-02-15,NST
14767752,PCT/IB2014/059074,2014-02-18,NST
14767753,PCT/JP2014/059035,2014-03-27,NST
14767754,PCT/JP2014/053509,2014-02-14,NST
14767755,PCT/JP2014/052727,2014-02-06,NST
14767756,PCT/EP2014/053209,2014-02-19,NST
14767757,PCT/DE2014/200037,2014-02-03,NST
14767758,PCT/EP2014/052701,2014-02-12,NST
14767760,PCT/EP2014/052703,2014-02-12,NST
14767761,61764980,2013-02-14,PRO
14767761,PCT/US14/16027,2014-02-12,NST
14767763,PCT/GR2014/000010,2014-02-12,NST
14767764,PCT/KR2014/003796,2014-04-29,NST
14767765,PCT/IB2014/000613,2014-04-25,NST
14767766,PCT/AT2014/050040,2014-02-13,NST
14767767,PCT/KR2013/001303,2013-02-20,NST
14767768,61772431,2013-03-04,PRO
14767768,PCT/US14/18550,2014-02-26,NST
14767769,PCT/EP2014/052695,2014-02-12,NST
14767770,PCT/EP2014/052811,2014-02-13,NST
14767771,PCT/EP2014/051905,2014-01-31,NST
14767772,PCT/IB2014/000139,2014-02-10,NST
14767773,PCT/KR2013/004089,2013-05-09,NST
14767774,61765075,2013-02-15,PRO
14767774,PCT/US14/16477,2014-02-14,NST
14767775,PCT/JP13/73157,2013-08-29,NST
14767776,PCT/JP2014/054872,2014-02-27,NST
14767777,PCT/CN2013/089010,2013-12-10,NST
14767778,PCT/FR14/50444,2014-02-28,NST
14767779,PCT/US2014/020182,2014-03-04,NST
14767780,61764739,2013-02-14,PRO
14767780,PCT/US14/16461,2014-02-14,NST
14767781,PCT/IB2014/059126,2013-02-20,NST
14767782,PCT/EP2014/052956,2014-02-14,NST
14767783,PCT/EP2014/053202,2014-02-19,NST
14767784,PCT/SG2014/000057,2014-02-13,NST
14767785,PCT/IB2013/051237,2013-02-15,NST
14767786,PCT/EP2014/053302,2014-02-20,NST
14767787,PCT/EP2014/052531,2014-02-10,NST
14767788,PCT/US2014/015770,2014-02-11,NST
14767789,PCT/US13/31550,2013-03-14,NST
14767790,PCT/JP2013/053538,2013-02-14,NST
14767791,PCT/DK2013/050037,2013-02-13,NST
14767792,PCT/IB2014/000246,2014-02-11,NST
14767793,PCT/EP2014/053063,2014-02-18,NST
14767794,PCT/JP2014/053479,2014-02-14,NST
14767795,PCT/FR2014/050193,2014-02-04,NST
14767796,PCT/EP2014/052973,2014-02-14,NST
14767797,PCT/EP2014/051495,2014-01-27,NST
14767798,61773604,2013-03-06,PRO
14767798,PCT/US14/20525,2014-03-05,NST
14767799,PCT/IB2014/058962,2014-02-13,NST
14767800,PCT/JP2014/059015,2014-03-27,NST
14767801,PCT/US13/57770,2013-09-03,NST
14767802,PCT/EP2014/054202,2014-03-05,NST
14767803,PCT/FR2014/050194,2014-02-04,NST
14767804,PCT/JP2014/055255,2014-03-03,NST
14767806,PCT/EP2014/054969,2014-03-13,NST
14767807,PCT/JP2014/063026,2014-05-16,NST
14767808,PCT/EP2013/053099,2013-02-15,NST
14767809,PCT/IB2013/051227,2013-02-15,NST
14767810,PCT/US14/28049,2014-03-14,NST
14767811,PCT/US2014/016902,2014-02-18,NST
14767812,PCT/EP2014/053561,2014-02-24,NST
14767813,PCT/EP2014/054431,2014-03-07,NST
14767815,61768065,2013-02-22,PRO
14767815,PCT/US14/17264,2014-02-20,NST
14767816,PCT/KR2013/007450,2013-08-20,NST
14767817,PCT/EP2013/074719,2013-11-26,NST
14767818,PCT/US2014/028002,2014-03-14,NST
14767819,PCT/JP2014/053367,2014-02-13,NST
14767820,61765564,2013-02-15,PRO
14767820,PCT/US14/16411,2014-02-14,NST
14767821,PCT/JP2014/054915,2014-02-27,NST
14767822,PCT/JP2014/050004,2014-01-06,NST
14767823,PCT/IB2014/059098,2014-02-19,NST
14767824,PCT/JP2014/055090,2014-02-28,NST
14767825,PCT/KR2014/005000,2014-06-05,NST
14767826,PCT/EP2014/051935,2014-01-31,NST
14767827,PCT/EP2014/052234,2014-02-05,NST
14767828,PCT/FI2014/050111,2014-02-13,NST
14767829,PCT/KR2013/001165,2013-02-14,NST
14767830,PCT/JP2014/057163,2014-03-17,NST
14767831,PCT/SE2015/050326,2015-03-19,NST
14767832,PCT/SG2014/000061,2014-02-18,NST
14767833,PCT/IB2014/001169,2014-03-13,NST
14767834,PCT/EP2014/052645,2014-02-11,NST
14767835,PCT/EP2014/058241,2014-04-23,NST
14767836,PCT/US2014/016291,2014-02-13,NST
14767837,PCT/JP2014/053223,2014-02-12,NST
14767838,61769057,2013-02-25,PRO
14767838,PCT/US14/18352,2014-02-25,NST
14767839,PCT/JP2013/055080,2013-02-27,NST
14767840,PCT/US13/27735,2013-02-26,NST
14767841,PCT/IB2014/058981,2014-02-13,NST
14767842,PCT/JP2014/052426,2014-02-03,NST
14767844,PCT/KR2014/001242,2014-02-14,NST
14767845,PCT/EP2014/052607,2014-02-11,NST
14767846,PCT/JP2014/051453,2014-01-24,NST
14767847,PCT/EP2014/051954,2014-01-31,NST
14767848,PCT/US2014/017455,2014-02-20,NST
14767849,PCT/GB2014/050864,2014-03-19,NST
14767850,PCT/US2013/026671,2013-02-19,NST
14767851,PCT/KR2014/001240,2014-02-14,NST
14767852,PCT/KR2013/001166,2013-02-14,NST
14767853,PCT/EP2014/000181,2014-01-24,NST
14767854,PCT/JP2014/055885,2014-02-28,NST
14767855,PCT/GB2014/000050,2014-02-14,NST
14767856,PCT/JP2013/054044,2013-02-19,NST
14767857,PCT/FI2014/050131,2014-02-21,NST
14767858,PCT/IB2014/000133,2014-02-07,NST
14767859,PCT/JP2014/054423,2014-02-25,NST
14767860,PCT/FR2014/050265,2014-02-11,NST
14767861,PCT/JP2014/052519,2014-02-04,NST
14767862,61783847,2013-03-14,PRO
14767862,PCT/US14/26511,2014-03-13,NST
14767863,PCT/IB2014/059139,2014-02-20,NST
14767864,PCT/US2013/076004,2013-12-18,NST
14767865,PCT/JP2014/000738,2014-02-13,NST
14767866,61764190,2013-02-13,PRO
14767866,PCT/US14/16121,2014-02-12,NST
14767867,PCT/US2014/012460,2014-01-22,NST
14767868,PCT/JP2014/053739,2014-02-18,NST
14767869,PCT/JP2014/000301,2014-01-22,NST
14767870,PCT/US2014/016118,2014-02-12,NST
14767871,PCT/AU2014/000119,2014-02-13,NST
14767872,PCT/KR2014/001675,2014-02-28,NST
14767873,PCT/KR2014/001817,2014-03-05,NST
14767874,PCT/EP2013/053053,2013-02-15,NST
14767875,PCT/JP2013/078035,2013-10-16,NST
14767876,PCT/KR2014/001425,2014-02-21,NST
14767877,PCT/CA2014/050925,2014-09-26,NST
14767878,PCT/JP2014/052855,2014-02-07,NST
14767879,PCT/FR2014/050266,2014-02-12,NST
14767880,PCT/JP2014/053317,2014-02-13,NST
14767881,PCT/EP2013/060810,2013-05-24,NST
14767882,PCT/EP2014/053253,2014-02-19,NST
14767883,PCT/EP2014/053475,2014-02-21,NST
14767884,PCT/KR2014/001990,2014-03-11,NST
14767885,PCT/IL2014/050164,2014-02-13,NST
14767886,PCT/AU2014/000116,2014-02-13,NST
14767887,PCT/EP2014/052896,2014-02-14,NST
14767888,61765375,2013-02-15,PRO
14767888,PCT/US14/16464,2014-02-14,NST
14767889,PCT/IB2014/060479,2014-04-07,NST
14767890,PCT/US15/33014,2015-05-28,NST
14767891,PCT/IB2014/001088,2014-03-14,NST
14767892,PCT/KR2014/002003,2014-03-11,NST
14767893,PCT/NL2014/050100,2014-02-18,NST
14767894,PCT/EP2013/060814,2013-05-24,NST
14767895,PCT/KR2014/002001,2014-03-11,NST
14767896,PCT/JP2014/054245,2014-02-17,NST
14767897,61765641,2013-02-15,PRO
14767897,PCT/US14/16605,2014-02-14,NST
14767898,PCT/JP2014/052598,2014-01-29,NST
14767899,PCT/EP2014/052900,2014-02-14,NST
14767900,PCT/DE2014/000067,2014-02-19,NST
14767901,PCT/KR2014/001235,2014-02-14,NST
14767903,PCT/GB2014/050145,2014-01-17,NST
14767904,PCT/GB2014/050218,2014-01-28,NST
14767905,PCT/JP2014/055095,2014-02-28,NST
14767906,PCT/JP2014/053278,2014-02-13,NST
14767907,PCT/IN2013/000233,2013-04-08,NST
14767908,PCT/JP2014/000675,2014-02-07,NST
14767909,PCT/JP2014/053636,2014-02-17,NST
14767910,PCT/DE2014/000056,2014-02-12,NST
14767911,PCT/EP2014/053074,2014-02-18,NST
14767912,PCT/CN2015/071220,2015-01-21,NST
14767913,PCT/JP2014/052968,2014-02-07,NST
14767914,PCT/JP2014/053593,2014-02-17,NST
14767915,PCT/IB2014/000486,2014-02-20,NST
14767916,PCT/KR2014/001128,2014-02-11,NST
14767917,PCT/EP2014/053115,2014-02-18,NST
14767918,PCT/US2014/018545,2014-02-26,NST
14767919,PCT/DE2014/100064,2014-02-20,NST
14767920,PCT/GB2014/050486,2014-02-19,NST
14767922,61772870,2013-03-05,PRO
14767922,PCT/US14/18561,2014-02-26,NST
14767924,PCT/JP2014/060241,2014-04-09,NST
14767925,PCT/EP2014/052740,2014-02-12,NST
14767926,PCT/EP2014/052723,2014-02-12,NST
14767927,61765312,2013-02-15,PRO
14767927,PCT/US14/15752,2014-02-11,NST
14767928,PCT/EP2014/052742,2014-02-12,NST
14767930,61869829,2013-08-26,PRO
14767930,PCT/US14/52622,2014-08-26,NST
14767931,61850405,2013-02-14,PRO
14767931,PCT/US14/16446,2014-02-14,NST
14767932,61765742,2013-02-17,PRO
14767932,PCT/IL13/51066,2013-12-25,NST
14767933,PCT/EP2014/052357,2014-02-06,NST
14767934,PCT/FR2014/050293,2014-02-13,NST
14767935,PCT/JP2014/057347,2014-03-18,NST
14767936,PCT/US2014/015758,2014-02-11,NST
14767937,PCT/US14/27529,2014-03-14,NST
14767938,PCT/JP2014/050957,2014-01-20,NST
14767939,PCT/JP2014/053542,2014-02-14,NST
14767940,PCT/FI2013/050191,2013-02-20,NST
14767941,PCT/EP2014/051113,2014-01-21,NST
14767942,61765202,2013-02-15,PRO
14767942,PCT/US14/16222,2014-02-13,NST
14767943,PCT/FR2013/052635,2013-11-05,NST
14767944,PCT/DK2014/050038,2014-02-24,NST
14767945,PCT/JP2014/000487,2014-01-30,NST
14767946,PCT/EP2014/052828,2014-02-13,NST
14767947,PCT/EP2014/000390,2014-02-13,NST
14767948,PCT/EP2014/053198,2014-02-19,NST
14767949,61770366,2013-02-28,PRO
14767949,PCT/US14/17898,2014-02-24,NST
14767950,PCT/EP2013/053094,2013-02-15,NST
14767951,PCT/JP2014/000451,2014-01-29,NST
14767952,61768051,2013-02-22,PRO
14767952,PCT/US14/15120,2014-02-06,NST
14767954,PCT/DE2014/000057,2014-02-16,NST
14767955,PCT/AU2014/000124,2014-02-14,NST
14767957,61764599,2013-02-14,PRO
14767957,PCT/US14/16448,2014-02-14,NST
14767958,PCT/EP2014/052256,2014-02-05,NST
14767960,PCT/EP2013/074623,2013-11-25,NST
14767961,PCT/KR2013/005811,2013-07-01,NST
14767962,PCT/EP2014/052827,2014-02-13,NST
14767963,PCT/SE2013/050199,2013-03-07,NST
14767964,PCT/US2014/014785,2014-02-05,NST
14767965,PCT/EP2013/054191,2013-03-01,NST
14767966,PCT/JP2013/083902,2013-12-18,NST
14767967,PCT/US2014/028168,2014-03-14,NST
14767968,PCT/US2013/069477,2013-11-11,NST
14767969,PCT/IB2014/060699,2014-04-14,NST
14767970,PCT/IB2014/059653,2014-03-12,NST
14767971,PCT/JP2014/054261,2014-02-24,NST
14767972,PCT/JP2014/053964,2014-02-20,NST
14767973,PCT/AU2014/000078,2014-02-04,NST
14767974,PCT/EP2014/000328,2014-02-07,NST
14767976,PCT/JP2014/053548,2014-02-14,NST
14767977,PCT/IB14/00704,2014-02-04,NST
14767978,PCT/KR2014/001331,2014-02-19,NST
14767979,PCT/JP2013/084459,2013-12-24,NST
14767980,PCT/US2014/015717,2014-02-11,NST
14767981,PCT/JP2014/000946,2014-02-24,NST
14767982,PCT/JP2013/060397,2013-04-04,NST
14767983,PCT/JP13/55814,2013-03-04,NST
14767984,61765346,2013-02-15,PRO
14767984,PCT/US14/16932,2014-02-18,NST
14767985,PCT/US2014/016495,2014-02-14,NST
14767986,PCT/JP2014/053895,2014-02-19,NST
14767990,PCT/EP2013/077618,2013-12-20,NST
14767991,PCT/JP2014/059766,2014-04-02,NST
14767992,61765342,2013-02-15,PRO
14767992,PCT/US14/16205,2014-02-13,NST
14767993,PCT/JP14/50703,2014-01-16,NST
14767994,PCT/EP2014/000163,2014-01-23,NST
14767995,PCT/US2014/027877,2014-03-14,NST
14767996,PCT/JP2014/053837,2014-02-19,NST
14767997,PCT/JP2013/081636,2013-11-25,NST
14767998,PCT/EP2014/053286,2014-02-20,NST
14767999,PCT/JP2014/050569,2014-01-15,NST
14768002,PCT/US2014/027979,2014-03-14,NST
14768003,PCT/BR2014/000032,2014-02-04,NST
14768004,PCT/KR2014/001999,2014-03-11,NST
14768005,PCT/US2013/033690,2013-03-25,NST
14768006,PCT/US2014/016274,2014-02-13,NST
14768007,PCT/US2013/031883,2013-03-15,NST
14768010,PCT/JP2013/080127,2013-11-07,NST
14768011,61764681,2013-02-14,PRO
14768011,PCT/US14/16359,2014-02-14,NST
14768012,PCT/KR2013/006586,2013-07-23,NST
14768013,PCT/EP2014/000250,2014-01-30,NST
14768014,PCT/FR2014/050277,2014-02-13,NST
14768015,PCT/BR2014/000027,2014-01-31,NST
14768016,PCT/JP2014/053215,2014-02-12,NST
14768017,PCT/EP2014/000102,2014-01-16,NST
14768018,PCT/KR2014/001511,2014-02-25,NST
14768019,PCT/EP2014/051214,2014-01-22,NST
14768021,PCT/JP2014/051959,2014-01-29,NST
14768022,PCT/IB2013/053635,2013-05-06,NST
14768023,PCT/FR2014/050628,2014-03-18,NST
14768024,PCT/KR2013/009730,2013-10-30,NST
14768025,PCT/EP2014/000103,2014-01-16,NST
14768026,PCT/JP2014/054566,2014-02-25,NST
14768027,61764819,2013-02-14,PRO
14768027,61778449,2013-03-13,PRO
14768027,PCT/US14/16204,2014-02-13,NST
14768028,PCT/EP14/52880,2014-02-14,NST
14768029,PCT/KR2013/011283,2013-12-06,NST
14768030,PCT/JP2014/053516,2014-02-14,NST
14768031,PCT/EP2014/052920,2014-02-14,NST
14768032,PCT/GB2014/050435,2014-02-14,NST
14768033,PCT/EP2014/056109,2014-03-27,NST
14768034,PCT/KR2014/001113,2014-02-11,NST
14768035,PCT/JP2014/052759,2014-02-06,NST
14768036,PCT/IN2014/000111,2014-02-21,NST
14768037,PCT/EP2014/052946,2014-02-14,NST
14768038,61765487,2013-02-15,PRO
14768038,PCT/US14/16763,2014-02-18,NST
14768039,PCT/AT2014/000177,2014-09-29,NST
14768040,PCT/EP2014/000134,2014-01-18,NST
14768041,PCT/JP2014/055088,2014-02-28,NST
14768042,PCT/US14/16423,2014-02-14,NST
14768043,PCT/EP2014/000354,2014-02-07,NST
14768044,PCT/US13/34600,2013-03-29,NST
14768045,PCT/EP2014/052543,2014-02-10,NST
14768046,61765997,2013-02-18,PRO
14768046,61766001,2013-02-18,PRO
14768046,PCT/US14/15969,2014-02-12,NST
14768047,PCT/AU2014/000071,2014-02-03,NST
14768048,PCT/JP2014/053569,2014-02-07,NST
14768049,PCT/US2014/016424,2014-02-14,NST
14768050,PCT/EP2014/053042,2014-02-17,NST
14768051,PCT/CA2014/050108,2014-02-14,NST
14768052,61792306,2013-03-15,PRO
14768052,PCT/US14/27050,2014-03-14,NST
14768053,PCT/EP2014/052708,2014-02-12,NST
14768054,PCT/EP2014/053175,2014-02-19,NST
14768055,PCT/IB2014/058994,2014-02-14,NST
14768056,PCT/IB2014/058890,2014-02-11,NST
14768057,PCT/US2014/014795,2014-02-05,NST
14768058,PCT/EP2014/052945,2014-02-14,NST
14768059,PCT/EP2014/052914,2014-02-14,NST
14768060,PCT/JP2014/050400,2014-01-14,NST
14768061,PCT/EP2014/052194,2014-02-05,NST
14768062,PCT/JP2014/000836,2014-02-19,NST
14768063,PCT/GB2014/000053,2014-02-14,NST
14768064,PCT/JP2013/059559,2013-03-29,NST
14768065,PCT/DK2014/050022,2014-01-31,NST
14768066,PCT/GB2013/052849,2013-10-31,NST
14768067,PCT/EP2014/053174,2014-02-19,NST
14768068,PCT/EP14/52941,2014-02-14,NST
14768069,PCT/US2013/033333,2013-03-21,NST
14768070,PCT/DE2013/200342,2013-12-10,NST
14768071,PCT/IB2014/060193,2014-03-27,NST
14768072,PCT/US2014/015572,2014-02-10,NST
14768073,PCT/NL2014/050095,2014-02-17,NST
14768074,PCT/US13/26158,2013-02-14,NST
14768075,PCT/US2013/031271,2013-03-14,NST
14768076,PCT/EP2014/052385,2014-02-07,NST
14768077,PCT/EP2014/052514,2014-02-10,NST
14768078,PCT/JP2013/063213,2013-05-10,NST
14768080,PCT/IB2014/059220,2014-02-25,NST
14768081,PCT/EP2014/052505,2014-02-10,NST
14768082,PCT/IN2014/000096,2014-02-14,NST
14768083,PCT/JP2013/056140,2013-03-06,NST
14768084,61766844,2013-02-20,PRO
14768084,PCT/US14/17362,2014-02-20,NST
14768085,PCT/US2014/016398,2014-02-14,NST
14768086,PCT/JP2014/058825,2014-03-27,NST
14768087,PCT/JP2014/053457,2014-02-14,NST
14768088,PCT/JP2013/007094,2013-12-03,NST
14768089,PCT/JP2014/056471,2014-03-12,NST
14768090,PCT/CA2014/000108,2014-02-17,NST
14768091,PCT/JP2013/054009,2013-02-19,NST
14768092,61934853,2014-02-03,PRO
14768092,61941455,2014-02-18,PRO
14768092,PCT/US15/11602,2015-01-15,NST
14768093,PCT/JP2014/000031,2014-01-08,NST
14768094,61765544,2013-02-15,PRO
14768094,PCT/US14/16561,2014-02-14,NST
14768095,PCT/EP2014/052710,2014-02-12,NST
14768096,PCT/JP2013/060634,2013-04-08,NST
14768097,PCT/EP2014/052388,2014-02-07,NST
14768098,PCT/JP2014/054127,2014-02-21,NST
14768099,PCT/KR2013/012094,2013-12-24,NST
14768100,PCT/US2014/017238,2014-02-20,NST
14768101,PCT/JP2014/000745,2014-02-14,NST
14768102,PCT/IB2014/058883,2014-02-10,NST
14768103,61790286,2013-03-15,PRO
14768103,61873589,2013-09-04,PRO
14768103,PCT/US13/76056,2013-12-18,NST
14768104,PCT/JP2014/053750,2014-02-18,NST
14768105,PCT/JP2014/053483,2014-02-14,NST
14768106,61767881,2013-02-22,PRO
14768106,PCT/US14/17695,2014-02-21,NST
14768107,PCT/RU2014/000096,2014-02-14,NST
14768108,PCT/KR2014/001091,2014-02-10,NST
14768109,PCT/US2014/019343,2014-02-28,NST
14768110,PCT/KR2013/002029,2013-03-13,NST
14768111,PCT/JP2014/059332,2014-03-28,NST
14768112,PCT/JP2013/000917,2013-02-19,NST
14768113,PCT/EP2013/053073,2013-02-15,NST
14768114,PCT/UA2014/000030,2014-03-14,NST
14768115,PCT/IB2014/001369,2014-03-12,NST
14768116,PCT/JP2014/053511,2014-02-14,NST
14768117,PCT/US2014/017508,2014-02-20,NST
14768118,PCT/US2014/016223,2014-02-13,NST
14768119,PCT/RU2012/001086,2012-12-20,NST
14768120,PCT/CN2013/088945,2013-12-10,NST
14768121,PCT/EP2014/053408,2014-02-21,NST
14768122,PCT/KR2013/005053,2013-06-07,NST
14768123,PCT/JP14/53247,2014-02-13,NST
14768124,PCT/IB2014/059000,2014-02-14,NST
14768125,PCT/US2013/026401,2013-02-15,NST
14768127,PCT/US2013/026403,2013-02-15,NST
14768128,PCT/EP2014/052792,2014-02-13,NST
14768129,PCT/EP2014/052513,2014-02-10,NST
14768130,61765607,2013-02-15,PRO
14768130,PCT/US13/76157,2013-12-18,NST
14768131,PCT/JP2013/053620,2013-02-15,NST
14768132,PCT/US2014/023429,2014-03-11,NST
14768133,PCT/JP2013/084049,2013-12-19,NST
14768134,61784130,2013-03-14,PRO
14768134,PCT/US14/13620,2014-01-29,NST
14768135,PCT/GB2014/050444,2014-02-14,NST
14768136,61787153,2013-03-15,PRO
14768136,PCT/US14/28200,2014-03-14,NST
14768137,PCT/CA2014/050105,2014-02-14,NST
14768138,61765450,2013-02-15,PRO
14768138,PCT/US13/75046,2013-12-13,NST
14768139,PCT/EP2014/054605,2014-03-10,NST
14768140,PCT/US2014/016966,2014-02-18,NST
14768141,61790092,2013-03-15,PRO
14768141,PCT/US14/25648,2014-03-13,NST
14768142,PCT/RU2014/000031,2014-01-20,NST
14768143,PCT/US2014/016713,2014-02-17,NST
14768144,PCT/IB2014/001076,2014-03-13,NST
14768145,PCT/CZ2014/000017,2014-02-17,NST
14768146,PCT/US2014/017212,2014-02-19,NST
14768147,PCT/EP2014/052638,2014-02-11,NST
14768148,PCT/US2014/051083,2014-08-14,NST
14768149,61765547,2013-02-15,PRO
14768149,PCT/US14/16606,2014-02-14,NST
14768150,61765243,2013-02-15,PRO
14768150,PCT/US14/16705,2014-02-17,NST
14768151,PCT/JP2014/053473,2014-02-14,NST
14768152,PCT/EP2014/052444,2014-02-07,NST
14768153,PCT/MY2013/000257,2013-12-16,NST
14768154,61764941,2013-02-14,PRO
14768154,PCT/US14/16506,2014-02-14,NST
14768155,PCT/AU2014/000120,2014-02-13,NST
14768156,PCT/KR2014/001178,2014-02-13,NST
14768157,61784814,2013-03-14,PRO
14768157,61918260,2013-12-19,PRO
14768157,PCT/US14/29323,2014-03-14,NST
14768158,PCT/NL2014/050094,2014-02-14,NST
14768159,PCT/AU2014/000140,2014-02-19,NST
14768160,PCT/SG2013/000557,2013-12-27,NST
14768161,PCT/JP2014/054561,2014-02-25,NST
14768162,PCT/US2014/016134,2014-02-12,NST
14768163,PCT/US2013/032813,2013-03-18,NST
14768164,PCT/EP2014/052892,2014-02-14,NST
14768165,PCT/JP2013/079251,2013-10-29,NST
14768166,PCT/KR2014/001233,2014-02-14,NST
14768167,PCT/US2014/017060,2014-02-19,NST
14768168,PCT/JP2014/073169,2014-09-03,NST
14768169,PCT/CN2013/071744,2013-02-21,NST
14768170,PCT/EP2014/050573,2014-01-14,NST
14768171,PCT/GB2014/050416,2014-02-13,NST
14768172,PCT/KR2014/001231,2014-02-14,NST
14768173,PCT/JP2013/083101,2013-12-10,NST
14768174,PCT/JP2013/053755,2013-02-15,NST
14768175,PCT/JP2014/000382,2014-01-27,NST
14768176,61764944,2013-02-14,PRO
14768176,61891897,2013-10-17,PRO
14768176,61891898,2013-10-17,PRO
14768176,PCT/US14/16554,2014-02-14,NST
14768177,PCT/FR2014/050272,2014-02-12,NST
14768178,PCT/DE2014/200017,2014-01-21,NST
14768179,PCT/IB2014/058971,2014-02-13,NST
14768180,61764969,2013-02-14,PRO
14768180,61880779,2013-09-20,PRO
14768180,PCT/US14/16546,2014-02-14,NST
14768181,61765535,2013-02-15,PRO
14768181,PCT/US14/16399,2014-02-14,NST
14768182,61775078,2013-03-08,PRO
14768182,PCT/US14/18469,2014-02-26,NST
14768183,PCT/JP2014/053383,2014-02-13,NST
14768184,PCT/NL2014/050093,2014-02-14,NST
14768185,PCT/EP2014/051708,2014-01-29,NST
14768186,PCT/CN2014/073436,2014-03-14,NST
14768187,PCT/EP2014/000180,2014-01-24,NST
14768189,61765464,2013-02-15,PRO
14768189,PCT/US14/16426,2014-02-14,NST
14768190,61762408,2013-02-08,PRO
14768190,61785126,2013-03-14,PRO
14768190,PCT/US14/15256,2014-02-07,NST
14768191,PCT/CN2014/075757,2014-04-21,NST
14768192,PCT/EP2014/052732,2014-02-12,NST
14768193,PCT/JP2014/052752,2014-02-06,NST
14768194,PCT/CN2014/072028,2014-02-13,NST
14768195,PCT/EP2014/053005,2014-02-17,NST
14768196,PCT/US2014/016737,2014-02-17,NST
14768197,PCT/JP2014/052668,2014-02-05,NST
14768198,61771063,2013-02-28,PRO
14768198,PCT/US14/19703,2014-02-28,NST
14768199,PCT/JP2014/053565,2014-02-15,NST
14768200,PCT/IB2014/000343,2014-03-14,NST
14768201,PCT/US2014/016903,2014-02-18,NST
14768202,PCT/JP2013/071754,2013-08-12,NST
14768203,PCT/IB2014/058934,2014-02-12,NST
14768204,PCT/CN2014/072682,2014-02-28,NST
14768205,PCT/KR2014/000583,2014-01-21,NST
14768206,PCT/EP2014/052730,2014-02-12,NST
14768207,61765097,2013-02-15,PRO
14768207,PCT/US14/15476,2014-02-10,NST
14768208,PCT/FR2014/000012,2014-01-20,NST
14768210,PCT/EP2014/052929,2014-02-14,NST
14768211,PCT/KR2014/000669,2014-01-23,NST
14768212,PCT/KR2014/000670,2014-01-23,NST
14768213,PCT/SG2013/000070,2013-02-22,NST
14768214,61764812,2013-02-14,PRO
14768214,PCT/US14/16589,2014-02-14,NST
14768215,PCT/US2013/026006,2013-02-14,NST
14768216,13769288,2013-02-16,CIP
14768216,61845340,2013-07-11,PRO
14768216,PCT/US14/16647,2014-02-16,NST
14768217,61765290,2013-02-15,PRO
14768217,PCT/US13/71195,2013-11-21,NST
14768218,61765324,2013-02-15,PRO
14768218,PCT/US13/71204,2013-11-21,NST
14768219,PCT/JP2014/053416,2014-02-14,NST
14768220,PCT/US13/26858,2013-02-20,NST
14768221,PCT/UA2013/000134,2013-11-18,NST
14768222,PCT/EP2014/052432,2014-02-07,NST
14768223,PCT/US13/26349,2013-02-15,NST
14768224,PCT/EP2013/053180,2013-02-18,NST
14768225,PCT/EP2013/054464,2013-03-06,NST
14768226,PCT/EP2014/000832,2014-03-27,NST
14768227,PCT/JP2013/082871,2013-12-06,NST
14768228,PCT/US2014/018567,2014-02-26,NST
14768229,61774136,2013-03-07,PRO
14768229,PCT/US14/19810,2014-03-03,NST
14768230,61766325,2013-02-19,PRO
14768230,61814441,2013-04-22,PRO
14768230,PCT/US14/15957,2014-02-12,NST
14768231,PCT/IB2014/059334,2014-02-28,NST
14768232,PCT/US2014/018577,2014-02-26,NST
14768234,PCT/JP2013/075285,2013-09-19,NST
14768235,PCT/JP2013/082593,2013-12-04,NST
14768236,PCT/IB2014/059248,2014-02-26,NST
14768238,PCT/JP2013/000910,2013-02-19,NST
14768239,PCT/JP2013/006763,2013-11-19,NST
14768240,PCT/JP2014/058678,2014-03-26,NST
14768241,PCT/JP2013/002524,2013-02-19,NST
14768242,PCT/IB2014/059666,2014-03-12,NST
14768243,PCT/CN2014/071893,2014-02-08,NST
14768244,PCT/JP2013/000912,2013-02-19,NST
14768245,61765913,2013-02-18,PRO
14768245,PCT/US14/15901,2014-02-12,NST
14768246,PCT/CN2014/071886,2014-02-07,NST
14768247,PCT/JP2014/055193,2014-02-28,NST
14768248,PCT/US2014/016815,2014-02-18,NST
14768249,PCT/JP2014/058161,2014-03-25,NST
14768250,PCT/SE2014/050074,2014-01-22,NST
14768252,PCT/EP2014/000143,2014-01-20,NST
14768253,PCT/EP2014/054797,2014-03-12,NST
14768254,61783381,2013-03-14,PRO
14768254,PCT/US14/21802,2014-03-07,NST
14768255,61768224,2013-02-22,PRO
14768255,61768273,2013-02-22,PRO
14768255,61768318,2013-02-22,PRO
14768255,61869597,2013-08-23,PRO
14768255,PCT/US14/18008,2014-02-24,NST
14768256,PCT/US2014/013159,2014-01-27,NST
14768257,PCT/IB2014/059632,2014-03-11,NST
14768258,PCT/US2014/017355,2014-02-20,NST
14768259,PCT/FR2014/050834,2014-04-08,NST
14768260,PCT/JP2013/083439,2013-12-13,NST
14768261,PCT/IL2014/050157,2014-02-13,NST
14768262,PCT/JP2013/061880,2013-04-23,NST
14768263,PCT/JP2014/053588,2014-02-17,NST
14768264,PCT/CA2014/000162,2014-03-03,NST
14768265,PCT/KR2014/001316,2014-02-18,NST
14768266,PCT/GB2014/050453,2014-02-17,NST
14768267,61769269,2013-02-26,PRO
14768267,PCT/US14/15662,2014-02-11,NST
14768268,PCT/JP2014/055476,2014-03-04,NST
14768269,PCT/AU2014/000125,2014-02-14,NST
14768270,PCT/EP2014/051424,2014-01-24,NST
14768271,PCT/KR2014/001295,2014-02-18,NST
14768272,PCT/US2014/018481,2014-02-26,NST
14768273,PCT/JP2014/053752,2014-02-18,NST
14768274,PCT/JP2013/061764,2013-04-22,NST
14768275,61765537,2013-02-15,PRO
14768275,PCT/US14/16536,2014-02-14,NST
14768276,PCT/IB2014/059065,2014-02-18,NST
14768277,PCT/EP2014/052142,2014-02-04,NST
14768278,PCT/EP2014/053792,2014-02-27,NST
14768279,PCT/JP2014/050287,2014-01-10,NST
14768280,PCT/US13/43747,2013-05-31,NST
14768281,PCT/JP2014/053902,2014-02-19,NST
14768282,PCT/IB2014/059775,2014-03-14,NST
14768283,PCT/JP2013/007706,2013-12-27,NST
14768284,PCT/KR2014/001040,2014-02-07,NST
14768285,PCT/KR2013/001286,2013-02-19,NST
14768287,PCT/EP2014/053298,2014-02-20,NST
14768288,PCT/JP2014/054822,2014-02-27,NST
14768289,PCT/JP14/58886,2014-03-27,NST
14768290,PCT/IB2013/002430,2013-10-31,NST
14768291,PCT/US2014/020703,2014-03-05,NST
14768292,PCT/NL2014/050079,2014-02-10,NST
14768293,PCT/KR2014/000937,2014-02-04,NST
14768295,PCT/JP2014/060559,2014-04-08,NST
14768296,PCT/JP2013/005343,2013-09-10,NST
14768297,PCT/US13/33364,2013-03-21,NST
14768298,61806821,2013-03-29,PRO
14768298,PCT/US14/30967,2014-03-18,NST
14768299,PCT/EP2014/000692,2014-03-14,NST
14768300,PCT/JP14/58670,2014-03-26,NST
14768301,PCT/JP2014/060560,2014-04-08,NST
14768302,PCT/CN2013/071735,2013-02-21,NST
14768303,PCT/FR2014/050300,2014-02-14,NST
14768304,PCT/US2014/027139,2014-03-14,NST
14768305,PCT/JP2014/058880,2014-03-27,NST
14768306,PCT/NZ2014/000018,2014-02-18,NST
14768307,PCT/EP2014/052243,2014-02-05,NST
14768308,PCT/JP2014/053996,2014-02-20,NST
14768309,PCT/CN2013/091162,2013-12-31,NST
14768310,PCT/JP2014/060064,2014-04-07,NST
14768311,PCT/KR2014/001289,2014-02-18,NST
14768312,PCT/FI2014/050120,2014-02-18,NST
14768313,61786302,2013-03-14,PRO
14768313,PCT/US14/21076,2014-03-06,NST
14768314,PCT/JP2013/061127,2013-04-12,NST
14768315,PCT/EP2014/000435,2014-02-18,NST
14768317,PCT/US2013/027113,2013-02-21,NST
14768318,PCT/JP2014/053949,2014-02-19,NST
14768319,PCT/JP2013/053991,2013-02-19,NST
14768320,PCT/EP2014/053415,2014-02-21,NST
14768321,PCT/TR2014/000034,2014-02-12,NST
14768322,PCT/ES2014/070142,2014-02-25,NST
14768323,PCT/EP2014/052922,2014-02-14,NST
14768324,PCT/CN2014/072047,2014-02-13,NST
14768325,PCT/JP2014/000516,2014-01-31,NST
14768326,PCT/JP2014/053255,2014-02-13,NST
14768327,PCT/JP2013/064614,2013-05-27,NST
14768328,PCT/JP2014/052728,2014-02-06,NST
14768329,PCT/EP2014/052839,2014-02-13,NST
14768330,PCT/JP2014/054869,2014-02-27,NST
14768331,PCT/JP2014/053777,2014-02-18,NST
14768332,PCT/AU2014/000143,2014-02-19,NST
14768333,PCT/EP2014/053132,2014-02-18,NST
14768334,PCT/EP2014/051850,2014-01-30,NST
14768335,PCT/US2014/017976,2014-02-24,NST
14768336,PCT/AU2014/000110,2014-02-12,NST
14768337,PCT/AT2014/050041,2014-02-21,NST
14768338,PCT/JP2014/079382,2014-10-29,NST
14768339,PCT/US2014/019955,2014-03-03,NST
14768340,PCT/US2013/027578,2013-02-25,NST
14768341,PCT/US2014/015938,2014-02-12,NST
14768342,PCT/KR2014/001537,2014-02-25,NST
14768343,PCT/ES2014/070126,2014-02-20,NST
14768344,PCT/EP2014/055550,2014-03-19,NST
14768345,PCT/US2014/013218,2014-01-27,NST
14768346,PCT/JP2013/073898,2013-09-05,NST
14768348,PCT/AU2014/000118,2014-02-13,NST
14768350,PCT/EP2014/053102,2014-02-18,NST
14768351,PCT/EP2014/051849,2014-01-30,NST
14768352,PCT/JP2014/053617,2014-02-17,NST
14768353,61765571,2013-02-15,PRO
14768353,PCT/US14/16636,2014-02-15,NST
14768355,PCT/JP2013/072513,2013-08-23,NST
14768356,PCT/CN2013/071758,2013-02-22,NST
14768357,61765914,2013-02-18,PRO
14768357,PCT/US14/16823,2014-02-18,NST
14768358,PCT/JP2014/059155,2014-03-28,NST
14768359,PCT/DE2013/200296,2013-11-11,NST
14768361,PCT/JP2014/056907,2014-03-14,NST
14768362,PCT/US2014/016429,2014-02-14,NST
14768363,PCT/JP2014/055602,2014-03-05,NST
14768364,PCT/JP2014/001067,2014-02-27,NST
14768365,PCT/EP2014/053177,2014-02-19,NST
14768366,PCT/JP2014/053787,2014-02-18,NST
14768367,PCT/DE2013/200295,2013-11-11,NST
14768369,PCT/JP14/58672,2014-03-26,NST
14768372,PCT/CN2013/071629,2013-02-18,NST
14768373,61766976,2013-02-20,PRO
14768373,61827080,2013-05-24,PRO
14768373,61897672,2013-10-30,PRO
14768373,PCT/US14/17408,2014-02-20,NST
14768374,PCT/JP2014/062692,2014-05-13,NST
14768375,PCT/JP2014/056590,2014-03-06,NST
14768376,PCT/GB2014/050467,2014-02-18,NST
14768377,PCT/KR2013/010291,2013-11-13,NST
14768378,PCT/KR2013/001264,2013-02-18,NST
14768379,PCT/GB2014/050479,2014-02-19,NST
14768381,PCT/JP2013/054863,2013-02-26,NST
14768382,PCT/IB2014/059036,2014-02-17,NST
14768383,PCT/IB2014/058991,2014-02-14,NST
14768384,PCT/DE2014/200032,2014-01-29,NST
14768385,PCT/JP2014/052356,2014-01-31,NST
14768386,PCT/JP2014/053708,2014-02-18,NST
14768387,PCT/US2013/075060,2013-12-13,NST
14768388,PCT/JP2013/064613,2013-05-27,NST
14768389,PCT/US2014/020415,2014-03-04,NST
14768390,PCT/JP2014/053413,2014-02-14,NST
14768391,PCT/EP2014/058437,2014-04-25,NST
14768392,PCT/GB2014/000058,2014-02-18,NST
14768393,PCT/EP2014/052245,2014-02-05,NST
14768394,61765991,2013-02-18,PRO
14768394,61852221,2013-03-15,PRO
14768394,PCT/US14/16883,2014-02-18,NST
14768395,PCT/IB2014/058215,2014-01-13,NST
14768397,PCT/JP2013/058593,2013-03-25,NST
14768399,PCT/JP2014/075648,2014-09-26,NST
14768400,PCT/ES2014/070115,2014-02-14,NST
14768401,PCT/NO2014/050027,2014-03-04,NST
14768402,61772774,2013-03-05,PRO
14768402,PCT/US14/20356,2014-03-04,NST
14768404,PCT/IB2014/059242,2014-02-25,NST
14768405,61767138,2013-02-20,PRO
14768405,61928952,2014-01-17,PRO
14768405,PCT/US14/17524,2014-02-20,NST
14768406,PCT/US2013/038829,2013-04-30,NST
14768407,PCT/EP2013/000542,2013-02-25,NST
14768408,61770814,2013-02-28,PRO
14768408,PCT/US14/18005,2014-02-24,NST
14768409,PCT/CA2014/000122,2014-02-18,NST
14768410,PCT/CA2014/050184,2014-03-06,NST
14768411,PCT/KR2013/005696,2013-06-27,NST
14768412,PCT/KR2014/002285,2014-03-18,NST
14768413,PCT/JP2013/082488,2013-12-03,NST
14768414,PCT/JP2014/053195,2014-02-12,NST
14768415,PCT/EP2014/052652,2014-02-11,NST
14768416,61766610,2013-02-19,PRO
14768416,PCT/US14/17193,2014-02-19,NST
14768418,PCT/CN2013/081798,2013-08-19,NST
14768419,PCT/KR2013/005691,2013-06-27,NST
14768420,PCT/IL2014/050176,2014-02-18,NST
14768421,PCT/GB2014/050451,2014-02-17,NST
14768422,61767219,2013-02-20,PRO
14768422,PCT/US14/17226,2014-02-19,NST
14768423,PCT/EP2014/053694,2014-02-26,NST
14768424,PCT/JP2014/053145,2014-02-12,NST
14768426,PCT/JP2014/000766,2014-02-14,NST
14768427,PCT/JP2014/000807,2014-02-17,NST
14768429,PCT/CN2014/076119,2014-04-24,NST
14768430,PCT/JP2014/000763,2014-02-14,NST
14768432,PCT/KR2013/005693,2013-06-27,NST
14768434,61766035,2013-02-18,PRO
14768434,61768205,2013-02-22,PRO
14768434,PCT/US14/16519,2014-02-14,NST
14768435,PCT/JP2014/053440,2014-02-14,NST
14768436,PCT/CN2014/075783,2014-04-21,NST
14768437,PCT/EP2014/053003,2014-02-17,NST
14768438,PCT/RO2014/050001,2014-04-04,NST
14768439,PCT/CN2014/074000,2014-03-25,NST
14768440,PCT/EP2014/052780,2014-02-13,NST
14768441,PCT/US2013/028570,2013-03-01,NST
14768442,PCT/EP2014/053379,2014-02-21,NST
14768443,PCT/CN2014/075171,2014-04-11,NST
14768444,PCT/US13/28032,2013-02-27,NST
14768445,PCT/EP2014/052781,2014-02-13,NST
14768446,PCT/JP2014/053474,2014-02-14,NST
14768447,PCT/IN2014/000099,2014-02-18,NST
14768448,PCT/US2014/018131,2014-02-25,NST
14768449,PCT/FR2014/050306,2014-02-14,NST
14768450,PCT/CN2014/072161,2014-02-17,NST
14768451,PCT/KR2014/001459,2014-02-24,NST
14768452,PCT/CA2014/050104,2014-02-14,NST
14768453,PCT/SG2013/000062,2013-02-18,NST
14768454,PCT/KR2014/001051,2014-02-07,NST
14768455,PCT/EP2014/052525,2014-02-10,NST
14768456,PCT/KR2014/001245,2014-02-17,NST
14768458,PCT/IB2014/059037,2014-02-17,NST
14768459,PCT/GB2014/050559,2014-02-25,NST
14768460,PCT/AU2014/000048,2014-01-24,NST
14768461,PCT/IL2014/050181,2014-02-18,NST
14768462,PCT/JP2013/074656,2013-09-12,NST
14768463,PCT/JP2014/050588,2014-01-15,NST
14768464,PCT/AU2014/000047,2014-01-24,NST
14768465,61776381,2013-03-11,PRO
14768465,PCT/US14/23521,2014-03-11,NST
14768466,PCT/IB2013/000534,2013-03-05,NST
14768467,PCT/SE2013/050202,2013-03-07,NST
14768468,61766558,2013-02-19,PRO
14768468,PCT/US14/17222,2014-02-19,NST
14768469,PCT/EP2013/077596,2013-12-20,NST
14768470,PCT/DE2014/000134,2014-03-12,NST
14768471,PCT/US15/17455,2015-02-25,NST
14768472,61219137,2009-06-22,PRO
14768472,12795841,2010-06-08,CIP
14768472,13959204,2013-08-05,CIP
14768472,14157650,2014-01-17,CIP
14768472,PCT/US14/47556,2014-07-22,NST
14768473,PCT/ES2014/070064,2014-01-29,NST
14768474,PCT/AU2014/000150,2014-02-20,NST
14768475,61787055,2013-03-15,PRO
14768475,PCT/US14/27149,2014-03-14,NST
14768476,PCT/KR2014/001001,2014-02-06,NST
14768477,PCT/EP2014/052151,2014-02-04,NST
14768478,PCT/NL2014/050099,2014-02-18,NST
14768479,PCT/JP2013/000909,2013-02-19,NST
14768480,PCT/JP2013/062041,2013-04-24,NST
14768481,PCT/EP2014/051755,2014-01-30,NST
14768482,PCT/JP2013/003946,2013-06-24,NST
14768483,PCT/US2014/015450,2014-02-08,NST
14768484,PCT/JP2013/004485,2013-07-23,NST
14768485,PCT/JP2013/004486,2013-07-23,NST
14768486,PCT/EP2014/059302,2014-05-07,NST
14768487,PCT/JP2013/000906,2013-02-19,NST
14768488,PCT/EP2014/054014,2014-03-03,NST
14768489,PCT/US2014/017115,2014-02-19,NST
14768490,PCT/EP2014/053237,2014-02-19,NST
14768491,PCT/JP2013/076875,2013-10-02,NST
14768492,PCT/EP2014/054086,2014-03-03,NST
14768493,PCT/US2014/016913,2014-02-18,NST
14768495,PCT/DE2014/000079,2014-02-27,NST
14768496,PCT/JP2014/054123,2014-02-21,NST
14768497,PCT/US2014/016911,2014-02-18,NST
14768498,PCT/AU2014/000234,2014-03-11,NST
14768499,PCT/US2014/016642,2014-02-15,NST
14768500,PCT/JP2014/053697,2014-02-18,NST
14768501,PCT/US2014/016909,2014-02-18,NST
14768502,PCT/IB2014/000381,2014-02-04,NST
14768505,PCT/EP2014/052157,2014-02-04,NST
14768506,PCT/EP2014/052554,2014-02-10,NST
14768507,PCT/JP2014/053477,2014-02-14,NST
14768508,PCT/JP2014/053560,2014-02-14,NST
14768509,PCT/SG2014/000077,2014-02-21,NST
14768511,PCT/JP2013/085094,2013-12-27,NST
14768512,PCT/US2013/069069,2013-11-08,NST
14768513,PCT/JP2014/059904,2014-03-28,NST
14768514,PCT/US2014/017139,2014-02-19,NST
14768515,PCT/EP2014/052657,2014-02-11,NST
14768516,PCT/AU2013/001121,2013-09-30,NST
14768517,PCT/EP2014/000343,2014-02-07,NST
14768518,PCT/JP2014/060447,2014-04-04,NST
14768519,PCT/JP2014/001143,2014-03-03,NST
14768520,PCT/JP2014/056123,2014-03-10,NST
14768521,PCT/SG2014/000063,2014-02-19,NST
14768522,PCT/JP2014/053567,2014-02-16,NST
14768523,PCT/JP2013/084216,2013-12-20,NST
14768525,PCT/US2014/016915,2014-02-18,NST
14768526,PCT/US2013/027036,2013-02-21,NST
14768527,PCT/JP2014/053871,2014-02-19,NST
14768528,PCT/CA2014/000120,2014-02-18,NST
14768529,PCT/US2014/016971,2014-02-18,NST
14768530,PCT/EP2014/052809,2014-02-13,NST
14768531,PCT/JP2014/052416,2014-02-03,NST
14768532,PCT/US13/30144,2013-03-11,NST
14768533,PCT/DE2014/000063,2014-02-18,NST
14768534,PCT/JP2014/053597,2014-02-17,NST
14768535,PCT/EP2014/054120,2014-03-04,NST
14768536,PCT/US2014/023462,2014-03-11,NST
14768537,PCT/JP2014/074140,2014-09-11,NST
14768538,PCT/US2014/017647,2014-02-21,NST
14768539,PCT/EP2014/053610,2014-02-25,NST
14768540,PCT/US2014/014119,2014-01-31,NST
14768541,PCT/EP2014/053264,2014-02-19,NST
14768542,PCT/JP2014/000746,2014-02-14,NST
14768543,PCT/JP2014/055807,2014-03-06,NST
14768544,PCT/JP2014/053798,2014-02-18,NST
14768545,PCT/EP2014/052582,2014-02-11,NST
14768546,PCT/EP2014/053108,2014-02-18,NST
14768547,PCT/JP2013/053849,2013-02-18,NST
14768548,PCT/JP2014/053009,2014-02-10,NST
14768549,PCT/GB2014/050522,2014-02-21,NST
14768550,PCT/JP2014/001698,2014-03-25,NST
14768551,PCT/DE2014/000048,2014-02-05,NST
14768552,PCT/EP2014/052387,2014-02-07,NST
14768553,PCT/FR2014/050341,2014-02-18,NST
14768554,PCT/JP2014/053035,2014-02-10,NST
14768555,PCT/NZ2014/000019,2014-02-19,NST
14768556,PCT/AT2014/000020,2014-01-30,NST
14768557,PCT/US13/34508,2013-03-28,NST
14768558,PCT/US2014/021528,2014-03-07,NST
14768559,PCT/IB2014/058893,2014-02-11,NST
14768560,PCT/JP2014/050611,2014-01-16,NST
14768561,PCT/JP13/01843,2013-03-18,NST
14768562,PCT/JP2014/054727,2014-02-26,NST
14768563,61767867,2013-02-22,PRO
14768563,PCT/US14/16771,2014-02-18,NST
14768564,PCT/JP2014/067395,2014-06-30,NST
14768566,PCT/EP2013/053219,2013-02-19,NST
14768567,PCT/JP2014/000674,2014-02-07,NST
14768568,PCT/EP2014/052682,2014-02-12,NST
14768569,PCT/JP2013/007696,2013-12-27,NST
14768570,PCT/JP2014/072650,2014-08-28,NST
14768571,PCT/EP2014/000407,2014-02-14,NST
14768572,PCT/EP2014/052235,2014-02-05,NST
14768573,PCT/JP2014/084421,2014-12-25,NST
14768574,PCT/FI2014/050123,2014-02-19,NST
14768575,PCT/EP2014/052163,2014-02-04,NST
14768576,PCT/PL2014/050081,2014-12-30,NST
14768577,PCT/JP2014/053737,2014-02-18,NST
14768578,PCT/EP2014/053164,2014-02-18,NST
14768579,PCT/EP2014/000449,2014-02-20,NST
14768580,PCT/JP2014/054262,2014-02-24,NST
14768581,PCT/EP2014/052757,2014-02-12,NST
14768582,PCT/EP2014/052165,2014-02-04,NST
14768583,PCT/GB2014/050468,2014-02-18,NST
14768585,PCT/DE2014/000066,2014-02-15,NST
14768586,61783111,2013-03-14,PRO
14768586,PCT/US13/75296,2013-12-16,NST
14768588,PCT/IL2014/050183,2014-02-19,NST
14768589,61766302,2013-02-19,PRO
14768589,PCT/US14/17151,2014-02-19,NST
14768590,PCT/JP2013/075548,2013-09-20,NST
14768591,61766923,2013-02-20,PRO
14768591,PCT/US14/16769,2014-02-18,NST
14768592,PCT/US2014/024103,2014-03-12,NST
14768593,PCT/JP2014/053180,2014-02-12,NST
14768594,PCT/US2013/030858,2013-03-13,NST
14768595,61767420,2013-02-21,PRO
14768595,61818881,2013-05-02,PRO
14768595,PCT/US2014/017836,2014-02-21,NST
14768596,PCT/IL14/50186,2014-02-19,NST
14768598,PCT/FI2014/050122,2014-02-19,NST
14768599,61813733,2013-04-19,PRO
14768599,PCT/US14/32104,2014-03-28,NST
14768600,PCT/JP2014/052611,2014-02-05,NST
14768601,PCT/US2013/027014,2013-02-21,NST
14768602,PCT/JP2013/081112,2013-11-19,NST
14768603,PCT/CN2013/080465,2013-07-31,NST
14768604,PCT/JP2013/079233,2013-10-29,NST
14768605,PCT/EP2014/051006,2014-01-20,NST
14768606,PCT/JP2014/053177,2014-02-12,NST
14768607,PCT/EP2014/000428,2014-02-17,NST
14768608,PCT/US2014/023051,2014-03-11,NST
14768609,PCT/EP2014/053134,2014-02-18,NST
14768610,PCT/EP2014/055662,2014-03-20,NST
14768611,PCT/KR2014/001988,2014-03-11,NST
14768612,PCT/GB2014/050469,2014-02-18,NST
14768613,PCT/US2014/017841,2014-02-21,NST
14768614,PCT/EP2014/052517,2014-02-10,NST
14768615,PCT/KR2014/001505,2014-02-25,NST
14768616,PCT/US2014/017122,2014-02-19,NST
14768617,PCT/EP2014/053067,2014-02-18,NST
14768618,PCT/JP2014/052100,2014-01-30,NST
14768619,PCT/EP2014/054016,2014-03-03,NST
14768620,PCT/US2013/052008,2013-07-25,NST
14768621,PCT/CN2014/094458,2014-12-22,NST
14768622,PCT/US13/32038,2013-03-15,NST
14768623,PCT/AU2014/000294,2014-03-19,NST
14768624,PCT/JP2013/084422,2013-12-24,NST
14768625,PCT/CN2013/073626,2013-04-02,NST
14768626,PCT/JP2013/054552,2013-02-22,NST
14768627,PCT/JP2013/054545,2013-02-22,NST
14768628,PCT/JP2014/054358,2014-02-24,NST
14768629,PCT/EP2014/054601,2014-03-10,CON
14768629,PCT/EP2014/054601,2014-03-10,NST
14768630,PCT/EP2014/052512,2014-02-10,NST
14768631,PCT/GB2014/050472,2014-02-18,NST
14768632,61766387,2013-02-19,PRO
14768632,PCT/US14/17127,2014-02-19,NST
14768633,PCT/US2013/075325,2013-12-16,NST
14768634,PCT/CA2014/000217,2014-03-12,NST
14768635,PCT/JP2014/053178,2014-02-12,NST
14768636,PCT/CN2013/072391,2013-03-11,NST
14768637,61766576,2013-02-19,PRO
14768637,PCT/US14/17153,2014-02-19,NST
14768638,PCT/EP2014/052950,2014-02-14,NST
14768639,PCT/US2014/017255,2014-02-20,NST
14768640,PCT/RU14/00730,2014-09-29,NST
14768641,61766766,2013-02-20,PRO
14768641,PCT/IL14/50175,2014-02-18,NST
14768642,PCT/CN2014/072048,2014-02-13,NST
14768643,PCT/CN2013/072430,2013-03-12,NST
14768644,PCT/IL2014/050182,2014-02-19,NST
14768645,PCT/FR2014/050335,2014-02-18,NST
14768646,PCT/JP2014/055101,2014-02-28,NST
14768647,PCT/GB2014/050485,2014-02-19,NST
14768648,PCT/GB2014/050473,2014-02-18,NST
14768649,PCT/EP2014/053330,2014-02-20,NST
14768650,PCT/US2014/022029,2014-03-07,NST
14768651,PCT/JP2014/053624,2014-02-17,NST
14768652,PCT/JP2014/059594,2014-03-31,NST
14768653,PCT/JP2014/050987,2014-01-20,NST
14768654,PCT/EP2014/053403,2014-02-21,NST
14768655,PCT/JP2014/053240,2014-02-13,NST
14768656,PCT/EP2014/053066,2014-02-18,NST
14768657,PCT/JP2014/052051,2014-01-30,NST
14768658,PCT/GB2014/050481,2014-02-19,NST
14768659,PCT/IB2013/051377,2013-02-20,NST
14768660,PCT/JP2014/054657,2014-02-26,NST
14768661,PCT/JP2013/007431,2013-12-18,NST
14768662,PCT/CN2014/072041,2014-02-13,NST
14768663,PCT/AU2014/000139,2014-02-19,NST
14768665,PCT/JP2014/054233,2014-02-21,NST
14768666,PCT/FR2014/050309,2014-02-14,NST
14768667,PCT/US2013/027013,2013-02-21,NST
14768668,PCT/GB2014/050394,2014-02-11,NST
14768669,PCT/GB2014/050474,2014-02-18,NST
14768670,61787988,2013-03-15,PRO
14768670,PCT/US14/17686,2014-02-21,NST
14768671,PCT/AU2014/000145,2014-02-19,NST
14768672,PCT/US2014/016919,2014-02-18,NST
14768673,PCT/JP2014/054613,2014-02-26,NST
14768674,PCT/IL2014/050179,2014-02-18,NST
14768675,PCT/JP2014/054041,2014-02-20,NST
14768676,PCT/US2014/013778,2014-01-30,NST
14768677,PCT/GB2014/050890,2014-03-21,NST
14768678,PCT/IB2014/059107,2014-02-20,NST
14768679,PCT/GB2014/050888,2014-03-21,NST
14768680,61766543,2013-02-19,PRO
14768680,PCT/US14/17145,2014-02-19,NST
14768681,PCT/JP2013/064083,2013-05-21,NST
14768682,PCT/GB2014/050891,2014-03-21,NST
14768683,PCT/JP2014/060311,2014-04-09,NST
14768684,PCT/GB2014/050612,2014-03-03,NST
14768685,PCT/US2014/017517,2014-02-20,NST
14768686,PCT/JP2014/052753,2014-02-06,NST
14768687,PCT/JP2014/052054,2014-01-30,NST
14768688,PCT/EP2014/054017,2014-03-03,NST
14768689,61766079,2013-02-18,PRO
14768689,PCT/US14/17002,2014-02-18,NST
14768690,PCT/KR2014/001352,2014-02-19,NST
14768691,PCT/JP2014/052388,2014-02-03,NST
14768692,61770801,2013-02-28,PRO
14768692,PCT/US14/19123,2014-02-27,NST
14768693,PCT/JP2014/054556,2014-02-25,NST
14768696,PCT/JP13/60927,2013-04-11,NST
14768697,PCT/EP2014/053322,2014-02-20,NST
14768698,PCT/KR2014/008272,2014-09-03,NST
14768699,PCT/JP2014/053943,2014-02-19,NST
14768700,PCT/EP2014/053028,2014-02-17,NST
14768701,PCT/AU2014/000114,2014-02-13,NST
14768702,PCT/CN2013/088279,2013-12-02,NST
14768703,61902885,2013-11-12,PRO
14768703,PCT/US14/62331,2014-10-27,NST
14768704,PCT/US2013/075107,2013-12-13,NST
14768705,PCT/EP2014/054018,2014-03-03,NST
14768706,PCT/CA2014/050113,2014-02-19,NST
14768707,PCT/CN2014/072561,2014-02-26,NST
14768708,PCT/US2014/017318,2014-02-20,NST
14768709,PCT/JP2014/052821,2014-02-07,NST
14768710,PCT/CN2014/072791,2014-03-03,NST
14768711,PCT/JP2014/054090,2014-02-20,NST
14768712,PCT/IB2013/002069,2013-09-20,NST
14768713,PCT/JP2014/052542,2014-02-04,NST
14768714,PCT/US2014/016509,2014-02-14,NST
14768715,PCT/IB14/61567,2014-05-20,NST
14768716,61902885,2013-11-12,PRO
14768716,PCT/US14/62333,2014-10-27,NST
14768717,PCT/IB2013/002180,2013-10-02,NST
14768718,PCT/CN2014/071943,2014-02-11,NST
14768719,PCT/IB2013/002320,2013-10-16,NST
14768720,PCT/IB2014/000182,2014-02-20,NST
14768721,61781180,2013-03-14,PRO
14768721,PCT/US13/52003,2013-07-25,NST
14768722,PCT/EP2014/052287,2014-02-06,NST
14768723,PCT/GB2014/050458,2014-02-17,NST
14768724,PCT/JP2014/000383,2014-01-27,NST
14768725,PCT/GB2014/050457,2014-02-17,NST
14768727,PCT/JP2014/053683,2014-02-18,NST
14768728,PCT/EP2014/053006,2014-02-17,NST
14768729,PCT/CN2013/081855,2013-08-20,NST
14768730,PCT/CN2014/070685,2014-01-15,NST
14768731,PCT/NO2014/050021,2014-02-11,NST
14768733,PCT/US2014/017773,2014-02-21,NST
14768734,PCT/KR2014/001332,2014-02-19,NST
14768735,61765956,2013-02-18,PRO
14768735,61765968,2013-02-18,PRO
14768735,PCT/US14/16881,2014-02-18,NST
14768736,PCT/US12/38982,2012-05-22,CON
14768736,61776225,2013-03-11,PRO
14768736,PCT/US13/41932,2013-05-21,NST
14768737,PCT/EP2014/053080,2014-02-18,NST
14768738,PCT/JP2014/050042,2014-01-07,NST
14768739,PCT/CN2013/071925,2013-02-27,NST
14768740,PCT/GB2014/050484,2014-02-19,NST
14768741,PCT/US2014/028832,2014-03-14,NST
14768742,PCT/US2014/017136,2014-05-27,NST
14768743,PCT/FR2014/050359,2014-02-21,NST
14768744,PCT/IB2014/059067,2014-02-18,NST
14768745,PCT/JP2014/053994,2014-02-20,NST
14768746,PCT/DE2014/200004,2014-01-17,NST
14768747,PCT/US2014/017378,2014-02-20,NST
14768748,PCT/FR2014/050331,2014-02-17,NST
14768749,PCT/US2014/016673,2014-02-17,NST
14768750,PCT/CN2013/072948,2013-03-20,NST
14768752,PCT/ES2014/070121,2014-02-19,NST
14768754,PCT/US2014/015553,2014-02-10,NST
14768755,PCT/EP2014/052100,2014-02-04,NST
14768756,PCT/US2013/074047,2013-12-10,NST
14768757,PCT/US2014/016457,2014-02-14,NST
14768758,61773135,2013-03-05,PRO
14768758,PCT/US14/19815,2014-03-03,NST
14768759,PCT/TR2014/000037,2014-02-18,NST
14768760,PCT/CA2014/000165,2014-03-03,NST
14768761,PCT/JP2013/054075,2013-02-20,NST
14768762,PCT/US2013/027133,2013-02-21,NST
14768763,PCT/JP2014/053357,2014-02-13,NST
14768764,PCT/EP2014/052354,2014-02-06,NST
14768765,PCT/CN2012/087698,2012-12-27,NST
14768766,PCT/IL2014/050281,2014-03-13,NST
14768767,PCT/DE2014/100066,2014-02-25,NST
14768768,PCT/JP2014/053691,2014-02-18,NST
14768769,PCT/US2014/022403,2014-03-10,NST
14768770,PCT/JP2013/057510,2013-03-15,NST
14768771,PCT/JP2014/052376,2014-02-03,NST
14768772,PCT/JP2014/051964,2014-01-29,NST
14768773,61785782,2013-03-14,PRO
14768773,PCT/US14/23604,2014-03-11,NST
14768774,PCT/US2013/049845,2013-07-10,NST
14768775,PCT/US2014/022932,2014-03-11,NST
14768776,PCT/JP2013/007391,2013-12-16,NST
14768777,PCT/AU2014/000148,2014-02-19,NST
14768778,PCT/US13/52454,2013-07-29,NST
14768779,PCT/US2014/020496,2014-03-05,NST
14768780,PCT/US2014/023577,2014-03-11,NST
14768782,PCT/AU2014/000152,2014-02-20,NST
14768783,PCT/FR2014/050349,2014-02-20,NST
14768784,PCT/JP2014/054780,2014-02-20,NST
14768785,PCT/JP2014/053469,2014-02-14,NST
14768786,PCT/JP2014/054927,2014-02-27,NST
14768787,PCT/JP2014/053987,2014-02-20,NST
14768788,PCT/EP2013/053828,2013-02-26,NST
14768789,PCT/IL2014/050173,2014-02-18,NST
14768790,PCT/CN2013/071672,2013-02-19,NST
14768791,PCT/EP2014/053451,2014-02-21,NST
14768792,PCT/US2014/023534,2014-03-11,NST
14768794,PCT/JP2014/053735,2014-02-18,NST
14768795,PCT/JP2013/080394,2013-11-11,NST
14768796,PCT/IT2014/000055,2014-02-26,NST
14768797,PCT/PT2014/000013,2014-02-19,NST
14768798,61770714,2013-02-28,PRO
14768798,PCT/US14/18323,2014-02-25,NST
14768799,PCT/JP2014/053738,2014-02-18,NST
14768800,PCT/JP2014/053931,2014-02-19,NST
14768801,PCT/EP2014/055854,2014-03-24,NST
14768802,PCT/CN2013/083800,2013-09-18,NST
14768803,PCT/EP2013/053333,2013-02-20,NST
14768804,PCT/US2013/030166,2013-03-11,NST
14768805,PCT/US2014/018897,2014-02-27,NST
14768806,PCT/EP2014/051768,2014-01-30,NST
14768807,PCT/EP2014/052452,2014-02-07,NST
14768808,PCT/EP2014/053381,2014-02-21,NST
14768809,PCT/EP2014/053190,2014-02-19,NST
14768810,PCT/JP2014/055442,2014-03-04,NST
14768811,PCT/JP2014/059057,2014-03-20,NST
14768812,PCT/EP2014/054090,2014-03-03,NST
14768814,PCT/JP2014/058268,2014-03-25,NST
14768815,PCT/GB2014/050384,2014-02-10,NST
14768816,PCT/EP2014/052544,2014-02-10,NST
14768817,PCT/EP2014/054514,2014-03-10,NST
14768818,PCT/JP2014/053157,2014-02-12,NST
14768819,PCT/JP2014/000876,2014-02-20,NST
14768820,61766366,2013-02-19,PRO
14768820,PCT/US14/16905,2014-02-18,NST
14768821,PCT/US2014/016892,2014-02-18,NST
14768822,PCT/US2014/016694,2014-02-17,NST
14768823,PCT/EP2013/053233,2013-02-19,NST
14768824,61766599,2013-02-19,PRO
14768824,PCT/US14/17214,2014-02-19,NST
14768825,PCT/IB2014/061200,2014-05-05,NST
14768826,61766368,2013-02-19,PRO
14768826,PCT/US14/16801,2014-02-18,NST
14768827,PCT/EP2014/052310,2014-02-06,NST
14768828,PCT/JP14/54696,2014-02-26,NST
14768830,61800318,2013-03-15,PRO
14768830,PCT/US13/75955,2013-12-18,NST
14768831,PCT/JP2014/063991,2014-05-27,NST
14768832,61769518,2013-02-26,PRO
14768832,PCT/US14/17911,2014-02-24,NST
14768833,PCT/JP2013/065011,2013-05-30,NST
14768834,PCT/US2013/028202,2013-02-28,NST
14768835,PCT/JP2013/085100,2013-12-27,NST
14768837,PCT/JP2014/055035,2014-02-28,NST
14768838,PCT/US15/23704,2015-03-31,NST
14768839,61787535,2013-03-15,PRO
14768839,PCT/US13/75946,2013-12-18,NST
14768840,61770593,2013-02-28,PRO
14768840,PCT/US14/18556,2014-02-26,NST
14768841,PCT/IB2014/061483,2014-05-16,NST
14768842,PCT/EP2014/052028,2014-02-03,NST
14768843,PCT/JP2014/053941,2014-02-19,NST
14768844,PCT/JP13/65037,2013-05-30,NST
14768845,61790137,2013-03-15,PRO
14768845,PCT/US14/28224,2014-03-14,NST
14768846,61768206,2013-02-22,PRO
14768846,PCT/US14/17567,2014-02-21,NST
14768848,PCT/JP2014/053946,2014-02-19,NST
14768849,61770385,2013-02-28,PRO
14768849,PCT/US14/18549,2014-02-26,NST
14768850,61810466,2013-04-10,PRO
14768850,PCT/US14/33646,2014-04-10,NST
14768852,PCT/JP2014/056477,2014-03-12,NST
14768853,PCT/US2013/028012,2013-02-27,NST
14768854,PCT/US13/34607,2013-03-29,NST
14768855,PCT/EP2014/053001,2014-02-17,NST
14768856,PCT/EP2014/052352,2014-02-06,NST
14768857,PCT/US2014/013300,2014-01-28,NST
14768858,PCT/JP2014/002723,2014-05-23,NST
14768859,PCT/EP2014/053921,2014-02-28,NST
14768860,PCT/AU2014/000131,2014-02-16,NST
14768861,PCT/JP2014/080035,2014-11-13,NST
14768862,PCT/FR2014/050352,2014-02-20,NST
14768863,PCT/KR2014/002216,2014-03-17,NST
14768864,61788795,2013-03-15,PRO
14768864,PCT/US14/29291,2014-03-14,NST
14768865,PCT/KR2014/001337,2014-02-19,NST
14768866,PCT/JP2013/068880,2013-07-10,NST
14768867,PCT/JP2013/084691,2013-12-25,NST
14768868,PCT/JP2013/074262,2013-09-09,NST
14768869,PCT/GB2014/050772,2014-03-14,NST
14768870,PCT/KR2013/006804,2013-07-30,NST
14768871,PCT/EP2014/053154,2014-02-18,NST
14768872,PCT/JP2014/052330,2014-01-31,NST
14768873,PCT/JP2014/000881,2014-02-20,NST
14768874,61768066,2013-02-22,PRO
14768874,PCT/US14/16897,2014-02-18,NST
14768875,PCT/US2014/015317,2014-02-07,NST
14768876,PCT/EP2014/052954,2014-02-14,NST
14768877,PCT/EP2014/053261,2014-02-19,NST
14768878,61766482,2013-02-19,PRO
14768878,PCT/US14/17189,2014-02-19,NST
14768879,PCT/IT2013/000053,2013-02-20,NST
14768880,PCT/US2014/017330,2014-02-20,NST
14768881,PCT/EP2014/053781,2014-02-27,NST
14768883,PCT/IN2014/000103,2014-02-19,NST
14768884,PCT/CA2014/000012,2014-01-10,NST
14768885,PCT/US2014/017076,2014-02-19,NST
14768886,PCT/FR2014/050504,2014-03-05,NST
14768887,61767736,2013-02-21,PRO
14768887,PCT/US14/17758,2014-02-21,NST
14768888,PCT/JP2014/053940,2014-02-19,NST
14768889,61780036,2013-03-13,PRO
14768889,PCT/US13/46776,2013-06-20,NST
14768890,61767066,2013-02-20,PRO
14768890,PCT/US14/17342,2014-02-20,NST
14768891,PCT/JP2014/000385,2014-01-27,NST
14768892,PCT/DE2014/100085,2014-03-12,NST
14768893,PCT/EP2014/053689,2014-02-26,NST
14768894,PCT/EP2014/053068,2014-02-18,NST
14768896,PCT/EP2014/051206,2014-01-22,NST
14768897,PCT/EP2014/054002,2014-02-28,NST
14768898,PCT/KR2013/001884,2013-03-08,NST
14768899,61768618,2013-02-25,PRO
14768899,61865704,2013-08-14,PRO
14768899,PCT/US14/18147,2014-02-25,NST
14768900,PCT/US2014/017944,2014-02-24,NST
14768901,61766162,2013-02-19,PRO
14768901,PCT/US14/16709,2014-02-17,NST
14768902,PCT/JP2014/000384,2014-01-27,NST
14768904,PCT/EP2014/053366,2014-02-20,NST
14768905,PCT/JP2014/054269,2014-02-24,NST
14768906,PCT/JP2014/000565,2014-02-04,NST
14768907,PCT/JP2013/058146,2013-03-21,NST
14768908,61766975,2013-02-20,PRO
14768908,PCT/US14/17394,2014-02-20,NST
14768909,PCT/JP2014/053718,2014-02-18,NST
14768910,61909843,2013-11-27,PRO
14768910,PCT/US13/75084,2013-12-13,NST
14768911,61766926,2013-02-20,PRO
14768911,PCT/US14/17396,2014-02-20,NST
14768912,PCT/JP2014/000888,2014-02-20,NST
14768913,PCT/JP2013/057794,2013-03-19,NST
14768914,PCT/CN2013/081851,2013-08-20,NST
14768915,PCT/EP2014/054069,2014-03-03,NST
14768916,PCT/JP2014/053734,2014-02-18,NST
14768917,PCT/JP2014/000840,2014-02-19,NST
14768918,PCT/JP2014/052793,2014-02-06,NST
14768920,61811689,2013-04-12,PRO
14768920,PCT/US14/33891,2014-04-12,NST
14768921,PCT/IL2014/050539,2014-06-15,NST
14768922,PCT/US2013/026657,2013-02-19,NST
14768923,PCT/JP2013/083723,2013-12-17,NST
14768924,PCT/JP2013/071711,2013-08-09,NST
14768925,PCT/JP2014/053551,2014-02-14,NST
14768926,PCT/JP2013/079102,2013-10-28,NST
14768927,PCT/JP2013/054451,2013-02-22,NST
14768928,PCT/EP2014/052696,2014-02-12,NST
14768929,PCT/EP2014/053021,2014-02-17,NST
14768930,PCT/IL2013/051020,2013-12-10,NST
14768931,PCT/EP13/59046,2013-04-30,NST
14768932,PCT/JP2014/053998,2014-02-20,NST
14768933,PCT/NZ2014/000020,2014-02-20,NST
14768934,PCT/JP2015/053278,2015-02-05,NST
14768935,PCT/JP2014/076933,2014-10-08,NST
14768936,PCT/IB2013/051451,2013-02-22,NST
14768937,PCT/JP14/00537,2014-01-31,NST
14768938,PCT/JP2013/055286,2013-02-28,NST
14768939,PCT/EP2014/000152,2014-01-21,NST
14768941,PCT/EP2014/053296,2014-02-20,NST
14768942,PCT/JP2014/000839,2014-02-19,NST
14768943,PCT/CN2014/074628,2014-04-02,NST
14768945,61768929,2013-02-25,PRO
14768945,PCT/US14/18211,2014-02-25,NST
14768946,PCT/GB2014/050499,2014-02-20,NST
14768947,61850544,2013-02-19,PRO
14768947,PCT/US14/17223,2014-02-19,NST
14768948,PCT/CA2014/000138,2014-02-20,NST
14768949,PCT/JP2014/053898,2014-02-19,NST
14768950,PCT/US2014/016812,2014-02-18,NST
14768952,PCT/EP2014/053223,2014-02-19,NST
14768955,PCT/EP2014/053033,2014-02-17,NST
14768957,PCT/US2014/018986,2014-02-27,NST
14768958,PCT/JP2013/059444,2013-03-29,NST
14768961,PCT/EP2014/053464,2014-02-21,NST
14768963,PCT/SE2014/050055,2014-01-17,NST
14768964,PCT/US2013/078444,2013-12-31,NST
14768965,PCT/EP2014/053169,2014-02-19,NST
14768966,61804862,2013-03-25,PRO
14768966,PCT/US14/30121,2014-03-17,NST
14768968,PCT/JP2014/001533,2014-03-18,NST
14768969,PCT/CA2014/000118,2014-02-18,NST
14768970,PCT/US2014/017311,2014-02-20,NST
14768971,PCT/CN2014/075359,2014-04-15,NST
14768972,PCT/MY2014/000039,2014-03-19,NST
14768973,PCT/US2014/017349,2014-02-20,NST
14768974,PCT/CA2014/050096,2014-02-12,NST
14768975,61767024,2013-02-20,PRO
14768975,PCT/US14/17357,2014-02-20,NST
14768976,PCT/IB2014/000211,2014-02-21,NST
14768977,PCT/US2014/022998,2014-03-11,NST
14768979,PCT/CN2014/071730,2014-01-29,NST
14768980,PCT/JP2014/054088,2014-02-20,NST
14768981,PCT/FR2014/050351,2014-02-20,NST
14768982,PCT/JP2014/053554,2014-02-14,NST
14768984,PCT/US2014/017335,2014-02-20,NST
14768985,PCT/JP2013/054115,2013-02-20,NST
14768986,PCT/AU2014/000141,2014-02-19,NST
14768987,PCT/US2014/017232,2014-02-19,NST
14768988,61767388,2013-02-21,PRO
14768988,PCT/US14/17697,2014-02-21,NST
14768989,PCT/SG2014/000051,2014-02-07,NST
14768991,PCT/SE2014/050204,2014-02-19,NST
14768994,PCT/US2014/019016,2014-02-27,NST
14768995,PCT/US2014/017110,2014-02-19,NST
14768996,PCT/JP2014/053615,2014-02-17,NST
14768997,PCT/US2014/025708,2014-03-13,NST
14768998,PCT/JP2014/052956,2014-02-07,NST
14768999,PCT/JP2013/054072,2013-02-20,NST
14769000,PCT/US2013/078306,2013-12-30,NST
14769001,PCT/EP2014/053392,2014-02-21,NST
14769002,PCT/JP2013/054499,2013-02-22,NST
14769003,PCT/JP2014/054284,2014-02-24,NST
14769004,PCT/BR2014/000048,2014-02-10,NST
14769005,PCT/GB2014/050494,2014-02-20,NST
14769006,PCT/US2013/075019,2013-12-13,NST
14769007,PCT/JP2014/053742,2014-02-18,NST
14769008,PCT/CA2014/050112,2014-02-19,NST
14769009,PCT/FR2014/050347,2014-02-20,NST
14769010,PCT/KR2014/002195,2014-03-14,NST
14769011,PCT/JP2013/056112,2013-03-06,NST
14769012,PCT/JP2014/053888,2014-02-19,NST
14769013,PCT/JP2013/071659,2013-08-09,NST
14769015,PCT/US2013/078435,2013-12-31,NST
14769016,PCT/US2014/017734,2014-02-21,NST
14769017,PCT/IB2014/000715,2014-02-21,NST
14769018,PCT/US2014/016802,2014-02-18,NST
14769019,PCT/GB2014/050607,2014-03-03,NST
14769020,PCT/CN2014/073278,2014-03-12,NST
14769021,PCT/RU2013/001081,2013-12-02,NST
14769023,PCT/US2014/017500,2014-02-20,NST
14769025,61784844,2013-03-14,PRO
14769025,PCT/US14/26423,2014-03-13,NST
14769026,PCT/US2013/072173,2013-11-27,NST
14769027,61802260,2013-03-15,PRO
14769027,PCT/US14/29559,2014-03-14,NST
14769028,PCT/EP2014/053233,2014-02-19,NST
14769029,PCT/CN2014/072124,2014-02-17,NST
14769030,61766589,2013-02-19,PRO
14769030,PCT/US14/17181,2014-02-19,NST
14769031,61767009,2013-02-20,PRO
14769031,PCT/US14/17386,2014-02-20,NST
14769032,PCT/JP2013/083707,2013-12-17,NST
14769033,PCT/SG2014/000062,2014-02-18,NST
14769034,PCT/US2014/033341,2014-04-08,NST
14769035,PCT/CA2014/050118,2014-02-20,NST
14769036,PCT/JP2014/056409,2014-03-12,NST
14769037,PCT/GB2014/050574,2014-02-26,NST
14769038,PCT/IB2014/058865,2014-02-08,NST
14769039,PCT/FR2014/050344,2014-02-19,NST
14769040,PCT/ZA2014/000007,2014-03-05,NST
14769041,PCT/US2014/017209,2014-02-19,NST
14769042,PCT/CN2014/075785,2014-04-21,NST
14769043,PCT/EP2014/053118,2014-02-18,NST
14769044,PCT/EP2014/053048,2014-02-17,NST
14769045,PCT/CN2014/073162,2014-03-11,NST
14769046,PCT/EP2014/000433,2014-02-18,NST
14769047,61767718,2013-02-21,PRO
14769047,61769683,2013-02-26,PRO
14769047,61777702,2013-03-12,PRO
14769047,61780578,2013-03-13,PRO
14769047,61824894,2013-05-17,PRO
14769047,61870634,2013-08-27,PRO
14769047,PCT/US14/17832,2014-02-21,NST
14769048,PCT/JP2014/051182,2014-01-22,NST
14769049,61767068,2013-02-20,PRO
14769049,PCT/US14/17373,2014-02-20,NST
14769050,PCT/KR2014/001448,2014-02-21,NST
14769051,61767028,2013-02-20,PRO
14769051,PCT/US14/17351,2014-02-20,NST
14769052,PCT/CN2014/075782,2014-04-21,NST
14769053,PCT/US2014/052735,2014-08-28,NST
14769054,PCT/US2014/017468,2014-02-20,NST
14769055,PCT/JP2014/054083,2014-02-20,NST
14769056,PCT/KR2013/008900,2013-10-04,NST
14769057,PCT/IB2013/000421,2013-02-19,NST
14769058,61767165,2013-02-20,PRO
14769058,61775435,2013-03-08,PRO
14769058,13794686,2013-03-11,CIP
14769058,PCT/US14/17207,2014-02-19,NST
14769059,PCT/JP2014/053491,2014-02-14,NST
14769060,PCT/EP2014/050701,2014-01-15,NST
14769061,PCT/JP2014/053743,2014-02-18,NST
14769062,PCT/JP2014/054659,2014-02-26,NST
14769063,PCT/JP2014/057054,2014-03-17,NST
14769064,PCT/JP2014/054505,2014-02-25,NST
14769065,PCT/EP2014/053367,2014-02-20,NST
14769066,PCT/JP2014/000615,2014-02-05,NST
14769067,PCT/JP2014/051499,2014-01-24,NST
14769069,PCT/US2014/018743,2014-02-26,NST
14769070,PCT/GB2014/050487,2014-02-19,NST
14769071,PCT/KR2014/002848,2014-04-02,NST
14769073,PCT/IB2014/059253,2014-02-26,NST
14769074,PCT/GB2014/000068,2014-02-27,NST
14769075,PCT/EP2014/051583,2014-01-28,NST
14769076,PCT/GB2014/050488,2014-02-19,NST
14769077,PCT/AU2014/000149,2014-02-20,NST
14769078,PCT/IB2014/059451,2014-03-05,NST
14769079,PCT/CN2014/072301,2014-02-20,NST
14769081,61768327,2013-02-22,PRO
14769081,PCT/US13/71145,2013-11-21,NST
14769082,PCT/KR2013/009728,2013-10-13,NST
14769087,PCT/EP2014/052998,2014-02-17,NST
14769090,PCT/EP2014/052128,2014-02-04,NST
14769096,PCT/CN2014/074656,2014-04-02,NST
14769098,PCT/SG2014/000088,2014-02-27,NST
14769099,PCT/SG2014/000089,2014-02-27,NST
14769100,PCT/IB2013/051431,2013-02-21,NST
14769101,PCT/SG2014/000084,2014-02-26,NST
14769102,PCT/IN2014/000047,2014-01-22,NST
14769103,PCT/EP2014/050499,2014-01-13,NST
14769104,PCT/EP2014/050596,2014-01-14,NST
14769105,PCT/CN2014/072325,2014-02-20,NST
14769106,PCT/KR2013/012165,2013-12-26,NST
14769107,PCT/AU2014/000157,2014-02-21,NST
14769108,PCT/SE2014/000021,2014-02-19,NST
14769109,PCT/EP2014/053122,2014-02-18,NST
14769110,PCT/IB2014/059161,2014-02-21,NST
14769111,PCT/US2014/029578,2014-03-14,NST
14769112,PCT/CA2014/050183,2014-03-06,NST
14769113,PCT/US2014/028032,2014-03-14,NST
14769114,PCT/US2014/029002,2014-03-14,NST
14769115,PCT/US2014/020863,2014-03-05,NST
14769116,PCT/US2014/020934,2014-03-05,NST
14769117,PCT/EP2014/052890,2014-02-14,NST
14769118,PCT/US2014/028694,2014-03-14,NST
14769119,PCT/US2014/026041,2014-03-13,NST
14769120,61766739,2013-02-20,PRO
14769120,PCT/US14/14400,2014-02-03,NST
14769121,PCT/JP2014/074002,2014-09-10,NST
14769122,PCT/EP2014/054757,2014-03-12,NST
14769123,PCT/IL2014/050180,2014-02-18,NST
14769124,PCT/JP2014/053736,2014-02-18,NST
14769125,PCT/EP2014/055110,2014-03-14,NST
14769126,PCT/EP2014/055581,2014-03-20,NST
14769127,PCT/US13/32224,2013-03-15,NST
14769128,PCT/EP2013/055836,2013-03-20,NST
14769129,61772122,2013-03-04,PRO
14769129,PCT/US14/20200,2014-03-04,NST
14769130,PCT/JP2014/053254,2014-02-13,NST
14769131,PCT/US2014/017623,2014-02-21,NST
14769132,PCT/JP2014/051880,2014-01-29,NST
14769133,PCT/JP2014/055457,2014-03-04,NST
14769134,PCT/IB2014/060130,2014-03-25,NST
14769135,PCT/EP2014/059176,2014-05-06,NST
14769136,PCT/JP2014/053758,2014-02-18,NST
14769137,PCT/IB2014/058891,2014-02-11,NST
14769138,PCT/JP2013/081928,2013-11-27,NST
14769139,PCT/JP2013/054465,2013-02-22,NST
14769140,PCT/EP2014/000365,2014-02-11,NST
14769141,PCT/EP2014/052995,2014-02-17,NST
14769142,61769316,2013-02-26,PRO
14769142,PCT/US14/15452,2014-02-08,NST
14769145,PCT/JP2013/054661,2013-02-25,NST
14769146,PCT/JP2014/000016,2014-01-07,NST
14769147,PCT/JP2014/058876,2014-03-27,NST
14769148,PCT/JP2014/060816,2014-04-16,NST
14769149,PCT/GB2014/050505,2014-02-20,NST
14769150,PCT/EP2014/053414,2014-02-21,NST
14769151,PCT/AU2014/000160,2014-02-21,NST
14769152,PCT/EP2014/052338,2014-02-06,NST
14769153,PCT/JP2014/054035,2014-02-20,NST
14769155,PCT/KR2014/001458,2014-02-24,NST
14769156,PCT/CN2014/070908,2014-01-20,NST
14769157,PCT/KR2014/007858,2014-08-25,NST
14769158,PCT/EP2014/053340,2014-02-20,NST
14769159,PCT/CN2014/073149,2014-03-10,NST
14769160,PCT/US2014/017375,2014-02-20,NST
14769161,PCT/EP2014/053587,2014-02-25,NST
14769162,PCT/JP2013/083612,2013-12-16,NST
14769164,PCT/EP2013/053424,2013-02-21,NST
14769166,61767569,2013-02-21,PRO
14769166,PCT/US14/17493,2014-02-20,NST
14769167,PCT/CN2013/091074,2013-12-31,NST
14769169,PCT/JP2014/000719,2014-02-12,NST
14769170,PCT/IL2014/050189,2014-02-20,NST
14769172,PCT/IB14/58876,2014-02-10,NST
14769173,PCT/JP2013/059255,2013-03-28,NST
14769174,PCT/JP2014/053917,2014-02-19,NST
14769176,PCT/CN2013/079727,2015-05-25,NST
14769178,PCT/US2014/015065,2014-02-06,NST
14769179,PCT/EP2014/054093,2014-03-03,NST
14769181,PCT/JP2013/054717,2013-02-25,NST
14769182,PCT/EP2014/053652,2014-02-25,NST
14769183,61779047,2013-03-13,PRO
14769183,PCT/US14/26125,2014-03-13,NST
14769184,PCT/JP2014/000492,2014-01-30,NST
14769185,PCT/KR2013/006803,2013-07-30,NST
14769187,PCT/US2014/019299,2014-02-28,NST
14769188,PCT/EP2014/053143,2014-02-18,NST
14769189,PCT/FR2014/050445,2014-02-28,NST
14769190,PCT/JP2014/054672,2014-02-26,NST
14769191,PCT/KR2013/009324,2013-10-18,NST
14769193,PCT/IB2013/001156,2013-02-28,NST
14769194,PCT/JP2014/052427,2014-02-03,NST
14769197,61778621,2013-03-13,PRO
14769197,PCT/US14/23073,2014-03-11,NST
14769198,PCT/EP2014/050700,2014-01-15,NST
14769199,PCT/CN2014/070895,2014-01-20,NST
14769200,PCT/JP2013/083237,2013-12-11,NST
14769201,PCT/GB2014/050539,2014-02-21,NST
14769202,61794445,2013-03-15,PRO
14769202,PCT/US14/19492,2014-02-28,NST
14769203,PCT/FI2013/050196,2013-02-22,NST
14769204,PCT/JP2014/000406,2014-01-28,NST
14769205,PCT/JP2013/077748,2013-10-11,NST
14769206,PCT/JP2014/057433,2014-03-19,NST
14769207,PCT/FR2014/050310,2014-02-14,NST
14769208,PCT/US2014/022540,2014-03-10,NST
14769209,PCT/JP2014/052839,2014-02-07,NST
14769210,PCT/US2014/020956,2014-03-06,NST
14769211,PCT/JP2014/055741,2014-03-06,NST
14769212,PCT/CN2014/072592,2014-02-27,NST
14769213,PCT/JP2013/054449,2013-02-22,NST
14769214,PCT/CN2013/071792,2013-02-22,NST
14769215,PCT/JP2013/069799,2013-07-22,NST
14769216,PCT/CN2013/082120,2013-08-22,NST
14769217,PCT/CN2014/092038,2014-11-24,NST
14769218,PCT/IB2014/059232,2014-02-25,NST
14769219,PCT/NO2013/000059,2013-12-31,NST
14769220,PCT/JP2014/053559,2014-02-14,NST
14769223,PCT/EP2013/053534,2013-02-22,NST
14769224,PCT/US2014/024240,2014-03-12,NST
14769226,PCT/EP2013/077352,2013-12-19,NST
14769227,PCT/JP2014/000886,2014-02-20,NST
14769228,PCT/EP2014/053390,2014-02-21,NST
14769229,PCT/GB2014/050526,2014-02-21,NST
14769230,61773990,2013-03-07,PRO
14769230,PCT/US13/52011,2013-07-25,NST
14769231,PCT/JP2013/054431,2013-02-22,NST
14769233,PCT/JP2014/001694,2014-03-24,NST
14769234,PCT/SE2014/050190,2014-02-17,NST
14769235,PCT/EP2014/052923,2014-02-14,NST
14769236,PCT/JP2014/056151,2014-03-10,NST
14769237,PCT/JP2014/051864,2014-01-28,NST
14769238,PCT/EP2014/052702,2014-02-12,NST
14769239,PCT/EP2014/053073,2014-02-18,NST
14769241,PCT/JP2014/053282,2014-02-13,NST
14769242,PCT/IB2014/000090,2014-01-31,NST
14769243,PCT/US2014/017546,2014-02-21,NST
14769245,PCT/SG2014/000071,2014-02-20,NST
14769246,PCT/EP2014/053485,2014-02-21,NST
14769247,61767994,2013-02-22,PRO
14769247,61857115,2013-07-22,PRO
14769247,PCT/US14/16925,2014-02-18,NST
14769248,PCT/EP2014/052925,2014-02-14,NST
14769250,PCT/NO2014/050024,2014-02-19,NST
14769251,PCT/US2013/052630,2013-07-30,NST
14769252,PCT/CN2013/083676,2013-09-17,NST
14769253,PCT/JP2013/085102,2013-12-27,NST
14769254,PCT/JP2013/054315,2013-02-21,NST
14769255,PCT/CA2014/050119,2014-02-21,NST
14769256,PCT/US2014/022649,2014-03-10,NST
14769257,61790388,2013-03-15,PRO
14769257,PCT/US14/28285,2014-03-14,NST
14769259,PCT/EP2014/053884,2014-02-27,NST
14769260,PCT/JP2014/000883,2014-02-20,NST
14769261,PCT/EP2014/053474,2014-02-21,NST
14769264,PCT/JP2014/053863,2014-02-19,NST
14769265,PCT/FR2014/000040,2014-02-19,NST
14769266,PCT/CN2013/083685,2013-09-17,NST
14769267,PCT/KR2013/007904,2013-09-02,NST
14769268,PCT/JP2014/053981,2014-02-20,NST
14769269,PCT/IB2014/000706,2014-05-12,NST
14769270,61767016,2013-02-20,PRO
14769270,61926874,2014-01-13,PRO
14769270,PCT/US14/17483,2014-02-20,NST
14769271,PCT/DE2014/200039,2014-02-03,NST
14769273,PCT/CN2013/085660,2013-10-22,NST
14769274,PCT/IB2013/051496,2013-02-25,NST
14769275,PCT/EP2014/000482,2014-02-24,NST
14769276,PCT/US2014/020244,2014-03-04,NST
14769277,PCT/JP13/82473,2013-12-03,NST
14769278,PCT/GB2014/050524,2014-02-21,NST
14769280,PCT/KR2013/011352,2013-12-09,NST
14769282,PCT/CN2013/072404,2013-03-11,NST
14769283,PCT/US2014/025249,2014-03-13,NST
14769284,PCT/EP2014/052199,2014-02-05,NST
14769285,PCT/US13/27660,2013-02-25,NST
14769287,PCT/KR2013/009322,2013-10-18,NST
14769288,PCT/CN2014/074284,2014-03-28,NST
14769289,PCT/EP2014/053344,2014-02-20,NST
14769291,PCT/KR2013/012293,2013-12-27,NST
14769292,PCT/CA2014/000117,2014-02-18,NST
14769294,PCT/IB2014/000784,2014-02-27,NST
14769295,PCT/JP2013/083410,2013-12-13,NST
14769296,61785793,2013-03-14,PRO
14769296,PCT/US14/25005,2014-03-12,NST
14769297,PCT/US13/34612,2013-03-29,NST
14769298,PCT/EP2014/053294,2014-02-20,NST
14769299,PCT/EP2014/053469,2014-02-21,NST
14769300,PCT/JP2014/053305,2014-02-13,NST
14769301,PCT/CN2013/087291,2013-11-18,NST
14769302,61766933,2013-02-20,PRO
14769302,PCT/US14/15556,2014-02-10,NST
14769304,PCT/JP2014/001345,2014-03-10,NST
14769305,PCT/CA2014/000119,2014-02-18,NST
14769306,PCT/JP2014/001383,2014-03-11,NST
14769307,PCT/NL2014/050119,2014-02-27,NST
14769310,PCT/CN2014/072538,2014-02-26,NST
14769311,PCT/JP2014/000887,2014-02-20,NST
14769312,PCT/EP2014/053213,2014-02-19,NST
14769314,61767092,2013-02-20,PRO
14769314,PCT/US14/17465,2014-02-20,NST
14769315,PCT/KR2013/009435,2013-10-22,NST
14769316,PCT/US2014/013147,2014-01-27,NST
14769317,PCT/JP2013/060647,2013-04-08,NST
14769318,PCT/JP2013/067095,2013-06-21,NST
14769319,PCT/JP2013/056357,2013-03-07,NST
14769320,PCT/EP2014/053472,2014-02-21,NST
14769321,PCT/JP2014/055385,2014-03-04,NST
14769322,PCT/EP2014/053589,2014-02-25,NST
14769324,PCT/EP2014/053327,2014-02-20,NST
14769325,PCT/KR2014/001441,2014-02-21,NST
14769326,PCT/EP2013/077351,2013-12-19,NST
14769327,PCT/FR2014/000043,2014-02-21,NST
14769328,PCT/CN2013/081828,2013-08-20,NST
14769329,PCT/GB2013/053158,2013-11-29,NST
14769330,61766940,2013-02-20,PRO
14769330,PCT/US14/17478,2014-02-20,NST
14769331,PCT/IB2015/050075,2015-01-05,NST
14769333,PCT/EP2013/054260,2013-03-04,NST
14769334,PCT/EP2014/053096,2014-02-18,NST
14769335,PCT/JP2014/055745,2014-03-06,NST
14769336,PCT/US2014/020264,2014-03-04,NST
14769337,61799036,2013-03-15,PRO
14769337,PCT/US14/30064,2014-03-15,NST
14769338,PCT/JP2013/080666,2013-11-13,NST
14769341,PCT/FR2014/050340,2014-02-18,NST
14769342,PCT/IB2014/000267,2014-02-20,NST
14769343,PCT/IT2014/000039,2014-02-17,NST
14769344,61769250,2013-02-26,PRO
14769344,PCT/US14/16241,2014-02-13,NST
14769345,PCT/IB2014/059271,2014-02-26,NST
14769347,PCT/CN2013/083643,2013-09-17,NST
14769348,PCT/KR2014/005107,2014-06-11,NST
14769349,PCT/EP2014/053299,2014-02-20,NST
14769350,PCT/IB2014/059156,2014-02-21,NST
14769351,PCT/EP2014/000320,2014-02-06,NST
14769352,61767791,2013-02-21,PRO
14769352,61818885,2013-05-02,PRO
14769352,PCT/US14/17744,2014-02-21,NST
14769353,PCT/US2014/018533,2014-02-26,NST
14769354,61798687,2013-03-15,PRO
14769354,13917486,2013-06-13,CIP
14769354,PCT/US14/26704,2014-03-13,NST
14769355,61799036,2013-03-15,PRO
14769355,PCT/US14/30092,2014-03-15,NST
14769356,PCT/JP2014/054184,2014-02-21,NST
14769357,PCT/EP2014/000456,2014-02-20,NST
14769358,PCT/KR2014/001442,2014-02-21,NST
14769359,PCT/EP2014/053795,2014-02-27,NST
14769360,PCT/JP2013/084583,2013-12-25,NST
14769361,61767837,2013-02-22,PRO
14769361,PCT/US14/17260,2014-02-20,NST
14769362,PCT/EP2014/053447,2014-02-21,NST
14769363,PCT/US2014/025506,2014-03-13,NST
14769364,PCT/IB2014/059134,2014-02-20,NST
14769365,PCT/IB2015/050076,2015-01-05,NST
14769366,PCT/NL2014/050120,2014-02-27,NST
14769367,PCT/US2013/027403,2013-02-22,NST
14769369,PCT/JP2013/055003,2013-02-26,NST
14769370,PCT/US13/26867,2013-02-20,NST
14769371,PCT/EP2014/000422,2014-02-15,NST
14769372,PCT/US2013/027411,2013-02-22,NST
14769373,PCT/US2014/017797,2014-02-21,NST
14769374,61805633,2013-03-27,PRO
14769374,PCT/US14/31711,2014-03-25,NST
14769375,PCT/JP2014/055518,2014-03-04,NST
14769376,PCT/TH2014/000005,2014-02-11,NST
14769377,PCT/JP2014/053540,2014-02-14,NST
14769378,PCT/JP2014/051908,2014-01-29,NST
14769379,PCT/CA2014/050122,2014-02-21,NST
14769380,PCT/CN2014/072349,2014-02-21,NST
14769381,PCT/CA2014/000124,2014-02-20,NST
14769382,PCT/EP2014/053199,2014-02-19,NST
14769384,PCT/JP2014/053706,2014-02-18,NST
14769385,PCT/CN2014/071396,2014-01-24,NST
14769386,PCT/US2014/025337,2014-03-13,NST
14769387,PCT/JP2013/077115,2013-10-04,NST
14769388,61789582,2013-03-15,PRO
14769388,PCT/US14/18021,2014-02-24,NST
14769389,PCT/EP2014/053987,2014-02-28,NST
14769390,PCT/EP2014/053391,2014-02-21,NST
14769391,PCT/IB2014/059315,2014-02-27,NST
14769392,PCT/US2013/076098,2013-12-18,NST
14769393,PCT/EP2014/053246,2014-02-19,NST
14769394,PCT/IB2014/001217,2014-04-21,NST
14769396,61767546,2013-02-21,PRO
14769396,61862321,2013-08-05,PRO
14769396,61942447,2014-02-20,PRO
14769396,PCT/US14/17606,2014-02-21,NST
14769397,PCT/JP2014/053378,2014-02-13,NST
14769398,61770526,2013-02-28,PRO
14769398,61862273,2013-08-05,PRO
14769398,PCT/US14/18628,2014-02-26,NST
14769400,PCT/JP2014/000767,2014-02-14,NST
14769401,PCT/EP2014/052699,2014-02-12,NST
14769402,PCT/GB2014/050491,2014-02-20,NST
14769403,PCT/EP2014/053247,2014-02-19,NST
14769406,PCT/US2014/029382,2014-03-14,NST
14769408,PCT/US2014/017617,2014-02-21,NST
14769409,61800506,2013-03-15,PRO
14769409,61800560,2013-03-15,PRO
14769409,13917509,2013-06-13,CIP
14769409,PCT/US14/24939,2014-03-12,NST
14769410,PCT/JP2014/054068,2014-02-20,NST
14769411,PCT/US2013/075801,2013-12-17,NST
14769412,PCT/GB2014/050440,2014-02-14,NST
14769414,PCT/EP2014/053457,2014-02-21,NST
14769416,PCT/JP2014/053619,2014-02-17,NST
14769417,PCT/US2014/011443,2014-01-14,NST
14769418,PCT/JP2014/000769,2014-02-14,NST
14769420,61768197,2013-02-22,PRO
14769420,PCT/US14/17823,2014-02-21,NST
14769421,PCT/GB2014/050521,2014-02-21,NST
14769423,PCT/AU2014/000146,2014-02-19,NST
14769424,PCT/EP2014/053252,2014-02-19,NST
14769425,PCT/CA2014/000139,2014-02-20,NST
14769426,PCT/EP2014/053692,2014-02-26,NST
14769428,PCT/US14/51923,2014-08-20,NST
14769429,61768195,2013-02-22,PRO
14769429,PCT/US14/17172,2014-02-19,NST
14769430,PCT/EP2014/053673,2014-02-26,NST
14769431,PCT/GB2014/050439,2014-02-14,NST
14769432,PCT/EP2013/055443,2013-03-15,NST
14769433,61850577,2013-02-20,PRO
14769433,14185915,2014-02-20,CON
14769433,PCT/US14/17527,2014-02-20,NST
14769434,PCT/US2014/017409,2014-02-02,NST
14769435,PCT/JP2014/000824,2014-02-18,NST
14769436,PCT/IB2014/059109,2014-02-20,NST
14769437,PCT/FI2014/050145,2014-02-27,NST
14769439,PCT/FI2014/050144,2014-02-27,NST
14769440,61767768,2013-02-21,PRO
14769440,PCT/US14/17851,2014-02-21,NST
14769441,PCT/JP2014/052931,2014-02-07,NST
14769442,PCT/JP2014/068798,2014-07-15,NST
14769443,PCT/EP2014/050629,2014-01-14,NST
14769444,PCT/JP2014/051700,2014-01-27,NST
14769445,61766788,2013-02-20,PRO
14769445,PCT/US14/17512,2014-02-20,NST
14769446,PCT/KR2013/005174,2013-06-12,NST
14769447,PCT/IB2013/051662,2013-03-01,NST
14769448,PCT/EP2014/052886,2014-02-14,NST
14769449,PCT/EP2014/000355,2014-02-10,NST
14769450,PCT/CN14/74647,2014-04-02,NST
14769451,PCT/IB2014/059235,2014-02-25,NST
14769452,PCT/EP2014/000425,2014-02-10,NST
14769453,11649399,2007-01-04,CON
14769453,PCT/US08/50153,2008-01-04,NST
14769454,PCT/CN2015/071751,2015-01-28,NST
14769455,PCT/AU2014/000162,2014-02-21,NST
14769457,PCT/JP2014/054579,2014-02-25,NST
14769458,PCT/EP2014/051600,2014-01-28,NST
14769459,PCT/EP2014/051605,2014-01-28,NST
14769460,PCT/EP2014/051727,2014-01-29,NST
14769461,PCT/US2013/027435,2013-02-22,NST
14769462,PCT/KR2014/001330,2014-02-19,NST
14769463,PCT/CN2014/080503,2014-06-23,NST
14769464,PCT/KR2014/001333,2014-02-19,NST
14769465,PCT/EP2014/000723,2014-03-18,NST
14769466,PCT/EP2014/054180,2014-03-04,NST
14769467,PCT/JP2014/052917,2014-02-07,NST
14769468,PCT/IL2014/050190,2014-02-22,NST
14769469,PCT/EP2014/053479,2014-02-21,NST
14769470,PCT/SE2013/050153,2013-02-21,NST
14769471,PCT/US2014/025081,2014-03-12,NST
14769472,PCT/JP2014/052543,2014-02-04,NST
14769473,PCT/GB2014/050517,2014-02-21,NST
14769474,PCT/JP2014/053302,2014-02-13,NST
14769475,PCT/JP2014/053301,2014-02-13,NST
14769478,61772670,2013-03-05,PRO
14769478,61906883,2013-11-20,PRO
14769478,PCT/US14/20681,2014-03-05,NST
14769479,PCT/EP2014/053660,2014-02-25,NST
14769480,PCT/IB2014/060096,2014-03-24,NST
14769481,PCT/EP2014/053234,2014-02-19,NST
14769482,PCT/EP2014/000264,2014-02-01,NST
14769483,PCT/US2013/029159,2013-03-05,NST
14769484,PCT/GB2014/050523,2014-02-21,NST
14769485,PCT/US2014/016733,2014-02-17,NST
14769486,PCT/SE2013/050348,2013-03-27,NST
14769487,PCT/CN2014/070653,2014-01-15,NST
14769488,PCT/EP2014/053644,2014-02-25,NST
14769489,61768653,2013-02-25,PRO
14769489,PCT/US14/16688,2014-02-17,NST
14769490,PCT/IB2014/059321,2014-02-28,NST
14769491,PCT/JP2014/054178,2014-02-21,NST
14769492,PCT/CN2013/077701,2013-06-21,NST
14769493,61767458,2013-02-21,PRO
14769493,PCT/US14/16797,2014-02-18,NST
14769494,PCT/KR2014/001254,2014-02-17,NST
14769495,PCT/KR2014/001593,2014-02-26,NST
14769496,PCT/GB2014/050470,2014-02-18,NST
14769497,PCT/EP2014/000494,2014-02-25,NST
14769498,PCT/FR2014/050450,2014-02-28,NST
14769499,PCT/US2014/019521,2014-02-26,NST
14769500,PCT/EP2013/053801,2013-02-26,NST
14769501,PCT/CN2013/083962,2013-09-23,NST
14769502,PCT/JP2014/055740,2014-03-06,NST
14769503,PCT/US2014/015550,2014-02-10,NST
14769504,PCT/US2014/018709,2014-02-26,NST
14769505,PCT/GB2014/050525,2014-02-21,NST
14769506,PCT/JP2014/069191,2014-07-18,NST
14769507,PCT/CA2014/050243,2014-03-14,NST
14769508,61769933,2013-02-27,PRO
14769508,PCT/US14/18865,2014-02-27,NST
14769509,PCT/EP2013/075947,2013-12-09,NST
14769510,PCT/EP2014/052503,2014-02-10,NST
14769511,PCT/US2014/024435,2014-03-12,NST
14769513,PCT/JP2014/054511,2014-02-25,NST
14769514,14140435,2013-12-24,CON
14769514,61928991,2014-01-17,PRO
14769514,PCT/US14/72157,2014-12-23,NST
14769515,PCT/US2014/024462,2014-03-12,NST
14769516,PCT/KR2014/001422,2014-02-21,NST
14769517,PCT/JP2013/007111,2013-12-04,NST
14769519,PCT/JP2013/055250,2013-02-27,NST
14769520,PCT/US2014/028597,2014-03-14,NST
14769521,PCT/JP2013/006730,2013-11-15,NST
14769522,PCT/NL2014/050080,2014-02-11,NST
14769523,PCT/EP2014/052262,2014-02-05,NST
14769524,PCT/JP2013/007110,2013-12-04,NST
14769526,PCT/EP2014/000370,2014-02-11,NST
14769528,PCT/EP2014/053148,2014-02-18,NST
14769529,61771603,2013-03-01,PRO
14769529,PCT/US14/18565,2014-02-26,NST
14769531,PCT/IB2013/000594,2013-02-22,NST
14769532,PCT/JP2014/000610,2014-02-05,NST
14769534,PCT/FI2014/050133,2014-02-21,NST
14769535,PCT/GB2014/050319,2014-02-05,NST
14769536,PCT/GB2014/050478,2014-02-19,NST
14769537,PCT/JP2014/001077,2014-02-27,NST
14769538,PCT/FR2014/000041,2014-02-20,NST
14769540,PCT/GB2014/050519,2014-02-21,NST
14769541,PCT/EP2014/053420,2014-02-21,NST
14769542,PCT/AT2014/000038,2014-02-24,NST
14769543,PCT/EP2014/052898,2014-02-14,NST
14769545,PCT/EP2014/000437,2014-02-18,NST
14769546,PCT/EP2014/000408,2014-02-14,NST
14769547,PCT/EP2013/053596,2013-02-22,NST
14769549,PCT/US2014/017556,2014-02-21,NST
14769550,PCT/EP2014/053654,2014-02-25,NST
14769551,PCT/JP2014/000413,2014-01-28,NST
14769552,PCT/JP2013/054776,2013-02-25,NST
14769553,PCT/JP2013/058901,2013-03-27,NST
14769554,PCT/US2014/016828,2014-02-18,NST
14769555,PCT/JP2014/054743,2014-02-26,NST
14769556,PCT/IB2014/059413,2014-03-04,NST
14769557,PCT/FR2014/050386,2014-02-24,NST
14769558,PCT/JP2014/001114,2014-02-28,NST
14769559,PCT/JP2013/063759,2013-05-17,NST
14769560,PCT/EP2014/053384,2014-02-21,NST
14769561,PCT/EP2014/053395,2014-02-21,NST
14769562,PCT/KR2013/001392,2013-02-21,NST
14769563,PCT/EP2014/053508,2014-02-24,NST
14769564,PCT/JP2014/054478,2014-02-25,NST
14769565,PCT/IB2014/000196,2014-02-24,NST
14769566,PCT/EP2014/054518,2014-03-10,NST
14769567,PCT/EP2014/055211,2014-03-14,NST
14769568,PCT/EP2014/051167,2014-01-22,NST
14769569,PCT/IB2014/059244,2014-02-25,NST
14769570,PCT/EP2013/053580,2013-02-22,NST
14769571,PCT/SG2014/000032,2014-01-27,NST
14769572,PCT/FI2014/050137,2014-02-21,NST
14769573,PCT/JP2014/052831,2014-02-07,NST
14769574,PCT/JP2014/055832,2014-03-06,NST
14769575,PCT/EP2014/051175,2014-01-22,NST
14769576,PCT/FR2014/050393,2014-02-25,NST
14769578,PCT/GB2014/050518,2014-02-21,NST
14769579,PCT/IB2014/000198,2014-02-24,NST
14769580,PCT/EP2014/074283,2014-11-11,NST
14769581,PCT/CN2013/082826,2013-09-03,NST
14769582,PCT/EP2013/053778,2013-02-26,NST
14769583,PCT/EP2014/051171,2014-01-22,NST
14769584,PCT/AU2014/000163,2014-02-24,NST
14769585,PCT/AT2014/050027,2014-01-22,NST
14769587,61784409,2013-03-14,PRO
14769587,PCT/US14/22921,2014-03-11,NST
14769588,PCT/FI2014/050132,2014-02-21,NST
14769589,PCT/KR2013/011149,2013-12-05,NST
14769590,PCT/EP2014/000107,2014-01-16,NST
14769591,61782862,2013-03-14,PRO
14769591,PCT/US14/22477,2014-03-10,NST
14769592,PCT/EP2014/051184,2014-01-22,NST
14769593,PCT/NL2014/050112,2014-02-24,NST
14769594,PCT/EP2014/053171,2014-02-19,NST
14769595,PCT/JP2013/054553,2013-02-22,NST
14769596,61788724,2013-03-15,PRO
14769596,PCT/US14/25509,2014-03-13,NST
14769597,PCT/EP2014/051179,2014-01-22,NST
14769598,PCT/GB2014/050351,2014-02-06,NST
14769599,PCT/SG2014/000074,2014-02-21,NST
14769600,PCT/US2014/024308,2014-03-12,NST
14769601,61771041,2013-02-28,PRO
14769601,PCT/US14/18813,2014-02-26,NST
14769603,PCT/SE2013/051496,2013-12-12,NST
14769604,PCT/JP2014/054206,2014-02-21,NST
14769605,PCT/EP2014/051166,2014-01-22,NST
14769606,13840236,2013-03-15,CIP
14769606,PCT/US14/19821,2014-03-03,NST
14769607,PCT/GB2014/050520,2014-02-21,NST
14769608,PCT/EP2014/052850,2014-02-13,NST
14769609,PCT/NL2014/050111,2014-02-24,NST
14769611,PCT/JP2014/054345,2014-02-24,NST
14769612,PCT/EP2014/051165,2014-01-22,NST
14769613,PCT/DE2014/000054,2014-02-07,NST
14769614,61770179,2013-02-27,PRO
14769614,PCT/US14/18923,2014-02-27,NST
14769615,PCT/JP2014/000640,2014-02-06,NST
14769616,PCT/JP2014/053713,2014-02-18,NST
14769617,PCT/EP2014/000007,2014-01-06,NST
14769618,PCT/EP2014/051163,2014-01-22,NST
14769619,PCT/JP2014/059907,2014-03-28,NST
14769620,PCT/JP2014/053860,2014-02-19,NST
14769621,PCT/EP2013/053973,2013-02-27,NST
14769622,61773654,2013-03-06,PRO
14769622,PCT/US14/21256,2014-03-06,NST
14769623,PCT/JP2014/067156,2014-06-27,NST
14769624,PCT/EP2014/054001,2014-02-28,NST
14769625,PCT/EP2014/051162,2014-01-22,NST
14769626,PCT/CN2013/082203,2013-08-23,NST
14769627,PCT/CN2013/086395,2013-11-01,NST
14769629,PCT/DE2014/200074,2014-02-19,NST
14769630,PCT/EP2014/051161,2014-01-22,NST
14769631,PCT/EP2014/063571,2014-06-26,NST
14769632,PCT/JP2014/000991,2014-02-25,NST
14769633,PCT/JP2014/055246,2014-03-03,NST
14769634,61771060,2013-02-28,PRO
14769634,PCT/US14/17899,2014-02-24,NST
14769635,PCT/GB2014/050482,2014-02-19,NST
14769636,PCT/CN2013/087153,2013-11-14,NST
14769637,PCT/EP2014/053419,2014-02-21,NST
14769638,61767451,2013-02-21,PRO
14769638,PCT/US14/17754,2014-02-21,NST
14769639,PCT/JP2014/050573,2014-01-15,NST
14769640,PCT/JP2014/050446,2014-01-14,NST
14769641,61850659,2013-02-21,PRO
14769641,PCT/US14/17040,2014-02-19,NST
14769642,PCT/DK2014/050037,2014-02-20,NST
14769643,PCT/US2013/029870,2013-03-08,NST
14769644,PCT/CA2014/000126,2014-02-21,NST
14769645,PCT/KR2014/001121,2014-02-11,NST
14769646,PCT/US2014/022405,2014-03-10,NST
14769647,PCT/CN2014/073344,2014-03-19,NST
14769648,PCT/FR2014/050336,2014-02-18,NST
14769649,PCT/IB2014/060426,2014-04-04,NST
14769650,PCT/IB2014/000907,2014-02-21,NST
14769651,PCT/JP2014/053995,2014-02-20,NST
14769652,PCT/TR2014/000051,2014-02-21,NST
14769653,61805828,2013-03-27,PRO
14769653,PCT/US14/31888,2014-03-26,NST
14769654,PCT/JP2014/000386,2014-01-27,NST
14769655,61785732,2013-03-14,PRO
14769655,PCT/US14/29700,2014-03-14,NST
14769656,PCT/US13/78257,2013-12-30,NST
14769657,PCT/EP2014/053639,2014-02-25,NST
14769659,PCT/JP2014/054430,2014-02-25,NST
14769660,PCT/JP2014/054104,2014-02-21,NST
14769661,PCT/FR2014/050348,2014-02-20,NST
14769662,PCT/IB2014/059205,2014-02-24,NST
14769663,PCT/JP2013/001030,2013-02-22,NST
14769664,61767888,2013-02-22,PRO
14769664,61929619,2014-01-21,PRO
14769664,PCT/US14/17974,2014-02-24,NST
14769665,PCT/IL2014/050253,2014-03-12,NST
14769666,PCT/JP2014/054190,2014-02-21,NST
14769667,PCT/FR2014/050515,2014-03-06,NST
14769668,PCT/CA2014/050272,2014-03-14,NST
14769671,PCT/CA2014/000127,2014-02-21,NST
14769672,PCT/IB2014/059341,2014-02-28,NST
14769673,PCT/US2014/018353,2014-02-25,NST
14769674,PCT/NZ2014/000021,2014-02-21,NST
14769676,PCT/JP2013/054587,2013-02-22,NST
14769677,PCT/EP2013/003647,2013-12-03,NST
14769678,PCT/JP2014/054744,2014-02-26,NST
14769680,PCT/JP2014/052973,2014-02-07,NST
14769681,PCT/IB2014/059130,2014-02-20,NST
14769682,PCT/JP2014/054015,2014-02-20,NST
14769683,PCT/FR2014/050281,2014-02-13,NST
14769684,PCT/EP2014/053049,2014-02-17,NST
14769685,PCT/EP2014/053030,2014-02-17,NST
14769686,PCT/EP2013/003141,2013-10-18,NST
14769687,PCT/EP2014/053463,2014-02-21,NST
14769688,PCT/JP2013/065829,2013-06-07,NST
14769691,PCT/JP2014/051659,2014-01-27,NST
14769692,PCT/JP2014/000390,2014-01-27,NST
14769693,PCT/US2014/018290,2014-02-25,NST
14769694,61767858,2013-02-22,PRO
14769694,PCT/US14/18044,2014-02-24,NST
14769695,PCT/IB2014/059346,2014-02-28,NST
14769696,PCT/JP2013/058905,2013-03-27,NST
14769697,PCT/GB2014/050552,2014-02-24,NST
14769698,61770305,2013-02-27,PRO
14769698,PCT/US14/17953,2014-02-24,NST
14769699,PCT/EP2014/054147,2014-03-04,NST
14769700,PCT/EP2014/053274,2014-02-20,NST
14769701,PCT/JP14/54086,2014-02-20,NST
14769702,PCT/FR2014/053138,2014-02-18,NST
14769703,PCT/US2014/018300,2014-02-25,NST
14769704,61767902,2013-02-22,PRO
14769704,PCT/US14/17762,2014-02-21,NST
14769705,PCT/FR2014/050283,2014-02-13,NST
14769706,PCT/GB2014/050547,2014-02-24,NST
14769707,PCT/JP2014/054231,2014-02-21,NST
14769708,PCT/EP2013/056255,2013-03-25,NST
14769709,61772030,2013-03-04,PRO
14769709,61772143,2013-03-04,PRO
14769709,PCT/US14/20208,2014-03-04,NST
14769710,PCT/IB2014/059193,2014-02-24,NST
14769711,PCT/EP2013/053808,2013-02-26,NST
14769712,PCT/EP2014/055083,2014-03-14,NST
14769714,PCT/JP2013/084482,2013-12-24,NST
14769715,PCT/EP2014/074422,2014-11-13,NST
14769716,PCT/EP2014/053424,2014-02-21,NST
14769718,PCT/FR2014/050284,2014-02-13,NST
14769719,PCT/US2014/016843,2014-02-18,NST
14769720,PCT/EP2014/000461,2014-02-21,NST
14769721,PCT/JP2014/053008,2014-02-10,NST
14769722,PCT/US2014/017391,2014-02-20,NST
14769723,PCT/KR2014/001134,2014-02-12,NST
14769724,PCT/GB2014/050541,2014-02-21,NST
14769725,PCT/EP2014/053568,2014-02-25,NST
14769726,PCT/FR2014/050285,2014-02-13,NST
14769727,PCT/US2014/018061,2014-02-24,NST
14769728,13802372,2013-03-13,CIP
14769728,PCT/US14/24265,2014-03-12,NST
14769729,61768034,2013-02-22,PRO
14769729,PCT/US14/17952,2014-02-24,NST
14769730,PCT/EP2014/053544,2014-02-24,NST
14769731,PCT/FR2014/050436,2014-02-27,NST
14769732,PCT/AT2014/000032,2014-02-18,NST
14769733,PCT/FR2014/050280,2014-02-13,NST
14769734,PCT/US2014/017142,2014-02-19,NST
14769735,PCT/JP2014/052195,2014-01-31,NST
14769736,PCT/US2013/031891,2013-03-15,NST
14769737,PCT/JP2014/054487,2014-02-25,NST
14769738,PCT/JP2014/054235,2014-02-21,NST
14769739,PCT/JP2014/051051,2014-01-21,NST
14769740,PCT/US2014/017769,2014-02-21,NST
14769741,PCT/US2014/018853,2014-02-27,NST
14769742,PCT/JP2013/084483,2013-12-24,NST
14769743,PCT/EP2014/000082,2014-01-15,NST
14769744,PCT/JP2013/055029,2013-02-27,NST
14769745,61850762,2013-02-22,PRO
14769745,61850781,2013-02-22,PRO
14769745,PCT/US14/17685,2014-02-21,NST
14769746,PCT/US2014/022425,2014-03-10,NST
14769747,PCT/JP2014/004615,2014-09-09,NST
14769748,PCT/SG2013/000068,2013-02-21,NST
14769749,PCT/EP2014/000441,2014-02-18,NST
14769750,PCT/JP2014/000036,2014-01-08,NST
14769751,PCT/KR2013/007390,2013-08-16,NST
14769753,PCT/US2013/027103,2013-02-21,NST
14769754,PCT/US2014/024410,2014-03-12,NST
14769755,PCT/US2014/017354,2014-02-20,NST
14769756,PCT/EP2014/053682,2014-02-26,NST
14769758,PCT/JP2014/054488,2014-02-25,NST
14769759,PCT/SE2013/050164,2013-02-25,NST
14769760,PCT/FR2014/050366,2014-02-21,NST
14769762,PCT/AU2014/000177,2014-02-25,NST
14769763,PCT/IB2013/000247,2013-02-22,NST
14769764,PCT/FI2014/050135,2014-02-21,NST
14769767,PCT/EP2014/053476,2014-02-21,NST
14769768,PCT/EP2013/003767,2013-12-13,NST
14769769,PCT/EP2014/053481,2014-02-21,NST
14769770,PCT/EP2014/053368,2014-02-20,NST
14769771,PCT/US2014/017741,2014-02-21,NST
14769772,PCT/US2014/017803,2014-02-21,NST
14769773,PCT/EP2014/053273,2014-02-20,NST
14769774,PCT/JP2014/054120,2014-02-21,NST
14769775,PCT/EP2014/053972,2014-02-28,NST
14769776,61769643,2013-02-26,PRO
14769776,PCT/US14/18523,2014-02-26,NST
14769777,PCT/JP2014/054203,2014-02-21,NST
14769778,PCT/US13/27084,2013-02-21,NST
14769779,PCT/EP2014/051250,2014-01-22,NST
14769780,PCT/JP2014/053493,2014-02-14,NST
14769783,PCT/US2014/017785,2014-02-21,NST
14769784,PCT/JP2014/054324,2014-02-24,NST
14769786,61769075,2013-02-25,PRO
14769786,61771630,2013-03-01,PRO
14769786,61805617,2013-03-27,PRO
14769786,PCT/US14/18056,2014-02-24,NST
14769787,PCT/US2014/017810,2014-02-21,NST
14769788,PCT/EP2014/054364,2014-03-06,NST
14769789,PCT/JP2014/000481,2014-01-30,NST
14769790,61791743,2013-03-15,PRO
14769790,61852387,2013-03-15,PRO
14769790,PCT/US14/30923,2014-03-17,NST
14769791,PCT/IB2014/059167,2014-02-21,NST
14769792,PCT/GB2014/050650,2014-03-05,NST
14769793,PCT/JP2014/000479,2014-01-30,NST
14769795,61782661,2013-03-14,PRO
14769795,PCT/US14/27939,2014-03-14,NST
14769796,PCT/KR2014/001374,2014-02-20,NST
14769797,PCT/IB2013/051599,2013-02-28,NST
14769798,PCT/US2014/017426,2014-02-20,NST
14769800,PCT/US2014/022900,2014-03-11,NST
14769801,61788040,2013-03-15,PRO
14769801,PCT/US14/16767,2014-02-18,NST
14769802,PCT/US2014/017661,2014-02-21,NST
14769803,61786996,2013-03-15,PRO
14769803,PCT/US14/22990,2014-03-11,NST
14769804,PCT/IB2014/059207,2014-02-24,NST
14769805,PCT/IB2013/059329,2013-10-12,NST
14769806,PCT/US13/38691,2013-04-29,NST
14769808,PCT/IB2013/052975,2013-04-15,NST
14769810,PCT/IB2013/059327,2013-10-12,NST
14769811,PCT/NL2014/050081,2014-02-12,NST
14769813,PCT/NL2014/050091,2014-02-14,NST
14769814,PCT/EP2014/053349,2014-02-20,NST
14769815,PCT/IB2013/059326,2013-10-12,NST
14769816,PCT/EP2013/056754,2013-03-28,NST
14769817,PCT/US2013/034273,2013-03-28,NST
14769818,PCT/US13/37161,2013-04-18,NST
14769819,PCT/IB2013/052985,2013-04-15,NST
14769820,PCT/US2014/017977,2014-02-24,NST
14769821,PCT/EP2014/053454,2014-02-21,NST
14769822,PCT/CN2013/082243,2013-08-26,NST
14769823,PCT/EP2013/000570,2013-02-27,NST
14769824,PCT/KR2013/011598,2013-12-13,NST
14769825,PCT/JP2014/055738,2014-03-06,NST
14769826,PCT/EP2014/000543,2014-03-04,NST
14769827,PCT/JP2014/053806,2014-02-18,NST
14769828,PCT/IB2014/058992,2014-02-14,NST
14769829,PCT/US14/22266,2014-03-10,NST
14769830,PCT/JP2014/053928,2014-02-19,NST
14769831,PCT/EP2014/057414,2014-04-11,NST
14769832,PCT/IB2014/058986,2014-02-14,NST
14769834,61769245,2013-02-26,PRO
14769834,PCT/US14/13792,2014-01-30,NST
14769835,PCT/EP2014/000542,2014-03-04,NST
14769836,PCT/JP2014/053128,2014-02-12,NST
14769837,PCT/JP2013/079588,2013-10-31,NST
14769838,61768792,2013-02-25,PRO
14769838,PCT/US14/25755,2014-03-13,NST
14769839,PCT/FR2014/050356,2014-02-21,NST
14769840,PCT/US2014/018498,2014-02-26,NST
14769841,PCT/JP2014/000985,2014-02-25,NST
14769842,PCT/JP2014/057425,2014-03-12,NST
14769843,PCT/US2014/016754,2014-02-18,NST
14769844,PCT/US2014/017886,2014-02-24,NST
14769845,PCT/KR2013/009784,2013-10-31,NST
14769846,PCT/EP13/73429,2013-11-08,NST
14769847,61771593,2013-03-01,PRO
14769847,PCT/US14/19234,2014-02-28,NST
14769848,PCT/DE2014/000076,2014-02-24,NST
14769849,PCT/KR2014/001405,2014-02-21,NST
14769850,PCT/US2014/025169,2014-03-13,NST
14769851,PCT/JP2013/061799,2013-04-22,NST
14769852,PCT/IN2014/000124,2014-02-25,NST
14769853,PCT/EP2014/053407,2014-02-21,NST
14769854,PCT/NL2014/050116,2014-02-26,NST
14769855,PCT/JP2013/064636,2013-05-27,NST
14769856,PCT/JP2014/052897,2014-02-07,NST
14769857,PCT/GB2014/050512,2014-02-21,NST
14769858,PCT/DK2014/050031,2014-02-06,NST
14769859,PCT/JP2013/084305,2013-12-20,NST
14769860,PCT/US14/27601,2014-03-14,NST
14769861,PCT/EP2013/002472,2013-08-16,NST
14769862,PCT/EP2013/054261,2013-03-04,NST
14769863,PCT/JP2014/054883,2014-02-27,NST
14769864,PCT/IN2014/000123,2014-02-25,NST
14769865,61768919,2013-02-25,PRO
14769865,PCT/US14/17933,2014-02-24,NST
14769866,PCT/JP2014/055047,2014-02-28,NST
14769867,PCT/EP14/53717,2014-02-26,NST
14769868,PCT/JP2014/000951,2014-02-24,NST
14769869,PCT/JP2013/062428,2013-04-26,NST
14769870,PCT/JP2014/055504,2014-03-04,NST
14769871,PCT/JP2014/054549,2014-02-25,NST
14769872,PCT/JP2014/055141,2014-02-28,NST
14769873,PCT/EP2013/076081,2013-12-10,NST
14769874,PCT/US2014/017477,2014-02-20,NST
14769875,PCT/US2014/020213,2014-03-04,NST
14769876,PCT/IN2014/000122,2014-02-25,NST
14769877,PCT/EP2014/054758,2014-03-12,NST
14769878,61778040,2013-03-12,PRO
14769878,PCT/US14/16917,2014-02-18,NST
14769879,PCT/JP2014/000953,2014-02-24,NST
14769880,PCT/EP2014/053494,2014-02-24,NST
14769881,61851108,2013-03-01,PRO
14769881,PCT/US14/18655,2014-02-26,NST
14769882,PCT/JP2014/000960,2014-02-24,NST
14769883,PCT/US14/30945,2014-03-18,NST
14769884,PCT/JP2014/059910,2014-03-28,NST
14769885,PCT/JP2014/054054,2014-02-20,NST
14769886,PCT/JP2014/064536,2014-05-30,NST
14769887,61769263,2013-02-26,PRO
14769887,PCT/US14/14120,2014-01-31,NST
14769888,PCT/US2014/018205,2014-02-25,NST
14769889,PCT/IB2014/059501,2014-03-06,NST
14769890,PCT/IB2014/059219,2014-02-24,NST
14769892,PCT/EP2014/054634,2014-03-11,NST
14769893,PCT/US14/27680,2014-03-14,NST
14769894,PCT/DE2014/000073,2014-02-21,NST
14769895,61920125,2013-12-23,PRO
14769895,PCT/US14/56490,2014-09-19,NST
14769896,PCT/JP2014/061742,2014-04-25,NST
14769897,PCT/EP2014/055392,2014-03-18,NST
14769898,PCT/JP2014/054468,2014-02-25,NST
14769899,PCT/JP2014/054428,2014-02-25,NST
14769900,PCT/EP2014/000088,2014-01-15,NST
14769901,PCT/GB2014/050537,2014-02-21,NST
14769902,PCT/IB2014/059214,2014-02-24,NST
14769903,PCT/US2013/033865,2013-03-26,NST
14769904,PCT/JP14/56343,2014-03-11,NST
14769905,PCT/IB2014/059215,2014-02-24,NST
14769906,PCT/US2014/018686,2014-02-26,NST
14769907,61769307,2013-02-26,PRO
14769907,PCT/US14/18799,2014-02-26,NST
14769908,61778326,2013-03-12,PRO
14769908,PCT/US14/25107,2014-03-12,NST
14769909,PCT/JP2014/074526,2014-09-17,NST
14769910,PCT/JP14/55296,2014-03-03,NST
14769911,PCT/KR2014/000052,2014-01-03,NST
14769912,PCT/KR2014/000941,2014-02-04,NST
14769913,PCT/SE2013/050169,2013-02-26,NST
14769914,PCT/EP2014/054467,2014-03-07,NST
14769915,PCT/US2014/025335,2014-03-13,NST
14769916,PCT/JP2014/001258,2014-03-06,NST
14769917,PCT/CN2013/071834,2013-02-25,NST
14769918,PCT/ES2014/000001,2014-01-13,NST
14769919,PCT/JP2014/052221,2014-01-31,NST
14769920,PCT/EP2014/053487,2014-02-23,NST
14769921,PCT/EP2014/053099,2014-02-18,NST
14769922,PCT/JP2014/061205,2014-04-21,NST
14769924,PCT/JP13/79123,2013-10-28,NST
14769925,PCT/JP2013/054751,2013-02-25,NST
14769926,PCT/US2014/022397,2014-03-10,NST
14769927,PCT/JP2014/054044,2014-02-20,NST
14769928,PCT/FR2014/050409,2014-02-25,NST
14769929,PCT/JP2014/082038,2014-12-03,NST
14769930,PCT/JP2014/050251,2014-01-09,NST
14769932,PCT/EP2014/054302,2014-03-06,NST
14769933,PCT/JP2014/052722,2014-02-06,NST
14769934,PCT/JP2013/073787,2013-09-04,NST
14769935,PCT/JP2014/000842,2014-02-19,NST
14769936,PCT/JP2014/054362,2014-02-24,NST
14769937,PCT/JP2014/056565,2014-03-12,NST
14769938,PCT/EP2014/053723,2014-02-26,NST
14769939,PCT/US2013/073787,2013-12-09,NST
14769940,PCT/AT2014/000052,2014-03-25,NST
14769941,PCT/DE2014/200047,2014-02-11,NST
14769942,PCT/JP2014/050894,2014-01-20,NST
14769943,PCT/KR2014/001683,2014-02-28,NST
14769944,PCT/US2014/018013,2014-02-24,NST
14769945,PCT/EP2014/054469,2014-03-07,NST
14769946,PCT/JP2014/051205,2014-01-22,NST
14769947,PCT/JP2014/050386,2014-01-10,NST
14769948,PCT/AT2014/050049,2014-03-03,NST
14769949,PCT/EP2014/053882,2014-02-27,NST
14769950,PCT/JP2014/054755,2014-02-26,NST
14769951,61789778,2013-03-15,PRO
14769951,PCT/US14/15950,2014-02-12,NST
14769952,61783800,2013-03-14,PRO
14769952,PCT/US14/25744,2014-03-13,NST
14769953,PCT/JP2014/052222,2014-01-31,NST
14769954,PCT/JP2014/053848,2014-02-19,NST
14769955,61814277,2013-04-21,PRO
14769955,61891932,2013-10-17,PRO
14769955,61920794,2013-12-26,PRO
14769955,PCT/US14/34821,2014-04-21,NST
14769956,PCT/JP2014/000289,2014-01-21,NST
14769957,PCT/IB2014/000223,2014-02-28,NST
14769958,PCT/JP2014/054456,2014-02-25,NST
14769959,PCT/US2014/022965,2014-03-11,NST
14769960,PCT/IB2013/051501,2013-02-25,NST
14769961,61772949,2013-03-05,PRO
14769961,PCT/US14/18739,2014-02-26,NST
14769962,PCT/EP2014/053536,2014-02-24,NST
14769963,PCT/US2014/031891,2014-03-26,NST
14769964,61769379,2013-02-26,PRO
14769964,PCT/US14/17884,2014-02-24,NST
14769965,PCT/US2014/018117,2014-02-24,NST
14769966,PCT/JP2013/054881,2013-02-26,NST
14769967,PCT/CN2014/080765,2014-06-25,NST
14769968,PCT/FR2014/050503,2014-03-05,NST
14769969,PCT/JP2013/081745,2013-11-26,NST
14769970,PCT/EP2014/000614,2014-03-10,NST
14769971,PCT/JP14/01299,2014-03-07,NST
14769972,PCT/JP2014/053485,2014-02-14,NST
14769973,PCT/JP2014/000805,2014-02-17,NST
14769975,PCT/KR2014/002104,2014-03-13,NST
14769976,PCT/JP2013/055033,2013-02-27,NST
14769977,PCT/US2013/053924,2013-08-07,NST
14769978,PCT/US13/27856,2013-02-27,NST
14769980,PCT/GB2014/050549,2014-02-24,NST
14769981,61769094,2013-02-25,PRO
14769981,PCT/US14/17871,2014-02-23,NST
14769982,PCT/JP2014/001213,2014-03-05,NST
14769983,61788475,2013-03-15,PRO
14769983,PCT/US14/25368,2014-03-13,NST
14769984,PCT/JP2014/054794,2014-02-27,NST
14769985,PCT/EP2014/055118,2014-03-14,NST
14769986,PCT/CN2013/071817,2013-02-25,NST
14769987,PCT/EP14/53603,2014-02-25,NST
14769988,PCT/JP2014/051199,2014-01-22,NST
14769989,PCT/JP2013/082221,2013-11-29,NST
14769990,PCT/FR2014/050384,2014-02-24,NST
14769991,PCT/CN2014/072489,2014-02-25,NST
14769992,PCT/IB2014/001005,2014-03-06,NST
14769993,PCT/GB14/50567,2014-02-25,NST
14769994,PCT/US2013/028207,2013-02-28,NST
14769995,PCT/EP2014/050237,2014-01-08,NST
14769996,PCT/CA2014/050135,2014-02-27,NST
14769997,PCT/EP2014/053964,2014-02-28,NST
14769998,PCT/FR2014/050399,2014-02-25,NST
14769999,PCT/JP2014/053824,2014-02-18,NST
14770000,PCT/EP2014/052988,2014-02-17,NST
14770001,PCT/US2014/018115,2014-02-24,NST
14770002,61768712,2013-02-25,PRO
14770002,PCT/US14/18380,2014-02-25,NST
14770004,PCT/KR2014/001579,2014-02-26,NST
14770006,PCT/EP2014/055509,2014-03-19,NST
14770007,PCT/FR2014/050411,2014-02-26,NST
14770009,PCT/GB2014/000054,2014-02-17,NST
14770010,PCT/SE2014/050151,2014-02-06,NST
14770011,PCT/AU2014/000172,2014-02-25,NST
14770012,PCT/CA2014/050110,2014-02-18,NST
14770013,PCT/KR2014/001368,2014-02-20,NST
14770014,PCT/US2014/017887,2014-02-24,NST
14770015,PCT/JP2013/081563,2013-11-22,NST
14770017,PCT/EP2014/053849,2014-02-27,NST
14770018,PCT/JP2013/077141,2013-10-04,NST
14770019,PCT/US2014/018031,2014-02-24,NST
14770020,PCT/EP2014/053519,2014-02-24,NST
14770021,PCT/EP2014/053539,2014-02-24,NST
14770022,PCT/KR2013/011279,2013-12-06,NST
14770023,PCT/JP2014/054725,2014-02-26,NST
14770024,PCT/AT2014/000053,2014-03-25,NST
14770025,PCT/JP2014/055114,2014-02-28,NST
14770026,PCT/JP2013/063598,2013-05-15,NST
14770027,PCT/CN2014/072789,2014-03-03,NST
14770028,PCT/AU2014/000174,2014-02-25,NST
14770029,PCT/US2014/018055,2014-02-24,NST
14770030,PCT/US2014/027722,2014-03-14,NST
14770031,PCT/EP2014/053710,2014-02-26,NST
14770032,PCT/US2014/018388,2014-02-25,NST
14770033,PCT/JP2014/052378,2014-02-03,NST
14770034,PCT/IB2013/051516,2013-02-25,NST
14770035,PCT/US2014/019039,2014-02-27,NST
14770036,PCT/US2014/018076,2014-02-24,NST
14770037,PCT/FI2014/050117,2014-02-17,NST
14770038,PCT/US13/39263,2013-05-02,NST
14770039,PCT/US2014/018175,2014-02-25,NST
14770040,PCT/US2014/018089,2014-02-24,NST
14770041,PCT/KR2014/001681,2014-02-28,NST
14770042,PCT/IB2014/059262,2014-02-26,NST
14770043,PCT/JP2014/054387,2014-02-24,NST
14770044,PCT/US2014/018318,2014-02-25,NST
14770045,PCT/JP2014/054335,2014-02-24,NST
14770046,PCT/US2014/018104,2014-02-24,NST
14770047,PCT/JP2014/054559,2014-02-25,NST
14770048,61768825,2013-02-25,PRO
14770048,PCT/US14/18242,2014-02-25,NST
14770049,PCT/US2013/028216,2013-02-28,NST
14770050,PCT/US13/34263,2013-03-28,NST
14770052,61769552,2013-02-26,PRO
14770052,61771535,2013-03-01,PRO
14770052,PCT/US14/18646,2014-02-26,NST
14770054,PCT/SE2013/050188,2013-03-01,NST
14770055,PCT/SE2014/050209,2014-02-20,NST
14770056,PCT/FR2014/050373,2014-02-24,NST
14770057,PCT/JP2014/055479,2014-03-04,NST
14770058,61769042,2013-02-25,PRO
14770058,PCT/US14/18410,2014-02-25,NST
14770059,PCT/EP2014/077692,2014-12-15,NST
14770061,61772803,2013-03-05,PRO
14770061,PCT/US14/20935,2014-03-05,NST
14770062,PCT/EP2014/062218,2014-06-12,NST
14770064,61769402,2013-02-26,PRO
14770064,PCT/US14/18428,2014-02-25,NST
14770065,PCT/EP2014/053877,2014-02-27,NST
14770066,PCT/EP2013/000708,2013-03-11,NST
14770067,PCT/EP2014/053787,2014-02-27,NST
14770068,PCT/EP2013/053718,2013-02-25,NST
14770070,61843743,2013-07-08,PRO
14770070,PCT/US14/45538,2014-07-07,NST
14770071,PCT/CN2013/072253,2013-03-06,NST
14770072,PCT/GB2014/050493,2014-02-20,NST
14770073,61768391,2013-02-22,PRO
14770073,PCT/US14/17866,2014-02-22,NST
14770074,61769085,2013-02-25,PRO
14770074,61784975,2013-03-14,PRO
14770074,61868749,2013-08-22,PRO
14770074,PCT/US14/18446,2014-02-25,NST
14770075,61768989,2013-02-25,PRO
14770075,PCT/US14/16994,2014-02-18,NST
14770077,PCT/AU2014/000158,2014-02-21,NST
14770079,PCT/JP2014/053991,2014-02-20,NST
14770080,PCT/US2014/019976,2014-03-03,NST
14770081,PCT/JP2013/077063,2013-10-04,NST
14770083,PCT/EP2014/053413,2014-02-21,NST
14770084,PCT/EP2014/053416,2014-02-21,NST
14770086,PCT/EP2014/053486,2014-02-21,NST
14770087,PCT/CN2013/072054,2013-03-01,NST
14770090,PCT/EP2014/051139,2014-01-21,NST
14770092,PCT/EP2014/053848,2014-02-27,NST
14770094,PCT/CN2013/078163,2013-06-27,NST
14770095,PCT/IB2014/059087,2014-02-19,NST
14770096,PCT/IL2014/050208,2014-02-27,NST
14770097,PCT/EP2014/054268,2014-03-05,NST
14770098,PCT/EP2014/054025,2014-03-03,NST
14770100,PCT/NO2014/000020,2014-02-21,NST
14770101,PCT/GB14/50431,2014-02-14,NST
14770102,PCT/EP2014/000202,2014-01-25,NST
14770103,PCT/US2014/033254,2014-04-08,NST
14770104,61769830,2013-02-27,PRO
14770104,PCT/US14/17276,2014-02-20,NST
14770105,PCT/JP2014/051971,2014-01-29,NST
14770106,PCT/EP2014/050037,2014-01-03,NST
14770107,PCT/EP2014/053436,2014-02-21,NST
14770108,PCT/CN2013/072129,2013-03-04,NST
14770109,PCT/EP2014/053772,2014-02-26,NST
14770110,PCT/US13/30159,2013-03-11,NST
14770111,PCT/IB2014/059489,2014-03-06,NST
14770112,PCT/US2014/025401,2014-03-13,NST
14770113,PCT/JP2014/000743,2014-02-13,NST
14770114,PCT/CA2014/050342,2014-04-04,NST
14770115,61769044,2013-02-25,PRO
14770115,61840820,2013-06-28,PRO
14770115,PCT/US14/18425,2014-02-25,NST
14770116,PCT/FR2014/000049,2014-02-28,NST
14770117,PCT/JP2014/002519,2014-05-13,NST
14770118,PCT/JP2014/054465,2014-02-25,NST
14770119,61770914,2013-02-28,PRO
14770119,PCT/US14/19506,2014-02-28,NST
14770120,61771305,2013-03-01,PRO
14770120,PCT/US14/15308,2014-02-07,NST
14770121,PCT/EP2014/053949,2014-02-28,NST
14770122,PCT/EP2013/055822,2013-03-20,NST
14770123,PCT/US2014/020719,2014-03-05,NST
14770124,PCT/IB2014/059230,2014-02-25,NST
14770125,61771999,2013-03-04,PRO
14770125,PCT/US14/18882,2014-02-27,NST
14770126,PCT/US2014/019056,2014-02-27,NST
14770128,PCT/JP2014/071298,2014-08-12,NST
14770129,PCT/US15/32208,2015-05-22,NST
14770130,PCT/JP2014/054746,2014-02-26,NST
14770131,PCT/EP2014/050221,2014-01-08,NST
14770132,PCT/JP2013/082821,2013-12-06,NST
14770133,PCT/EP2014/056078,2014-03-26,NST
14770134,PCT/KR2013/001586,2013-02-27,NST
14770135,PCT/EP2014/053306,2014-02-20,NST
14770136,PCT/JP2014/052225,2014-01-31,NST
14770137,PCT/EP2014/050547,2014-01-14,NST
14770138,PCT/CA2014/000144,2014-02-25,NST
14770139,PCT/IN2014/000113,2014-02-21,NST
14770141,PCT/US2013/077521,2013-12-23,NST
14770142,PCT/US2013/032391,2013-03-15,NST
14770143,PCT/US2014/018157,2014-02-25,NST
14770144,PCT/JP2014/054485,2014-02-25,NST
14770145,PCT/JP2014/056431,2014-03-12,NST
14770146,PCT/GB2014/050555,2014-02-25,NST
14770147,PCT/EP2014/063874,2014-06-30,NST
14770148,61800094,2013-03-15,PRO
14770148,PCT/US14/18418,2014-02-25,NST
14770149,PCT/AU2014/000176,2014-02-25,NST
14770152,PCT/GB2014/050125,2014-01-16,NST
14770153,PCT/KR2014/001617,2014-02-27,NST
14770154,PCT/IB2014/059238,2014-02-25,NST
14770156,PCT/EP2014/053506,2014-02-24,NST
14770157,PCT/JP2014/056443,2014-03-12,NST
14770158,PCT/EP2013/071137,2013-10-10,NST
14770159,PCT/EP2013/069746,2013-09-23,NST
14770160,61769154,2013-02-25,PRO
14770160,61894220,2013-10-22,PRO
14770160,PCT/US14/18402,2014-02-25,NST
14770162,PCT/JP2013/072863,2013-08-27,NST
14770163,PCT/EP2014/053802,2014-02-27,NST
14770164,PCT/US2014/024642,2014-03-12,NST
14770166,PCT/AU2014/000067,2014-01-31,NST
14770167,PCT/JP2014/000583,2014-02-04,NST
14770168,PCT/KR2013/011597,2013-12-13,NST
14770169,PCT/JP2014/052832,2014-02-07,NST
14770170,PCT/KR2014/003030,2014-04-08,NST
14770172,PCT/EP2014/055108,2014-03-14,NST
14770173,PCT/US2014/019375,2014-02-28,NST
14770174,PCT/EP2014/053543,2014-02-24,NST
14770175,PCT/JP2014/053417,2014-02-14,NST
14770176,PCT/JP2013/060635,2013-04-08,NST
14770177,PCT/CN13/72420,2013-03-11,NST
14770178,PCT/JP2014/055493,2014-03-04,NST
14770179,PCT/JP2014/001066,2014-02-27,NST
14770180,PCT/JP2014/066835,2014-06-25,NST
14770181,PCT/JP2014/055527,2014-02-26,NST
14770182,PCT/IB2014/059240,2014-02-25,NST
14770183,PCT/IB2014/000214,2014-02-27,NST
14770184,PCT/EP2013/071399,2013-10-14,NST
14770185,PCT/IB2014/061236,2014-05-06,NST
14770186,PCT/KR2014/001651,2014-02-27,NST
14770187,PCT/EP2014/052279,2014-02-06,NST
14770189,PCT/US2014/022981,2014-03-11,NST
14770190,PCT/FR2014/050370,2014-02-24,NST
14770191,61769052,2013-02-25,PRO
14770191,PCT/US14/18244,2014-02-25,NST
14770192,PCT/CN2013/071833,2013-02-25,NST
14770193,PCT/CN2013/078191,2013-06-27,NST
14770194,61769246,2013-02-26,PRO
14770194,PCT/US14/17422,2014-02-20,NST
14770195,PCT/US2014/022955,2014-03-11,NST
14770196,PCT/JP2014/056372,2014-03-11,NST
14770197,PCT/JP2013/006195,2013-10-18,NST
14770198,PCT/US2013/033046,2013-03-20,NST
14770199,PCT/EP2014/000108,2014-01-16,NST
14770200,PCT/EP2014/053874,2014-02-27,NST
14770201,PCT/JP2014/000388,2014-01-27,NST
14770202,PCT/EP2014/053854,2014-02-27,NST
14770203,PCT/EP2014/052161,2014-02-04,NST
14770204,PCT/US13/30223,2013-03-11,NST
14770205,PCT/US2014/016537,2014-02-14,NST
14770206,PCT/EP2014/053871,2014-02-27,NST
14770207,PCT/JP2014/000579,2014-02-04,NST
14770208,PCT/CN2013/071985,2013-02-28,NST
14770209,PCT/FR2014/050388,2014-02-25,NST
14770210,61779029,2013-03-13,PRO
14770210,61869286,2013-08-23,PRO
14770210,61875238,2013-09-09,PRO
14770210,PCT/US14/24525,2014-03-12,NST
14770211,PCT/JP2014/054666,2014-02-26,NST
14770212,PCT/JP2014/051476,2014-01-24,NST
14770214,PCT/KR2014/001597,2014-02-26,NST
14770215,PCT/JP2014/053525,2014-02-14,NST
14770216,PCT/US2014/027120,2014-03-14,NST
14770217,61769469,2013-02-26,PRO
14770217,PCT/US14/18623,2014-02-26,NST
14770218,PCT/US2014/017280,2014-02-20,NST
14770219,PCT/FR2014/050463,2014-03-03,NST
14770220,PCT/JP2014/054557,2014-02-25,NST
14770221,PCT/JP2014/054784,2014-02-20,NST
14770222,61784590,2013-03-14,PRO
14770222,PCT/US14/29541,2014-03-14,NST
14770223,PCT/CN2013/077883,2013-06-25,NST
14770224,PCT/EP2014/053504,2014-02-24,NST
14770225,PCT/JP2014/054732,2014-02-26,NST
14770226,PCT/JP2014/059212,2014-03-28,NST
14770227,PCT/IB2014/059128,2014-02-20,NST
14770228,PCT/EP2014/000253,2014-01-30,NST
14770229,PCT/NL2014/050115,2014-02-25,NST
14770230,PCT/US2014/018914,2014-02-27,NST
14770231,PCT/IB2013/059325,2013-10-12,NST
14770232,PCT/CN2013/077884,2013-06-25,NST
14770233,PCT/FR2014/050438,2014-02-28,NST
14770234,61770482,2013-02-28,PRO
14770234,PCT/US14/19437,2014-02-28,NST
14770236,PCT/JP2014/053849,2014-02-19,NST
14770237,PCT/GB2014/050463,2014-02-18,NST
14770238,PCT/FR2014/000044,2014-02-24,NST
14770239,61791674,2013-03-15,PRO
14770239,PCT/US14/18332,2014-02-25,NST
14770240,PCT/CN2013/073797,2013-04-07,NST
14770241,PCT/KR2014/001517,2014-02-25,NST
14770242,PCT/KR2014/002231,2014-03-17,NST
14770243,PCT/JP2014/054224,2014-02-21,NST
14770244,PCT/EP2014/052997,2014-02-17,NST
14770245,PCT/JP2014/001214,2014-03-05,NST
14770246,61776083,2013-03-11,PRO
14770246,PCT/US14/21878,2014-03-07,NST
14770248,PCT/EP2014/051875,2014-01-31,NST
14770249,PCT/JP2013/055552,2013-02-28,NST
14770250,PCT/JP2014/001131,2014-03-03,NST
14770251,PCT/IB2014/059136,2014-02-20,NST
14770252,PCT/US2013/031141,2013-03-14,NST
14770253,PCT/GB2014/050556,2014-02-25,NST
14770254,PCT/JP2014/056064,2014-03-07,NST
14770255,PCT/JP2014/054881,2014-02-27,NST
14770256,61775255,2013-03-08,PRO
14770256,PCT/US13/76028,2013-12-18,NST
14770257,PCT/TR2014/000032,2014-02-03,NST
14770258,PCT/JP2014/072646,2014-08-28,NST
14770259,PCT/GB2014/050588,2014-02-27,NST
14770260,PCT/GB2014/050582,2014-02-27,NST
14770261,PCT/US2013/028272,2013-02-28,NST
14770262,PCT/KR2014/001526,2014-02-25,NST
14770263,PCT/JP2014/054521,2014-02-25,NST
14770264,PCT/EP2014/053386,2014-02-21,NST
14770265,PCT/EP2014/053641,2014-02-25,NST
14770266,PCT/FR2014/050389,2014-02-25,NST
14770267,PCT/US2014/018342,2014-02-25,NST
14770268,PCT/AU2014/000179,2014-02-26,NST
14770269,PCT/FR2014/050392,2014-02-25,NST
14770270,61782956,2013-03-14,PRO
14770270,61834992,2013-06-14,PRO
14770270,PCT/US14/27719,2014-03-14,NST
14770271,PCT/EP2014/053941,2014-02-28,NST
14770272,PCT/GB2014/050550,2014-02-24,NST
14770273,PCT/GB2014/050339,2014-02-06,NST
14770275,PCT/IB2014/058892,2014-02-11,NST
14770276,61768807,2013-02-25,PRO
14770276,PCT/US14/18032,2014-02-24,NST
14770277,PCT/GB2014/050575,2014-02-26,NST
14770278,PCT/DE2014/200038,2014-02-03,NST
14770279,PCT/JP2014/055202,2014-02-25,NST
14770280,61782541,2013-03-14,PRO
14770280,PCT/EP2014/054591,2014-03-10,NST
14770281,PCT/EP2014/000124,2014-01-17,NST
14770282,PCT/FR2014/050398,2014-02-25,NST
14770284,61768617,2013-02-25,PRO
14770284,PCT/US14/17935,2014-02-24,NST
14770286,PCT/GB2014/050576,2014-02-26,NST
14770287,PCT/IB2014/059249,2014-02-26,NST
14770288,PCT/US2014/032446,2014-04-01,NST
14770289,PCT/JP2014/054893,2014-02-27,NST
14770290,PCT/EP2014/053307,2014-02-20,NST
14770291,61768828,2013-02-25,PRO
14770291,PCT/US14/18036,2014-02-24,NST
14770292,PCT/IB2014/059239,2014-02-25,NST
14770293,61769637,2013-02-26,PRO
14770293,PCT/US14/16785,2014-02-18,NST
14770294,PCT/EP2014/052985,2014-02-17,NST
14770295,PCT/SE2013/050173,2013-02-26,NST
14770296,61769435,2013-02-26,PRO
14770296,PCT/US14/18678,2014-02-26,NST
14770297,PCT/EP2014/053678,2014-02-26,NST
14770298,PCT/JP2014/064009,2014-05-27,NST
14770299,PCT/CA2014/050132,2014-02-25,NST
14770300,PCT/NL2013/000006,2013-02-25,NST
14770301,PCT/EP2014/053789,2014-02-27,NST
14770303,PCT/US2014/032944,2014-04-04,NST
14770304,PCT/JP2014/054663,2014-02-26,NST
14770305,PCT/JP2014/053687,2014-02-18,NST
14770306,PCT/JP2013/069626,2013-07-19,NST
14770307,PCT/IB2014/059105,2014-02-20,NST
14770308,PCT/JP2014/000875,2014-02-20,NST
14770310,PCT/EP2014/053431,2014-02-21,NST
14770311,PCT/KR2014/001516,2014-02-25,NST
14770312,PCT/JP2014/059037,2014-03-27,NST
14770313,PCT/GB2014/050572,2014-02-26,NST
14770314,PCT/JP2014/052259,2014-01-31,NST
14770315,PCT/GB2014/050678,2014-03-07,NST
14770316,PCT/US13/33073,2013-03-20,NST
14770317,PCT/KR2014/001567,2014-02-26,NST
14770318,61769047,2013-02-25,PRO
14770318,PCT/US14/18439,2014-02-25,NST
14770319,PCT/EP2014/052927,2014-02-14,NST
14770320,PCT/JP2014/050387,2014-01-10,NST
14770321,PCT/JP2014/053993,2014-02-20,NST
14770322,PCT/US2014/018317,2014-02-25,NST
14770323,PCT/JP2013/055767,2013-02-26,NST
14770324,PCT/US2013/037955,2013-04-24,NST
14770325,PCT/JP2014/058932,2014-03-27,NST
14770326,PCT/KR2013/005731,2013-06-27,NST
14770327,PCT/US2014/019411,2014-02-28,NST
14770328,PCT/KR2014/001535,2014-02-25,NST
14770329,PCT/FR2014/050412,2014-02-26,NST
14770330,PCT/JP2014/052504,2014-02-04,NST
14770331,PCT/US2014/018582,2014-02-26,NST
14770332,PCT/JP2014/001014,2014-02-26,NST
14770333,61771766,2013-03-01,PRO
14770333,PCT/US14/19658,2014-02-28,NST
14770334,PCT/JP2014/055159,2014-02-28,NST
14770335,61768881,2013-02-25,PRO
14770335,61778766,2013-03-13,PRO
14770335,PCT/US14/18354,2014-02-25,NST
14770336,PCT/CA2014/050133,2014-02-25,NST
14770337,PCT/EP2014/072646,2014-10-22,NST
14770338,61769231,2013-02-26,PRO
14770338,PCT/US14/18621,2014-02-26,NST
14770339,PCT/JP2014/056422,2014-03-12,NST
14770340,PCT/AU2014/000173,2014-02-25,NST
14770341,PCT/US2014/018143,2014-02-25,NST
14770342,PCT/JP2014/059485,2014-03-31,NST
14770344,PCT/US2013/048214,2013-06-27,NST
14770345,PCT/EP2014/053465,2014-02-21,NST
14770346,PCT/IB2013/051703,2013-03-04,NST
14770347,61769029,2013-02-25,PRO
14770347,PCT/US14/18444,2014-02-25,NST
14770348,PCT/CA2014/050143,2014-02-27,NST
14770349,PCT/IT2014/000056,2014-02-26,NST
14770350,PCT/EP2014/054246,2014-03-05,NST
14770351,PCT/JP2013/059077,2013-03-27,NST
14770352,PCT/EP2014/064769,2014-07-09,NST
14770353,PCT/CA2014/050155,2014-02-28,NST
14770355,61769517,2013-02-26,PRO
14770355,PCT/US14/18672,2014-02-26,NST
14770356,PCT/EP2014/054590,2014-03-10,NST
14770357,PCT/EP2014/053600,2014-02-25,NST
14770359,PCT/SE2014/050356,2014-03-24,NST
14770360,PCT/AU2014/000336,2014-03-31,NST
14770361,PCT/US2014/018148,2014-02-25,NST
14770362,PCT/CN2014/079130,2014-06-04,NST
14770363,PCT/AU2014/000166,2014-02-24,NST
14770366,PCT/IB2014/000777,2014-02-27,NST
14770368,PCT/CA2014/050199,2014-03-07,NST
14770369,PCT/CN2014/091912,2014-11-21,NST
14770370,PCT/KR2014/001626,2014-02-27,NST
14770371,PCT/US13/28288,2013-02-28,NST
14770372,PCT/AU2014/000185,2014-02-27,NST
14770374,61769604,2013-02-26,PRO
14770374,PCT/US14/18361,2014-02-25,NST
14770377,PCT/KR2014/002141,2014-03-13,NST
14770378,PCT/FR2014/050397,2014-02-25,NST
14770379,PCT/JP2014/055302,2014-03-03,NST
14770381,PCT/US13/42711,2013-05-24,NST
14770382,PCT/JP2014/001207,2014-03-05,NST
14770383,PCT/JP2014/054835,2014-02-27,NST
14770384,61793160,2013-03-15,PRO
14770384,PCT/US14/29540,2014-03-14,NST
14770385,PCT/CN2013/083008,2013-09-05,NST
14770386,PCT/KR2014/000129,2014-01-07,NST
14770387,PCT/IN2014/000008,2014-01-03,NST
14770388,PCT/US2014/027780,2014-03-14,NST
14770389,PCT/IB2014/000199,2014-02-25,NST
14770390,PCT/EP2013/055440,2013-03-15,NST
14770391,PCT/CN2014/088829,2014-10-17,NST
14770392,PCT/EP2014/053769,2014-02-26,NST
14770393,PCT/US2013/027796,2013-02-26,NST
14770394,PCT/CN2013/082104,2013-08-22,NST
14770395,61768931,2013-02-25,PRO
14770395,PCT/US14/18312,2014-02-25,NST
14770396,PCT/EP2014/052690,2014-02-12,NST
14770397,PCT/IB2014/059223,2014-02-25,NST
14770398,PCT/JP2013/054758,2013-02-25,NST
14770399,PCT/JP2014/054421,2014-02-25,NST
14770400,PCT/EP2014/053745,2014-02-26,NST
14770402,PCT/US2013/052505,2013-07-29,NST
14770403,PCT/EP2014/000389,2014-02-12,NST
14770404,PCT/IB14/59236,2014-02-25,NST
14770405,PCT/EP2014/052679,2014-02-12,NST
14770406,PCT/JP2014/000885,2014-02-20,NST
14770407,PCT/EP2014/053125,2014-02-18,NST
14770408,61768739,2013-02-25,PRO
14770408,PCT/US14/17345,2014-02-20,NST
14770409,PCT/US2014/045701,2014-07-08,NST
14770410,PCT/EP2014/052680,2014-02-12,NST
14770411,PCT/US2014/017569,2014-02-21,NST
14770412,PCT/US2014/016604,2014-02-14,NST
14770413,PCT/JP2014/054247,2014-02-17,NST
14770414,PCT/EP2014/053192,2014-02-19,NST
14770415,PCT/JP2014/054416,2014-02-25,NST
14770416,PCT/JP2014/001027,2014-02-26,NST
14770417,PCT/US2014/018763,2014-02-26,NST
14770418,61800266,2013-03-15,PRO
14770418,PCT/US14/16592,2014-02-14,NST
14770419,PCT/JP2014/054473,2014-02-25,NST
14770420,PCT/KR2014/001476,2014-02-24,NST
14770421,61768741,2013-02-25,PRO
14770421,PCT/US14/17339,2014-02-20,NST
14770422,PCT/JP2014/054532,2014-02-25,NST
14770423,PCT/JP2014/054716,2014-02-26,NST
14770424,PCT/US2014/018638,2014-02-26,NST
14770425,PCT/US2013/052512,2013-07-29,NST
14770426,PCT/GB2014/050659,2014-03-06,NST
14770427,PCT/CA14/00153,2014-02-25,NST
14770428,PCT/EP2014/052529,2014-02-10,NST
14770429,PCT/KR2014/001477,2014-02-24,NST
14770430,PCT/JP2013/054759,2013-02-25,NST
14770431,PCT/EP2014/053737,2014-02-26,NST
14770432,PCT/GB2014/050568,2014-02-25,NST
14770433,61769125,2013-02-25,PRO
14770433,PCT/US13/31701,2013-03-14,NST
14770434,PCT/JP2013/054766,2013-02-25,NST
14770435,PCT/JP2014/054422,2014-02-25,NST
14770436,PCT/JP2014/054583,2014-02-25,NST
14770437,PCT/FR2014/050458,2014-03-03,NST
14770438,PCT/US2014/017436,2014-02-20,NST
14770439,PCT/JP2014/054588,2014-02-25,NST
14770440,PCT/US2014/021668,2014-03-07,NST
14770441,PCT/US2014/019807,2014-03-03,NST
14770442,61769448,2013-02-26,PRO
14770442,PCT/US14/18804,2014-02-26,NST
14770443,PCT/JP2013/054660,2013-02-25,NST
14770444,PCT/EP2014/053094,2014-02-18,NST
14770445,PCT/KR2014/001478,2014-02-24,NST
14770446,12999114,2011-03-23,CIP
14770446,13776930,2013-02-26,CON
14770446,PCT/US14/18445,2014-02-25,NST
14770446,PCT/US2010/033349,2010-05-03,NST
14770447,PCT/JP2014/054523,2014-02-25,NST
14770448,PCT/JP2013/054657,2013-02-25,NST
14770449,PCT/KR2014/001187,2014-02-13,NST
14770450,61931248,2014-01-24,PRO
14770450,PCT/US14/58629,2014-10-01,NST
14770451,61769709,2013-02-26,PRO
14770451,PCT/US14/18303,2014-02-25,NST
14770452,PCT/EP2014/052991,2014-02-17,NST
14770453,PCT/JP2014/054587,2014-02-25,NST
14770454,PCT/CN2013/091163,2013-12-31,NST
14770455,PCT/KR2013/007086,2013-08-06,NST
14770456,PCT/CN2014/074640,2014-04-02,NST
14770457,PCT/JP2014/054589,2014-02-25,NST
14770458,PCT/JP2014/054584,2014-02-25,NST
14770459,PCT/JP2014/054445,2014-02-25,NST
14770460,PCT/GB2013/050551,2013-03-06,NST
14770461,PCT/KR2013/010342,2013-11-14,NST
14770462,PCT/FR2014/050404,2014-02-25,NST
14770463,PCT/EP2014/053497,2014-02-24,NST
14770464,PCT/IB2014/059269,2014-02-26,NST
14770466,PCT/JP2014/054962,2014-02-27,NST
14770467,61769545,2013-02-26,PRO
14770467,PCT/US14/18464,2014-02-26,NST
14770468,PCT/EP2013/076068,2013-12-10,NST
14770469,PCT/CN2013/081996,2013-08-21,NST
14770471,PCT/FR2014/050454,2014-03-03,NST
14770472,PCT/US2014/021485,2014-03-07,NST
14770474,PCT/JP2014/054846,2014-02-27,NST
14770475,PCT/CN2013/072993,2013-03-21,NST
14770476,61772046,2013-03-04,PRO
14770476,PCT/US14/19752,2014-03-02,NST
14770477,61772057,2013-03-04,PRO
14770477,PCT/US14/19753,2014-03-02,NST
14770478,PCT/US2014/031389,2014-03-21,NST
14770479,PCT/JP2014/054676,2014-02-26,NST
14770480,61769642,2013-02-26,PRO
14770480,PCT/US14/18615,2014-02-26,NST
14770481,PCT/US2013/039057,2013-05-01,NST
14770482,PCT/IB2014/059526,2014-03-07,NST
14770483,PCT/IB2014/059286,2014-02-27,NST
14770484,PCT/JP2013/066370,2013-06-13,NST
14770485,PCT/JP2014/056871,2014-03-14,NST
14770486,PCT/GB2014/051517,2014-05-16,NST
14770487,PCT/IL2014/050197,2014-02-26,NST
14770488,PCT/JP2013/073918,2013-09-05,NST
14770489,PCT/US2014/019242,2014-02-28,NST
14770490,PCT/JP2013/081494,2013-11-22,NST
14770491,PCT/SE2013/050166,2013-02-26,NST
14770492,PCT/JP2014/054268,2014-02-24,NST
14770493,PCT/AT2014/050053,2014-03-06,NST
14770494,PCT/US2014/028317,2014-03-14,NST
14770495,PCT/SE2013/050190,2013-03-04,NST
14770496,PCT/SE2014/050194,2014-02-18,NST
14770497,61770027,2013-02-27,PRO
14770497,61885134,2013-10-01,PRO
14770497,PCT/US14/19076,2014-02-27,NST
14770498,PCT/JP2014/001020,2014-02-26,NST
14770499,PCT/EP2014/054795,2014-03-12,NST
14770500,PCT/US2014/019237,2014-02-28,NST
14770502,PCT/JP2014/067565,2014-07-01,NST
14770503,PCT/JP2014/056530,2014-03-12,NST
14770504,PCT/JP2014/067564,2014-07-01,NST
14770505,PCT/JP2014/055073,2014-02-28,NST
14770506,PCT/SE2014/050270,2014-03-05,NST
14770507,61772166,2013-03-04,PRO
14770507,61906465,2013-11-20,PRO
14770507,PCT/US14/20243,2014-03-04,NST
14770508,PCT/JP2014/053412,2014-02-14,NST
14770509,PCT/KR2013/010766,2013-11-26,NST
14770510,PCT/IB2014/059802,2014-03-14,NST
14770512,PCT/EP2014/053759,2014-02-26,NST
14770513,PCT/EP2014/054195,2014-03-04,NST
14770514,PCT/JP2014/054701,2014-02-26,NST
14770515,PCT/JP2014/055205,2014-02-25,NST
14770516,PCT/IB2014/059210,2014-02-24,NST
14770517,PCT/EP2014/000460,2014-02-21,NST
14770518,PCT/JP2014/054285,2014-02-24,NST
14770519,PCT/JP2014/000898,2014-02-21,NST
14770520,PCT/JP2014/053664,2014-02-17,NST
14770521,PCT/EP2014/053491,2014-02-24,NST
14770522,PCT/US2014/026234,2014-03-13,NST
14770523,PCT/EP2014/053735,2014-02-26,NST
14770524,PCT/EP2014/055017,2014-03-13,NST
14770525,PCT/EP2014/052779,2014-02-13,NST
14770526,PCT/EP2014/052980,2014-02-17,NST
14770527,PCT/EP2014/000395,2014-02-13,NST
14770528,PCT/EP2014/052963,2014-02-14,NST
14770529,PCT/JP2014/054211,2014-02-21,NST
14770530,PCT/GB2014/050477,2014-02-19,NST
14770531,PCT/EP2014/053640,2014-02-25,NST
14770532,PCT/JP2014/056338,2014-03-11,NST
14770533,PCT/JP2014/001200,2014-03-05,NST
14770534,PCT/JP2014/055548,2014-03-05,NST
14770535,PCT/JP2014/064005,2014-05-27,NST
14770536,PCT/IB2014/059201,2014-02-24,NST
14770537,PCT/KR2014/001613,2014-02-27,NST
14770538,PCT/JP2014/052840,2014-02-07,NST
14770539,PCT/JP2014/056955,2014-03-14,NST
14770540,PCT/CA2014/050150,2014-02-28,NST
14770541,PCT/EP2013/000591,2013-02-28,NST
14770543,PCT/US2014/027636,2014-03-14,NST
14770544,PCT/JP2014/054742,2014-02-26,NST
14770545,PCT/TR2013/000321,2013-10-14,NST
14770546,PCT/EP2014/053249,2014-02-19,NST
14770547,PCT/EP2013/054025,2013-02-28,NST
14770548,PCT/KR2014/001615,2014-02-27,NST
14770549,PCT/SE2014/050271,2014-03-05,NST
14770550,PCT/EP2014/054056,2014-03-03,NST
14770552,PCT/JP2014/054594,2014-02-19,NST
14770553,PCT/IB2014/059337,2014-02-28,NST
14770554,PCT/EP2014/054682,2014-03-11,NST
14770555,PCT/EP2014/053555,2014-02-24,NST
14770556,PCT/JP2014/054720,2014-02-26,NST
14770557,PCT/EP2014/051957,2014-01-31,NST
14770558,61799008,2013-03-15,PRO
14770558,PCT/US14/28541,2014-03-14,NST
14770559,PCT/RU2013/001012,2013-11-14,NST
14770560,PCT/JP2013/080815,2013-11-14,NST
14770563,PCT/JP2014/055890,2014-02-28,NST
14770564,61769464,2013-02-26,PRO
14770564,PCT/US14/18645,2014-02-26,NST
14770565,61770816,2013-02-28,PRO
14770565,PCT/US14/19460,2014-02-28,NST
14770567,PCT/JP2013/083322,2013-12-12,NST
14770568,PCT/FR2014/050507,2014-03-06,NST
14770569,PCT/EP2014/053903,2014-02-28,NST
14770570,PCT/JP2014/054806,2014-02-27,NST
14770571,PCT/JP2014/055070,2014-02-28,NST
14770572,PCT/JP2014/001072,2014-02-27,NST
14770573,PCT/JP14/53823,2014-02-18,NST
14770574,PCT/EP2014/054186,2014-03-04,NST
14770576,PCT/EP2014/053691,2014-02-26,NST
14770577,PCT/US13/49211,2013-07-03,NST
14770578,PCT/SE2014/050232,2014-02-26,NST
14770580,PCT/US13/27952,2013-02-27,NST
14770582,PCT/JP2013/063675,2013-05-16,NST
14770584,PCT/JP2013/064839,2013-05-29,NST
14770585,PCT/EP2013/069124,2013-09-16,NST
14770586,PCT/JP2014/001074,2014-02-27,NST
14770587,PCT/EP2014/053189,2014-02-19,NST
14770588,PCT/IB2014/000193,2014-02-24,NST
14770589,PCT/JP2013/072149,2013-08-20,NST
14770590,PCT/FR2014/050206,2014-02-04,NST
14770591,PCT/JP2013/082520,2013-12-04,NST
14770592,PCT/JP2014/052180,2014-01-24,NST
14770593,PCT/JP2013/083499,2013-12-13,NST
14770594,PCT/JP2013/062962,2013-05-08,NST
14770595,PCT/AU2014/000169,2014-02-24,NST
14770596,PCT/AT2014/000034,2014-02-18,NST
14770597,PCT/EP2014/054033,2014-03-03,NST
14770598,PCT/JP2014/001048,2014-02-27,NST
14770599,61788686,2013-03-15,PRO
14770599,PCT/US14/25804,2014-03-13,NST
14770600,PCT/JP2014/054935,2014-02-27,NST
14770601,PCT/EP2014/056146,2014-03-27,NST
14770602,PCT/JP2013/055484,2013-02-28,NST
14770603,PCT/EP2013/069126,2013-09-16,NST
14770604,PCT/JP2014/052377,2014-02-03,NST
14770605,PCT/IB2013/001975,2013-05-13,NST
14770606,PCT/EP2014/053100,2014-02-18,NST
14770607,PCT/KR2014/001124,2014-02-11,NST
14770608,PCT/US2013/062221,2013-09-27,NST
14770610,PCT/EP2014/052906,2014-02-14,NST
14770611,PCT/JP2014/053728,2014-02-18,NST
14770612,61789235,2013-03-15,PRO
14770612,PCT/US14/27108,2014-03-14,NST
14770613,61771377,2013-03-01,PRO
14770613,PCT/US14/19594,2014-02-28,NST
14770614,PCT/US13/67982,2013-11-01,NST
14770616,PCT/CN2013/073444,2013-03-29,NST
14770617,PCT/EP2014/050147,2014-01-07,NST
14770618,PCT/JP2013/064709,2013-05-28,NST
14770619,PCT/JP2013/072448,2013-08-22,NST
14770620,PCT/JP2013/055081,2013-02-27,NST
14770621,PCT/JP2014/053561,2014-02-14,NST
14770623,PCT/EP2014/000399,2014-02-13,NST
14770624,PCT/JP2014/066741,2014-06-24,NST
14770625,PCT/US2014/018777,2014-02-26,NST
14770626,PCT/EP2014/053647,2014-02-25,NST
14770627,PCT/JP2013/058648,2013-03-25,NST
14770628,PCT/JP2014/000143,2014-01-15,NST
14770629,PCT/JP2014/055787,2014-03-06,NST
14770630,PCT/JP2014/051752,2014-01-28,NST
14770631,PCT/EP2014/053133,2014-02-18,NST
14770632,PCT/US2013/043320,2013-05-30,NST
14770633,PCT/US2013/075319,2013-12-16,NST
14770634,PCT/US2014/018601,2014-02-26,NST
14770635,PCT/US2013/022397,2013-01-21,NST
14770636,61769585,2013-02-26,PRO
14770636,PCT/US14/18232,2014-02-25,NST
14770637,PCT/JP2014/055870,2014-03-06,NST
14770638,PCT/JP2014/053771,2014-02-18,NST
14770639,PCT/JP2013/080972,2013-11-18,NST
14770640,PCT/JP2013/084794,2013-12-26,NST
14770641,PCT/US2014/016831,2014-02-18,NST
14770642,PCT/US2014/053018,2014-08-27,NST
14770643,PCT/EP2014/053574,2014-02-25,NST
14770644,61775801,2013-03-11,PRO
14770644,PCT/US14/22247,2014-03-10,NST
14770645,PCT/CN2014/090392,2014-11-05,NST
14770646,PCT/JP2013/063530,2013-05-15,NST
14770648,PCT/JP14/54803,2014-02-27,NST
14770649,PCT/EP2014/053742,2014-02-26,NST
14770650,PCT/KR2013/011184,2013-12-05,NST
14770651,PCT/JP2014/052865,2014-02-07,NST
14770653,PCT/IB2014/000200,2014-02-25,NST
14770654,PCT/US2014/021428,2014-03-06,NST
14770655,61793613,2013-03-15,PRO
14770655,PCT/US14/30234,2014-03-17,NST
14770656,PCT/JP2014/052150,2014-01-30,NST
14770657,PCT/US2014/021235,2014-03-06,NST
14770658,61770147,2013-02-27,PRO
14770658,PCT/US14/17985,2014-02-24,NST
14770659,PCT/JP2013/084631,2013-12-25,NST
14770660,PCT/IB2014/059293,2014-02-27,NST
14770661,PCT/JP14/58674,2014-03-26,NST
14770662,PCT/GB2014/050342,2014-02-06,NST
14770663,PCT/EP2014/052594,2014-02-11,NST
14770664,PCT/JP2014/058275,2014-03-25,NST
14770665,PCT/IN2014/000126,2014-02-26,NST
14770666,PCT/US2014/031464,2014-03-21,NST
14770667,PCT/JP2014/052862,2014-02-07,NST
14770668,61770620,2013-02-28,PRO
14770668,61874201,2013-09-05,PRO
14770668,61874213,2013-09-05,PRO
14770668,PCT/US14/19599,2014-02-28,NST
14770669,PCT/JP2014/055198,2014-02-24,NST
14770670,PCT/JP2014/051877,2014-01-29,NST
14770671,61794650,2013-03-15,PRO
14770671,PCT/US14/28795,2014-03-14,NST
14770672,PCT/EP2014/053014,2014-02-17,NST
14770673,PCT/EP2013/057023,2013-04-03,NST
14770674,PCT/JP2014/054886,2014-02-27,NST
14770675,PCT/NO2014/050034,2014-03-12,NST
14770677,PCT/JP2014/050690,2014-01-16,NST
14770678,61770162,2013-02-27,PRO
14770678,PCT/US14/18000,2014-02-24,NST
14770679,PCT/ES2014/070141,2014-02-25,NST
14770680,PCT/JP2014/058112,2014-03-24,NST
14770681,PCT/FR2014/050382,2014-02-24,NST
14770682,PCT/JP2014/001030,2014-02-26,NST
14770683,PCT/EP2013/053805,2013-02-26,NST
14770684,PCT/EP2014/057791,2014-04-16,NST
14770685,PCT/JP14/57203,2014-03-17,NST
14770686,PCT/DE2014/000136,2014-03-15,NST
14770687,PCT/KR2014/001753,2014-03-04,NST
14770688,PCT/FR2014/000047,2014-02-26,NST
14770689,PCT/FI2013/050216,2013-02-26,NST
14770691,PCT/US2013/076699,2013-12-19,NST
14770692,PCT/JP2014/000378,2014-01-27,NST
14770693,PCT/KR2014/002045,2014-03-12,NST
14770694,PCT/JP2014/056983,2014-03-14,NST
14770695,PCT/DE2014/100068,2014-02-26,NST
14770696,PCT/JP2013/078449,2013-10-21,NST
14770697,PCT/FI2013/050217,2013-02-26,NST
14770698,61770720,2013-02-28,PRO
14770698,PCT/US14/18327,2014-02-25,NST
14770699,PCT/KR2014/002274,2014-03-18,NST
14770700,PCT/JP2014/054690,2014-02-26,NST
14770701,PCT/AU2014/000167,2014-02-24,NST
14770702,61780179,2013-03-13,PRO
14770702,PCT/US14/22354,2014-03-10,NST
14770703,PCT/IB2014/059324,2014-02-28,NST
14770704,PCT/IB2014/066737,2014-12-09,NST
14770705,PCT/EP2014/053934,2014-02-28,NST
14770706,61787771,2013-03-15,PRO
14770706,PCT/US14/27990,2014-03-14,NST
14770707,PCT/KR2014/001556,2014-02-26,NST
14770708,PCT/JP2014/056082,2014-02-27,NST
14770709,61833581,2013-06-11,PRO
14770709,PCT/US14/22793,2014-03-10,NST
14770710,PCT/NL2014/050176,2014-03-21,NST
14770711,PCT/EP2013/055462,2013-03-15,NST
14770712,PCT/IB2014/059276,2014-02-26,NST
14770713,PCT/CN2014/087056,2014-09-22,NST
14770715,PCT/JP2014/055161,2014-02-28,NST
14770716,PCT/CN2013/082649,2013-08-30,NST
14770717,PCT/JP2014/000901,2014-02-21,NST
14770718,61774986,2013-03-08,PRO
14770718,PCT/US14/21960,2014-03-07,NST
14770719,PCT/JP2014/053230,2014-02-12,NST
14770720,PCT/KR2014/001540,2014-02-26,NST
14770721,PCT/KR2013/007247,2013-08-12,NST
14770722,PCT/CA2014/000141,2014-02-21,NST
14770723,PCT/SE2014/050281,2014-03-07,NST
14770724,PCT/JP2014/000634,2014-02-06,NST
14770725,PCT/KR2014/001641,2014-02-27,NST
14770726,PCT/EP2013/075269,2013-12-02,NST
14770727,PCT/CN2014/000196,2014-03-04,NST
14770728,PCT/JP2013/007459,2013-12-19,NST
14770729,PCT/JP2014/001033,2014-02-26,NST
14770730,PCT/EP2014/053026,2014-02-17,NST
14770731,PCT/CN2014/001178,2014-12-25,NST
14770732,PCT/JP2014/055121,2014-02-28,NST
14770733,PCT/JP2014/054761,2014-02-26,NST
14770734,PCT/DE2014/000047,2014-02-05,NST
14770735,PCT/JP2014/059895,2014-04-03,NST
14770736,PCT/IL2014/000026,2014-05-27,NST
14770737,PCT/JP2014/054027,2014-02-20,NST
14770738,PCT/EP2014/053995,2014-02-28,NST
14770739,PCT/EP2014/053643,2014-02-25,NST
14770740,PCT/DK2014/050039,2014-02-27,NST
14770741,61769610,2013-02-26,PRO
14770741,PCT/US14/18360,2014-02-25,NST
14770742,PCT/DK2014/050040,2014-02-27,NST
14770743,PCT/EP2013/069745,2013-09-23,NST
14770744,PCT/JP2014/055263,2014-03-03,NST
14770745,PCT/JP2014/000986,2014-02-25,NST
14770746,PCT/KR2013/012212,2013-12-26,NST
14770747,PCT/FR2014/050527,2014-03-07,NST
14770748,61792957,2013-03-15,PRO
14770748,PCT/US14/30389,2014-03-17,NST
14770749,61806599,2013-03-29,PRO
14770749,PCT/US14/32205,2014-03-28,NST
14770750,PCT/EP2014/053029,2014-02-17,NST
14770751,PCT/CN2013/084020,2013-09-23,NST
14770752,61806583,2013-03-29,PRO
14770752,PCT/US14/32165,2014-03-28,NST
14770753,PCT/US2014/018370,2014-02-25,NST
14770754,PCT/CN2014/073266,2014-03-12,NST
14770755,PCT/GB2014/050530,2014-02-21,NST
14770756,PCT/US13/32288,2013-03-15,NST
14770758,PCT/GB2014/050531,2014-02-21,NST
14770759,PCT/US2014/021426,2014-03-06,NST
14770760,PCT/JP2014/054989,2014-02-21,NST
14770761,PCT/NL2013/050127,2013-02-28,NST
14770762,PCT/US2013/074925,2013-12-13,NST
14770763,61799910,2013-03-15,PRO
14770763,PCT/US14/23761,2014-03-11,NST
14770764,PCT/GB2014/050532,2014-02-21,NST
14770765,PCT/US2014/018873,2014-02-27,NST
14770766,61784947,2013-03-14,PRO
14770766,PCT/US14/22433,2014-03-10,NST
14770767,PCT/GB2014/050595,2014-02-28,NST
14770768,PCT/JP2014/055053,2014-02-28,NST
14770769,PCT/GB2014/050533,2014-02-21,NST
14770770,61787812,2013-03-15,PRO
14770770,PCT/US14/23581,2014-03-11,NST
14770772,PCT/KR2014/001954,2014-03-10,NST
14770773,PCT/JP2014/059908,2014-03-28,NST
14770775,PCT/JP2014/001120,2014-03-03,NST
14770776,PCT/US2014/018120,2014-02-24,NST
14770777,PCT/EP2014/053859,2014-02-27,NST
14770778,PCT/US2014/021313,2014-03-06,NST
14770779,PCT/EP2014/053813,2014-02-27,NST
14770780,61769506,2013-02-26,PRO
14770780,PCT/US14/16724,2014-02-17,NST
14770781,PCT/EP2013/055457,2013-03-15,NST
14770782,PCT/JP2014/054176,2014-02-21,NST
14770783,61769692,2013-02-26,PRO
14770783,PCT/US14/18122,2014-02-25,NST
14770784,PCT/JP2013/081244,2013-11-20,NST
14770785,PCT/KR2014/002119,2014-03-13,NST
14770786,PCT/CA2014/050138,2014-02-27,NST
14770787,PCT/EP2014/052576,2014-02-11,NST
14770788,PCT/CA2014/050127,2014-02-24,NST
14770789,PCT/JP2014/054774,2014-02-26,NST
14770790,PCT/CN2013/072004,2013-02-28,NST
14770791,PCT/EP2014/050492,2014-01-13,NST
14770792,PCT/JP2014/053850,2014-02-19,NST
14770793,PCT/JP2014/054177,2014-02-21,NST
14770794,PCT/JP2014/058625,2014-03-26,NST
14770795,PCT/JP2014/052794,2014-02-06,NST
14770796,PCT/EP2014/053852,2014-02-27,NST
14770797,PCT/EP2014/050867,2014-01-17,NST
14770798,PCT/EP2014/053856,2014-02-27,NST
14770799,PCT/CN2014/072582,2014-02-26,NST
14770800,PCT/CN2013/072067,2013-03-01,NST
14770801,PCT/FR2014/050424,2014-02-27,NST
14770802,PCT/US2014/018650,2014-02-26,NST
14770803,PCT/IB2014/059121,2014-02-20,NST
14770804,PCT/US2013/033007,2013-03-19,NST
14770805,PCT/JP2013/055579,2013-02-28,NST
14770806,PCT/JP2013/081241,2013-11-20,NST
14770807,PCT/US2013/032877,2013-03-19,NST
14770808,PCT/JP2014/001045,2014-02-27,NST
14770809,PCT/US13/32888,2013-03-19,NST
14770810,PCT/US2013/033421,2013-03-22,NST
14770811,PCT/US2013/033747,2013-03-25,NST
14770812,PCT/JP2013/001146,2013-02-27,NST
14770813,PCT/CN2013/090593,2013-12-26,NST
14770814,PCT/EP2014/053554,2014-02-24,NST
14770815,PCT/JP2013/001153,2013-02-27,NST
14770816,PCT/SG2014/000078,2014-02-24,NST
14770818,PCT/GB2014/050573,2014-02-26,NST
14770819,PCT/IB2014/059270,2014-02-26,NST
14770820,PCT/CN2013/075712,2013-05-16,NST
14770822,PCT/JP2013/001155,2013-02-27,NST
14770823,PCT/JP2014/055505,2014-03-04,NST
14770825,PCT/CN2014/095237,2014-12-28,NST
14770827,PCT/CN2013/090478,2013-12-25,NST
14770828,PCT/EP2014/000485,2014-02-25,NST
14770830,PCT/CN2013/072306,2013-03-07,NST
14770831,PCT/CN2013/072290,2013-03-07,NST
14770832,PCT/US2014/022507,2014-03-10,NST
14770833,PCT/FI2014/050146,2014-02-27,NST
14770834,PCT/IN2014/000134,2014-02-28,NST
14770835,PCT/EP2014/054520,2014-03-10,NST
14770836,PCT/EP2014/000776,2014-03-21,NST
14770837,PCT/GB2014/050593,2014-02-28,NST
14770838,PCT/EP2014/054410,2014-03-07,NST
14770839,PCT/KR2014/001688,2014-02-28,NST
14770840,PCT/US2014/029898,2014-03-15,NST
14770841,PCT/RU2014/000814,2014-10-28,NST
14770842,PCT/IL2014/050206,2014-02-27,NST
14770843,PCT/JP2014/072969,2014-09-02,NST
14770844,PCT/IL2014/050202,2014-02-27,NST
14770845,PCT/EP2014/054528,2014-03-10,NST
14770847,PCT/EP2014/054529,2014-03-10,NST
14770848,PCT/EP2014/054532,2014-03-10,NST
14770849,PCT/JP2013/055295,2013-02-28,NST
14770850,61769942,2013-02-27,PRO
14770850,PCT/US14/18843,2014-02-27,NST
14770851,PCT/EP2014/054533,2014-03-10,NST
14770852,PCT/EP2014/054521,2014-03-10,NST
14770853,PCT/JP2014/001378,2014-03-11,NST
14770854,PCT/EP2013/054061,2013-02-28,NST
14770855,61770308,2013-02-27,PRO
14770855,PCT/US14/19169,2014-02-27,NST
14770856,PCT/JP2014/053759,2014-02-18,NST
14770857,PCT/JP2014/054621,2014-02-26,NST
14770858,PCT/JP2014/069324,2014-07-22,NST
14770859,PCT/EP2014/053035,2014-02-17,NST
14770860,61769908,2013-02-27,PRO
14770860,PCT/US14/18826,2014-02-27,NST
14770861,PCT/US2014/018837,2014-02-27,NST
14770863,61780075,2013-03-13,PRO
14770863,PCT/US14/20396,2014-03-04,NST
14770864,PCT/JP2014/054925,2014-02-27,NST
14770865,PCT/EP2014/000475,2014-02-24,NST
14770866,PCT/IN2013/000183,2013-03-19,NST
14770867,PCT/EP2014/054060,2014-03-03,NST
14770868,PCT/JP2014/052341,2014-01-31,NST
14770869,PCT/GB2014/050594,2014-02-28,NST
14770870,PCT/IB2014/000954,2014-02-27,NST
14770871,PCT/IB2014/059877,2014-03-17,NST
14770872,PCT/EP2014/000544,2014-03-04,NST
14770873,PCT/IL2014/050207,2014-02-27,NST
14770875,PCT/JP2014/050483,2014-01-14,NST
14770876,PCT/US2014/023919,2014-03-12,NST
14770877,PCT/EP2014/053666,2014-02-26,NST
14770878,PCT/LT2013/000004,2013-02-28,NST
14770879,PCT/US2014/028145,2014-03-14,NST
14770880,PCT/US2013/077793,2013-12-26,NST
14770881,PCT/JP2013/068595,2013-07-08,NST
14770882,PCT/JP2014/000037,2014-01-08,NST
14770883,PCT/EP2014/053346,2014-02-20,NST
14770884,PCT/JP2014/053598,2014-02-17,NST
14770885,PCT/EP2014/053667,2014-02-26,NST
14770886,PCT/JP2014/053129,2014-02-12,NST
14770887,PCT/EP2014/055101,2014-03-14,NST
14770888,PCT/FR2014/050416,2014-02-26,NST
14770889,PCT/JP2013/079688,2013-11-01,NST
14770890,PCT/US2014/021496,2014-03-07,NST
14770891,PCT/JP2013/072586,2013-08-23,NST
14770893,61770437,2013-02-28,PRO
14770893,PCT/US14/18732,2014-02-26,NST
14770894,PCT/US2014/031874,2014-03-26,NST
14770895,PCT/JP2014/059656,2014-04-01,NST
14770896,61770448,2013-02-28,PRO
14770896,PCT/US13/77917,2013-12-27,NST
14770897,PCT/JP2014/000983,2014-02-25,NST
14770898,PCT/GB2014/050619,2014-03-03,NST
14770899,61786752,2013-03-15,PRO
14770899,61901556,2013-11-08,PRO
14770899,PCT/US14/27379,2014-03-14,NST
14770900,PCT/JP2014/057257,2014-03-18,NST
14770901,PCT/IN2013/000184,2013-03-19,NST
14770902,PCT/EP2014/052939,2014-02-14,NST
14770903,PCT/JP2014/052866,2014-02-07,NST
14770904,PCT/DE2014/000046,2014-02-07,NST
14770905,61779339,2013-03-13,PRO
14770905,PCT/US14/20642,2014-03-05,NST
14770906,61776324,2013-03-11,PRO
14770906,PCT/US14/17586,2014-02-21,NST
14770909,PCT/JP2014/051774,2014-01-28,NST
14770910,PCT/FR2014/050430,2014-02-27,NST
14770911,PCT/JP2014/051076,2014-01-21,NST
14770912,PCT/US2014/020890,2014-03-05,NST
14770913,PCT/JP2014/054371,2014-02-24,NST
14770914,PCT/JP2014/054808,2014-02-27,NST
14770915,PCT/JP2013/059310,2013-03-28,NST
14770917,61790473,2013-03-15,PRO
14770917,PCT/US14/24034,2014-03-12,NST
14770919,61776237,2013-03-11,PRO
14770919,PCT/US14/22986,2014-03-11,NST
14770920,PCT/JP2014/053990,2014-02-20,NST
14770921,PCT/KR2014/001548,2014-02-26,NST
14770922,PCT/EP2014/054796,2014-03-12,NST
14770923,PCT/CN2014/072697,2014-02-28,NST
14770924,PCT/JP2014/054681,2014-02-26,NST
14770925,61772713,2013-03-05,PRO
14770925,PCT/US14/10477,2014-01-07,NST
14770926,PCT/JP2014/051735,2014-01-28,NST
14770927,PCT/JP2014/057807,2014-03-20,NST
14770929,PCT/US2014/019357,2014-02-28,NST
14770930,PCT/US2014/029460,2014-03-14,NST
14770931,PCT/CN2014/072719,2014-02-28,NST
14770933,PCT/US2014/019070,2014-02-27,NST
14770934,PCT/JP2014/055549,2014-03-05,NST
14770936,PCT/IB2014/001788,2014-09-12,NST
14770937,PCT/JP2014/055646,2014-03-05,NST
14770938,PCT/JP2014/000567,2014-02-04,NST
14770939,PCT/IL2014/050195,2013-02-28,NST
14770940,PCT/JP2014/066382,2014-06-20,NST
14770941,PCT/US2014/018934,2014-02-27,NST
14770943,PCT/JP2014/055552,2014-03-05,NST
14770944,PCT/JP2014/001080,2014-02-27,NST
14770945,PCT/US2013/068529,2013-11-05,NST
14770946,61786752,2013-03-15,PRO
14770946,61901550,2013-11-08,PRO
14770946,61901556,2013-11-08,PRO
14770946,PCT/US14/27085,2014-03-14,NST
14770947,PCT/EP2014/053794,2014-02-27,NST
14770948,PCT/CN2013/072050,2013-03-01,NST
14770949,PCT/GB2014/050583,2014-02-27,NST
14770950,PCT/EP2014/052005,2014-02-03,NST
14770951,PCT/JP2014/055574,2014-03-05,NST
14770952,PCT/EP2014/052004,2014-02-03,NST
14770953,PCT/JP2014/058537,2014-03-26,NST
14770955,PCT/JP2013/084558,2013-12-25,NST
14770956,PCT/GB2014/050587,2014-02-27,NST
14770959,PCT/JP2014/054982,2014-02-27,NST
14770960,PCT/IB2013/059264,2013-10-10,NST
14770961,PCT/KR2014/001645,2014-02-27,NST
14770962,PCT/KR2013/011330,2013-12-09,NST
14770963,PCT/JP2013/055260,2013-02-27,NST
14770964,PCT/KR2014/002279,2014-03-18,NST
14770965,61800454,2013-03-15,PRO
14770965,PCT/US14/29510,2014-03-14,NST
14770966,PCT/DE2014/200008,2014-01-20,NST
14770967,PCT/EP2014/054603,2014-03-10,NST
14770968,61771066,2013-02-28,PRO
14770968,61929764,2014-01-21,PRO
14770968,14192812,2014-02-27,CIP
14770968,PCT/US14/19163,2014-02-27,NST
14770969,PCT/US13/32091,2013-03-15,NST
14770970,61769792,2013-02-27,PRO
14770970,PCT/US14/18256,2014-02-25,NST
14770971,PCT/CN2014/070512,2014-01-13,NST
14770972,PCT/KR2014/002905,2014-04-04,NST
14770973,PCT/JP2013/006530,2013-11-06,NST
14770974,PCT/JP14/52624,2014-02-05,NST
14770975,PCT/EP2014/053786,2014-02-27,NST
14770976,PCT/JP2014/000409,2014-01-28,NST
14770977,PCT/EP2014/051629,2014-01-28,NST
14770978,PCT/JP2014/052089,2014-01-30,NST
14770979,PCT/JP2014/054601,2014-02-26,NST
14770980,PCT/JP2014/053679,2014-02-18,NST
14770981,PCT/IB2014/059267,2014-02-26,NST
14770984,PCT/IN2014/000270,2014-04-25,NST
14770985,PCT/JP2014/055004,2014-02-28,NST
14770987,61771072,2013-02-28,PRO
14770987,PCT/US14/19503,2014-02-28,NST
14770988,PCT/JP2014/054932,2014-02-27,NST
14770989,PCT/KR2014/009748,2014-10-16,NST
14770990,PCT/JP2013/078201,2013-10-17,NST
14770991,PCT/US2014/024119,2014-03-12,NST
14770993,PCT/EP2014/054672,2014-03-11,NST
14770994,61773374,2013-03-06,PRO
14770994,61881098,2013-09-23,PRO
14770994,PCT/US14/21019,2014-03-06,NST
14770996,PCT/IL2013/050181,2013-02-28,NST
14770997,PCT/JP2014/066379,2014-06-20,NST
14770998,PCT/JP2014/058535,2014-03-26,NST
14770999,PCT/EP2014/053811,2014-02-27,NST
14771000,PCT/JP2014/054829,2014-02-27,NST
14771002,PCT/EP2014/001298,2014-05-14,NST
14771003,PCT/EP2014/052400,2014-02-07,NST
14771004,PCT/JP2014/053766,2014-02-18,NST
14771005,PCT/CN2014/082220,2014-07-15,NST
14771006,PCT/EP2014/053969,2014-02-28,NST
14771007,PCT/KR2014/001705,2014-02-28,NST
14771008,PCT/US2013/046065,2013-06-17,NST
14771009,61781199,2013-03-14,PRO
14771009,PCT/US14/26279,2014-03-13,NST
14771010,PCT/JP2014/054793,2014-02-27,NST
14771011,PCT/US2014/019137,2014-02-27,NST
14771012,PCT/US2014/019835,2014-03-03,NST
14771013,PCT/AT2014/000025,2014-02-06,NST
14771016,PCT/EP2013/054081,2013-02-28,NST
14771017,PCT/JP2014/054841,2014-02-27,NST
14771018,61770213,2013-02-27,PRO
14771018,PCT/US14/19042,2014-02-27,NST
14771019,PCT/US2014/019828,2014-03-03,NST
14771020,PCT/JP2014/054951,2014-02-27,NST
14771021,61772143,2013-03-04,PRO
14771021,PCT/US14/20180,2014-03-04,NST
14771022,PCT/NL2014/050117,2014-02-26,NST
14771023,PCT/FR2014/050418,2014-02-26,NST
14771024,PCT/KR2014/001545,2014-02-26,NST
14771025,PCT/EP13/54113,2013-02-28,NST
14771026,PCT/US2013/032309,2013-03-15,NST
14771027,61770207,2013-02-27,PRO
14771027,PCT/US14/19004,2014-02-27,NST
14771028,PCT/JP2014/055744,2014-03-06,NST
14771032,PCT/JP2014/055102,2014-02-28,NST
14771033,PCT/EP2014/053217,2014-02-19,NST
14771034,PCT/JP2014/001049,2014-02-27,NST
14771035,PCT/JP2014/001023,2014-02-26,NST
14771036,PCT/EP2014/053180,2014-02-19,NST
14771037,PCT/EP2014/053222,2014-02-19,NST
14771038,61770853,2013-02-28,PRO
14771038,PCT/US14/19564,2014-02-28,NST
14771039,PCT/IB2014/060159,2014-03-26,NST
14771041,PCT/KR2014/003995,2014-05-07,NST
14771044,PCT/JP2013/060590,2013-04-08,NST
14771045,PCT/JP2014/054330,2014-02-24,NST
14771046,PCT/JP2013/085335,2013-12-26,NST
14771047,PCT/US2014/019573,2014-02-28,NST
14771049,PCT/KR2014/001686,2014-02-28,NST
14771050,PCT/GB2014/050561,2014-02-25,NST
14771051,PCT/JP2014/001394,2014-03-12,NST
14771052,PCT/EP14/53332,2014-02-20,NST
14771053,PCT/JP2014/054649,2014-02-26,NST
14771054,PCT/EP2014/001128,2014-04-28,NST
14771055,61770853,2013-02-28,PRO
14771055,PCT/US14/19557,2014-02-28,NST
14771057,PCT/JP2014/055058,2014-02-28,NST
14771058,PCT/US2014/021680,2014-03-07,NST
14771059,PCT/GB2014/000051,2014-02-14,NST
14771060,PCT/JP2014/055160,2014-02-28,NST
14771061,61770853,2013-02-28,PRO
14771061,PCT/US14/19567,2014-02-28,NST
14771062,PCT/US2014/021390,2014-03-06,NST
14771063,PCT/JP2014/055642,2014-03-05,NST
14771064,PCT/JP2013/069630,2013-07-19,NST
14771065,PCT/US2013/034659,2013-03-29,NST
14771066,PCT/US2014/018960,2014-02-27,NST
14771067,PCT/JP14/02038,2014-04-09,NST
14771068,PCT/JP2014/055178,2014-02-28,NST
14771069,PCT/US2014/019585,2014-02-28,NST
14771070,PCT/EP2014/053940,2014-02-28,NST
14771071,PCT/EP2014/053924,2014-02-28,NST
14771072,PCT/JP2014/054934,2014-02-27,NST
14771073,PCT/NL2014/050056,2014-01-31,NST
14771074,61770853,2013-02-28,PRO
14771074,PCT/US14/19593,2014-02-28,NST
14771075,PCT/JP2013/055485,2013-02-28,NST
14771076,PCT/US2014/023496,2014-03-11,NST
14771077,PCT/JP2014/001289,2014-03-07,NST
14771078,PCT/EP2013/066201,2013-08-01,NST
14771082,PCT/JP2014/053839,2014-02-19,NST
14771083,PCT/EP2014/050797,2014-01-16,NST
14771084,PCT/US2014/030347,2014-03-17,NST
14771085,61770197,2013-02-27,PRO
14771085,PCT/US14/19073,2014-02-27,NST
14771086,PCT/GB2014/050544,2014-02-24,NST
14771087,PCT/EP2014/053843,2014-02-27,NST
14771088,PCT/FR2014/050435,2014-02-27,NST
14771090,PCT/EP2014/053902,2014-02-28,NST
14771091,PCT/JP14/53872,2014-02-19,NST
14771092,PCT/JP2014/050079,2014-01-07,NST
14771093,PCT/JP2014/051715,2014-01-27,NST
14771095,PCT/CN2014/092250,2014-11-26,NST
14771097,PCT/GB2014/050833,2014-03-17,NST
14771098,PCT/KR2014/002184,2014-03-14,NST
14771099,PCT/JP2014/054312,2014-02-24,NST
14771100,PCT/EP2014/056312,2014-03-28,NST
14771101,PCT/US2014/031716,2014-03-25,NST
14771102,PCT/JP2014/054904,2014-02-27,NST
14771103,PCT/GB2014/050623,2014-03-03,NST
14771104,PCT/JP2013/055409,2013-02-28,NST
14771105,PCT/CN2013/088423,2013-12-03,NST
14771106,PCT/JP2014/054830,2014-02-27,NST
14771107,PCT/KR2014/002838,2014-04-02,NST
14771108,PCT/EP2014/000559,2014-03-05,NST
14771109,PCT/GB2014/050834,2014-03-17,NST
14771111,PCT/AU2014/000236,2014-03-11,NST
14771112,PCT/JP2013/064323,2013-05-23,NST
14771113,PCT/GB2014/050545,2014-02-24,NST
14771114,61851250,2013-03-05,PRO
14771114,PCT/US14/20401,2014-03-04,NST
14771115,PCT/JP2014/057961,2014-03-24,NST
14771116,PCT/JP2014/076893,2014-10-08,NST
14771117,PCT/IB2014/000463,2014-03-04,NST
14771118,61770078,2013-02-27,PRO
14771118,PCT/US14/18966,2014-02-27,NST
14771119,61799159,2013-03-15,PRO
14771119,PCT/US14/25954,2014-03-13,NST
14771122,PCT/JP2014/055043,2014-02-28,NST
14771123,PCT/JP2014/054865,2014-02-27,NST
14771125,PCT/GB2014/050634,2014-03-04,NST
14771126,PCT/US2014/020788,2014-03-05,NST
14771127,PCT/EP2014/053932,2014-02-28,NST
14771128,PCT/EP2014/053775,2014-02-26,NST
14771130,PCT/US2014/031836,2014-03-26,NST
14771131,PCT/CN2013/088535,2013-12-04,NST
14771132,PCT/EP2014/000561,2014-03-05,NST
14771133,PCT/SG2013/000082,2013-02-28,NST
14771134,PCT/US2014/019424,2014-02-28,NST
14771135,61791953,2013-03-15,PRO
14771135,PCT/US14/26804,2014-03-13,NST
14771137,PCT/MY2014/000026,2014-02-28,NST
14771138,61770615,2013-02-28,PRO
14771138,PCT/US14/19536,2014-02-28,NST
14771139,PCT/EP2014/054183,2014-03-04,NST
14771140,61804962,2013-03-25,PRO
14771140,PCT/US14/21280,2014-03-06,NST
14771142,PCT/CN2013/090707,2013-12-27,NST
14771143,PCT/US2014/022432,2014-03-10,NST
14771144,PCT/CU2013/000009,2013-12-30,NST
14771145,PCT/CN2013/084063,2013-09-24,NST
14771147,PCT/CA2014/050158,2014-03-03,NST
14771148,PCT/EP2014/050986,2014-01-20,NST
14771150,PCT/JP2013/073426,2013-08-30,NST
14771151,PCT/CA2014/050136,2014-02-27,NST
14771153,PCT/JP2013/055030,2013-02-27,NST
14771154,PCT/CA2014/050159,2014-03-03,NST
14771155,PCT/EP2013/053946,2013-02-27,NST
14771156,PCT/JP2014/054833,2014-02-27,NST
14771157,61770929,2013-02-28,PRO
14771157,PCT/IB14/59258,2014-02-27,NST
14771158,61770629,2013-02-28,PRO
14771158,PCT/US14/18721,2014-02-26,NST
14771159,PCT/KR2014/002121,2014-03-13,NST
14771160,PCT/EP2014/053597,2014-02-25,NST
14771161,PCT/IB2014/059408,2014-03-03,NST
14771162,PCT/EP2014/000457,2014-02-20,NST
14771163,PCT/EP2014/054130,2014-03-04,NST
14771165,PCT/JP2014/053126,2014-02-12,NST
14771166,PCT/JP2013/070019,2013-07-24,NST
14771167,PCT/EP2014/051474,2014-01-27,NST
14771168,PCT/SG2014/000053,2014-02-10,NST
14771169,61792707,2013-03-15,PRO
14771169,PCT/US14/16098,2014-02-12,NST
14771170,PCT/JP2014/001545,2014-03-18,NST
14771171,PCT/US2014/020042,2014-03-03,NST
14771172,PCT/JP2014/074270,2014-09-12,NST
14771173,PCT/JP2013/055311,2013-02-28,NST
14771174,PCT/IB2014/000461,2014-03-03,NST
14771175,61782516,2013-03-14,PRO
14771175,PCT/US14/26392,2014-03-13,NST
14771177,PCT/KR2013/001669,2013-02-28,NST
14771178,PCT/EP2014/054526,2014-03-10,NST
14771179,PCT/KR2013/001672,2013-02-28,NST
14771180,PCT/GB2014/050585,2014-02-27,NST
14771181,61777348,2013-03-12,PRO
14771181,PCT/US14/22484,2014-03-10,NST
14771182,PCT/AT2014/050044,2014-02-27,NST
14771183,PCT/KR2013/001671,2013-02-28,NST
14771184,PCT/KR2014/001711,2014-02-28,NST
14771185,PCT/IB2015/050022,2015-01-02,NST
14771186,61771046,2013-02-28,PRO
14771186,PCT/US14/19679,2014-02-28,NST
14771188,PCT/IB2014/059275,2014-02-26,NST
14771189,PCT/CN2014/088288,2014-10-10,NST
14771190,PCT/JP2014/054838,2014-02-27,NST
14771191,PCT/KR2014/007726,2014-08-20,NST
14771192,PCT/IB2014/059318,2014-02-27,NST
14771193,PCT/JP2014/000607,2014-02-05,NST
14771194,61770885,2013-02-28,PRO
14771194,PCT/US14/19589,2014-02-28,NST
14771195,61771543,2013-03-01,PRO
14771195,PCT/US14/19055,2014-02-27,NST
14771196,PCT/KR2013/011522,2013-12-12,NST
14771197,PCT/JP2014/054734,2014-02-26,NST
14771198,PCT/CN2013/071954,2013-02-27,NST
14771199,PCT/EP2014/053625,2014-02-25,NST
14771200,PCT/US2014/024620,2014-03-12,NST
14771201,PCT/JP2014/053492,2014-02-14,NST
14771207,PCT/US13/31817,2013-03-15,CON
14771207,PCT/US13/37268,2013-04-19,NST
14771210,PCT/CN2013/090480,2013-12-25,NST
14771211,PCT/US14/19047,2014-02-27,NST
14771212,PCT/IB2014/000254,2014-03-03,NST
14771213,PCT/JP2014/054937,2014-02-27,NST
14771214,PCT/EP2014/054250,2014-03-05,NST
14771215,61770747,2013-02-28,PRO
14771215,PCT/US14/19211,2014-02-28,NST
14771216,PCT/EP2014/053726,2014-02-26,NST
14771217,PCT/CN2013/076807,2013-06-05,NST
14771218,PCT/IB2014/059329,2014-02-28,NST
14771219,PCT/JP2014/053733,2014-02-18,NST
14771221,PCT/AU2014/000193,2014-03-03,NST
14771222,61770863,2013-02-28,PRO
14771222,PCT/US14/19447,2014-02-28,NST
14771223,PCT/JP2013/062911,2013-05-08,NST
14771224,PCT/JP2014/068767,2014-07-15,NST
14771225,PCT/IB2014/059298,2014-02-27,NST
14771226,PCT/JP2014/053645,2014-02-17,NST
14771227,61774370,2013-03-07,PRO
14771227,61844483,2013-07-10,PRO
14771227,PCT/US14/21481,2014-03-07,NST
14771228,PCT/EP2014/053948,2014-02-28,NST
14771229,PCT/JP2014/057937,2014-03-14,NST
14771230,PCT/JP2014/001042,2014-02-27,NST
14771231,PCT/IB2014/058694,2014-01-31,NST
14771233,PCT/US2014/023860,2014-03-12,NST
14771234,PCT/IB2014/000221,2014-02-28,NST
14771235,PCT/JP2014/054894,2014-02-27,NST
14771236,PCT/JP2014/053880,2014-02-19,NST
14771237,PCT/IB2013/051846,2013-03-08,NST
14771239,PCT/EP2014/054587,2014-03-10,NST
14771240,PCT/EP2014/053825,2014-02-27,NST
14771241,PCT/IB2014/059302,2014-02-27,NST
14771242,PCT/JP2014/054854,2014-02-27,NST
14771243,PCT/US2014/015788,2014-02-11,NST
14771245,PCT/US13/29117,2013-03-05,NST
14771246,61806203,2013-03-28,PRO
14771246,61807416,2013-04-02,PRO
14771246,PCT/US14/32179,2014-03-28,NST
14771247,PCT/JP2013/068708,2013-07-09,NST
14771248,PCT/JP2014/055600,2014-03-05,NST
14771250,PCT/JP2013/064926,2013-05-29,NST
14771251,PCT/JP2013/063704,2013-05-16,NST
14771252,PCT/JP2014/001159,2014-03-03,NST
14771253,PCT/US2014/017537,2014-02-21,NST
14771254,PCT/FR2014/050459,2014-03-03,NST
14771255,PCT/EP2014/054604,2014-03-10,NST
14771256,PCT/JP2014/060497,2014-04-11,NST
14771257,PCT/JP2013/085046,2013-12-27,NST
14771259,PCT/JP2014/055026,2014-02-28,NST
14771261,PCT/JP2014/054852,2014-02-27,NST
14771262,PCT/JP2014/054355,2014-02-24,NST
14771263,PCT/US2014/031078,2014-03-18,NST
14771264,PCT/JP2014/063597,2014-05-22,NST
14771265,PCT/EP2014/052131,2014-02-04,NST
14771266,PCT/EP2013/054070,2013-02-28,NST
14771268,PCT/AT2014/000039,2014-02-27,NST
14771269,61809157,2013-04-05,PRO
14771269,PCT/US14/32792,2014-04-03,NST
14771270,PCT/JP2014/001082,2014-02-28,NST
14771271,PCT/IL2014/050203,2014-02-27,NST
14771272,PCT/KR2014/001685,2014-02-28,NST
14771273,PCT/EP2014/054606,2014-03-10,NST
14771274,PCT/JP2014/054905,2014-02-27,NST
14771275,PCT/US2014/018884,2014-02-27,NST
14771276,PCT/GB2014/050598,2014-02-28,NST
14771277,PCT/EP2014/054623,2014-03-11,NST
14771278,PCT/SE2013/000034,2013-03-06,NST
14771279,61779788,2013-03-13,PRO
14771279,PCT/US14/24442,2014-03-12,NST
14771280,61770533,2013-02-28,PRO
14771280,61828568,2013-05-29,PRO
14771280,61904768,2013-11-15,PRO
14771280,PCT/US14/19596,2014-02-28,NST
14771281,61770689,2013-02-28,PRO
14771281,PCT/US14/14593,2014-02-04,NST
14771282,PCT/GB2014/050591,2014-02-28,NST
14771284,PCT/JP2013/081920,2013-11-27,NST
14771285,PCT/GB2014/050608,2014-03-03,NST
14771286,PCT/JP2014/057935,2014-03-14,NST
14771287,PCT/JP2014/055888,2014-02-28,NST
14771288,61778066,2013-03-12,PRO
14771288,PCT/US14/24836,2014-03-12,NST
14771289,PCT/US2014/023946,2014-03-12,NST
14771290,PCT/US2014/016757,2014-02-18,NST
14771291,PCT/SE2014/050248,2014-02-28,NST
14771292,61771712,2013-03-01,PRO
14771292,PCT/US14/20016,2014-03-03,NST
14771293,61834610,2013-06-13,PRO
14771293,PCT/US14/37951,2014-05-14,NST
14771294,61782425,2013-03-14,PRO
14771294,PCT/US14/23952,2014-03-12,NST
14771295,61789150,2013-03-15,PRO
14771295,PCT/US14/13823,2014-01-30,NST
14771296,PCT/JP2014/054577,2014-02-25,NST
14771297,PCT/JP2014/055108,2014-02-28,NST
14771299,61777612,2013-03-12,PRO
14771299,PCT/US14/18945,2014-02-27,NST
14771300,61779480,2013-03-13,PRO
14771300,PCT/US14/24543,2014-03-12,NST
14771301,PCT/JP2014/055116,2014-02-28,NST
14771302,PCT/US2014/021523,2014-03-07,NST
14771303,PCT/DE2014/100054,2014-02-12,NST
14771304,PCT/JP2014/064099,2014-05-28,NST
14771305,PCT/JP2014/055308,2014-03-03,NST
14771306,61775312,2013-03-08,PRO
14771306,PCT/US13/48482,2013-06-28,NST
14771307,PCT/US2013/046469,2013-06-19,NST
14771308,PCT/US2014/022404,2014-03-10,NST
14771309,PCT/JP2014/057640,2014-03-13,NST
14771310,61771300,2013-03-01,PRO
14771310,PCT/US14/16829,2014-02-18,NST
14771312,PCT/EP2014/054104,2014-03-04,NST
14771313,PCT/EP2014/052438,2014-02-07,NST
14771314,PCT/JP2014/054936,2014-02-27,NST
14771315,PCT/US14/20564,2014-03-05,NST
14771316,61775391,2013-03-08,PRO
14771316,PCT/US13/46470,2013-06-19,NST
14771319,PCT/JP2014/058451,2014-03-26,NST
14771321,PCT/KR2014/001701,2014-02-28,NST
14771322,61799658,2013-03-15,PRO
14771322,PCT/US14/29040,2014-03-14,NST
14771323,PCT/US2014/028376,2014-03-14,NST
14771324,PCT/CN2014/073141,2014-03-10,NST
14771325,61772300,2013-03-04,PRO
14771325,PCT/US14/20099,2014-03-04,NST
14771326,PCT/NO2014/050025,2014-02-28,NST
14771327,PCT/JP2014/057107,2014-03-17,NST
14771328,PCT/EP2014/000808,2014-03-26,NST
14771330,PCT/JP2014/057136,2014-03-17,NST
14771331,PCT/EP2014/053890,2014-02-28,NST
14771332,PCT/CN2013/083623,2013-09-17,NST
14771333,PCT/EP2014/054058,2014-03-03,NST
14771334,61774101,2013-03-07,PRO
14771334,PCT/US14/21683,2014-03-07,NST
14771335,PCT/JP2013/055328,2013-02-28,NST
14771336,PCT/JP2014/001013,2014-02-26,NST
14771337,61770974,2013-02-28,PRO
14771337,PCT/US14/19612,2014-02-28,NST
14771338,PCT/JP2013/084690,2013-12-25,NST
14771339,PCT/JP2013/056818,2013-03-12,NST
14771341,PCT/US2014/020103,2014-03-04,NST
14771343,PCT/EP2014/060802,2014-05-26,NST
14771344,PCT/JP2013/084584,2013-12-25,NST
14771345,PCT/EP2014/053360,2014-02-20,NST
14771346,PCT/JP2014/052456,2014-02-03,NST
14771347,61788555,2013-03-15,PRO
14771347,PCT/US14/28071,2014-03-14,NST
14771348,PCT/JP2014/055177,2014-02-28,NST
14771350,PCT/AT2014/000024,2014-02-06,NST
14771351,PCT/AT2014/050055,2014-03-06,NST
14771353,61770847,2013-02-28,PRO
14771353,PCT/US14/19588,2014-02-28,NST
14771355,PCT/CA2014/000160,2014-03-04,NST
14771356,PCT/IB14/59340,2014-02-28,NST
14771357,PCT/JP2014/053036,2014-02-10,NST
14771358,PCT/JP2014/054066,2015-02-20,NST
14771359,61788714,2013-03-15,PRO
14771359,PCT/US14/26975,2014-03-14,NST
14771360,PCT/BR2014/000069,2014-02-27,NST
14771361,PCT/KR2014/001771,2014-03-04,NST
14771362,PCT/AU2014/000204,2014-03-05,NST
14771363,PCT/EP2014/053405,2014-02-21,NST
14771364,PCT/CN2014/074002,2014-03-25,NST
14771365,PCT/JP2014/054534,2014-02-25,NST
14771367,PCT/EP2014/053648,2014-02-25,NST
14771368,PCT/EP2014/054573,2014-03-10,NST
14771369,PCT/JP2013/072404,2013-08-22,NST
14771371,PCT/US2014/027226,2014-03-14,NST
14771372,PCT/KR2014/001638,2014-02-27,NST
14771373,PCT/JP2013/006190,2013-10-18,NST
14771375,PCT/CN2014/072772,2014-03-03,NST
14771376,PCT/JP2014/001024,2014-02-26,NST
14771377,PCT/JP2014/055884,2014-02-28,NST
14771378,PCT/KR2014/001707,2014-02-28,NST
14771379,PCT/JP2014/059175,2014-03-28,NST
14771380,PCT/HU2014/000020,2014-02-28,NST
14771381,PCT/ES2014/070095,2014-02-11,NST
14771382,PCT/GB2014/000077,2014-03-04,NST
14771383,PCT/EP2014/053881,2014-02-27,NST
14771384,61771372,2013-03-01,PRO
14771384,PCT/US14/19285,2014-02-28,NST
14771385,PCT/KR2014/002270,2014-03-18,NST
14771386,PCT/EP2013/054475,2013-03-06,NST
14771387,PCT/JP2014/071762,2014-08-20,NST
14771388,PCT/JP2014/002235,2014-04-21,NST
14771389,PCT/JP2014/055689,2014-03-05,NST
14771390,PCT/EP2014/054811,2014-03-12,NST
14771391,PCT/EP2014/053429,2014-02-21,NST
14771392,PCT/IB2013/051604,2013-02-28,NST
14771393,PCT/SE2013/000033,2013-03-06,NST
14771394,PCT/EP2014/054741,2014-03-11,NST
14771395,PCT/CN2013/079280,2013-07-12,NST
14771396,61770619,2013-02-28,PRO
14771396,PCT/US14/19371,2014-02-28,NST
14771397,PCT/SE2014/050207,2014-02-20,NST
14771399,PCT/JP2014/055519,2014-03-04,NST
14771400,PCT/US2013/028296,2013-02-28,NST
14771401,PCT/US2014/019429,2014-02-28,NST
14771402,PCT/EP2014/053765,2014-02-26,NST
14771404,61822075,2013-05-10,PRO
14771404,61991171,2014-05-09,PRO
14771404,PCT/US14/37686,2014-05-12,NST
14771406,PCT/CA2013/050965,2013-12-13,NST
14771407,PCT/JP2014/051246,2014-01-22,NST
14771408,61771534,2013-03-01,PRO
14771408,61771642,2013-03-01,PRO
14771408,61839753,2013-06-26,PRO
14771408,PCT/US14/19622,2014-02-28,NST
14771409,PCT/EP14/52727,2014-02-12,NST
14771410,PCT/EP2014/053016,2014-02-17,NST
14771411,61771534,2013-03-01,PRO
14771411,61771642,2013-03-01,PRO
14771411,PCT/US14/19645,2014-02-28,NST
14771412,PCT/JP2013/077565,2013-10-10,NST
14771413,13841036,2013-03-15,CON
14771413,PCT/US14/26942,2014-03-14,NST
14771414,PCT/US2014/026997,2014-03-14,NST
14771416,PCT/JP2014/001092,2014-02-28,NST
14771417,PCT/FR2014/050401,2014-02-25,NST
14771419,PCT/CN13/90517,2013-12-26,NST
14771420,61771645,2013-03-01,PRO
14771420,PCT/US14/18009,2014-02-24,NST
14771421,PCT/EP2014/052826,2014-02-13,NST
14771422,PCT/US2013/037413,2013-04-19,NST
14771423,PCT/SE2014/050235,2014-02-26,NST
14771425,PCT/JP2014/055176,2014-02-28,NST
14771426,PCT/JP2013/077436,2013-10-09,NST
14771427,61766780,2013-02-20,PRO
14771427,PCT/US14/17230,2014-02-19,NST
14771430,PCT/JP2013/070553,2013-07-30,NST
14771431,PCT/US2014/019824,2014-03-03,NST
14771432,61938394,2014-02-11,PRO
14771432,PCT/US14/62071,2014-10-23,NST
14771433,PCT/GB2014/050669,2014-03-06,NST
14771434,PCT/SG2014/000083,2014-02-25,NST
14771435,PCT/JP2014/059941,2014-04-04,NST
14771436,PCT/US2014/023393,2014-03-11,NST
14771437,PCT/EP2014/054117,2014-03-04,NST
14771438,PCT/US2014/019537,2014-02-28,NST
14771439,61770422,2013-02-28,PRO
14771439,PCT/US14/19003,2014-02-27,NST
14771441,PCT/JP2014/060396,2014-04-10,NST
14771442,PCT/NO2014/050031,2014-03-10,NST
14771443,PCT/EP2014/000450,2014-02-20,NST
14771444,PCT/JP2013/065686,2013-06-06,NST
14771445,61776618,2013-03-11,PRO
14771445,61810786,2013-04-11,PRO
14771445,61835002,2013-06-14,PRO
14771445,61880701,2013-09-20,PRO
14771445,61911731,2013-12-04,PRO
14771445,61931987,2014-01-27,PRO
14771445,61948457,2014-03-05,PRO
14771445,PCT/US14/22850,2014-03-10,NST
14771446,61775083,2013-03-08,PRO
14771446,61839773,2013-06-26,PRO
14771446,PCT/US14/21225,2014-03-06,NST
14771447,PCT/US2014/017014,2014-02-19,NST
14771448,PCT/EP2014/053858,2014-02-27,NST
14771450,PCT/RU2013/000162,2013-02-28,NST
14771451,PCT/US2014/019806,2014-03-03,NST
14771452,PCT/KR2014/000708,2014-01-24,NST
14771453,PCT/SG2014/000093,2014-02-28,NST
14771454,PCT/EP2014/054990,2014-03-13,NST
14771456,PCT/FI2014/050143,2014-02-27,NST
14771457,PCT/JP2014/055520,2014-03-04,NST
14771458,PCT/KR2014/001928,2014-03-10,NST
14771459,PCT/EP2014/050837,2014-01-16,NST
14771460,61773993,2013-03-07,PRO
14771460,PCT/US14/21152,2014-03-06,NST
14771461,PCT/KR2014/001836,2014-03-06,NST
14771462,PCT/EP2014/054270,2014-03-05,NST
14771463,PCT/EP2014/052915,2014-02-14,NST
14771465,PCT/JP2014/054796,2014-02-27,NST
14771466,PCT/KR2014/002448,2014-03-24,NST
14771467,PCT/KR2015/001382,2015-02-11,NST
14771468,PCT/AU2014/000178,2014-02-26,NST
14771469,61788596,2013-03-15,PRO
14771469,PCT/US14/19809,2014-03-03,NST
14771470,PCT/SE2014/050246,2014-02-28,NST
14771471,PCT/GB2014/050605,2014-02-28,NST
14771472,PCT/IB2014/058492,2014-01-23,NST
14771473,PCT/SE2013/051573,2013-12-19,NST
14771475,PCT/US2014/020433,2014-03-04,NST
14771476,PCT/US2014/017830,2014-02-21,NST
14771477,PCT/GB2014/050632,2014-03-04,NST
14771478,PCT/US2014/026618,2014-03-13,NST
14771479,PCT/KR2014/001433,2014-02-21,NST
14771480,PCT/US2014/020904,2014-03-05,NST
14771481,PCT/EP2013/055466,2013-03-15,NST
14771482,PCT/US2014/021424,2014-03-06,NST
14771483,PCT/KR2014/001694,2014-02-28,NST
14771484,PCT/EP2013/055710,2013-03-19,NST
14771485,PCT/US13/28448,2013-02-28,NST
14771486,PCT/JP2013/004936,2013-08-21,NST
14771487,PCT/JP2014/001069,2014-02-27,NST
14771488,PCT/CN2013/072894,2013-03-19,NST
14771489,PCT/IB2014/000667,2014-02-28,NST
14771490,PCT/FR2003/001031,2003-04-02,NST
14771491,61798315,2013-03-15,PRO
14771491,PCT/US14/30077,2014-03-15,NST
14771494,61785574,2013-03-14,PRO
14771494,PCT/US14/21645,2014-03-07,NST
14771495,PCT/US2013/034440,2013-03-28,NST
14771496,PCT/EP2014/058087,2014-04-22,NST
14771497,PCT/KR2014/002071,2014-03-12,NST
14771499,PCT/JP2014/056063,2014-03-07,NST
14771503,PCT/JP2014/054306,2014-02-24,NST
14771505,PCT/CN2014/079771,2014-06-12,NST
14771507,PCT/CN2014/072898,2014-03-05,NST
14771510,PCT/JP2014/053974,2014-02-20,NST
14771511,61898503,2013-11-01,PRO
14771511,PCT/US14/23844,2014-03-12,NST
14771512,PCT/JP2014/052212,2014-01-31,NST
14771513,PCT/IL2014/050303,2014-03-19,NST
14771516,PCT/JP2014/056612,2014-03-13,NST
14771517,PCT/IB2014/059477,2014-03-06,NST
14771518,PCT/GB2014/051522,2014-05-16,NST
14771519,PCT/JP2014/055226,2014-03-03,NST
14771520,PCT/JP2014/055005,2014-02-28,NST
14771524,PCT/JP2014/056462,2014-03-12,NST
14771525,PCT/US2014/037415,2014-05-09,NST
14771527,PCT/US2014/036360,2014-05-01,NST
14771528,61776363,2013-03-11,PRO
14771528,PCT/US14/19905,2014-03-03,NST
14771529,PCT/KR2013/004184,2013-05-10,NST
14771530,PCT/JP2014/050830,2014-01-17,NST
14771531,PCT/JP2014/077325,2014-10-14,NST
14771532,PCT/US2014/019605,2014-02-28,NST
14771533,PCT/JP2014/054013,2014-02-20,NST
14771534,PCT/US2014/036357,2014-05-01,NST
14771535,61825689,2013-05-21,PRO
14771535,PCT/US14/38998,2014-05-21,NST
14771536,PCT/US2014/025930,2014-03-13,NST
14771538,PCT/EP2013/055526,2013-03-18,NST
14771539,PCT/EP2013/054116,2013-03-01,NST
14771540,61808238,2013-04-04,PRO
14771540,PCT/US14/32642,2014-04-02,NST
14771541,PCT/US2013/034615,2013-03-29,NST
14771542,PCT/EP2014/053585,2014-02-25,NST
14771544,PCT/EP2014/054525,2014-03-10,NST
14771545,PCT/JP2014/073788,2014-09-09,NST
14771546,PCT/JP2013/055691,2013-03-01,NST
14771547,PCT/JP2014/053410,2014-02-14,NST
14771548,PCT/JP2014/054664,2014-02-26,NST
14771549,PCT/JP2013/079110,2013-10-28,NST
14771550,PCT/IL14/50215,2014-03-05,NST
14771551,PCT/US2014/027894,2014-03-14,NST
14771553,PCT/GB2014/050694,2014-10-03,NST
14771554,PCT/JP2014/001075,2014-02-27,NST
14771555,PCT/JP2014/053404,2014-02-14,NST
14771557,PCT/JP2014/055675,2014-03-05,NST
14771559,PCT/SE2014/050241,2014-02-27,NST
14771560,PCT/JP2014/000543,2014-02-03,NST
14771561,PCT/CN2014/074785,2014-04-04,NST
14771562,PCT/IB2014/060198,2014-03-27,NST
14771563,PCT/US2014/022651,2014-03-10,NST
14771564,PCT/JP2014/056042,2014-03-07,NST
14771565,PCT/EP2014/054492,2014-03-07,NST
14771568,PCT/US2014/026955,2014-03-14,NST
14771569,PCT/US2013/034900,2013-04-02,NST
14771570,PCT/JP2014/001129,2014-03-03,NST
14771571,PCT/AT2014/050009,2014-01-14,NST
14771572,PCT/EP2014/055292,2014-03-17,NST
14771573,PCT/DE2014/000078,2014-02-27,NST
14771574,61777148,2013-03-12,PRO
14771574,PCT/US14/16428,2014-02-14,NST
14771575,PCT/NL2014/050123,2014-02-28,NST
14771576,PCT/US2014/019660,2014-02-28,NST
14771577,PCT/JP2013/004909,2013-08-20,NST
14771578,PCT/EP14/54324,2014-03-06,NST
14771579,PCT/CA14/00179,2014-02-27,NST
14771581,PCT/JP2013/055829,2013-03-04,NST
14771582,PCT/IB2014/000218,2014-02-27,NST
14771583,PCT/US2014/023117,2014-03-11,NST
14771584,PCT/GB2014/050599,2014-02-28,NST
14771585,PCT/EP2014/054197,2014-03-05,NST
14771586,PCT/US2014/027971,2014-03-14,NST
14771587,PCT/JP2014/001017,2014-02-26,NST
14771588,PCT/JP2014/055181,2014-02-28,NST
14771589,PCT/JP2014/069527,2014-07-24,NST
14771590,PCT/IB2014/000261,2014-03-04,NST
14771591,PCT/JP2013/055649,2013-03-01,NST
14771592,PCT/CA2014/000157,2014-02-28,NST
14771593,PCT/US2013/038813,2013-04-30,NST
14771594,PCT/JP2014/055854,2014-03-06,NST
14771596,PCT/KR2014/012118,2014-12-10,NST
14771597,PCT/DK2012/050066,2012-03-01,NST
14771598,PCT/IB2014/059527,2014-03-07,NST
14771599,PCT/IB2014/000994,2014-02-28,NST
14771600,PCT/CN2014/072966,2014-03-06,NST
14771601,PCT/FR2014/050400,2014-02-25,NST
14771603,PCT/EP2013/076541,2013-12-13,NST
14771604,PCT/JP2014/056414,2014-03-12,NST
14771605,PCT/JP2014/055561,2014-03-05,NST
14771606,PCT/EP2014/054103,2014-03-04,NST
14771607,PCT/EP2014/001085,2014-04-23,NST
14771608,PCT/US2013/076353,2013-12-19,NST
14771609,PCT/CN2013/082314,2013-08-26,NST
14771610,PCT/KR2014/001917,2014-03-07,NST
14771611,PCT/US2014/019175,2014-02-28,NST
14771612,PCT/JP2014/054885,2014-02-27,NST
14771613,PCT/IN2014/000138,2014-03-03,NST
14771615,PCT/US2013/038799,2013-04-30,NST
14771616,PCT/EP2014/052999,2014-02-17,NST
14771617,PCT/US2013/031622,2013-03-14,NST
14771619,PCT/JP2014/075132,2014-09-22,NST
14771620,PCT/DE2014/200092,2014-02-26,NST
14771622,PCT/IB2014/060319,2014-03-31,NST
14771623,PCT/EP2014/053683,2014-02-26,NST
14771624,PCT/EP2014/055784,2014-03-24,NST
14771625,61773926,2013-03-07,PRO
14771625,PCT/US14/19776,2014-03-03,NST
14771626,PCT/JP2014/055275,2014-03-03,NST
14771627,PCT/CN2013/084718,2013-09-30,NST
14771628,PCT/US2014/019026,2014-02-27,NST
14771629,PCT/EP2014/000538,2014-03-04,NST
14771630,PCT/FR2014/050431,2014-02-27,NST
14771631,PCT/EP2014/054079,2014-03-03,NST
14771632,PCT/KR2014/007278,2014-08-06,NST
14771633,61851230,2013-03-04,PRO
14771633,PCT/US14/19924,2014-03-03,NST
14771634,PCT/JP2014/055313,2014-03-03,NST
14771635,PCT/EP2014/054624,2014-03-11,NST
14771636,61771694,2013-03-01,PRO
14771636,PCT/US14/19590,2014-02-28,NST
14771637,PCT/JP2014/052751,2014-02-06,NST
14771638,PCT/EP2013/054991,2013-03-12,NST
14771639,PCT/CN2015/086030,2015-08-04,NST
14771640,PCT/SE2013/051293,2013-11-05,NST
14771641,PCT/JP2014/054769,2014-02-26,NST
14771642,PCT/US2014/028180,2014-03-14,NST
14771643,PCT/CA2014/050265,2015-03-14,NST
14771644,PCT/EP2014/054044,2014-03-03,NST
14771645,PCT/US2014/020181,2014-03-04,NST
14771646,PCT/SG2014/000154,2014-04-07,NST
14771647,PCT/CA2014/050148,2014-02-28,NST
14771648,PCT/EP2014/053573,2014-02-25,NST
14771649,PCT/JP2014/053685,2014-02-18,NST
14771650,13826792,2013-03-14,CON
14771650,PCT/US14/18265,2014-02-25,NST
14771651,PCT/US2014/020029,2014-03-03,NST
14771652,61782198,2013-03-14,PRO
14771652,PCT/US14/23905,2014-03-12,NST
14771653,PCT/BR2014/000081,2014-03-18,NST
14771654,PCT/JP2014/005467,2014-10-29,NST
14771657,PCT/EP2014/052846,2014-02-13,NST
14771658,PCT/JP2014/057423,2014-03-12,NST
14771659,PCT/US2014/036359,2014-05-01,NST
14771660,PCT/EP2013/062896,2013-06-20,NST
14771661,PCT/EP2014/054627,2014-03-11,NST
14771662,PCT/JP2014/055348,2014-03-04,NST
14771663,PCT/SE2014/050170,2014-02-12,NST
14771665,PCT/JP2013/076069,2013-09-26,NST
14771666,PCT/EP2014/052887,2014-02-14,NST
14771667,PCT/EP2014/054026,2014-03-03,NST
14771669,PCT/EP2014/054911,2014-03-13,NST
14771670,PCT/JP2014/001452,2014-03-13,NST
14771672,PCT/JP2014/056832,2014-03-14,NST
14771674,PCT/US14/28410,2014-03-14,NST
14771675,PCT/EP2014/052884,2014-02-14,NST
14771676,PCT/US2014/023874,2014-03-12,NST
14771677,PCT/US2014/020170,2014-03-04,NST
14771678,PCT/US2014/033272,2014-04-08,NST
14771679,PCT/AU2014/000198,2014-03-04,NST
14771680,PCT/JP2014/056609,2014-03-13,NST
14771681,PCT/EP2014/066296,2014-07-29,NST
14771683,PCT/KR2014/002203,2014-03-14,NST
14771684,PCT/JP2014/055184,2014-02-28,NST
14771685,PCT/JP2014/052805,2014-02-06,NST
14771686,61771366,2013-03-01,PRO
14771686,PCT/US14/19098,2014-02-27,NST
14771687,61771368,2013-03-01,PRO
14771687,61885058,2013-10-01,PRO
14771687,PCT/US14/19327,2014-02-28,NST
14771689,61771366,2013-03-01,PRO
14771689,PCT/US14/19111,2014-02-27,NST
14771690,PCT/JP2013/063764,2013-05-17,NST
14771692,PCT/EP2014/053812,2014-02-27,NST
14771695,PCT/US2014/019387,2014-02-28,NST
14771696,PCT/US2014/019515,2014-02-28,NST
14771697,61771445,2013-03-01,PRO
14771697,61896956,2013-10-29,PRO
14771697,PCT/US14/19481,2014-02-28,NST
14771699,PCT/JP2014/055291,2014-03-03,NST
14771700,PCT/EP2014/054382,2014-03-08,NST
14771701,PCT/JP2014/001960,2014-04-04,NST
14771704,61774513,2013-03-07,PRO
14771704,PCT/US14/20867,2014-03-05,NST
14771705,PCT/JP2014/000913,2014-02-21,NST
14771706,PCT/CN2014/000249,2014-03-11,NST
14771707,61774463,2013-03-07,PRO
14771707,PCT/US14/21410,2014-03-06,NST
14771708,PCT/JP2014/051412,2014-01-23,NST
14771710,61771322,2013-03-01,PRO
14771710,PCT/US14/19526,2014-02-28,NST
14771711,PCT/JP2014/000190,2014-01-16,NST
14771712,PCT/US2014/020694,2014-03-05,NST
14771713,PCT/US2014/034062,2014-04-15,NST
14771714,PCT/EP2014/053923,2014-02-28,NST
14771717,PCT/GB2014/050577,2014-02-26,NST
14771718,PCT/JP2014/055046,2014-02-28,NST
14771719,61778974,2013-03-13,PRO
14771719,PCT/US14/25541,2014-03-13,NST
14771720,PCT/KR2014/010392,2014-10-31,NST
14771721,PCT/EP14/53709,2014-02-26,NST
14771722,PCT/EP2014/054157,2014-03-04,NST
14771723,PCT/JP2013/059100,2013-03-27,NST
14771724,PCT/JP2014/054210,2014-02-21,NST
14771725,PCT/JP2014/054706,2014-02-26,NST
14771726,PCT/JP2014/053818,2014-02-18,NST
14771727,PCT/JP2014/056655,2014-03-13,NST
14771729,PCT/CA2014/050197,2014-03-07,NST
14771730,PCT/CN2013/072568,2013-03-14,NST
14771731,PCT/KR2014/002503,2014-03-25,NST
14771733,PCT/NL2014/050122,2014-02-27,NST
14771734,PCT/US13/29570,2013-03-07,NST
14771735,PCT/CA2014/050153,2014-02-28,NST
14771736,PCT/KR2015/000844,2015-01-27,NST
14771737,PCT/JP2014/056465,2014-03-12,NST
14771738,PCT/JP2014/058884,2014-03-27,NST
14771740,61771527,2013-03-01,PRO
14771740,PCT/US14/19485,2014-02-28,NST
14771742,PCT/NO2013/050043,2013-03-01,NST
14771743,PCT/IB2013/001089,2013-03-19,NST
14771744,PCT/JP2014/059159,2014-03-28,NST
14771745,PCT/RU2014/000677,2014-09-10,NST
14771746,PCT/FI2014/050147,2014-02-27,NST
14771747,61775285,2013-03-08,PRO
14771747,PCT/US14/22094,2014-03-07,NST
14771749,PCT/JP2014/055172,2014-02-28,NST
14771750,PCT/US2014/020027,2014-03-03,NST
14771751,PCT/US2014/019684,2014-02-28,NST
14771752,PCT/EP2014/053926,2014-02-28,NST
14771755,61793919,2013-03-15,PRO
14771755,PCT/US14/27533,2014-03-14,NST
14771756,PCT/EP2014/054182,2014-03-04,NST
14771757,PCT/JP2014/054718,2014-02-26,NST
14771758,PCT/DE2014/200028,2014-01-27,NST
14771759,PCT/NL2014/050113,2014-02-25,NST
14771760,PCT/EP2014/055515,2014-03-19,NST
14771761,PCT/DE2014/200029,2014-01-27,NST
14771762,PCT/JP2014/054711,2014-02-26,NST
14771763,PCT/JP2014/055179,2014-02-28,NST
14771764,PCT/US2014/025501,2014-03-13,NST
14771765,PCT/JP2014/054715,2014-02-26,NST
14771767,PCT/CN2013/072248,2013-03-06,NST
14771768,PCT/US2014/027711,2014-03-14,NST
14771769,PCT/US2014/036155,2014-04-30,NST
14771770,61771242,2013-03-01,PRO
14771770,PCT/US14/19078,2014-02-27,NST
14771771,PCT/US13/61690,2013-09-25,NST
14771772,61771975,2013-03-04,PRO
14771772,PCT/US14/19695,2014-02-28,NST
14771773,PCT/US2014/019696,2014-02-28,NST
14771774,PCT/SE2014/050217,2014-02-21,NST
14771775,61793597,2013-03-15,PRO
14771775,PCT/US14/26496,2014-03-13,NST
14771776,PCT/US13/34371,2013-03-28,NST
14771777,PCT/CA2014/050154,2014-02-28,NST
14771778,PCT/GB2014/050625,2014-03-03,NST
14771779,PCT/US2014/019663,2014-02-28,NST
14771780,PCT/EP2014/053642,2014-02-25,NST
14771781,PCT/GB2014/050610,2014-03-03,NST
14771782,PCT/CN2013/072983,2013-03-21,NST
14771783,PCT/US2014/022541,2014-03-10,NST
14771784,PCT/JP2014/052946,2014-02-07,NST
14771785,PCT/FR2014/050471,2014-03-04,NST
14771786,PCT/EP2014/053914,2014-02-28,NST
14771787,PCT/FR2014/050433,2014-02-27,NST
14771788,PCT/EP2014/054697,2014-03-11,NST
14771789,PCT/US2013/028750,2013-03-01,NST
14771790,PCT/AU2014/000190,2014-02-28,NST
14771791,PCT/CA2014/050172,2014-03-05,NST
14771792,PCT/JP2014/054913,2014-02-27,NST
14771793,PCT/KR2013/011794,2013-12-18,NST
14771795,PCT/CN2013/073565,2013-04-01,NST
14771796,PCT/EP2014/052630,2014-02-11,NST
14771797,PCT/CN2013/074063,2013-04-11,NST
14771798,PCT/JP2014/055304,2014-03-03,NST
14771799,PCT/KR2013/012109,2013-12-24,NST
14771800,PCT/US2013/031260,2013-03-14,NST
14771801,PCT/EP2014/052636,2014-02-11,NST
14771803,PCT/JP2014/052796,2014-02-06,NST
14771804,PCT/US2014/026845,2014-03-13,NST
14771806,PCT/JP2014/058546,2014-03-26,NST
14771808,PCT/JP2014/056561,2014-03-12,NST
14771809,PCT/CN2013/091031,2013-12-31,NST
14771810,PCT/CN2014/000253,2014-03-12,NST
14771811,PCT/US2013/061631,2013-09-25,NST
14771812,PCT/GB2014/050543,2014-02-24,NST
14771813,PCT/JP2013/083495,2013-12-13,NST
14771814,PCT/US2014/019202,2014-02-28,NST
14771815,PCT/JP2013/083569,2013-12-16,NST
14771816,PCT/JP2014/058747,2014-03-27,NST
14771817,PCT/US2014/020125,2014-03-04,NST
14771818,61772637,2013-03-05,PRO
14771818,PCT/US14/16758,2014-02-18,NST
14771820,PCT/FR2014/050367,2014-02-24,NST
14771821,61781918,2013-03-14,PRO
14771821,PCT/US14/26136,2014-03-13,NST
14771822,PCT/JP2013/056383,2013-03-08,NST
14771824,PCT/US2013/031437,2013-03-14,NST
14771825,61772642,2013-03-05,PRO
14771825,PCT/US14/17563,2014-02-21,NST
14771826,PCT/JP2013/057776,2013-03-19,NST
14771827,PCT/US2014/020759,2014-03-05,NST
14771828,PCT/EP2014/000539,2014-03-04,NST
14771829,PCT/US2014/018864,2014-02-27,NST
14771830,PCT/US2014/027228,2014-03-14,NST
14771831,61800323,2013-03-15,PRO
14771831,PCT/US14/25460,2014-03-13,NST
14771832,61782589,2013-03-14,PRO
14771832,PCT/US14/20482,2014-03-05,NST
14771833,PCT/JP2015/056496,2015-03-05,NST
14771834,PCT/KR2013/010946,2013-11-29,NST
14771835,PCT/EP2014/054470,2014-03-07,NST
14771836,PCT/JP2014/054624,2014-02-26,NST
14771837,PCT/US2014/014410,2014-02-03,NST
14771838,61771137,2013-03-01,PRO
14771838,61782649,2013-03-14,PRO
14771838,PCT/US14/18965,2014-02-27,NST
14771839,PCT/US2013/078112,2013-12-27,NST
14771840,PCT/SE2014/050243,2014-02-27,NST
14771841,PCT/EP2014/052982,2014-02-17,NST
14771842,61782539,2013-03-14,PRO
14771842,PCT/US14/18186,2014-02-25,NST
14771843,PCT/EP2014/054292,2014-03-05,NST
14771844,PCT/JP2013/056306,2013-03-07,NST
14771845,PCT/JP2014/051712,2014-01-27,NST
14771846,PCT/US2014/024562,2014-03-12,NST
14771847,PCT/JP2014/055607,2014-03-05,NST
14771848,PCT/JP2014/056597,2014-03-13,NST
14771849,PCT/EP2014/055965,2014-03-25,NST
14771850,PCT/EP2014/054208,2014-03-05,NST
14771851,PCT/EP2014/050383,2014-01-10,NST
14771852,PCT/US2014/019219,2014-02-28,NST
14771853,61808597,2013-04-04,PRO
14771853,PCT/US13/77666,2013-12-24,NST
14771854,PCT/JP2014/055074,2014-02-28,NST
14771855,PCT/AU2013/001450,2013-12-11,NST
14771856,PCT/JP2014/001124,2014-03-03,NST
14771857,PCT/JP2013/001576,2013-03-11,NST
14771858,PCT/US13/28624,2013-03-01,NST
14771859,PCT/US2014/032227,2014-03-28,NST
14771860,PCT/FR2014/050413,2014-02-26,NST
14771863,PCT/ES2014/070134,2014-02-22,NST
14771864,PCT/GB2014/000065,2014-02-26,NST
14771865,PCT/US2014/027959,2014-03-14,NST
14771866,PCT/JP2014/055057,2014-02-28,NST
14771867,PCT/US2014/021881,2014-03-07,NST
14771868,PCT/IB2014/059202,2014-02-24,NST
14771869,PCT/US2014/032032,2014-03-27,NST
14771870,PCT/JP2014/072925,2014-09-01,NST
14771871,61776055,2013-03-11,PRO
14771871,PCT/US14/20497,2014-03-05,NST
14771872,PCT/US14/19212,2014-02-28,NST
14771873,PCT/US14/13149,2014-01-27,NST
14771874,PCT/JP2014/054924,2014-02-27,NST
14771875,61773936,2013-03-07,PRO
14771875,PCT/US14/21750,2014-03-07,NST
14771876,PCT/NL14/50128,2014-03-03,NST
14771877,PCT/US2013/029063,2013-03-05,NST
14771878,PCT/JP2014/053907,2014-02-19,NST
14771879,PCT/EP2014/050403,2014-01-10,NST
14771880,PCT/JP2014/001194,2014-03-04,NST
14771881,PCT/FR2014/050543,2014-03-10,NST
14771882,PCT/JP2013/060118,2013-04-02,NST
14771883,PCT/US14/19207,2014-02-28,NST
14771884,PCT/JP2014/055544,2014-03-05,NST
14771885,PCT/JP2014/054503,2014-02-25,NST
14771887,PCT/JP2013/062605,2013-04-30,NST
14771888,PCT/EP14/54362,2014-03-06,NST
14771889,PCT/EP2014/054289,2014-03-05,NST
14771890,PCT/JP2014/055082,2014-02-28,NST
14771891,61811300,2013-04-12,PRO
14771891,PCT/US14/33273,2014-04-08,NST
14771892,PCT/JP2014/055314,2014-03-03,NST
14771893,PCT/US2013/078180,2013-12-30,NST
14771894,PCT/IB2014/000920,2014-03-06,NST
14771895,PCT/US2014/016851,2014-02-18,NST
14771896,61772564,2013-03-05,PRO
14771896,PCT/US14/20226,2014-03-04,NST
14771897,PCT/EP2014/053818,2014-02-27,NST
14771898,PCT/JP2014/055175,2014-02-28,NST
14771899,PCT/NL2014/050134,2014-03-06,NST
14771900,PCT/JP2014/001285,2014-03-07,NST
14771901,PCT/US2013/034703,2013-03-29,NST
14771902,PCT/US2014/022264,2014-03-10,NST
14771903,PCT/GB2014/000075,2014-03-03,NST
14771904,PCT/IB2014/059255,2014-02-26,NST
14771905,PCT/IB2014/059612,2014-03-11,NST
14771906,PCT/JP2014/056306,2014-03-11,NST
14771907,PCT/US2014/038188,2014-05-15,NST
14771908,PCT/IB2014/059424,2014-03-04,NST
14771909,PCT/EP14/58477,2014-04-25,NST
14771910,PCT/US13/28848,2013-03-04,NST
14771911,PCT/JP2014/054916,2014-02-27,NST
14771912,PCT/EP2014/000517,2014-02-27,NST
14771913,PCT/JP2014/057782,2014-03-20,NST
14771914,61773980,2013-03-07,PRO
14771914,PCT/US14/20661,2014-03-05,NST
14771915,61774868,2013-03-08,PRO
14771915,PCT/US14/20982,2014-03-06,NST
14771916,PCT/US2014/033243,2014-04-08,NST
14771917,PCT/JP2014/054819,2014-02-27,NST
14771918,PCT/JP2014/000628,2014-02-06,NST
14771919,PCT/HU2014/000022,2014-03-05,NST
14771920,PCT/JP2014/001195,2014-03-04,NST
14771921,PCT/EP2014/054007,2014-02-28,NST
14771922,PCT/SE2014/050274,2014-03-06,NST
14771923,PCT/US2014/021128,2014-03-06,NST
14771924,PCT/IB2014/000197,2014-02-24,NST
14771925,PCT/JP2014/001130,2014-03-03,NST
14771926,PCT/DE2014/200018,2014-01-21,NST
14771927,PCT/CN2013/084068,2013-09-24,NST
14771928,PCT/US2014/020277,2014-03-14,NST
14771929,PCT/US2014/021507,2014-03-07,NST
14771931,PCT/JP2014/001459,2014-03-14,NST
14771932,PCT/US2014/033275,2014-04-08,NST
14771933,PCT/JP2014/055483,2014-03-04,NST
14771934,PCT/IB2014/000842,2014-03-06,NST
14771935,PCT/EP2014/054332,2014-03-06,NST
14771936,PCT/JP2014/055923,2014-03-07,NST
14771937,PCT/JP2014/055770,2014-03-06,NST
14771938,PCT/US2014/019902,2014-03-03,NST
14771939,PCT/CA2014/050114,2014-02-20,NST
14771940,PCT/KR2014/001692,2014-02-28,NST
14771942,PCT/JP2014/001003,2014-02-26,NST
14771943,PCT/JP2014/056610,2014-03-13,NST
14771944,PCT/JP2013/058442,2013-03-22,NST
14771945,PCT/DE2014/100154,2014-05-02,NST
14771946,PCT/IL14/50209,2014-03-03,NST
14771947,PCT/US2014/019374,2014-02-28,NST
14771948,PCT/EP2014/053090,2014-02-18,NST
14771949,PCT/AU2014/000189,2014-02-28,NST
14771950,PCT/JP14/58338,2014-03-25,NST
14771951,PCT/JP2013/065232,2013-05-31,NST
14771952,PCT/JP2014/054580,2014-02-25,NST
14771953,PCT/GB2014/050687,2014-03-07,NST
14771954,PCT/JP2014/055460,2014-03-04,NST
14771955,PCT/CN2013/075379,2013-05-09,NST
14771956,61782604,2013-03-14,PRO
14771956,PCT/US14/26952,2014-03-14,NST
14771957,PCT/SE2013/050192,2013-03-05,NST
14771958,PCT/JP2014/056249,2014-03-11,NST
14771959,PCT/DE2014/000149,2014-03-20,NST
14771961,PCT/KR2014/001768,2014-03-04,NST
14771963,PCT/EP2014/054100,2014-03-03,NST
14771964,61773539,2013-03-06,PRO
14771964,PCT/US14/10341,2014-01-06,NST
14771965,PCT/AU2014/000191,2014-02-28,NST
14771966,61791704,2013-03-15,PRO
14771966,PCT/US14/30100,2014-03-16,NST
14771967,PCT/JP2014/000997,2014-02-26,NST
14771968,61771573,2013-03-01,PRO
14771968,PCT/US14/18279,2014-02-25,NST
14771970,PCT/US13/28661,2013-03-01,NST
14771971,PCT/EP14/53936,2014-02-28,NST
14771972,PCT/FR14/50320,2014-02-17,NST
14771973,PCT/EP2014/054295,2014-03-06,NST
14771974,PCT/IB2014/000213,2014-02-26,NST
14771975,PCT/US2013/066403,2013-10-23,NST
14771976,PCT/EP2014/054010,2014-02-28,NST
14771977,PCT/IB2014/000240,2014-03-04,NST
14771978,PCT/FR2014/050427,2014-02-27,NST
14771979,PCT/SE2014/050192,2014-02-18,NST
14771980,PCT/EP2014/056682,2014-04-03,NST
14771981,61773216,2013-03-06,PRO
14771981,PCT/US14/20100,2014-03-04,NST
14771982,PCT/EP2014/054381,2014-03-06,NST
14771983,PCT/US2014/032597,2014-04-01,NST
14771984,PCT/EP2014/056684,2014-04-03,NST
14771986,PCT/FR14/50315,2014-02-17,NST
14771987,PCT/US2014/020294,2014-03-04,NST
14771988,PCT/JP2014/055469,2014-03-04,NST
14771989,61778746,2013-03-13,PRO
14771989,PCT/US14/23371,2014-03-11,NST
14771990,PCT/JP2014/055777,2014-03-06,NST
14771991,PCT/IN2014/000112,2014-02-21,NST
14771992,PCT/GB2014/050578,2014-02-26,NST
14771993,PCT/JP2014/001116,2014-02-28,NST
14771994,PCT/EP2014/000387,2014-02-12,NST
14771995,PCT/US2014/019927,2014-03-03,NST
14771996,PCT/EP2014/053011,2014-02-14,NST
14771997,PCT/EP2014/054004,2014-02-28,NST
14771998,PCT/GB2014/000080,2014-03-04,NST
14771999,PCT/EP2014/050262,2014-01-09,NST
14772001,PCT/EP2014/056852,2014-04-04,NST
14772002,PCT/JP2014/055015,2014-02-28,NST
14772003,PCT/JP2014/001350,2014-03-11,NST
14772004,61771462,2013-03-01,PRO
14772004,PCT/US14/19934,2014-03-03,NST
14772005,PCT/IL2014/050286,2014-03-13,NST
14772007,PCT/JP2014/057495,2014-03-19,NST
14772008,61771512,2013-03-01,PRO
14772008,PCT/US14/17870,2014-02-23,NST
14772009,PCT/US2014/025698,2014-03-13,NST
14772010,PCT/BR2014/050031,2014-12-04,NST
14772012,PCT/KR2013/006759,2013-07-29,NST
14772013,61775067,2013-03-08,PRO
14772013,PCT/US14/19946,2014-03-03,NST
14772014,PCT/GR2014/000015,2014-03-07,NST
14772015,61773618,2013-03-06,PRO
14772015,PCT/US14/21299,2014-03-06,NST
14772016,61775964,2013-03-11,PRO
14772016,PCT/IL14/50174,2014-02-18,NST
14772017,PCT/US2014/025307,2014-03-13,NST
14772018,PCT/FR2014/050317,2014-02-17,NST
14772019,PCT/EP2014/052867,2014-02-14,NST
14772020,PCT/EP2014/053906,2014-02-28,NST
14772021,PCT/EP2014/055733,2014-03-21,NST
14772022,PCT/IB2013/003118,2013-11-04,NST
14772023,PCT/EP2014/000704,2014-03-14,NST
14772024,PCT/JP2014/055419,2014-03-04,NST
14772025,PCT/JP2014/051634,2014-01-27,NST
14772026,PCT/GB2014/050579,2014-02-26,NST
14772027,61792259,2013-03-15,PRO
14772027,PCT/US14/25297,2014-03-13,NST
14772028,PCT/US2014/033469,2014-04-09,NST
14772029,PCT/JP2014/055345,2014-03-04,NST
14772030,PCT/JP2013/058244,2013-03-22,NST
14772031,PCT/KR2014/002271,2014-03-18,NST
14772032,PCT/FR2014/050319,2014-02-17,NST
14772033,PCT/US2014/031969,2014-03-27,NST
14772034,PCT/EP2014/000342,2014-02-07,NST
14772036,PCT/JP2014/057609,2014-03-19,NST
14772037,PCT/KR2013/007972,2013-09-04,NST
14772038,61788567,2013-03-15,PRO
14772038,PCT/US14/19967,2014-03-03,NST
14772039,61771503,2013-03-01,PRO
14772039,PCT/US14/20038,2014-03-03,NST
14772040,61791007,2013-03-15,PRO
14772040,PCT/US14/25308,2014-03-13,NST
14772042,61771181,2013-03-01,PRO
14772042,PCT/US14/20326,2014-03-04,NST
14772043,PCT/JP2014/054537,2014-02-25,NST
14772044,PCT/US2014/019401,2014-02-28,NST
14772045,PCT/JP2014/000258,2014-01-20,NST
14772046,PCT/JP2014/000245,2014-01-20,NST
14772047,PCT/CN2013/072666,2013-03-15,NST
14772048,PCT/JP2014/058643,2014-03-26,NST
14772049,PCT/KR2014/007231,2014-08-05,NST
14772051,PCT/US2014/016544,2014-02-14,NST
14772052,PCT/JP2014/050465,2014-01-14,NST
14772053,61771466,2013-03-01,PRO
14772053,61786140,2013-03-14,PRO
14772053,PCT/CA2014/000161,2014-02-28,NST
14772054,PCT/JP2014/052861,2014-02-07,NST
14772055,PCT/EP2014/053551,2014-02-24,NST
14772056,PCT/KR2014/002148,2014-03-13,NST
14772057,PCT/GB2014/050633,2014-03-04,NST
14772058,PCT/EP2014/055290,2014-03-17,NST
14772059,PCT/EP2014/054273,2014-03-05,NST
14772060,PCT/EP2014/054279,2014-03-05,NST
14772061,PCT/KR2014/002304,2014-03-19,NST
14772062,PCT/JP2014/056774,2014-03-13,NST
14772063,PCT/US2013/029168,2015-03-05,NST
14772064,PCT/US2013/029166,2013-03-05,NST
14772065,PCT/JP2014/057713,2014-03-20,NST
14772066,PCT/US2014/019666,2014-02-28,NST
14772067,61792876,2013-03-15,PRO
14772067,PCT/US14/28831,2014-03-14,NST
14772068,61772532,2013-03-04,PRO
14772068,61852391,2013-03-15,PRO
14772068,PCT/US14/20439,2014-03-04,NST
14772069,61771825,2013-03-02,PRO
14772069,13844755,2013-03-15,CON
14772069,PCT/US14/19664,2014-02-28,NST
14772070,PCT/AU2013/000882,2013-08-09,NST
14772072,PCT/GB2014/050624,2014-03-03,NST
14772073,PCT/KR2013/001887,2013-03-08,NST
14772074,PCT/EP2013/001747,2013-06-13,NST
14772075,PCT/CN2014/072845,2014-03-04,NST
14772076,PCT/JP2014/056069,2014-03-07,NST
14772077,PCT/IB2014/058956,2014-02-13,NST
14772078,PCT/US2014/021214,2014-03-06,NST
14772079,61826538,2013-05-23,PRO
14772079,PCT/US14/37798,2014-05-13,NST
14772080,PCT/EP2014/000546,2014-03-04,NST
14772081,PCT/JP2014/055713,2014-03-06,NST
14772082,PCT/EP2014/054189,2014-03-04,NST
14772083,PCT/US2014/018824,2014-02-27,NST
14772084,PCT/JP2013/074207,2013-09-09,NST
14772086,61772643,2013-03-05,PRO
14772086,PCT/US14/19841,2014-03-03,NST
14772087,61773902,2013-03-07,PRO
14772087,PCT/US14/20593,2014-03-05,NST
14772088,PCT/US2014/016177,2014-02-13,NST
14772089,PCT/IL2014/050433,2014-05-18,NST
14772090,PCT/JP2014/001855,2014-03-28,NST
14772091,PCT/CN2014/093062,2014-12-04,NST
14772092,PCT/EP2014/054612,2014-03-10,NST
14772093,PCT/EP2014/052094,2014-02-04,NST
14772094,PCT/US2014/020233,2014-03-04,NST
14772095,PCT/JP2014/055597,2014-03-05,NST
14772096,PCT/US2014/018156,2014-02-25,NST
14772097,PCT/JP2013/082632,2013-12-04,NST
14772098,13826747,2013-03-14,CON
14772098,PCT/US14/20600,2014-03-05,NST
14772099,61773484,2013-03-06,PRO
14772099,61773510,2013-03-06,PRO
14772099,PCT/US14/17914,2014-02-24,NST
14772100,PCT/US2014/026476,2014-03-13,NST
14772101,PCT/FR2014/050518,2014-03-07,NST
14772102,PCT/JP2014/053747,2014-02-18,NST
14772103,PCT/JP2013/004907,2013-08-20,NST
14772104,PCT/US14/23837,2014-03-12,NST
14772105,PCT/US2013/078183,2013-12-30,NST
14772106,61794992,2013-03-15,PRO
14772106,PCT/US14/25303,2014-03-13,NST
14772107,PCT/JP2013/082808,2013-12-06,NST
14772108,PCT/JP2013/074210,2013-09-09,NST
14772109,PCT/JP2013/083330,2013-12-12,NST
14772110,PCT/SE2014/050273,2014-03-06,NST
14772111,PCT/IB2014/059380,2014-03-03,NST
14772112,PCT/EP2013/054839,2013-03-11,NST
14772113,61788762,2013-03-15,PRO
14772113,PCT/US13/64788,2013-10-14,NST
14772114,PCT/JP2014/050492,2014-01-15,NST
14772116,PCT/EP2013/054744,2013-03-08,NST
14772117,PCT/US2014/021494,2014-03-07,NST
14772118,PCT/JP2014/055608,2014-03-05,NST
14772119,PCT/DE2014/000114,2014-03-12,NST
14772120,PCT/JP2014/053984,2014-02-20,NST
14772121,PCT/JP2014/059006,2014-03-27,NST
14772122,PCT/JP2014/055861,2014-03-06,NST
14772123,PCT/JP2013/059396,2013-03-28,NST
14772124,PCT/US2014/021499,2014-03-07,NST
14772125,PCT/JP2014/057311,2014-03-18,NST
14772126,PCT/EP2014/053309,2014-02-20,NST
14772127,PCT/EP2014/054108,2014-03-04,NST
14772128,PCT/US2014/022050,2014-03-07,NST
14772129,PCT/JP2013/057893,2013-03-19,NST
14772130,PCT/KR2014/002136,2014-03-13,NST
14772131,PCT/JP2014/051648,2014-01-27,NST
14772132,PCT/KR2014/000369,2013-03-19,NST
14772133,PCT/DE2014/000082,2014-02-28,NST
14772134,PCT/CN2014/070650,2014-01-15,NST
14772135,PCT/US2014/019772,2014-03-03,NST
14772136,61798254,2013-03-15,PRO
14772136,PCT/US14/28436,2014-03-14,NST
14772137,61928080,2014-01-16,PRO
14772137,PCT/US14/26379,2014-03-13,NST
14772138,PCT/JP2014/057497,2014-03-19,NST
14772139,PCT/EP2014/054319,2014-03-06,NST
14772140,PCT/EP2014/054461,2014-03-07,NST
14772141,PCT/IB2014/059921,2014-03-18,NST
14772142,PCT/US2014/017263,2014-02-20,NST
14772143,PCT/US2014/025587,2014-03-13,NST
14772144,PCT/JP2014/066854,2014-06-25,NST
14772145,PCT/EP2014/064879,2014-07-11,NST
14772146,PCT/US2014/022501,2014-03-10,NST
14772147,PCT/JP2013/057876,2013-03-19,NST
14772148,PCT/EP2014/054460,2014-03-07,NST
14772149,PCT/KR2012/011046,2012-12-18,NST
14772150,PCT/JP2014/057930,2014-03-14,NST
14772151,61775188,2013-03-08,PRO
14772151,PCT/US14/21738,2014-03-07,NST
14772152,PCT/US2014/022238,2014-03-10,NST
14772153,PCT/IB2014/059414,2014-03-04,NST
14772155,PCT/JP2014/058132,2014-03-24,NST
14772156,PCT/US2014/020679,2014-03-05,NST
14772157,PCT/JP2014/056949,2014-03-14,NST
14772160,61793963,2013-03-15,PRO
14772160,PCT/US14/26433,2014-03-13,NST
14772161,PCT/DE2014/000034,2014-01-28,NST
14772162,PCT/AU2014/000196,2014-03-03,NST
14772163,PCT/JP2014/056047,2014-03-07,NST
14772165,PCT/JP2014/057074,2014-03-17,NST
14772166,61793958,2013-03-15,PRO
14772166,PCT/US14/14430,2014-02-03,NST
14772167,61775759,2013-03-11,PRO
14772167,PCT/US14/23021,2014-03-11,NST
14772168,PCT/JP2013/056347,2013-03-07,NST
14772169,PCT/IB2014/059479,2014-03-06,NST
14772170,PCT/JP14/54518,2014-02-25,NST
14772171,PCT/KR2014/001640,2014-02-27,NST
14772172,PCT/DE2014/200022,2014-01-22,NST
14772173,PCT/EP2014/056898,2014-04-07,NST
14772174,PCT/JP2014/067869,2014-07-04,NST
14772175,PCT/JP2013/076226,2013-09-27,NST
14772176,PCT/JP13/56524,2013-03-08,NST
14772177,PCT/EP2014/053990,2014-02-28,NST
14772178,PCT/US2014/020515,2014-03-05,NST
14772179,PCT/AU2014/000220,2014-03-07,NST
14772180,61773517,2013-03-06,PRO
14772180,PCT/US14/21250,2014-03-06,NST
14772181,PCT/KR2014/002686,2014-03-28,NST
14772182,61772603,2013-03-05,PRO
14772182,PCT/US14/20178,2014-03-04,NST
14772184,PCT/JP2014/056643,2014-03-13,NST
14772185,PCT/JP2014/055788,2014-03-06,NST
14772186,PCT/JP2014/050401,2014-01-14,NST
14772187,PCT/KR2014/001885,2014-03-07,NST
14772188,PCT/JP2013/077886,2013-10-15,NST
14772189,61780212,2013-03-13,PRO
14772189,PCT/US14/20590,2014-03-05,NST
14772190,PCT/JP2014/053793,2014-02-18,NST
14772191,61784104,2013-03-14,PRO
14772191,PCT/US14/25580,2014-03-13,NST
14772192,61789414,2013-03-15,PRO
14772192,61803244,2013-03-19,PRO
14772192,PCT/US14/23058,2014-03-11,NST
14772194,PCT/US2014/020342,2014-03-04,NST
14772195,PCT/SE2015/050332,2015-03-20,NST
14772196,PCT/JP2014/001142,2014-03-03,NST
14772197,PCT/JP2014/055510,2014-03-04,NST
14772198,PCT/IB2014/059390,2014-03-03,NST
14772199,PCT/CZ2014/000021,2014-02-26,NST
14772200,PCT/JP2014/053061,2014-02-10,NST
14772201,PCT/JP2014/054815,2014-02-27,NST
14772202,PCT/EP2014/054148,2014-03-04,NST
14772203,PCT/JP2014/055329,2014-03-03,NST
14772204,PCT/EP2014/056679,2014-04-03,NST
14772205,61773538,2013-03-06,PRO
14772205,61774553,2013-03-07,PRO
14772205,61900142,2013-11-05,PRO
14772205,PCT/US14/21446,2014-03-06,NST
14772206,PCT/JP2014/069912,2014-07-29,NST
14772207,PCT/IT2014/000073,2014-03-11,NST
14772208,PCT/JP2014/054216,2014-02-21,NST
14772209,61775400,2013-03-08,PRO
14772209,61938123,2014-02-10,PRO
14772209,PCT/US14/22102,2014-03-07,NST
14772210,61791798,2013-03-15,PRO
14772210,PCT/US14/28219,2014-03-14,NST
14772211,PCT/US13/29616,2013-03-07,NST
14772212,PCT/JP2014/055919,2014-03-07,NST
14772213,PCT/IB2014/059332,2014-02-28,NST
14772215,61788682,2013-03-15,PRO
14772215,PCT/US14/25268,2014-03-13,NST
14772216,PCT/US2014/022701,2014-03-10,NST
14772217,PCT/IB2014/000258,2014-03-07,NST
14772218,PCT/JP2014/057429,2014-03-12,NST
14772219,PCT/US2014/025585,2014-03-13,NST
14772220,PCT/EP2014/055461,2014-03-19,NST
14772221,PCT/EP2014/000420,2014-02-15,NST
14772222,PCT/JP2014/051644,2014-01-27,NST
14772223,61804274,2013-03-22,PRO
14772223,PCT/US14/17739,2014-02-21,NST
14772225,PCT/JP2014/069154,2014-07-18,NST
14772226,PCT/JP2014/055779,2014-03-06,NST
14772227,61774632,2013-03-08,PRO
14772227,PCT/US14/21443,2014-03-06,NST
14772228,PCT/US2014/016107,2014-02-12,NST
14772229,61791819,2013-03-15,PRO
14772229,PCT/US14/20317,2014-03-04,NST
14772230,PCT/EP2014/053747,2014-02-26,NST
14772231,PCT/US2014/024029,2014-03-12,NST
14772232,PCT/JP2013/059685,2013-03-29,NST
14772233,PCT/JP2014/057267,2014-03-18,NST
14772235,PCT/JP2014/054674,2014-02-26,NST
14772236,PCT/JP2014/055311,2014-03-03,NST
14772237,PCT/JP2014/055958,2014-03-07,NST
14772238,PCT/EP2014/053800,2014-02-27,NST
14772239,PCT/JP2014/054552,2014-02-25,NST
14772240,PCT/JP2013/059125,2013-03-27,NST
14772241,61793035,2013-03-15,PRO
14772241,PCT/US14/25895,2014-03-13,NST
14772242,PCT/US2014/016787,2014-02-18,NST
14772243,61780105,2013-03-13,PRO
14772243,PCT/US14/26340,2014-03-13,NST
14772244,PCT/IB2014/058695,2014-01-31,NST
14772245,PCT/JP2014/055430,2014-03-04,NST
14772246,PCT/US2014/021538,2014-03-07,NST
14772247,PCT/AU2014/000180,2014-02-26,NST
14772249,PCT/GB2014/050571,2014-02-26,NST
14772250,PCT/JP2014/056432,2014-03-12,NST
14772251,PCT/JP2014/056065,2014-03-07,NST
14772252,PCT/CN2013/072184,2013-03-05,NST
14772253,PCT/JP2013/082350,2013-12-02,NST
14772254,61782860,2013-03-14,PRO
14772254,PCT/US14/27852,2014-03-14,NST
14772255,61774968,2013-03-08,PRO
14772255,PCT/US14/20136,2014-03-04,NST
14772256,PCT/EP2013/054616,2013-03-07,NST
14772257,PCT/IB2014/059250,2014-02-26,NST
14772258,PCT/KR2013/007796,2013-08-30,NST
14772259,PCT/EP2014/053314,2014-02-20,NST
14772260,PCT/JP2014/057558,2014-03-19,NST
14772261,PCT/US13/37227,2013-04-18,NST
14772263,PCT/CN2013/072807,2013-03-18,NST
14772264,PCT/US2014/027591,2014-03-14,NST
14772265,PCT/EP2014/052805,2014-02-13,NST
14772266,PCT/JP2014/055147,2014-02-28,NST
14772267,PCT/GB2014/050651,2014-03-05,NST
14772268,PCT/US2014/020241,2014-03-04,NST
14772269,61798756,2013-03-15,PRO
14772269,PCT/US14/24220,2014-03-12,NST
14772270,PCT/JP2014/059367,2014-03-28,NST
14772271,PCT/JP2014/052955,2014-02-07,NST
14772272,61774710,2013-03-08,PRO
14772272,PCT/US14/19843,2014-03-03,NST
14772273,PCT/SE2013/050229,2013-03-13,NST
14772274,PCT/JP2014/056591,2014-03-06,NST
14772275,PCT/JP2014/055326,2014-03-03,NST
14772276,PCT/EP2014/054171,2014-03-04,NST
14772277,PCT/EP2014/000520,2014-02-27,NST
14772278,PCT/EP2014/054429,2014-03-07,NST
14772279,PCT/FI2013/050235,2013-03-05,NST
14772280,PCT/EP2014/000535,2014-03-03,NST
14772281,PCT/RU2014/000021,2014-01-16,NST
14772282,PCT/US2014/022121,2014-03-07,NST
14772283,PCT/JP2014/051694,2014-01-27,NST
14772284,61798902,2013-03-15,PRO
14772284,PCT/US14/28408,2014-03-14,NST
14772285,PCT/US2015/016111,2015-02-17,NST
14772287,PCT/JP2014/003933,2014-07-25,NST
14772288,PCT/KR2013/010580,2013-11-20,NST
14772289,61787440,2013-03-15,PRO
14772289,PCT/US14/16199,2014-02-13,NST
14772290,PCT/US14/18876,2014-02-27,NST
14772291,PCT/EP2013/000617,2013-03-04,NST
14772292,PCT/KR2014/002343,2014-03-20,NST
14772293,PCT/JP2014/061485,2014-04-23,NST
14772294,PCT/JP2014/054638,2014-02-26,NST
14772295,PCT/US2014/018888,2014-02-27,NST
14772296,PCT/CN2013/073335,2013-03-28,NST
14772297,PCT/JP2014/061484,2014-04-23,NST
14772298,PCT/EP2014/054376,2014-03-06,NST
14772299,61788858,2013-03-15,PRO
14772299,61810846,2013-04-11,PRO
14772299,PCT/US14/27268,2014-03-14,NST
14772300,PCT/GB2014/000076,2014-03-04,NST
14772301,PCT/US2014/022596,2014-03-10,NST
14772302,PCT/EP2013/054651,2013-03-07,NST
14772303,PCT/EP2014/054733,2014-03-11,NST
14772304,PCT/JP2014/056165,2014-03-10,NST
14772305,PCT/US2014/020659,2014-03-05,NST
14772306,PCT/KR2012/011121,2012-12-20,NST
14772307,PCT/CN2014/076076,2014-04-24,NST
14772309,61789656,2013-03-15,PRO
14772309,PCT/US14/27225,2014-03-14,NST
14772310,61771947,2013-03-04,PRO
14772310,PCT/US14/20040,2014-03-03,NST
14772311,PCT/US2014/028780,2014-03-14,NST
14772312,PCT/US2014/032848,2014-04-03,NST
14772313,PCT/EP2014/054073,2014-03-03,NST
14772314,PCT/SE2013/050216,2013-03-11,NST
14772315,PCT/CN2014/072862,2014-03-04,NST
14772316,61771992,2013-03-04,PRO
14772316,PCT/US14/20279,2014-03-04,NST
14772317,61772966,2013-03-05,PRO
14772317,PCT/US14/18999,2014-02-27,NST
14772318,PCT/NL2014/050145,2014-03-11,NST
14772319,61772535,2013-03-05,PRO
14772319,61772538,2013-03-05,PRO
14772319,61780676,2013-03-13,PRO
14772319,61832797,2013-06-08,PRO
14772319,61862420,2013-08-05,PRO
14772319,PCT/US14/20375,2014-03-04,NST
14772320,61988721,2014-05-05,PRO
14772320,PCT/US15/29091,2015-05-04,NST
14772321,PCT/KR2014/010346,2014-10-31,NST
14772322,PCT/IN2014/000148,2014-03-06,NST
14772323,PCT/JP2013/084316,2013-12-20,NST
14772324,61798756,2013-03-15,PRO
14772324,PCT/US14/24246,2014-03-12,NST
14772326,61852355,2013-03-15,PRO
14772326,PCT/US14/30706,2014-03-17,NST
14772327,61794565,2013-03-15,PRO
14772327,PCT/US14/18991,2014-02-27,NST
14772328,PCT/JP2013/056298,2013-03-07,NST
14772329,PCT/EP2014/000631,2014-03-11,NST
14772330,61774676,2013-03-08,PRO
14772330,61942844,2014-02-21,PRO
14772330,PCT/US14/21396,2014-03-06,NST
14772331,PCT/US2014/020198,2014-03-04,NST
14772333,PCT/FI2014/050207,2014-03-21,NST
14772334,61782185,2013-03-14,PRO
14772334,PCT/US14/24922,2014-03-12,NST
14772335,PCT/US2014/022341,2014-03-10,NST
14772336,PCT/US2014/029048,2014-03-14,NST
14772337,61777427,2013-03-12,PRO
14772337,PCT/US14/24885,2014-03-12,NST
14772339,PCT/EP2014/054161,2014-03-04,NST
14772340,PCT/JP2014/056526,2014-03-12,NST
14772341,PCT/JP2014/055508,2014-03-04,NST
14772342,PCT/EP2014/053000,2014-02-17,NST
14772343,61788124,2013-03-15,PRO
14772343,PCT/US14/28653,2014-03-14,NST
14772344,61772433,2013-03-04,PRO
14772344,PCT/US14/20413,2014-03-04,NST
14772345,PCT/EP2014/055385,2014-03-18,NST
14772346,PCT/US2014/021624,2014-03-07,NST
14772347,61793961,2013-03-15,PRO
14772347,PCT/US14/24555,2014-03-12,NST
14772348,PCT/US2014/023693,2014-03-11,NST
14772349,PCT/FI2013/050236,2013-03-05,NST
14772350,PCT/EP2014/053968,2014-02-28,NST
14772351,PCT/EP2014/053967,2014-02-28,NST
14772352,PCT/US2013/030868,2013-03-13,NST
14772353,PCT/US2014/024268,2014-03-12,NST
14772354,61775325,2013-03-08,PRO
14772354,61828758,2013-05-30,PRO
14772354,PCT/US14/21371,2014-03-06,NST
14772355,PCT/EP2014/053970,2014-02-28,NST
14772356,PCT/JP2014/001716,2014-03-25,NST
14772357,61777835,2013-03-12,PRO
14772357,PCT/US14/22674,2014-03-10,NST
14772358,PCT/US2013/031029,2013-03-13,NST
14772359,61773154,2013-03-06,PRO
14772359,PCT/US14/21448,2014-03-06,NST
14772360,PCT/GB2014/050590,2014-02-28,NST
14772361,PCT/IB2014/061350,2014-05-10,NST
14772362,PCT/JP2014/055621,2014-03-05,NST
14772363,PCT/US2014/021278,2014-03-06,NST
14772364,PCT/IB2014/059420,2014-03-04,NST
14772365,PCT/US2014/022021,2014-03-07,NST
14772366,PCT/US14/26816,2014-03-13,NST
14772367,PCT/EP2014/054020,2014-03-03,NST
14772368,PCT/US2014/019376,2014-02-28,NST
14772369,61799629,2013-03-15,PRO
14772369,PCT/US14/28078,2014-03-14,NST
14772370,PCT/FI2013/050243,2013-03-06,NST
14772371,PCT/CN2015/076891,2015-04-17,NST
14772372,61773766,2013-03-06,PRO
14772372,PCT/US14/20320,2014-03-04,NST
14772373,61794024,2013-03-15,PRO
14772373,PCT/US14/29207,2014-03-14,NST
14772374,61775486,2013-03-09,PRO
14772374,PCT/US14/21212,2014-03-06,NST
14772375,PCT/EP2014/054417,2014-03-07,NST
14772376,61798105,2013-03-15,PRO
14772376,PCT/US14/30745,2014-03-17,NST
14772377,PCT/CN2013/001631,2013-12-24,NST
14772378,PCT/EP2014/054287,2014-03-05,NST
14772379,PCT/JP2014/001752,2014-03-26,NST
14772380,PCT/JP2014/001068,2014-02-27,NST
14772381,PCT/EP2014/053817,2014-02-27,NST
14772382,PCT/KR2014/004094,2014-05-08,NST
14772383,PCT/KR2014/002099,2014-03-13,NST
14772384,PCT/IL2014/050266,2014-03-13,NST
14772385,PCT/EP2014/054166,2014-03-04,NST
14772391,PCT/CN2013/082925,2013-09-04,NST
14772393,PCT/EP2014/054291,2014-03-05,NST
14772394,PCT/IB2014/059435,2014-03-04,NST
14772395,PCT/US2014/023851,2014-03-12,NST
14772396,PCT/DE2014/200021,2014-01-22,NST
14772397,PCT/JP2014/052300,2014-01-31,NST
14772398,PCT/US2014/023956,2014-03-12,NST
14772399,PCT/EP2013/067897,2013-08-29,NST
14772400,PCT/JP2014/053268,2014-02-13,NST
14772401,PCT/GB2014/050691,2014-03-07,NST
14772402,PCT/EP2014/054072,2014-03-03,NST
14772403,PCT/US2014/022236,2014-03-10,NST
14772404,61772204,2013-03-04,PRO
14772404,61782400,2013-03-14,PRO
14772404,61818355,2013-05-01,PRO
14772404,PCT/US14/20242,2014-03-04,NST
14772405,PCT/JP2013/083614,2013-12-16,NST
14772406,PCT/IL2014/000015,2014-03-04,NST
14772407,PCT/JP2013/083231,2013-12-11,NST
14772408,PCT/US2014/022603,2014-03-10,NST
14772409,PCT/GB2014/050551,2014-02-24,NST
14772410,PCT/EP2013/055549,2013-03-18,NST
14772411,PCT/JP2014/062740,2014-05-13,NST
14772412,PCT/EP2014/054360,2014-03-06,NST
14772413,PCT/NL2014/050136,2014-03-07,NST
14772414,61772007,2013-03-04,PRO
14772414,PCT/US14/20106,2014-03-04,NST
14772415,PCT/AU2014/000199,2014-03-04,NST
14772416,PCT/JP2013/083042,2013-12-10,NST
14772417,PCT/EP2014/054327,2014-03-06,NST
14772418,PCT/IB2014/059611,2014-03-11,NST
14772419,PCT/EP2013/054281,2013-03-04,NST
14772420,61851303,2013-03-05,PRO
14772420,PCT/US14/20749,2014-03-05,NST
14772421,PCT/JP2015/056469,2015-03-05,NST
14772422,PCT/EP2014/000341,2014-02-07,NST
14772423,PCT/US2014/017859,2014-02-22,NST
14772424,PCT/JP2014/055860,2014-03-06,NST
14772425,PCT/JP2014/001177,2014-03-04,NST
14772426,PCT/JP2013/059023,2013-03-27,NST
14772427,PCT/IB2014/059663,2014-03-12,NST
14772428,PCT/SE2014/050253,2014-03-03,NST
14772429,PCT/IB2014/000209,2014-02-26,NST
14772430,PCT/EP2014/000371,2014-02-11,NST
14772431,PCT/KR2014/001795,2014-03-05,NST
14772432,PCT/JP2014/053165,2014-02-12,NST
14772433,PCT/JP2013/079109,2013-10-28,NST
14772434,PCT/JP2014/057933,2014-03-14,NST
14772435,PCT/EP2014/000548,2014-03-04,NST
14772436,PCT/US2014/021137,2014-03-06,NST
14772437,61773419,2013-03-06,PRO
14772437,PCT/US14/20267,2014-03-04,NST
14772438,PCT/DE2014/000055,2014-02-14,NST
14772439,PCT/GB2014/050638,2014-03-05,NST
14772440,PCT/JP2014/063099,2014-05-16,NST
14772441,PCT/IB2014/059607,2014-03-11,NST
14772442,PCT/EP2014/053206,2014-02-19,NST
14772443,PCT/EP2014/055584,2014-03-20,NST
14772444,PCT/IB2014/059914,2014-03-18,NST
14772445,PCT/EP2014/050886,2014-01-17,NST
14772446,PCT/JP2014/050512,2014-01-15,NST
14772447,PCT/KR2014/001716,2014-03-03,NST
14772448,PCT/GB2014/050642,2014-03-05,NST
14772449,PCT/JP2013/083079,2013-12-10,NST
14772450,PCT/JP2014/084218,2014-12-25,NST
14772451,PCT/GB2014/050630,2014-03-04,NST
14772452,PCT/JP2014/055463,2014-03-04,NST
14772453,PCT/EP2013/000661,2013-03-07,NST
14772454,61772855,2013-03-05,PRO
14772454,PCT/US14/18276,2014-02-25,NST
14772456,PCT/GB2014/050643,2014-03-05,NST
14772457,61773305,2013-03-06,PRO
14772457,PCT/IL14/50216,2014-03-04,NST
14772458,PCT/KR2014/001717,2014-03-03,NST
14772459,PCT/JP2014/055994,2014-03-07,NST
14772460,PCT/EP2014/059088,2014-05-05,NST
14772461,PCT/US2014/015461,2014-02-09,NST
14772462,PCT/EP2014/054331,2014-03-06,NST
14772464,PCT/IB2013/061289,2013-12-23,NST
14772465,PCT/AT2014/050011,2014-01-15,NST
14772466,PCT/KR2014/001872,2014-03-07,NST
14772467,PCT/GB2014/050648,2014-03-05,NST
14772468,PCT/JP2014/001108,2014-02-28,NST
14772469,PCT/JP2014/053222,2014-02-12,NST
14772470,61792114,2013-03-15,PRO
14772470,PCT/US14/27433,2014-03-14,NST
14772471,PCT/EP2014/053838,2014-02-27,NST
14772472,PCT/GB2014/050618,2014-03-03,NST
14772473,PCT/JP2011/065845,2011-07-12,NST
14772474,PCT/EP2014/061567,2014-06-04,NST
14772475,PCT/JP2014/052903,2014-02-07,NST
14772476,PCT/GB2014/050640,2014-03-05,NST
14772477,PCT/EP2013/074882,2013-11-27,NST
14772478,PCT/IB2014/059432,2014-03-04,NST
14772479,PCT/JP2014/055438,2014-03-04,NST
14772480,PCT/EP2014/053933,2014-02-28,NST
14772481,PCT/US2014/027664,2014-03-14,NST
14772482,PCT/HU2014/000024,2014-03-06,NST
14772483,PCT/JP2014/054002,2014-02-20,NST
14772484,PCT/EP2013/054280,2013-03-04,NST
14772485,PCT/JP2014/057828,2014-03-20,NST
14772486,61774878,2013-03-08,PRO
14772486,PCT/US14/21514,2014-03-07,NST
14772487,PCT/JP2013/055852,2013-03-04,NST
14772488,PCT/IB2014/059678,2014-03-12,NST
14772489,PCT/JP2014/054844,2014-02-27,NST
14772490,PCT/GB2014/050683,2014-03-07,NST
14772491,PCT/HU2014/000019,2014-02-26,NST
14772492,PCT/IB2014/059573,2014-03-10,NST
14772493,PCT/KR2014/001818,2014-03-05,NST
14772494,PCT/EP2014/054199,2014-03-05,NST
14772495,PCT/US2013/077905,2013-12-27,NST
14772496,PCT/EP2014/053930,2014-02-28,NST
14772497,PCT/CA2014/000198,2014-03-07,NST
14772498,PCT/DK2014/050069,2014-03-21,NST
14772499,PCT/SE2013/051519,2013-12-16,NST
14772500,PCT/JP2014/055822,2014-03-06,NST
14772501,PCT/US2014/020631,2014-03-05,NST
14772502,PCT/JP2014/054845,2014-02-27,NST
14772503,PCT/JP2014/055656,2014-03-05,NST
14772504,PCT/JP2014/050985,2014-01-20,NST
14772505,PCT/JP2014/055435,2014-03-04,NST
14772506,PCT/JP2014/054595,2014-02-19,NST
14772507,PCT/EP2013/000618,2013-03-04,NST
14772508,PCT/EP2014/054288,2014-03-05,NST
14772509,PCT/JP2014/001122,2014-03-03,NST
14772510,PCT/JP2014/069303,2014-07-22,NST
14772511,PCT/CN2014/076060,2014-04-23,NST
14772512,PCT/US2014/028888,2014-03-14,NST
14772513,PCT/JP2014/000267,2014-01-21,NST
14772514,PCT/CN2014/072801,2014-03-03,NST
14772515,PCT/CN2014/072693,2014-02-28,NST
14772516,PCT/GB2014/050709,2014-03-10,NST
14772517,PCT/CA2014/050162,2014-03-03,NST
14772518,PCT/EP2014/055249,2014-03-17,NST
14772519,PCT/NL2014/050131,2014-03-05,NST
14772520,PCT/JP2014/055801,2014-03-06,NST
14772521,PCT/EP2014/053393,2014-02-21,NST
14772522,PCT/AU2014/000025,2014-01-16,NST
14772523,PCT/US2013/077906,2013-12-27,NST
14772524,PCT/JP2014/053637,2014-02-17,NST
14772525,PCT/US2014/018895,2014-02-27,NST
14772526,PCT/JP2014/056214,2014-03-10,NST
14772527,PCT/US2013/048429,2013-06-28,NST
14772528,PCT/US2014/022737,2014-03-10,NST
14772529,PCT/CN2013/072194,2013-03-05,NST
14772530,PCT/JP2014/054709,2014-02-26,NST
14772531,PCT/FI2013/050241,2013-03-06,NST
14772532,PCT/JP2014/056029,2014-03-07,NST
14772533,PCT/KR2014/001342,2014-02-19,NST
14772534,PCT/EP2014/000208,2014-01-28,NST
14772535,PCT/JP2013/056905,2013-03-13,NST
14772536,PCT/FR2014/050434,2014-02-27,NST
14772537,PCT/JP2014/060025,2014-04-04,NST
14772538,PCT/GB2014/050878,2014-03-20,NST
14772539,PCT/JP2014/076757,2014-10-07,NST
14772540,61776964,2013-03-12,PRO
14772540,PCT/US14/23922,2014-03-12,NST
14772541,PCT/JP2014/053562,2014-02-14,NST
14772542,PCT/JP2014/055711,2014-03-06,NST
14772543,PCT/IB2014/059530,2014-03-07,NST
14772544,PCT/US2014/025132,2014-03-13,NST
14772545,PCT/JP2014/056878,2014-03-14,NST
14772546,PCT/US2014/022579,2014-03-10,NST
14772547,PCT/JP2014/054114,2014-02-21,NST
14772548,PCT/JP2014/001149,2014-03-03,NST
14772549,61772406,2013-03-04,PRO
14772549,PCT/US14/20376,2014-03-04,NST
14772550,PCT/JP2014/053997,2014-02-20,NST
14772551,PCT/IB2014/062040,2014-06-06,NST
14772552,PCT/EP2014/054198,2014-03-05,NST
14772553,PCT/JP14/59041,2014-03-27,NST
14772554,61772054,2013-03-04,PRO
14772554,PCT/US14/20223,2014-03-04,NST
14772555,PCT/EP2013/056091,2013-03-22,NST
14772556,PCT/EP2014/054245,2014-03-05,NST
14772557,PCT/EP2014/053279,2014-02-20,NST
14772558,61785062,2013-03-14,PRO
14772558,PCT/US14/25403,2014-03-13,NST
14772559,PCT/IB2014/059306,2014-02-27,NST
14772560,13785209,2013-03-05,CIP
14772560,PCT/US14/19823,2014-03-03,NST
14772561,PCT/EP2014/052133,2014-02-04,NST
14772562,PCT/JP2014/055506,2014-03-04,NST
14772563,61791695,2013-03-15,PRO
14772563,PCT/US14/28192,2014-03-14,NST
14772564,PCT/JP2013/058814,2013-03-26,NST
14772565,PCT/GB2014/050626,2014-03-04,NST
14772566,61783651,2013-03-14,PRO
14772566,PCT/US14/23166,2014-03-11,NST
14772568,PCT/US2014/021165,2014-03-06,NST
14772569,61772215,2013-03-04,PRO
14772569,PCT/US13/66883,2013-10-25,NST
14772570,PCT/JP2014/055491,2014-03-04,NST
14772571,PCT/EP2014/054200,2014-03-05,NST
14772572,PCT/JP2014/054739,2014-02-26,NST
14772573,PCT/US2013/029073,2013-03-05,NST
14772574,PCT/IB2014/059147,2014-02-21,NST
14772575,PCT/JP2014/055914,2014-03-07,NST
14772576,PCT/JP2014/055482,2014-03-04,NST
14772577,PCT/NZ2014/000025,2014-03-04,NST
14772578,PCT/EP2014/054194,2014-03-04,NST
14772579,PCT/US2014/027841,2014-03-14,NST
14772580,PCT/JP2014/055408,2014-03-04,NST
14772581,PCT/US2014/018150,2014-02-25,NST
14772582,PCT/CA2014/050220,2014-03-12,NST
14772583,PCT/JP2014/055760,2014-03-06,NST
14772584,PCT/JP2014/053022,2014-02-10,NST
14772585,PCT/EP2014/053679,2014-02-26,NST
14772586,PCT/JP2013/055867,2013-03-04,NST
14772587,PCT/EP2014/051710,2014-01-29,NST
14772588,PCT/GB2014/000079,2014-03-04,NST
14772589,PCT/US2014/018929,2014-02-27,NST
14772590,PCT/GB2014/050429,2014-02-14,NST
14772591,PCT/US2014/020283,2014-03-04,NST
14772592,PCT/US2014/021155,2014-03-06,NST
14772593,PCT/JP2013/055869,2013-03-04,NST
14772594,PCT/JP2014/000810,2014-02-18,NST
14772595,PCT/JP2014/071747,2014-08-20,NST
14772596,PCT/FR2014/050406,2014-02-25,NST
14772597,PCT/EP2014/000653,2014-03-12,NST
14772598,61776587,2013-03-11,PRO
14772598,PCT/US14/23384,2014-03-11,NST
14772599,PCT/JP2014/001081,2014-02-27,NST
14772600,PCT/FR2014/050528,2014-03-07,NST
14772601,PCT/JP2014/054750,2014-02-26,NST
14772602,PCT/US2013/048368,2013-06-27,NST
14772603,PCT/KR2014/001770,2014-03-04,NST
14772604,PCT/JP2014/056164,2014-03-10,NST
14772605,PCT/CN2014/073691,2014-03-19,NST
14772606,61784081,2013-03-14,PRO
14772606,PCT/US14/26357,2014-03-13,NST
14772608,PCT/US2014/020930,2014-03-05,NST
14772609,PCT/IB14/00237,2014-03-04,NST
14772611,61773061,2013-03-05,PRO
14772611,PCT/US14/20771,2014-03-05,NST
14772612,PCT/JP2014/055657,2014-03-05,NST
14772613,PCT/KR2014/001635,2014-02-27,NST
14772614,PCT/JP2014/050781,2014-01-17,NST
14772615,PCT/EP2014/054206,2014-03-05,NST
14772616,61775014,2013-03-08,PRO
14772616,PCT/US14/21880,2014-03-07,NST
14772617,61773397,2013-03-06,PRO
14772617,PCT/US14/21056,2014-03-06,NST
14772618,PCT/EP2014/055489,2014-03-19,NST
14772619,PCT/EP2014/054111,2014-03-04,NST
14772620,PCT/JP2014/058764,2014-03-27,NST
14772621,PCT/US2014/022688,2014-03-10,NST
14772622,PCT/EP2014/054310,2014-03-06,NST
14772623,PCT/JP2014/050013,2014-01-06,NST
14772624,PCT/EP2014/054491,2014-03-07,NST
14772625,PCT/EP2014/054320,2014-03-06,NST
14772626,PCT/CN2013/072323,2013-03-07,NST
14772627,PCT/EP2014/054249,2014-03-05,NST
14772628,PCT/EP2014/000521,2014-02-27,NST
14772629,61798198,2013-03-15,PRO
14772629,PCT/US14/28755,2014-03-14,NST
14772630,61772465,2013-03-04,PRO
14772630,PCT/US14/20360,2014-03-04,NST
14772631,PCT/JP2014/050760,2014-01-17,NST
14772632,PCT/JP2014/051315,2014-03-16,NST
14772633,PCT/JP2014/057350,2014-03-18,NST
14772634,PCT/IB2014/059164,2014-02-21,NST
14772635,PCT/GB2014/000036,2014-01-31,NST
14772636,PCT/JP2014/054437,2014-02-25,NST
14772637,PCT/JP2014/003069,2014-06-09,NST
14772640,PCT/JP2014/057218,2014-03-18,NST
14772641,PCT/EP2014/054444,2014-03-07,NST
14772642,PCT/EP2014/054702,2014-03-11,NST
14772643,PCT/JP2014/055490,2014-03-04,NST
14772644,PCT/US2014/020398,2014-03-04,NST
14772646,61778724,2013-03-13,PRO
14772646,PCT/US14/25419,2014-03-13,NST
14772647,PCT/GB2014/000023,2014-01-23,NST
14772648,PCT/EG2013/000027,2013-10-29,NST
14772649,PCT/NO2014/050030,2014-03-07,NST
14772650,61772533,2013-03-04,PRO
14772650,PCT/US14/19719,2014-03-01,NST
14772651,PCT/EP2014/054572,2014-03-10,NST
14772652,PCT/US2014/020312,2014-03-04,NST
14772653,PCT/IB2014/000263,2014-03-10,NST
14772655,PCT/US2014/020615,2014-03-05,NST
14772656,PCT/EP2014/056939,2014-04-07,NST
14772657,61772518,2013-03-04,PRO
14772657,61772521,2013-03-04,PRO
14772657,PCT/US14/20430,2014-03-04,NST
14772658,PCT/EP2014/053965,2014-02-28,NST
14772659,PCT/EP2014/054511,2014-03-10,NST
14772660,PCT/CN2014/072973,2014-03-06,NST
14772661,PCT/US2014/019872,2014-03-03,NST
14772662,PCT/JP2013/056537,2013-03-08,NST
14772663,PCT/EP2014/054968,2014-03-13,NST
14772664,PCT/GB2014/050428,2014-02-14,NST
14772665,61773109,2013-03-05,PRO
14772665,PCT/US14/20869,2014-03-05,NST
14772666,PCT/EP2013/054370,2013-03-05,NST
14772667,61773905,2013-03-07,PRO
14772667,PCT/US14/19848,2014-03-03,NST
14772668,PCT/EP2014/000582,2014-03-06,NST
14772669,PCT/JP2014/001295,2014-03-07,NST
14772670,PCT/US2014/021377,2014-03-06,NST
14772671,PCT/DE2014/100081,2014-03-06,NST
14772672,PCT/EP2014/052803,2014-02-13,NST
14772673,PCT/JP2014/080245,2014-11-14,NST
14772674,PCT/AU2013/000590,2013-06-05,NST
14772675,PCT/US14/21895,2014-03-07,NST
14772676,PCT/EP2014/053617,2014-02-25,NST
14772678,PCT/JP2014/055130,2014-02-28,NST
14772679,PCT/EP2014/056331,2014-03-28,NST
14772680,61782229,2013-03-14,PRO
14772680,PCT/US14/15985,2014-02-12,NST
14772681,PCT/JP2014/052810,2014-02-06,NST
14772682,PCT/US2014/023727,2014-03-11,NST
14772683,PCT/JP2013/061156,2013-04-15,NST
14772684,PCT/EP2014/053893,2014-02-28,NST
14772685,PCT/US2014/021344,2014-03-06,NST
14772686,PCT/EP2014/054233,2014-03-05,NST
14772687,61773500,2013-03-06,PRO
14772687,PCT/US14/16842,2014-02-18,NST
14772688,PCT/TH2014/000026,2014-06-12,NST
14772689,PCT/EP2014/054244,2014-03-05,NST
14772690,PCT/KR2014/002105,2014-03-13,NST
14772691,PCT/JP2014/055403,2014-03-04,NST
14772692,PCT/IB2014/059398,2014-03-03,NST
14772693,PCT/EP2014/054028,2014-03-06,NST
14772694,PCT/SG2014/000082,2014-02-25,NST
14772695,61783439,2013-03-14,PRO
14772695,PCT/US14/29000,2014-03-14,NST
14772696,PCT/JP2014/057763,2014-03-20,NST
14772697,PCT/US2014/020972,2014-03-06,NST
14772698,PCT/EP2014/052140,2014-02-04,NST
14772699,PCT/IB2014/060012,2014-03-20,NST
14772700,PCT/EP2014/053845,2014-02-27,NST
14772701,PCT/CA14/00121,2014-02-18,NST
14772702,PCT/JP2014/055409,2014-03-04,NST
14772703,PCT/JP2013/056777,2013-03-12,NST
14772704,PCT/JP2014/060890,2014-04-17,NST
14772705,61788213,2013-03-15,PRO
14772705,PCT/US14/29142,2014-03-14,NST
14772706,PCT/IB2014/060515,2014-04-08,NST
14772707,PCT/IB2014/059434,2014-03-04,NST
14772708,PCT/US2014/031279,2014-03-20,NST
14772709,PCT/DE2014/100115,2014-04-02,NST
14772710,PCT/IB2014/059158,2014-02-21,NST
14772711,61781036,2013-03-14,PRO
14772711,PCT/US14/23848,2014-03-12,NST
14772712,PCT/JP2014/082627,2014-12-10,NST
14772713,PCT/JP2013/069488,2013-07-18,NST
14772714,PCT/GB2014/050658,2014-03-06,NST
14772715,PCT/FR2014/050683,2014-03-24,NST
14772716,PCT/JP2014/055343,2014-03-03,NST
14772717,61772138,2013-03-04,PRO
14772717,PCT/IB2014/059406,2014-03-03,NST
14772718,PCT/JP2014/055083,2014-02-28,NST
14772719,PCT/JP2014/055268,2014-03-03,NST
14772720,61790401,2013-03-15,PRO
14772720,PCT/US14/29200,2014-03-14,NST
14772721,PCT/EP2014/053700,2014-02-26,NST
14772722,PCT/JP2014/000799,2014-02-17,NST
14772723,PCT/JP2014/055475,2014-03-04,NST
14772724,PCT/JP2014/055131,2014-02-28,NST
14772725,61786167,2013-03-14,PRO
14772725,61786175,2013-03-14,PRO
14772725,PCT/US14/26564,2014-03-13,NST
14772726,PCT/US14/29004,2014-03-14,NST
14772727,61773591,2013-03-06,PRO
14772727,PCT/US14/21177,2014-03-06,NST
14772728,PCT/IB2014/059456,2014-03-05,NST
14772729,PCT/US2014/024071,2014-03-12,NST
14772730,PCT/JP2013/068183,2013-07-02,NST
14772731,PCT/US2014/019126,2014-02-27,NST
14772732,PCT/CN2013/072623,2013-03-14,NST
14772733,PCT/EP2014/051253,2014-01-22,NST
14772734,PCT/US13/72655,2013-12-02,NST
14772735,61784932,2013-03-14,PRO
14772735,61909968,2013-11-27,PRO
14772735,PCT/US14/28796,2014-03-14,NST
14772736,PCT/EP2014/054039,2014-03-03,NST
14772737,PCT/US2014/019125,2014-02-27,NST
14772738,PCT/JP2014/000578,2014-02-04,NST
14772739,PCT/IB2014/059423,2014-03-04,NST
14772740,PCT/US2014/020857,2014-03-05,NST
14772741,PCT/JP2014/055584,2014-03-05,NST
14772742,PCT/JP2013/006821,2013-11-20,NST
14772743,PCT/GB2014/050675,2014-03-07,NST
14772744,PCT/FR2014/050482,2014-03-04,NST
14772745,PCT/JP2014/000577,2014-02-04,NST
14772746,PCT/JP2014/001354,2014-03-11,NST
14772747,PCT/GB2014/051271,2014-04-24,NST
14772748,61779057,2013-03-13,PRO
14772748,PCT/US14/21698,2014-03-07,NST
14772749,61772381,2013-03-04,PRO
14772749,PCT/US14/19926,2014-03-03,NST
14772750,PCT/FR2014/050380,2014-02-24,NST
14772751,PCT/JP2014/055917,2014-03-07,NST
14772752,PCT/JP2014/000635,2014-02-06,NST
14772754,PCT/US2014/020369,2014-03-04,NST
14772755,PCT/JP2014/052742,2014-02-06,NST
14772756,PCT/JP2014/054955,2014-02-27,NST
14772758,PCT/US2014/020355,2014-03-04,NST
14772759,PCT/JP2014/054615,2014-02-26,NST
14772760,PCT/EP2014/054121,2014-03-04,NST
14772761,PCT/EP2014/052984,2014-02-17,NST
14772762,PCT/JP2013/056475,2013-03-08,NST
14772764,PCT/EP2014/053966,2014-02-28,NST
14772765,PCT/NZ2014/000024,2014-03-04,NST
14772766,PCT/US2014/018447,2014-02-25,NST
14772767,PCT/EP2014/000344,2014-02-07,NST
14772768,PCT/EP2014/054163,2014-03-04,NST
14772769,PCT/CN2014/072823,2014-03-04,NST
14772770,61779132,2013-03-13,PRO
14772770,PCT/US14/23528,2014-03-11,NST
14772771,PCT/KR2013/010601,2013-11-21,NST
14772772,PCT/CN2014/072771,2014-03-04,NST
14772773,PCT/CN2013/081811,2013-08-20,NST
14772774,PCT/KR2013/010002,2013-11-06,NST
14772775,PCT/JP2014/054786,2014-02-27,NST
14772776,PCT/JP2013/065630,2013-06-05,NST
14772777,PCT/CN2014/072861,2014-03-04,NST
14772778,PCT/CN2014/072846,2014-03-04,NST
14772779,PCT/CN2014/072863,2014-03-04,NST
14772780,PCT/CN2014/072837,2014-03-04,NST
14772781,PCT/CN2014/072811,2014-03-03,NST
14772782,PCT/JP2014/053845,2014-02-19,NST
14772783,PCT/CN2014/072813,2014-03-03,NST
14772784,PCT/EP2013/054438,2013-03-05,NST
14772785,PCT/KR2014/001634,2014-02-27,NST
14772786,PCT/EP2013/000619,2013-03-04,NST
14772787,PCT/FR2014/050442,2014-02-28,NST
14772788,PCT/EP2014/054368,2014-03-06,NST
14772789,PCT/JP2014/054452,2014-02-25,NST
14772790,PCT/EP2013/055033,2013-03-12,NST
14772791,PCT/JP2014/054476,2014-02-25,NST
14772792,PCT/IB2014/059285,2014-02-27,NST
14772794,PCT/IB2014/059122,2014-02-20,NST
14772795,PCT/US2014/020112,2014-03-04,NST
14772796,61782055,2013-03-14,PRO
14772796,PCT/US14/19194,2014-02-28,NST
14772797,PCT/CN2013/085398,2013-10-17,NST
14772798,PCT/US2014/027400,2014-03-14,NST
14772799,PCT/JP2014/000882,2014-02-20,NST
14772800,PCT/EP2013/054253,2013-03-04,NST
14772801,PCT/EP2014/054762,2014-03-12,NST
14772802,PCT/JP2014/055427,2014-03-04,NST
14772803,PCT/IB2014/000821,2014-02-26,NST
14772804,PCT/IB2014/059492,2014-03-06,NST
14772805,PCT/IB2014/059884,2014-03-17,NST
14772806,PCT/IB2014/059417,2014-03-04,NST
14772807,PCT/FI2013/050256,2013-03-08,NST
14772808,PCT/CH2014/000025,2014-02-26,NST
14772809,PCT/IB2014/000498,2014-03-21,NST
14772810,61772006,2013-03-04,PRO
14772810,61890941,2013-10-15,PRO
14772810,PCT/US14/20258,2014-03-04,NST
14772811,PCT/EP2014/054445,2014-03-07,NST
14772813,PCT/KR2013/010870,2013-11-27,NST
14772814,61786768,2013-03-15,PRO
14772814,PCT/US14/27598,2014-03-14,NST
14772815,PCT/JP2014/055847,2014-03-06,NST
14772816,61786368,2013-03-15,PRO
14772816,PCT/US14/26380,2014-03-13,NST
14772817,PCT/JP2014/002056,2014-04-09,NST
14772818,PCT/RU2014/000104,2014-02-19,NST
14772819,PCT/KR2014/001910,2014-03-07,NST
14772820,PCT/AT2014/050050,2014-03-04,NST
14772821,PCT/IN2014/000143,2014-03-04,NST
14772822,PCT/EP2013/054245,2013-03-04,NST
14772823,PCT/US2014/027083,2014-03-14,NST
14772824,PCT/EP2014/053500,2014-02-24,NST
14772825,PCT/AU2014/000232,2014-03-10,NST
14772826,PCT/JP2014/056045,2014-03-07,NST
14772827,61779862,2013-03-13,PRO
14772827,PCT/US14/25152,2014-03-13,NST
14772828,PCT/JP2014/053609,2014-02-17,NST
14772829,PCT/EP2014/053425,2014-02-21,NST
14772830,PCT/EP2013/063727,2013-06-28,NST
14772831,PCT/IB2014/060245,2014-03-28,NST
14772832,PCT/US2014/021158,2014-03-06,NST
14772833,PCT/NL2014/050130,2014-03-04,NST
14772834,PCT/EP2014/054229,2014-03-05,NST
14772835,PCT/US13/32244,2013-03-15,NST
14772836,PCT/EP2015/052672,2015-02-10,NST
14772837,61773189,2013-03-06,PRO
14772837,PCT/US14/21181,2014-03-06,NST
14772838,PCT/JP2014/055507,2014-03-04,NST
14772839,PCT/JP2014/056220,2014-03-10,NST
14772840,PCT/JP2013/058754,2013-03-26,NST
14772841,PCT/US2014/020923,2014-03-05,NST
14772842,PCT/IB2014/059465,2014-03-05,NST
14772843,PCT/JP2014/055355,2014-03-04,NST
14772844,PCT/CN2013/091082,2013-12-31,NST
14772845,PCT/IB2014/059488,2014-03-06,NST
14772846,PCT/EP2014/054513,2014-03-10,NST
14772847,PCT/FR2014/050531,2014-03-07,NST
14772848,PCT/JP2014/001806,2014-03-27,NST
14772849,61775934,2013-03-11,PRO
14772849,PCT/US14/22352,2014-03-10,NST
14772850,PCT/ES2013/070138,2013-03-06,NST
14772851,PCT/EP2014/000545,2014-03-04,NST
14772852,PCT/SE2014/050260,2014-03-04,NST
14772853,PCT/EP2014/054013,2014-03-02,NST
14772854,PCT/JP2014/056078,2014-03-09,NST
14772855,PCT/IB14/59522,2014-03-07,NST
14772857,PCT/KR2014/001887,2014-03-07,NST
14772858,PCT/JP2013/078220,2013-10-17,NST
14772859,61774131,2013-03-07,PRO
14772859,PCT/US14/21180,2014-03-06,NST
14772860,PCT/EP2014/054126,2014-03-04,NST
14772861,PCT/US2014/022253,2014-03-10,NST
14772862,PCT/FR2014/050532,2014-03-07,NST
14772863,PCT/US2014/027826,2014-03-14,NST
14772864,PCT/EP2014/051906,2014-01-31,NST
14772865,PCT/EP2014/000361,2014-02-10,NST
14772866,PCT/EP2014/051510,2014-01-27,NST
14772867,PCT/JP2014/056368,2014-03-11,NST
14772868,PCT/US2014/021976,2014-03-07,NST
14772869,PCT/EP2014/054377,2014-03-06,NST
14772870,PCT/EP2013/054403,2013-03-05,NST
14772871,PCT/JP2014/056172,2014-03-10,NST
14772872,PCT/GB2014/000037,2014-01-31,NST
14772873,61798100,2013-03-15,PRO
14772873,61911795,2013-12-04,PRO
14772873,PCT/US14/28076,2014-03-14,NST
14772874,PCT/EP2013/076078,2013-12-10,NST
14772875,PCT/KR2014/001779,2014-03-04,NST
14772877,PCT/EP2014/054215,2014-03-05,NST
14772878,PCT/US2014/020281,2014-03-04,NST
14772879,PCT/JP2014/055253,2014-03-03,NST
14772880,PCT/JP2013/064770,2013-05-28,NST
14772881,PCT/US2014/021262,2014-03-06,NST
14772882,PCT/IB2014/001571,2014-03-14,NST
14772883,PCT/US14/20388,2014-03-04,NST
14772884,61393544,2010-10-15,PRO
14772884,PCT/US11/55916,2011-10-12,CON
14772884,61744891,2012-10-03,PRO
14772884,PCT/US13/36921,2013-04-17,NST
14772885,PCT/JP2014/054695,2014-02-26,NST
14772886,PCT/EP2014/054216,2014-03-05,NST
14772887,PCT/JP2013/070378,2013-07-26,NST
14772888,PCT/EP2014/078131,2014-12-17,NST
14772889,PCT/GB2014/050671,2014-03-07,NST
14772890,PCT/JP2014/055691,2014-03-05,NST
14772891,PCT/FR2014/050497,2014-03-05,NST
14772892,PCT/JP2014/057154,2014-03-17,NST
14772893,PCT/EP2014/054053,2014-03-03,NST
14772894,PCT/IB2014/001558,2014-03-17,NST
14772895,PCT/GB2014/050686,2014-03-07,NST
14772896,PCT/EP2014/050366,2014-01-10,NST
14772897,61774825,2013-03-08,PRO
14772897,PCT/US14/22143,2014-03-07,NST
14772898,PCT/US2014/021810,2014-03-07,NST
14772899,PCT/CA2014/000159,2014-02-28,NST
14772900,61777517,2013-03-12,PRO
14772900,PCT/US14/20295,2014-03-04,NST
14772901,PCT/IB2014/001190,2014-03-14,NST
14772902,PCT/CN2014/072686,2014-02-28,NST
14772903,PCT/KR2014/001804,2014-03-05,NST
14772904,PCT/EP2014/000565,2014-03-06,NST
14772905,PCT/JP2014/055679,2014-03-05,NST
14772906,PCT/EP2014/054301,2014-03-06,NST
14772907,PCT/EP2014/054980,2014-03-13,NST
14772908,PCT/JP2014/056019,2014-03-07,NST
14772909,PCT/JP2014/068284,2014-07-09,NST
14772910,61793503,2013-03-15,PRO
14772910,PCT/US14/26736,2014-03-13,NST
14772911,PCT/FR2014/050223,2014-02-06,NST
14772912,PCT/US2014/021546,2014-03-07,NST
14772913,PCT/JP2014/057098,2014-03-17,NST
14772914,PCT/KR2014/001907,2014-03-07,NST
14772915,PCT/EP2014/056729,2014-04-03,NST
14772916,PCT/EP2014/053442,2014-02-21,NST
14772917,PCT/EP2013/054398,2013-03-05,NST
14772918,61774245,2013-03-07,PRO
14772918,PCT/US13/78028,2013-12-27,NST
14772919,PCT/EP2014/054734,2014-03-11,NST
14772920,PCT/JP2014/069765,2014-07-25,NST
14772921,PCT/IB2014/000853,2014-03-06,NST
14772922,PCT/JP2013/055834,2013-03-04,NST
14772923,PCT/US2013/029142,2013-03-05,NST
14772924,PCT/FR2014/050499,2014-03-05,NST
14772925,PCT/US2014/020325,2014-03-04,NST
14772926,PCT/FI2014/050176,2014-03-10,NST
14772927,PCT/EP2014/053677,2014-02-26,NST
14772928,PCT/IN2014/000162,2014-03-13,NST
14772929,PCT/IB14/59453,2014-03-05,NST
14772930,PCT/FR2014/050469,2014-03-04,NST
14772931,PCT/KR2013/001750,2013-03-05,NST
14772932,PCT/KR2013/001745,2013-03-05,NST
14772933,61777306,2013-03-12,PRO
14772933,PCT/US14/22924,2014-03-11,NST
14772934,PCT/EP2014/054374,2014-03-06,NST
14772935,PCT/JP2014/056030,2014-03-07,NST
14772936,PCT/IB2014/000597,2014-03-05,NST
14772937,PCT/AT2014/050046,2014-02-28,NST
14772938,PCT/CN2014/072978,2014-03-06,NST
14772939,PCT/EP2014/052088,2014-02-04,NST
14772940,PCT/JP2014/001479,2014-03-14,NST
14772941,PCT/GB2014/050661,2014-03-06,NST
14772942,PCT/EP2014/072425,2014-10-20,NST
14772943,PCT/JP2014/055144,2014-02-28,NST
14772944,PCT/CH2013/000034,2013-03-06,NST
14772945,PCT/JP2014/053985,2014-02-20,NST
14772946,PCT/EP2014/054515,2014-03-10,NST
14772947,PCT/EP2014/054625,2014-03-11,NST
14772948,61779467,2013-03-13,PRO
14772948,PCT/US14/23464,2014-03-11,NST
14772949,PCT/US14/17895,2014-02-24,NST
14772950,PCT/FR2014/050357,2014-02-21,NST
14772951,PCT/US2014/021353,2014-03-06,NST
14772952,PCT/US2014/027122,2014-03-14,NST
14772953,PCT/DE2014/100073,2014-03-03,NST
14772954,PCT/IB2014/000344,2014-03-14,NST
14772955,PCT/JP2014/004975,2014-09-09,NST
14772956,PCT/CA2014/050180,2014-03-06,NST
14772957,PCT/EP2014/054335,2014-03-06,NST
14772958,PCT/US2014/020542,2014-03-05,NST
14772959,PCT/EP2014/054393,2014-03-06,NST
14772960,PCT/JP2013/085331,2013-12-16,NST
14772961,PCT/EP2014/054401,2014-03-06,NST
14772962,PCT/CN2013/000839,2013-07-11,NST
14772963,PCT/CA2014/050169,2014-03-04,NST
14772964,PCT/JP2014/001480,2014-03-14,NST
14772965,PCT/EP2014/050713,2014-01-15,NST
14772966,PCT/JP2014/001807,2014-03-27,NST
14772967,61775453,2013-03-08,PRO
14772967,61799532,2013-03-15,PRO
14772967,PCT/US14/22032,2014-03-07,NST
14772968,PCT/CN2014/000252,2014-03-12,NST
14772969,PCT/JP2014/055758,2014-03-06,NST
14772970,PCT/CN2013/090307,2013-12-24,NST
14772971,PCT/US2014/025940,2014-03-13,NST
14772972,PCT/US2014/023968,2014-03-12,NST
14772973,PCT/US2014/020541,2014-03-05,NST
14772974,61782212,2013-03-14,PRO
14772974,PCT/US14/21956,2014-03-07,NST
14772975,PCT/EP2014/000555,2014-03-05,NST
14772976,PCT/US2014/018075,2014-02-24,NST
14772977,PCT/EP2014/000345,2014-02-07,NST
14772978,61776201,2013-03-11,PRO
14772978,61904026,2013-11-14,PRO
14772978,61916449,2013-12-16,PRO
14772978,PCT/US14/23396,2014-03-11,NST
14772980,PCT/IB2014/059308,2014-02-27,NST
14772981,PCT/AU2014/000231,2014-03-07,NST
14772982,PCT/EP2014/054760,2014-03-12,NST
14772983,PCT/JP2013/078174,2013-10-17,NST
14772984,PCT/GB2014/050663,2014-03-06,NST
14772985,PCT/JP2014/052738,2014-02-06,NST
14772987,61772019,2013-03-04,PRO
14772987,PCT/US14/20348,2014-03-04,NST
14772988,PCT/JP2014/052397,2014-02-03,NST
14772989,PCT/IB14/59454,2014-03-05,NST
14772990,PCT/JP2014/055450,2014-03-04,NST
14772991,PCT/JP2014/052673,2014-02-05,NST
14772992,PCT/US2013/032419,2013-03-15,NST
14772993,PCT/EP2014/054929,2014-03-13,NST
14772994,61803626,2013-03-20,PRO
14772994,PCT/US14/31224,2014-03-19,NST
14772995,PCT/IB2014/000843,2014-03-06,NST
14772996,61773428,2013-03-06,PRO
14772996,PCT/US14/21247,2014-03-06,NST
14772997,PCT/EP2014/054280,2014-03-05,NST
14772998,PCT/AU2014/000203,2014-03-05,NST
14772999,PCT/US2014/021824,2014-03-07,NST
14773000,61779877,2013-03-13,PRO
14773000,PCT/US14/24431,2014-03-12,NST
14773001,PCT/IT2014/000067,2014-03-06,NST
14773002,PCT/EP2014/000558,2014-03-05,NST
14773003,PCT/EP2014/053945,2014-02-28,NST
14773004,PCT/EP2014/054363,2014-03-06,NST
14773005,61783418,2013-03-14,PRO
14773005,PCT/US14/28502,2014-03-14,NST
14773006,PCT/HU2014/000023,2014-03-05,NST
14773007,PCT/JP2014/056595,2014-03-06,NST
14773008,PCT/IB2014/059669,2014-03-12,NST
14773009,PCT/EP2014/050996,2014-01-20,NST
14773010,PCT/EP2013/054285,2013-03-04,NST
14773011,PCT/EP2014/055183,2014-03-14,NST
14773013,PCT/US2014/021765,2014-03-07,NST
14773014,PCT/EP2014/053754,2014-02-26,NST
14773015,PCT/US2014/021021,2014-03-06,NST
14773016,61776659,2013-03-11,PRO
14773016,PCT/US14/22380,2014-03-10,NST
14773017,PCT/JP2014/052181,2014-01-24,NST
14773018,PCT/KR2014/001111,2014-02-11,NST
14773019,PCT/JP2014/054921,2014-02-27,NST
14773020,PCT/EP2014/054489,2014-03-07,NST
14773021,PCT/JP2013/065601,2013-06-05,NST
14773022,61786030,2013-03-14,PRO
14773022,PCT/US14/27817,2014-03-14,NST
14773023,61775104,2013-03-08,PRO
14773023,PCT/US14/21931,2014-03-07,NST
14773024,PCT/US2014/026540,2014-03-13,NST
14773025,PCT/AU2014/000151,2014-02-20,NST
14773026,PCT/JP2014/056059,2014-03-07,NST
14773027,PCT/US2014/027707,2014-03-14,NST
14773028,61781315,2013-03-14,PRO
14773028,PCT/US14/21867,2014-03-07,NST
14773029,PCT/US2014/031310,2014-03-20,NST
14773030,PCT/US2014/030975,2014-03-18,NST
14773031,PCT/US2013/029674,2013-03-07,NST
14773032,PCT/IB2014/059429,2014-03-04,NST
14773033,PCT/EP2014/053576,2014-02-25,NST
14773034,PCT/EP2014/054392,2014-03-06,NST
14773035,PCT/JP2013/065894,2013-06-07,NST
14773036,61781599,2013-03-14,PRO
14773036,PCT/US14/27014,2014-03-14,NST
14773037,PCT/JP2014/054546,2014-02-25,NST
14773038,PCT/US2014/028334,2014-03-14,NST
14773039,PCT/IB2014/000841,2014-03-03,NST
14773040,PCT/IB2014/059411,2014-03-04,NST
14773041,61802259,2013-03-15,PRO
14773041,61809290,2013-04-05,PRO
14773041,PCT/US14/30071,2014-03-15,NST
14773042,PCT/FR2014/050485,2014-03-04,NST
14773043,PCT/JP2014/055778,2014-03-06,NST
14773044,PCT/GB2014/050668,2014-03-06,NST
14773045,PCT/JP2014/055391,2014-03-04,NST
14773046,PCT/IB2014/059490,2014-03-06,NST
14773047,PCT/JP2014/056858,2014-03-14,NST
14773048,61851487,2013-03-08,PRO
14773048,PCT/US14/21814,2014-03-07,NST
14773049,PCT/US2014/022132,2014-03-07,NST
14773050,PCT/AU2014/000224,2014-03-10,NST
14773051,PCT/GB2014/050645,2014-03-05,NST
14773052,PCT/JP2014/001146,2014-03-03,NST
14773053,PCT/JP2014/055824,2014-03-06,NST
14773054,61811548,2013-04-12,PRO
14773054,PCT/US14/33878,2014-04-11,NST
14773055,PCT/JP2014/055054,2014-02-28,NST
14773056,61774350,2013-03-07,PRO
14773056,PCT/US14/20626,2014-03-05,NST
14773057,PCT/JP2013/056538,2013-03-08,NST
14773058,PCT/JP2014/000902,2014-02-21,NST
14773059,PCT/US2014/026587,2014-03-13,NST
14773060,PCT/US2014/022544,2014-03-10,NST
14773061,PCT/JP2014/055816,2014-03-06,NST
14773062,PCT/JP2014/001153,2014-03-03,NST
14773063,PCT/JP2014/058203,2014-03-25,NST
14773064,PCT/EP2014/055006,2014-03-13,NST
14773065,PCT/EP2014/055043,2014-03-13,NST
14773066,PCT/KR2014/004023,2014-05-07,NST
14773067,PCT/JP2013/079561,2013-10-31,NST
14773068,61787753,2013-03-15,PRO
14773068,61791537,2013-03-15,PRO
14773068,PCT/US14/26237,2014-03-13,NST
14773069,PCT/JP2014/001054,2014-02-27,NST
14773070,PCT/IB2014/060102,2014-03-24,NST
14773071,PCT/EP2014/054378,2014-03-06,NST
14773072,61772884,2013-03-05,PRO
14773072,PCT/US14/20789,2014-03-05,NST
14773073,PCT/EP2014/054501,2014-03-07,NST
14773074,PCT/JP2014/055743,2014-03-06,NST
14773075,PCT/JP2014/056032,2014-03-07,NST
14773076,PCT/GB2014/050629,2014-03-04,NST
14773077,PCT/NZ2014/000028,2014-03-06,NST
14773078,PCT/US2014/020999,2014-03-06,NST
14773079,PCT/US2014/021739,2014-03-07,NST
14773080,PCT/FI2014/050161,2014-03-04,NST
14773081,PCT/FR2014/050479,2014-03-04,NST
14773082,PCT/JP2013/007054,2013-12-02,NST
14773083,PCT/ES2014/070161,2014-03-04,NST
14773084,PCT/US2013/029672,2013-03-07,NST
14773085,PCT/IB2014/058402,2014-01-20,NST
14773086,PCT/GB2014/050689,2014-03-07,NST
14773087,PCT/JP2014/067820,2014-07-03,NST
14773088,PCT/US2014/020896,2014-03-05,NST
14773089,PCT/US2014/024106,2014-03-12,NST
14773090,PCT/JP2014/054279,2014-02-24,NST
14773091,PCT/JP2014/057424,2014-03-12,NST
14773092,PCT/CN2013/072226,2013-03-06,NST
14773093,61760779,2013-02-05,PRO
14773093,PCT/US13/33642,2013-03-25,NST
14773094,PCT/JP2014/055595,2014-03-05,NST
14773095,PCT/EP2014/054499,2014-03-07,NST
14773096,PCT/SE2013/050323,2013-03-22,NST
14773097,PCT/JP2014/001144,2014-03-03,NST
14773098,PCT/JP2013/002018,2013-03-25,NST
14773099,PCT/US2014/022159,2014-03-07,NST
14773100,PCT/JP2014/050273,2014-01-10,NST
14773101,61772172,2013-03-04,PRO
14773101,PCT/US14/19878,2014-03-03,NST
14773102,PCT/EP14/53231,2014-02-19,NST
14773103,PCT/US2014/027319,2014-03-14,NST
14773104,61775394,2013-03-08,PRO
14773104,PCT/US13/69764,2013-11-12,NST
14773105,PCT/EP2014/054404,2014-03-06,NST
14773106,PCT/NL2014/050137,2014-03-07,NST
14773107,PCT/CN2014/072976,2014-03-06,NST
14773110,PCT/TR2014/000058,2014-03-06,NST
14773111,PCT/US2014/027385,2014-03-14,NST
14773112,PCT/JP2014/070422,2014-08-04,NST
14773113,PCT/EP2014/054553,2014-03-10,NST
14773114,61773748,2013-03-06,PRO
14773114,PCT/US14/21422,2014-03-06,NST
14773115,PCT/AU2014/000225,2014-03-06,NST
14773116,PCT/JP2013/077590,2013-10-10,NST
14773118,PCT/US2014/021258,2014-03-06,NST
14773120,PCT/EP2014/053060,2014-02-18,NST
14773121,PCT/JP14/53322,2014-02-13,NST
14773122,PCT/JP2013/084183,2013-12-20,NST
14773123,PCT/US2014/024181,2014-03-12,NST
14773124,PCT/US2014/030057,2014-03-15,NST
14773125,PCT/CA2013/000208,2013-03-06,NST
14773126,PCT/IB2013/000307,2013-03-06,NST
14773127,PCT/US2014/026219,2014-03-13,NST
14773128,PCT/KR2014/001894,2014-03-07,NST
14773129,PCT/US2015/032271,2015-05-22,NST
14773130,PCT/US2014/020690,2014-03-05,NST
14773131,61791956,2013-03-15,PRO
14773131,PCT/US14/27625,2014-03-14,NST
14773132,PCT/CN2014/072856,2014-03-04,NST
14773133,PCT/JP2014/055746,2014-03-06,NST
14773134,PCT/GB2014/050680,2014-03-07,NST
14773135,61800165,2013-03-15,PRO
14773135,PCT/US14/28927,2014-03-14,NST
14773136,PCT/JP2013/056276,2013-03-07,NST
14773137,PCT/US2014/012583,2014-01-22,NST
14773138,PCT/JP2014/057938,2014-03-14,NST
14773139,PCT/KR2014/001699,2014-02-28,NST
14773140,PCT/JP2014/055555,2014-03-05,NST
14773141,PCT/IB2014/059403,2014-03-03,NST
14773142,PCT/US13/29497,2013-03-07,NST
14773143,PCT/EP2014/053768,2014-02-26,NST
14773144,PCT/JP2014/055232,2014-03-03,NST
14773145,PCT/FR2014/050535,2014-03-10,NST
14773146,PCT/US2014/021408,2014-03-06,NST
14773147,PCT/EP2014/000515,2014-02-27,NST
14773148,PCT/JP2014/055798,2014-03-06,NST
14773149,PCT/US2014/021776,2014-03-07,NST
14773150,PCT/KR2014/001647,2014-02-27,NST
14773151,PCT/US2013/067383,2013-10-30,NST
14773152,PCT/CA2014/000170,2014-03-05,NST
14773153,PCT/EP2014/054397,2014-03-06,NST
14773154,PCT/IB2014/059491,2014-03-06,NST
14773155,PCT/JP2013/084365,2013-12-20,NST
14773157,PCT/JP2014/055739,2014-03-06,NST
14773158,PCT/BR2014/000084,2014-03-07,NST
14773159,PCT/US2014/036866,2014-05-05,NST
14773160,PCT/JP2014/055817,2014-03-06,NST
14773161,PCT/CN2013/000287,2013-03-15,NST
14773162,61781172,2013-03-14,PRO
14773162,PCT/US14/21898,2014-03-07,NST
14773163,PCT/JP2014/055820,2014-03-06,NST
14773164,PCT/GB2014/050175,2014-01-22,NST
14773165,PCT/EP2014/000516,2014-02-27,NST
14773166,PCT/JP2014/001086,2014-02-28,NST
14773167,PCT/US2014/022052,2014-03-07,NST
14773168,PCT/IB2014/059404,2014-03-03,NST
14773169,PCT/JP2014/055821,2014-03-06,NST
14773170,PCT/US2014/021555,2014-03-07,NST
14773171,PCT/JP2014/053058,2014-02-10,NST
14773172,PCT/JP2014/055819,2014-03-06,NST
14773173,PCT/JP2014/055818,2014-03-06,NST
14773174,PCT/US2014/020859,2014-03-05,NST
14773175,61779629,2013-03-13,PRO
14773175,PCT/US14/25690,2014-03-13,NST
14773176,PCT/EP2014/054359,2014-03-06,NST
14773177,PCT/EP2014/051257,2014-01-22,NST
14773178,PCT/SK2014/050006,2014-03-04,NST
14773179,PCT/US2013/036117,2013-04-11,NST
14773180,PCT/EP2014/054385,2014-03-06,NST
14773181,PCT/GB2013/050563,2013-03-07,NST
14773182,PCT/US2014/020827,2014-03-05,NST
14773183,PCT/JP2014/001311,2014-03-07,NST
14773184,PCT/EP2014/051524,2014-01-27,NST
14773185,PCT/EP2014/054305,2014-03-06,NST
14773186,PCT/JP2014/055635,2014-03-05,NST
14773187,PCT/US2013/029799,2013-03-08,NST
14773188,PCT/JP2014/055320,2014-03-03,NST
14773189,PCT/JP2014/055955,2014-03-07,NST
14773190,PCT/US2014/016761,2014-02-18,NST
14773191,PCT/CN2013/086042,2013-10-28,NST
14773192,PCT/EP2013/054797,2013-03-08,NST
14773193,PCT/EP14/51672,2014-01-29,NST
14773194,PCT/US2014/021409,2014-03-06,NST
14773195,PCT/SG2014/000107,2014-03-05,NST
14773196,PCT/JP2014/054625,2014-02-26,NST
14773197,PCT/EP2014/054149,2014-03-04,NST
14773198,PCT/SE2013/050200,2013-03-07,NST
14773199,PCT/US2014/020540,2014-03-05,NST
14773200,PCT/US2014/016240,2014-02-13,NST
14773201,PCT/AT2014/050052,2014-03-05,NST
14773202,PCT/EP2014/054406,2014-03-07,NST
14773203,PCT/IB2013/000360,2013-03-11,NST
14773204,PCT/JP2014/055944,2014-03-07,NST
14773205,PCT/US2014/028187,2014-03-14,NST
14773206,PCT/GB2014/050647,2014-03-05,NST
14773207,PCT/EP2014/054614,2014-03-10,NST
14773208,PCT/CA2014/050182,2014-03-06,NST
14773209,PCT/US2014/020286,2014-03-04,NST
14773210,PCT/BR2013/000131,2013-04-25,NST
14773211,PCT/EP2014/053671,2014-02-26,NST
14773212,PCT/EP2014/054477,2014-03-07,NST
14773213,PCT/EP2014/054176,2014-03-04,NST
14773214,PCT/CN2013/000243,2013-03-08,NST
14773215,PCT/EP2014/054380,2014-03-06,NST
14773216,PCT/CN2013/072182,2013-03-05,NST
14773217,PCT/JP2014/054966,2014-02-27,NST
14773218,PCT/CA2014/050196,2014-03-07,NST
14773219,PCT/EP2014/053615,2014-02-25,NST
14773220,PCT/EP2014/054395,2014-03-06,NST
14773221,PCT/SE2013/050201,2013-03-07,NST
14773222,61775106,2013-03-08,PRO
14773222,PCT/US14/21572,2014-03-07,NST
14773223,PCT/US2014/025525,2014-03-13,NST
14773224,PCT/EP2014/053676,2014-02-26,NST
14773225,PCT/KR2014/001767,2014-03-04,NST
14773227,61783470,2013-03-14,PRO
14773227,PCT/US14/26444,2014-03-13,NST
14773228,PCT/EP2013/076086,2013-12-10,NST
14773229,PCT/EP2014/054481,2014-03-07,NST
14773230,PCT/GB2013/050566,2013-03-07,NST
14773231,PCT/EP2014/000557,2014-03-05,NST
14773232,PCT/JP2013/083412,2013-12-13,NST
14773233,PCT/JP2014/051308,2014-01-22,NST
14773234,PCT/IB2014/059464,2014-03-05,NST
14773235,PCT/EP2014/053703,2014-02-26,NST
14773236,PCT/US2014/024113,2014-03-12,NST
14773237,PCT/SE2013/050236,2013-03-14,NST
14773238,PCT/US13/29683,2013-03-07,NST
14773239,PCT/EP2014/054415,2014-03-07,NST
14773240,61785450,2013-03-14,PRO
14773240,PCT/US14/25683,2014-03-13,NST
14773241,PCT/KR2013/003595,2013-04-25,NST
14773242,PCT/IB2014/059343,2014-02-28,NST
14773243,PCT/JP2013/056224,2013-03-07,NST
14773244,PCT/CA2014/000304,2014-03-28,NST
14773245,PCT/KR2014/008051,2014-08-29,NST
14773247,PCT/JP2014/051652,2014-01-27,NST
14773248,61775148,2013-03-08,PRO
14773248,PCT/US14/21533,2014-03-07,NST
14773249,PCT/EP2014/054264,2014-03-05,NST
14773250,PCT/EP2013/064511,2013-07-09,NST
14773251,PCT/GB2014/050712,2014-03-10,NST
14773252,PCT/EP2014/054290,2014-03-05,NST
14773253,PCT/US2014/021305,2014-03-06,NST
14773254,PCT/EP2014/054096,2014-03-03,NST
14773255,PCT/CN2013/086521,2013-11-05,NST
14773256,PCT/US2014/021433,2014-03-06,NST
14773257,61806212,2013-03-28,PRO
14773257,PCT/US14/31338,2014-03-20,NST
14773258,PCT/US2013/029280,2013-03-06,NST
14773259,PCT/NZ2014/000027,2014-03-06,NST
14773260,PCT/JP2014/055006,2014-02-28,NST
14773261,PCT/US2014/022664,2014-03-10,NST
14773262,PCT/IB2014/059496,2014-03-06,NST
14773263,PCT/NL2014/050157,2014-03-14,NST
14773264,PCT/JP2014/056034,2014-03-07,NST
14773265,61772885,2013-03-05,PRO
14773265,PCT/US14/20858,2014-03-05,NST
14773266,PCT/JP2014/055908,2014-03-07,NST
14773267,PCT/JP2014/055803,2014-03-06,NST
14773268,PCT/JP2014/055335,2014-03-03,NST
14773269,PCT/JP2014/055008,2014-02-28,NST
14773270,PCT/EP2014/052250,2014-02-05,NST
14773271,PCT/JP2014/054633,2014-02-26,NST
14773272,PCT/JP2014/054246,2014-02-17,NST
14773273,PCT/JP2014/054634,2014-02-26,NST
14773274,PCT/CA2014/050187,2014-03-06,NST
14773275,PCT/JP2013/059412,2013-03-28,NST
14773276,PCT/EP2014/056208,2014-03-27,NST
14773277,PCT/EP2014/025002,2014-02-27,NST
14773278,PCT/JP2014/056183,2014-03-10,NST
14773279,PCT/JP2014/001161,2014-03-04,NST
14773280,PCT/US2014/026503,2014-03-13,NST
14773281,PCT/EP2014/054178,2014-03-04,NST
14773282,PCT/JP2014/055456,2014-03-04,NST
14773283,PCT/JP2014/000039,2014-01-08,NST
14773284,61801242,2013-03-15,PRO
14773284,PCT/US14/24513,2014-03-12,NST
14773285,61784790,2013-03-14,PRO
14773285,61814167,2013-04-19,PRO
14773285,PCT/US14/22804,2014-03-10,NST
14773286,PCT/JP2014/053980,2014-02-20,NST
14773287,PCT/AU2014/000129,2014-02-17,NST
14773288,PCT/EP2014/025003,2014-02-27,NST
14773289,61774543,2013-03-07,PRO
14773289,PCT/US14/21772,2014-03-07,NST
14773290,PCT/EP2014/053350,2014-02-20,NST
14773291,PCT/US2014/024829,2014-03-12,NST
14773292,PCT/GB2014/050672,2014-03-07,NST
14773293,61794138,2013-03-15,PRO
14773293,PCT/US14/24857,2014-03-12,NST
14773294,PCT/EP2014/025001,2014-02-27,NST
14773295,61808597,2013-04-04,PRO
14773295,61829968,2013-05-31,PRO
14773295,PCT/US14/31633,2014-03-24,NST
14773296,PCT/US2014/031509,2014-03-21,NST
14773297,PCT/IB2014/059419,2014-03-04,NST
14773298,PCT/IL2014/050213,2014-03-04,NST
14773299,PCT/AU2014/000130,2014-02-17,NST
14773300,61783450,2013-03-14,PRO
14773300,PCT/US14/26124,2014-03-13,NST
14773301,61774399,2013-03-07,PRO
14773301,PCT/US14/21778,2014-03-07,NST
14773302,PCT/CN2013/072368,2013-03-08,NST
14773303,PCT/CN2014/072779,2014-03-03,NST
14773304,PCT/KR2014/001799,2014-03-05,NST
14773305,PCT/FR2014/050684,2014-03-24,NST
14773306,PCT/IN2014/000146,2014-03-05,NST
14773307,PCT/JP2014/056028,2014-03-07,NST
14773308,61773779,2013-03-06,PRO
14773308,PCT/US14/20700,2014-03-05,NST
14773309,PCT/JP2014/050006,2014-01-06,NST
14773311,PCT/US13/29096,2013-03-05,NST
14773312,PCT/EP2013/054392,2013-03-05,NST
14773313,PCT/SI2012/000065,2012-12-10,NST
14773314,PCT/EP2013/054462,2013-03-06,NST
14773315,PCT/JP2014/051005,2014-01-20,NST
14773316,PCT/JP2013/058152,2013-03-21,NST
14773317,PCT/EP2014/054136,2014-03-04,NST
14773318,PCT/JP2013/056384,2013-03-08,NST
14773319,PCT/JP2014/051606,2014-01-27,NST
14773320,PCT/CN2013/075082,2013-05-02,NST
14773321,PCT/IB2014/059431,2014-03-04,NST
14773322,PCT/IB2014/059442,2014-03-05,NST
14773323,PCT/IB2013/052979,2013-04-15,NST
14773324,PCT/IB2014/059462,2014-03-05,NST
14773325,PCT/EP2014/054527,2014-03-10,NST
14773326,PCT/EP2014/054530,2014-03-10,NST
14773327,PCT/US2014/020919,2014-03-05,NST
14773328,PCT/IB2014/058624,2014-01-29,NST
14773329,61777034,2013-03-12,PRO
14773329,PCT/US14/21857,2014-03-07,NST
14773330,61772591,2013-03-05,PRO
14773330,PCT/US14/20936,2014-03-05,NST
14773331,PCT/US2014/021854,2014-03-07,NST
14773332,61800949,2013-03-15,PRO
14773332,PCT/US14/24440,2014-03-12,NST
14773333,PCT/JP2014/001470,2014-03-14,NST
14773334,61784877,2013-03-14,PRO
14773334,61785811,2013-03-14,PRO
14773334,61874175,2013-09-05,PRO
14773334,PCT/US14/25285,2014-03-13,NST
14773335,PCT/SE2014/050267,2014-03-04,NST
14773336,PCT/GB2014/000084,2014-03-06,NST
14773337,61774040,2013-03-07,PRO
14773337,PCT/US14/22137,2014-03-07,NST
14773338,PCT/US2014/021067,2014-03-06,NST
14773339,PCT/EP2013/055407,2013-03-15,NST
14773340,PCT/CN2013/074113,2013-04-11,NST
14773341,PCT/KR2014/001873,2014-03-07,NST
14773343,PCT/EP2014/051386,2014-01-24,NST
14773344,PCT/CN2014/073038,2014-03-07,NST
14773345,PCT/EP2014/052410,2014-02-07,NST
14773346,PCT/EP2014/051396,2014-01-24,NST
14773347,PCT/EP2014/055420,2014-03-18,NST
14773348,PCT/IL2014/050228,2014-03-06,NST
14773349,PCT/IL2014/050231,2014-03-06,NST
14773350,PCT/IB2014/059461,2014-03-05,NST
14773352,PCT/AU2014/000215,2014-03-06,NST
14773356,PCT/EP2014/054254,2014-03-05,NST
14773357,PCT/GB2014/050639,2014-03-05,NST
14773358,PCT/EP2014/054269,2014-03-05,NST
14773359,PCT/FI2014/050158,2014-03-04,NST
14773360,PCT/IL2014/050227,2014-03-06,NST
14773361,61781453,2013-03-14,PRO
14773361,PCT/US14/25550,2014-03-13,NST
14773362,PCT/US2014/029817,2014-03-14,NST
14773363,61789521,2013-03-15,PRO
14773363,PCT/US14/29829,2014-03-14,NST
14773364,PCT/EP2014/052936,2014-02-14,NST
14773365,61789685,2013-03-15,PRO
14773365,PCT/US14/29850,2014-03-14,NST
14773366,PCT/US2014/029893,2014-03-15,NST
14773367,61788480,2013-03-15,PRO
14773367,61835521,2013-06-14,PRO
14773367,PCT/US14/29919,2014-03-15,NST
14773368,61778220,2013-03-12,PRO
14773368,PCT/US14/18772,2014-02-26,NST
14773369,61788592,2013-03-15,PRO
14773369,PCT/US14/29985,2014-03-15,NST
14773370,61789202,2013-03-15,PRO
14773370,61835525,2013-06-14,PRO
14773370,PCT/US14/29923,2014-03-15,NST
14773371,PCT/EP2014/051513,2014-01-27,NST
14773372,61774804,2013-03-08,PRO
14773372,PCT/US14/22045,2014-03-07,NST
14773373,61786741,2013-03-15,PRO
14773373,PCT/US14/25254,2014-03-13,NST
14773374,PCT/IB2014/059784,2014-03-14,NST
14773376,PCT/GB2013/050544,2013-03-06,NST
14773377,PCT/IB2013/055855,2013-07-17,NST
14773378,PCT/JP2014/005406,2014-10-24,NST
14773379,61898496,2013-11-01,PRO
14773379,61905186,2013-11-16,PRO
14773379,61926350,2014-01-12,PRO
14773379,PCT/US14/62979,2014-10-29,NST
14773380,PCT/EP2014/056483,2014-03-31,NST
14773381,PCT/JP2014/053878,2014-02-19,NST
14773382,PCT/IB2013/061374,2013-12-27,NST
14773383,PCT/CN2014/073504,2014-03-17,NST
14773384,PCT/JP2013/001521,2013-03-08,NST
14773385,PCT/AU2013/000261,2013-03-15,NST
14773386,PCT/KR2014/002016,2014-03-11,NST
14773387,PCT/EP2014/053693,2014-02-26,NST
14773388,PCT/IB2013/059564,2013-10-23,NST
14773389,PCT/EP2014/054358,2014-03-06,NST
14773390,PCT/CN2015/079144,2015-05-18,NST
14773391,PCT/IL2014/050223,2014-03-05,NST
14773392,PCT/US2014/024081,2014-03-12,NST
14773393,61777599,2013-03-12,PRO
14773393,PCT/US14/24107,2014-03-12,NST
14773394,61782509,2013-03-14,PRO
14773394,PCT/US14/25862,2014-03-13,NST
14773395,PCT/EP2014/000473,2014-02-22,NST
14773396,61791426,2013-03-15,PRO
14773396,PCT/US14/27113,2014-03-14,NST
14773397,PCT/IN2014/000404,2014-06-17,NST
14773398,PCT/JP2014/058208,2014-03-25,NST
14773399,PCT/EP2014/054398,2014-03-06,NST
14773400,PCT/FR2014/050428,2014-02-27,NST
14773401,61800793,2013-03-15,PRO
14773401,PCT/US14/27415,2014-03-14,NST
14773402,PCT/EP2014/053785,2014-02-27,NST
14773403,PCT/EP2014/000198,2014-01-25,NST
14773404,PCT/EP2014/053806,2014-02-27,NST
14773405,61816060,2013-04-25,PRO
14773405,PCT/US14/34102,2014-04-15,NST
14773406,61776345,2013-03-11,PRO
14773406,PCT/US14/21488,2014-03-07,NST
14773407,61775114,2013-03-08,PRO
14773407,PCT/US14/22187,2014-03-08,NST
14773409,PCT/US2014/022275,2014-03-10,NST
14773411,PCT/EP2014/000560,2014-03-05,NST
14773412,PCT/US2014/022351,2014-03-10,NST
14773413,PCT/IB2014/060019,2014-03-21,NST
14773414,PCT/EP2014/000607,2014-03-10,NST
14773415,PCT/JP2014/058265,2014-03-25,NST
14773416,PCT/US2014/022786,2014-03-10,NST
14773417,PCT/KR2014/003907,2014-05-01,NST
14773418,PCT/US2014/024688,2014-03-12,NST
14773419,PCT/EP2014/054223,2014-03-05,NST
14773420,PCT/JP2014/056469,2014-03-12,NST
14773421,PCT/EP2014/054613,2014-03-10,NST
14773422,PCT/EP2014/053820,2014-02-27,NST
14773423,PCT/EP2014/054628,2014-03-11,NST
14773424,PCT/US2014/028214,2014-03-14,NST
14773425,PCT/JP2014/055471,2014-03-04,NST
14773426,61806442,2013-03-29,PRO
14773426,PCT/US14/31829,2014-03-26,NST
14773428,PCT/NZ2014/000029,2014-03-07,NST
14773429,PCT/SE2013/050209,2013-03-08,NST
14773430,PCT/EP2014/000562,2014-03-05,NST
14773431,PCT/IB2014/059485,2014-03-06,NST
14773432,61793704,2013-03-15,PRO
14773432,PCT/US14/22207,2014-03-09,NST
14773433,PCT/EP2014/054669,2014-03-11,NST
14773434,PCT/US2014/022751,2014-03-10,NST
14773435,PCT/US2014/023313,2014-03-11,NST
14773436,61785763,2013-03-14,PRO
14773436,PCT/US14/27146,2014-03-14,NST
14773437,PCT/JP2014/055312,2014-03-03,NST
14773438,PCT/IB2014/059519,2014-03-07,NST
14773439,PCT/US2014/029099,2014-03-14,NST
14773440,PCT/US2014/027259,2014-03-14,NST
14773441,PCT/US2013/072537,2013-12-02,NST
14773442,PCT/AU2014/000226,2014-03-07,NST
14773443,PCT/JP2014/056043,2014-03-07,NST
14773444,PCT/US2014/027061,2014-03-14,NST
14773445,PCT/EP2014/054611,2014-03-10,NST
14773446,PCT/EP2014/054354,2014-03-06,NST
14773447,PCT/CN2013/090673,2013-12-27,NST
14773448,PCT/JP2014/001440,2014-03-13,NST
14773449,PCT/US2014/019904,2014-03-03,NST
14773450,PCT/US13/31490,2013-03-14,NST
14773451,PCT/JP2013/074209,2013-09-09,NST
14773452,PCT/US2014/022946,2014-03-11,NST
14773453,PCT/EP2014/054257,2014-03-05,NST
14773454,PCT/EP2014/051825,2014-01-30,NST
14773455,PCT/IB2014/059447,2014-03-05,NST
14773456,PCT/JP2014/058267,2014-03-25,NST
14773457,PCT/EP2014/054978,2014-03-13,NST
14773458,PCT/EP2014/054164,2014-03-04,NST
14773459,PCT/CN2013/072478,2013-03-12,NST
14773460,PCT/CA2014/050211,2014-03-11,NST
14773461,PCT/KR2014/001898,2014-03-07,NST
14773462,PCT/JP2013/057171,2013-03-14,NST
14773464,PCT/JP2014/056258,2014-03-11,NST
14773465,61801289,2013-03-15,PRO
14773465,PCT/US14/27350,2014-03-14,NST
14773466,PCT/US2014/010456,2014-01-07,NST
14773467,PCT/JP2014/001907,2014-04-01,NST
14773468,PCT/EP2013/054704,2013-03-08,NST
14773469,PCT/US2014/021670,2014-03-07,NST
14773470,PCT/JP2014/054117,2014-02-21,NST
14773471,PCT/CN2015/070618,2015-01-13,NST
14773472,61800170,2013-03-15,PRO
14773472,61863235,2013-08-07,PRO
14773472,PCT/US14/27633,2014-03-14,NST
14773473,PCT/JP2014/056071,2014-03-07,NST
14773474,61774982,2013-03-08,PRO
14773474,PCT/US14/22135,2014-03-07,NST
14773475,PCT/US2013/066048,2013-10-22,NST
14773476,PCT/JP2014/000584,2014-02-04,NST
14773477,PCT/JP2014/002320,2014-04-24,NST
14773478,PCT/EP2014/055279,2014-03-17,NST
14773479,PCT/EP2014/053542,2014-02-24,NST
14773480,PCT/EP2013/074883,2013-11-27,NST
14773481,PCT/JP2013/057459,2013-03-15,NST
14773482,61775029,2013-03-08,PRO
14773482,PCT/US14/22086,2014-03-07,NST
14773483,PCT/AU2014/000168,2014-02-24,NST
14773484,61788685,2013-03-15,PRO
14773484,PCT/US14/17268,2014-02-20,NST
14773485,PCT/JP2014/001817,2014-03-28,NST
14773487,61776483,2013-03-11,PRO
14773487,61798382,2013-03-15,PRO
14773487,PCT/US14/23081,2014-03-11,NST
14773488,61775316,2013-03-08,PRO
14773488,PCT/US14/22037,2014-03-07,NST
14773489,PCT/EP2014/054805,2014-03-12,NST
14773490,PCT/JP2014/055838,2014-03-06,NST
14773492,PCT/EP2014/054318,2014-03-06,NST
14773493,PCT/CN2014/076141,2014-04-24,NST
14773494,PCT/EP2014/000617,2014-03-10,NST
14773496,PCT/JP2014/051319,2014-01-23,NST
14773497,61775115,2013-03-08,PRO
14773497,PCT/US14/22321,2014-03-10,NST
14773498,61774808,2013-03-08,PRO
14773498,61777468,2013-03-12,PRO
14773498,61791583,2013-03-15,PRO
14773498,PCT/US14/21637,2014-03-07,NST
14773499,PCT/EP2014/054061,2014-03-03,NST
14773500,PCT/US2014/020589,2014-03-05,NST
14773501,PCT/IB2014/000501,2014-03-04,NST
14773502,PCT/CN2014/076122,2014-04-24,NST
14773503,PCT/EP2014/054050,2014-03-03,NST
14773504,61823961,2013-05-16,PRO
14773504,PCT/US14/22600,2014-03-10,NST
14773505,PCT/IB2014/059375,2014-03-03,NST
14773507,PCT/JP14/52264,2014-01-31,NST
14773508,PCT/EP2014/053072,2014-02-18,NST
14773509,PCT/EP2014/053773,2014-02-26,NST
14773510,61831346,2013-06-05,PRO
14773510,PCT/US14/41103,2014-06-05,NST
14773511,PCT/JP2013/060022,2013-04-02,NST
14773512,PCT/EP2013/060250,2013-05-17,NST
14773513,PCT/US2013/029843,2013-03-08,NST
14773514,PCT/JP2014/055010,2014-02-28,NST
14773515,PCT/DK2014/050050,2014-03-07,NST
14773516,PCT/JP2014/057517,2014-03-19,NST
14773517,PCT/FR2014/050429,2014-02-27,NST
14773518,PCT/US2014/020095,2014-03-04,NST
14773519,PCT/US2014/031168,2014-03-19,NST
14773520,PCT/JP2014/065866,2014-06-16,NST
14773521,PCT/JP2013/001971,2013-03-22,NST
14773522,PCT/EP2014/054616,2014-03-11,NST
14773523,PCT/EP2014/054464,2014-03-07,NST
14773525,PCT/US2014/022602,2014-03-10,NST
14773527,PCT/AU2014/000197,2014-03-03,NST
14773529,PCT/KR2014/001616,2014-02-27,NST
14773531,PCT/JP2014/055875,2014-03-06,NST
14773532,PCT/AU2014/000205,2014-03-05,NST
14773536,PCT/US2014/021083,2014-03-06,NST
14773537,PCT/FR2014/050368,2014-02-24,NST
14773538,PCT/IL2014/050225,2014-03-06,NST
14773539,PCT/JP2014/056048,2014-03-07,NST
14773540,61824411,2013-05-17,PRO
14773540,PCT/US14/22611,2014-03-10,NST
14773541,PCT/KR2014/002393,2014-03-21,NST
14773542,PCT/JP2014/001671,2014-03-24,NST
14773543,PCT/IB2013/052219,2013-03-20,NST
14773544,PCT/EP2014/052996,2014-02-17,NST
14773545,PCT/GB2014/050682,2014-03-07,NST
14773546,PCT/US2014/021873,2014-03-07,NST
14773547,PCT/JP2014/056080,2014-03-09,NST
14773548,PCT/JP2015/050087,2015-01-06,NST
14773549,PCT/US2013/030545,2013-03-12,NST
14773550,PCT/JP2013/056138,2013-03-06,NST
14773551,PCT/EP2014/054816,2014-03-12,NST
14773552,PCT/KR2014/001731,2014-03-03,NST
14773553,PCT/EP2013/069358,2013-09-18,NST
14773554,61783641,2013-03-14,PRO
14773554,PCT/US14/25332,2014-03-13,NST
14773555,PCT/US2014/022979,2014-03-11,NST
14773556,61775132,2013-03-08,PRO
14773556,PCT/US14/22871,2014-03-10,NST
14773557,PCT/NO2014/050037,2014-03-18,NST
14773558,PCT/JP2015/059954,2015-03-30,NST
14773559,PCT/FR2014/050557,2014-03-12,NST
14773560,PCT/FR2014/050505,2014-03-05,NST
14773561,PCT/JP2014/055799,2014-03-06,NST
14773562,PCT/JP2014/055347,2014-03-04,NST
14773563,PCT/JP2014/055814,2014-03-06,NST
14773564,PCT/EP2014/054495,2014-03-07,NST
14773566,PCT/KR2013/002037,2013-03-14,NST
14773567,PCT/JP2013/074118,2013-09-06,NST
14773568,61775232,2013-03-08,PRO
14773568,13798710,2013-03-13,CIP
14773568,PCT/US14/21746,2014-03-07,NST
14773569,PCT/FR14/50521,2014-03-07,NST
14773570,PCT/US2014/024366,2014-03-12,NST
14773571,PCT/JP2013/064519,2013-05-24,NST
14773572,PCT/JP2014/056236,2014-03-11,NST
14773573,PCT/JP2013/079261,2013-10-29,NST
14773575,61775080,2013-03-08,PRO
14773575,PCT/US14/22685,2014-03-10,NST
14773576,PCT/JP2014/001212,2014-03-05,NST
14773577,PCT/EP2014/000097,2014-01-16,NST
14773578,PCT/IB2014/000204,2014-02-25,NST
14773579,61775856,2013-03-11,PRO
14773579,PCT/US14/23501,2014-03-11,NST
14773580,PCT/GB2014/050767,2014-03-13,NST
14773581,PCT/JP2014/056079,2014-03-09,NST
14773582,PCT/EP2014/055124,2014-03-14,NST
14773585,PCT/US2014/023856,2014-03-12,NST
14773586,PCT/US2014/027157,2014-03-14,NST
14773587,PCT/DE2013/200353,2013-12-11,NST
14773588,PCT/KR2014/001857,2014-03-06,NST
14773589,PCT/CN2014/072848,2014-03-04,NST
14773590,PCT/JP2014/051638,2014-01-27,NST
14773591,PCT/EP2014/054387,2014-03-06,NST
14773593,61790979,2013-03-15,PRO
14773593,PCT/US14/27277,2014-03-14,NST
14773594,PCT/EP2014/053095,2014-02-18,NST
14773595,61786778,2013-03-15,PRO
14773595,PCT/US14/24301,2014-03-12,NST
14773596,61782850,2013-03-14,PRO
14773596,PCT/US14/26546,2014-03-13,NST
14773597,PCT/US2014/028201,2014-03-14,NST
14773598,PCT/JP2014/000891,2014-02-21,NST
14773599,PCT/US2014/022139,2014-03-07,NST
14773600,PCT/EP2014/053907,2014-02-28,NST
14773601,PCT/US2014/021577,2014-03-07,NST
14773602,PCT/EP2014/054920,2014-03-13,NST
14773603,61851310,2013-03-05,PRO
14773603,PCT/US14/20910,2014-03-05,NST
14773604,PCT/JP2014/050195,2014-01-09,NST
14773605,61774969,2013-03-08,PRO
14773605,PCT/US14/20308,2014-03-04,NST
14773606,PCT/EP2014/054644,2014-03-11,NST
14773607,PCT/JP2014/001696,2014-03-25,NST
14773608,PCT/CN2013/090327,2013-12-24,NST
14773609,PCT/JP2014/056068,2014-03-07,NST
14773610,PCT/US2014/021515,2014-03-07,NST
14773611,61780683,2013-03-13,PRO
14773611,PCT/US14/25935,2014-03-13,NST
14773612,PCT/AT2014/050173,2014-08-11,NST
14773613,PCT/JP2014/056184,2014-03-10,NST
14773614,PCT/IB2013/000318,2013-03-08,NST
14773615,PCT/FR2014/050259,2014-02-11,NST
14773616,PCT/DE2014/100078,2014-03-05,NST
14773617,PCT/IN2014/000167,2014-03-14,NST
14773618,PCT/EP2014/054502,2014-03-07,NST
14773619,PCT/EP2014/054508,2014-03-07,NST
14773620,PCT/KR2013/011028,2013-11-29,NST
14773621,PCT/CN2014/073037,2014-03-07,NST
14773622,PCT/CA2014/000142,2014-02-26,NST
14773623,PCT/EP2014/054567,2014-03-10,NST
14773624,PCT/BR2014/000053,2014-02-18,NST
14773625,61787922,2013-03-15,PRO
14773625,PCT/US14/20082,2014-03-04,NST
14773626,61852050,2013-03-15,PRO
14773626,PCT/US14/30533,2014-03-17,NST
14773627,PCT/KR2014/007636,2014-08-18,NST
14773628,PCT/US2014/022716,2014-03-10,NST
14773629,PCT/IB2014/000364,2014-03-17,NST
14773630,PCT/KR2014/000031,2014-01-03,NST
14773631,PCT/JP2014/056251,2014-03-11,NST
14773632,PCT/US2014/022331,2014-03-10,NST
14773633,PCT/JP2014/056077,2014-03-07,NST
14773634,PCT/FR2014/050643,2014-03-19,NST
14773635,PCT/KR2014/002493,2014-03-25,NST
14773636,PCT/EP2014/054482,2014-03-07,NST
14773637,PCT/EP2012/071328,2012-10-29,NST
14773638,PCT/JP2014/056294,2014-03-11,NST
14773639,PCT/KR2014/001669,2014-02-28,NST
14773640,PCT/IL2014/050233,2014-03-09,NST
14773641,PCT/CN2014/071338,2014-01-24,NST
14773642,PCT/US2014/023397,2014-03-11,NST
14773643,PCT/CA2014/050177,2014-03-06,NST
14773644,PCT/FI2013/050245,2013-03-07,NST
14773645,PCT/FR2014/050371,2014-02-24,NST
14773646,PCT/CN2013/072944,2015-03-20,NST
14773647,PCT/CN2013/090556,2013-12-26,NST
14773648,PCT/EP2014/054507,2014-03-07,NST
14773649,PCT/EP2014/052910,2014-02-14,NST
14773650,PCT/CN2014/092849,2014-12-02,NST
14773651,PCT/IB2014/059521,2014-03-07,NST
14773652,PCT/EP2013/060020,2013-05-15,NST
14773653,PCT/CN2014/073035,2014-03-07,NST
14773654,PCT/EP2013/054557,2013-03-07,NST
14773655,61775089,2013-03-08,PRO
14773655,PCT/US14/21946,2014-03-07,NST
14773656,PCT/EP2014/053975,2014-02-28,NST
14773657,PCT/CN2013/072359,2013-03-08,NST
14773658,PCT/US2014/026807,2014-03-13,NST
14773659,61774244,2013-03-07,PRO
14773659,PCT/US14/21919,2014-03-07,NST
14773660,PCT/US2014/020683,2014-03-05,NST
14773661,PCT/JP2014/055573,2014-03-05,NST
14773662,PCT/ES2013/070289,2013-05-08,NST
14773663,PCT/JP2014/055056,2014-02-28,NST
14773664,PCT/JP2013/056567,2013-03-11,NST
14773665,PCT/JP2013/084043,2013-12-19,NST
14773666,PCT/JP2013/056488,2013-03-08,NST
14773667,61778016,2013-03-12,PRO
14773667,PCT/US14/25075,2014-03-12,NST
14773668,PCT/AU2014/000217,2014-03-06,NST
14773669,PCT/CN2014/072977,2014-03-06,NST
14773671,PCT/IB2014/059594,2014-03-10,NST
14773672,PCT/KR2014/001912,2014-03-07,NST
14773673,PCT/EP2014/054375,2014-03-06,NST
14773674,PCT/NL2014/050061,2014-02-03,NST
14773675,PCT/JP2014/004760,2014-09-16,NST
14773676,PCT/FR2014/050519,2014-03-07,NST
14773677,PCT/SG14/00120,2014-03-12,NST
14773678,PCT/KR2014/009223,2014-09-30,NST
14773679,61787941,2013-03-15,PRO
14773679,PCT/US14/28084,2014-03-14,NST
14773680,PCT/FI2014/050165,2014-03-06,NST
14773681,PCT/FR2013/050497,2013-03-08,NST
14773682,PCT/CA2014/000212,2014-03-10,NST
14773683,PCT/US2014/029292,2014-03-14,NST
14773684,PCT/IT2013/000073,2013-03-12,NST
14773685,PCT/CA2014/050192,2014-03-07,NST
14773686,61780099,2013-03-13,PRO
14773686,PCT/US14/22750,2014-03-10,NST
14773687,61777328,2013-03-12,PRO
14773687,PCT/US14/22607,2014-03-10,NST
14773688,PCT/JP2014/056014,2014-03-07,NST
14773689,PCT/JP2014/001464,2014-03-14,NST
14773690,61773296,2013-03-06,PRO
14773690,PCT/US14/21129,2014-03-06,NST
14773691,PCT/EP2014/054329,2014-03-06,NST
14773692,PCT/JP2014/055094,2014-02-28,NST
14773693,PCT/JP2014/056011,2014-03-07,NST
14773694,61773816,2013-03-07,PRO
14773694,PCT/US14/22170,2014-03-07,NST
14773695,61786299,2013-03-14,PRO
14773695,PCT/US14/25004,2014-03-12,NST
14773696,61801084,2013-03-15,PRO
14773696,PCT/US14/22542,2014-03-10,NST
14773697,PCT/EP2014/052154,2014-02-04,NST
14773698,PCT/CA2014/000191,2014-03-06,NST
14773699,PCT/ES2013/070815,2013-11-25,NST
14773700,PCT/JP2013/056287,2013-03-07,NST
14773701,PCT/KR2014/001915,2014-03-07,NST
14773702,61789112,2013-03-15,PRO
14773702,PCT/US14/27443,2014-03-14,NST
14773703,PCT/US2014/022862,2014-03-10,NST
14773704,61775351,2013-03-08,PRO
14773704,PCT/US14/22138,2014-03-07,NST
14773705,PCT/KR2014/001586,2014-02-26,NST
14773706,PCT/EP2014/053837,2014-02-27,NST
14773707,61773444,2013-03-06,PRO
14773707,PCT/US14/21230,2014-03-06,NST
14773708,PCT/CN2013/074204,2013-04-15,NST
14773709,PCT/JP2013/078541,2013-10-22,NST
14773710,61780286,2013-03-13,PRO
14773710,PCT/US14/22782,2014-03-10,NST
14773711,PCT/US2014/019153,2014-02-27,NST
14773712,PCT/JP2014/001655,2014-03-20,NST
14773714,PCT/EP2013/054656,2013-03-07,NST
14773715,PCT/US2014/022068,2014-03-07,NST
14773716,PCT/RU2013/000992,2013-11-08,NST
14773717,61785919,2013-03-14,PRO
14773717,PCT/US14/26727,2014-03-13,NST
14773718,PCT/JP2013/068295,2013-07-03,NST
14773719,PCT/CN2013/074711,2013-04-25,NST
14773720,PCT/DE2014/100077,2014-03-04,NST
14773721,PCT/AU2014/000207,2014-03-05,NST
14773722,PCT/US2014/028707,2014-03-14,NST
14773723,PCT/FR2014/050700,2014-03-25,NST
14773724,61778558,2013-03-13,PRO
14773724,PCT/US14/26410,2014-03-13,NST
14773725,PCT/RU2013/000991,2013-11-08,NST
14773726,PCT/IB2014/001610,2014-03-11,NST
14773727,PCT/IB2014/000929,2014-03-06,NST
14773728,PCT/JP2014/001292,2014-03-07,NST
14773729,PCT/IN2014/000157,2014-03-10,NST
14773730,PCT/KR2014/001805,2014-03-05,NST
14773731,PCT/CN2013/084647,2013-09-29,NST
14773732,PCT/CN2013/074714,2013-04-25,NST
14773733,61775301,2013-03-08,PRO
14773733,PCT/US14/22200,2014-03-08,NST
14773734,PCT/KR2014/003595,2014-04-24,NST
14773735,61883885,2013-09-27,PRO
14773735,PCT/US14/28737,2014-03-14,NST
14773737,PCT/EP2014/054475,2014-03-07,NST
14773738,PCT/EP2014/000604,2014-03-10,NST
14773739,PCT/RU2013/000990,2013-11-08,NST
14773740,PCT/KR2014/002223,2014-03-17,NST
14773741,PCT/KR13/12263,2013-12-27,NST
14773742,PCT/US2014/022123,2014-03-07,NST
14773743,PCT/CA2014/000200,2014-03-07,NST
14773744,PCT/KR2014/003572,2014-04-23,NST
14773745,PCT/FR2014/050660,2014-03-21,NST
14773746,PCT/IB2013/051861,2013-03-08,NST
14773747,PCT/SG2014/000110,2014-03-07,NST
14773748,PCT/US2014/022118,2014-03-07,NST
14773749,PCT/RU2013/000989,2013-11-08,NST
14773750,61799494,2013-03-15,PRO
14773750,PCT/US14/29822,2014-03-14,NST
14773751,61799469,2013-03-15,PRO
14773751,PCT/US14/28771,2014-03-14,NST
14773752,PCT/EP2014/054105,2014-03-04,NST
14773753,61785976,2013-03-14,PRO
14773753,PCT/US14/29236,2014-03-14,NST
14773754,PCT/JP2014/001281,2014-03-07,NST
14773755,PCT/US2013/029980,2013-03-08,NST
14773756,PCT/US2014/025062,2014-03-12,NST
14773757,PCT/JP2013/060526,2013-04-05,NST
14773758,PCT/CN2014/090733,2014-11-10,NST
14773759,PCT/IL2014/050255,2014-03-12,NST
14773760,PCT/EP2014/055454,2014-03-18,NST
14773761,PCT/IL2014/050276,2014-03-13,NST
14773762,PCT/US2014/025964,2014-03-13,NST
14773763,PCT/EP2014/054683,2014-03-11,NST
14773764,PCT/US14/22381,2014-03-10,NST
14773765,PCT/EP2014/054880,2014-03-12,NST
14773766,PCT/US2014/027100,2014-03-14,NST
14773767,61777014,2013-03-12,PRO
14773767,PCT/US14/23567,2014-03-11,NST
14773768,PCT/EP14/54550,2014-03-10,NST
14773769,PCT/JP2014/051073,2014-01-21,NST
14773770,PCT/JP2014/056114,2014-03-10,NST
14773771,PCT/JP2014/056480,2014-03-12,NST
14773772,61781923,2013-03-14,PRO
14773772,PCT/US14/24633,2014-03-12,NST
14773773,PCT/JP2014/056972,2014-03-14,NST
14773774,PCT/JP2014/056499,2014-03-12,NST
14773775,PCT/US2014/019186,2014-02-28,NST
14773776,PCT/EP2014/054551,2014-03-10,NST
14773777,PCT/JP2014/053437,2014-02-14,NST
14773778,PCT/FI2014/050203,2014-03-19,NST
14773779,PCT/KR2014/002494,2014-03-25,NST
14773780,61777065,2013-03-12,PRO
14773780,PCT/US14/13153,2014-01-27,NST
14773781,PCT/US2014/026452,2014-03-13,NST
14773782,PCT/IL2014/050217,2014-03-05,NST
14773784,61794646,2013-03-15,PRO
14773784,PCT/US14/23925,2014-03-12,NST
14773785,61775509,2013-03-09,PRO
14773785,61829372,2013-05-31,PRO
14773785,PCT/US14/21522,2014-03-07,NST
14773786,61777065,2013-03-12,PRO
14773786,61777110,2013-03-12,PRO
14773786,PCT/US14/13985,2014-01-31,NST
14773787,PCT/JP2014/054046,2014-02-20,NST
14773788,PCT/EP2014/055434,2014-03-18,NST
14773789,PCT/JP2014/050959,2014-01-20,NST
14773790,PCT/US13/30160,2013-03-11,NST
14773791,61776999,2013-03-12,PRO
14773791,PCT/US14/23784,2014-03-11,NST
14773792,PCT/IB2014/000332,2014-03-13,NST
14773793,PCT/GB2014/050771,2014-03-14,NST
14773794,PCT/JP2014/056977,2014-03-14,NST
14773795,PCT/IB2014/059965,2014-03-19,NST
14773796,PCT/EP2014/000451,2014-02-20,NST
14773797,PCT/SE2014/050337,2014-03-20,NST
14773798,PCT/JP2014/057679,2014-03-20,NST
14773799,PCT/IB2014/000487,2014-04-07,NST
14773800,PCT/KR2014/010918,2014-11-13,NST
14773801,PCT/JP2014/050964,2014-01-20,NST
14773802,PCT/EP2014/053533,2014-02-24,NST
14773803,PCT/JP2014/061935,2014-04-30,NST
14773804,PCT/GB2014/050839,2014-03-17,NST
14773805,PCT/EP2014/054479,2014-03-07,NST
14773806,PCT/KR2015/003263,2015-04-01,NST
14773807,61776311,2013-03-11,PRO
14773807,PCT/US14/23065,2014-03-11,NST
14773808,61816184,2013-04-26,PRO
14773808,PCT/US14/34260,2014-04-16,NST
14773809,PCT/GB2014/000071,2014-02-28,NST
14773810,61782598,2013-03-14,PRO
14773810,PCT/US14/25533,2014-03-13,NST
14773811,61783047,2013-03-14,PRO
14773811,PCT/US14/24491,2014-03-12,NST
14773812,PCT/EP2014/053081,2014-02-18,NST
14773813,PCT/JP2014/061936,2014-04-30,NST
14773814,61779677,2013-03-13,PRO
14773814,PCT/US14/17340,2014-02-20,NST
14773815,PCT/JP2014/059748,2014-04-02,NST
14773816,PCT/JP2014/061545,2014-04-24,NST
14773817,PCT/JP2014/056185,2014-03-10,NST
14773818,PCT/JP2014/061937,2014-04-30,NST
14773819,PCT/EP2014/054687,2014-03-11,NST
14773820,PCT/JP2014/055927,2014-03-07,NST
14773821,PCT/JP2013/080244,2013-11-08,NST
14773822,PCT/US2014/024495,2014-03-12,NST
14773823,PCT/JP2014/083156,2014-12-15,NST
14773824,PCT/EP2014/054428,2014-03-07,NST
14773825,PCT/US2013/030947,2013-03-13,NST
14773826,PCT/US2014/032591,2014-04-01,NST
14773827,PCT/JP2014/056908,2014-03-14,NST
14773828,PCT/DE2014/000141,2014-03-13,NST
14773829,PCT/CN2014/072570,2014-02-26,NST
14773830,PCT/EP2014/054275,2014-03-05,NST
14773831,PCT/JP2014/057634,2014-03-13,NST
14773832,PCT/US2014/026586,2014-03-13,NST
14773833,PCT/US2014/022164,2014-03-07,NST
14773834,PCT/JP2014/056311,2014-03-11,NST
14773836,PCT/SG2014/000114,2014-03-10,NST
14773837,61802189,2013-03-15,PRO
14773837,PCT/US14/30402,2014-03-17,NST
14773838,PCT/US2014/011269,2014-01-13,NST
14773839,61775556,2013-03-09,PRO
14773839,PCT/US14/22149,2014-03-07,NST
14773840,PCT/IL14/50247,2014-03-11,NST
14773841,PCT/JP2013/057149,2013-03-14,NST
14773842,PCT/SE2013/051016,2013-08-30,NST
14773843,PCT/JP2014/061705,2014-04-25,NST
14773844,PCT/JP2014/055247,2014-03-03,NST
14773845,PCT/US2014/022652,2014-03-10,NST
14773846,PCT/KR2014/002186,2014-03-14,NST
14773847,PCT/JP2014/055411,2014-03-04,NST
14773848,PCT/KR2014/002567,2014-03-26,NST
14773849,61776954,2013-03-12,PRO
14773849,PCT/US14/20520,2014-03-05,NST
14773850,PCT/JP2014/057635,2014-03-13,NST
14773851,PCT/JP2014/000536,2014-01-31,NST
14773852,PCT/EP2014/054675,2014-03-11,NST
14773853,61785649,2013-03-14,PRO
14773853,PCT/US14/28985,2014-03-14,NST
14773854,PCT/EP2014/055600,2014-03-20,NST
14773855,61787895,2013-03-15,PRO
14773855,PCT/US14/27147,2014-03-14,NST
14773856,PCT/JP2014/083813,2014-12-16,NST
14773857,PCT/JP2014/056611,2014-03-13,NST
14773858,PCT/JP2014/057631,2014-03-13,NST
14773859,PCT/KR2014/002116,2014-03-13,NST
14773860,61775574,2013-03-09,PRO
14773860,PCT/US14/22878,2014-03-10,NST
14773861,PCT/US2014/016768,2014-02-18,NST
14773862,PCT/JP2013/072731,2013-08-26,NST
14773863,PCT/JP2014/055935,2014-03-07,NST
14773864,PCT/EP2014/055835,2014-03-24,NST
14773865,61783271,2013-03-14,PRO
14773865,PCT/US14/26963,2014-03-14,NST
14773866,PCT/IB2014/001989,2014-06-05,NST
14773867,61783395,2013-03-14,PRO
14773867,61783573,2013-03-14,PRO
14773867,PCT/US14/26371,2014-03-13,NST
14773868,PCT/US13/31581,2013-03-14,NST
14773869,PCT/CN13/72758,2013-03-15,NST
14773870,PCT/EP2014/057248,2014-04-10,NST
14773871,PCT/EP2014/061481,2014-06-03,NST
14773872,61794143,2013-03-15,PRO
14773872,61864864,2013-08-12,PRO
14773872,PCT/US14/26962,2014-03-14,NST
14773873,PCT/JP2015/052113,2015-01-27,NST
14773874,PCT/JP2014/055934,2014-03-07,NST
14773875,61792905,2013-03-15,PRO
14773875,PCT/US14/29517,2014-03-14,NST
14773876,PCT/US2014/023949,2014-03-12,NST
14773877,PCT/JP2014/056396,2014-03-12,NST
14773878,61799842,2013-03-15,PRO
14773878,61836294,2013-06-18,PRO
14773878,61932915,2014-01-29,PRO
14773878,PCT/US14/28061,2014-03-14,NST
14773879,PCT/JP2014/057514,2014-03-19,NST
14773880,PCT/CN2013/086363,2013-10-31,NST
14773881,PCT/JP2014/057636,2014-03-13,NST
14773882,PCT/US2014/022502,2014-03-10,NST
14773883,61785228,2013-03-14,PRO
14773883,PCT/US14/27739,2014-03-14,NST
14773884,PCT/JP2013/056686,2013-03-11,NST
14773885,PCT/US2014/028045,2014-03-14,NST
14773887,PCT/IL2014/050277,2014-03-13,NST
14773888,61778568,2013-03-13,PRO
14773888,PCT/US14/23029,2014-03-11,NST
14773889,PCT/KR2014/001274,2014-02-17,NST
14773890,PCT/EP2014/054519,2014-03-10,NST
14773891,61782775,2013-03-14,PRO
14773891,PCT/US14/28181,2014-03-14,NST
14773892,PCT/US2014/023933,2014-03-12,NST
14773894,61776709,2013-03-11,PRO
14773894,PCT/US14/23713,2014-03-11,NST
14773895,PCT/JP2014/059324,2014-03-28,NST
14773896,PCT/US2014/027665,2014-03-14,NST
14773897,PCT/EP2014/054063,2014-03-03,NST
14773898,PCT/EP2014/055337,2014-03-17,NST
14773899,PCT/US2014/022626,2014-03-10,NST
14773900,PCT/US2014/039217,2014-05-22,NST
14773901,61786483,2013-03-15,PRO
14773901,PCT/US14/29924,2014-03-15,NST
14773902,PCT/JP2014/051523,2014-01-24,NST
14773903,61779841,2013-03-13,PRO
14773903,PCT/US14/24742,2014-03-12,NST
14773904,PCT/JP2013/072002,2013-08-16,NST
14773905,PCT/IB2014/001992,2014-03-14,NST
14773906,PCT/US2014/030143,2014-03-17,NST
14773907,PCT/US13/30330,2013-03-12,NST
14773908,PCT/US2014/023878,2014-03-12,NST
14773909,PCT/JP2014/054836,2014-02-27,NST
14773910,61772502,2013-03-04,PRO
14773910,61785804,2013-03-14,PRO
14773910,61785818,2013-03-14,PRO
14773910,PCT/US14/20379,2014-03-04,NST
14773912,PCT/JP2014/001272,2014-03-07,NST
14773913,PCT/IB2013/000925,2013-03-15,NST
14773915,PCT/JP2014/056738,2014-03-13,NST
14773916,PCT/US2014/016669,2014-02-17,NST
14773917,PCT/US2014/028014,2014-03-14,NST
14773918,PCT/GB2014/050410,2014-02-12,NST
14773919,PCT/IB2014/000922,2014-03-12,NST
14773920,PCT/JP2014/052481,2014-02-04,NST
14773921,PCT/EP2014/055528,2014-03-19,NST
14773922,PCT/JP2014/057677,2014-03-20,NST
14773923,PCT/JP2014/056216,2014-03-10,NST
14773924,PCT/US2013/072719,2013-12-03,NST
14773925,PCT/JP2014/079653,2014-10-30,NST
14773926,PCT/US2014/020506,2014-03-05,NST
14773927,61777118,2013-03-12,PRO
14773927,PCT/US14/16830,2014-02-18,NST
14773928,61791176,2013-03-15,PRO
14773928,PCT/US14/24732,2014-03-12,NST
14773929,PCT/US2014/025246,2014-03-13,NST
14773930,PCT/EP2014/054522,2014-03-10,NST
14773931,PCT/US2013/031439,2013-03-14,NST
14773934,PCT/JP14/57941,2014-03-14,NST
14773935,PCT/CN2013/079443,2013-07-16,NST
14773936,PCT/US2014/024010,2014-03-12,NST
14773937,PCT/US2014/025654,2014-03-13,NST
14773938,PCT/JP2014/054645,2014-02-26,NST
14773940,PCT/JP2014/001373,2014-03-11,NST
14773941,PCT/JP2014/057630,2014-03-13,NST
14773942,PCT/JP2014/000503,2014-01-31,NST
14773943,PCT/CN2013/072453,2013-03-12,NST
14773944,PCT/JP13/80274,2013-11-08,NST
14773945,PCT/US2013/078187,2013-12-30,NST
14773946,PCT/US2014/027519,2014-03-14,NST
14773947,61777660,2013-03-12,PRO
14773947,PCT/US14/24135,2014-03-12,NST
14773948,61792950,2013-03-15,PRO
14773948,PCT/US14/28355,2014-03-14,NST
14773949,PCT/EP2013/002743,2013-09-12,NST
14773950,PCT/US2014/023274,2014-03-11,NST
14773951,PCT/JP2013/062475,2013-04-26,NST
14773952,61778360,2013-03-12,PRO
14773952,61916159,2013-12-14,PRO
14773952,PCT/US14/24682,2014-03-12,NST
14773953,PCT/US2014/029960,2014-03-15,NST
14773954,PCT/IB2013/058819,2013-09-24,NST
14773955,PCT/US2014/021095,2014-03-06,NST
14773956,PCT/US2014/020524,2014-03-05,NST
14773957,PCT/JP2014/055685,2014-03-05,NST
14773958,PCT/US2014/025163,2014-03-13,NST
14773960,PCT/US2014/023363,2014-03-11,NST
14773961,PCT/FR2014/050369,2014-02-24,NST
14773962,PCT/EP2014/055558,2014-03-19,NST
14773963,PCT/US2014/028700,2014-03-14,NST
14773964,PCT/JP2014/055622,2014-03-05,NST
14773965,61777660,2013-03-12,PRO
14773965,PCT/US14/24055,2014-03-12,NST
14773966,PCT/IB2014/059584,2014-03-10,NST
14773967,PCT/JP2014/053712,2014-02-18,NST
14773968,PCT/KR2014/002078,2014-03-12,NST
14773969,PCT/US2014/026857,2014-03-13,NST
14773970,PCT/EP2014/055848,2014-03-24,NST
14773971,61782741,2013-03-14,PRO
14773971,PCT/US14/26189,2014-03-13,NST
14773972,13842058,2013-03-15,CON
14773972,PCT/US14/25396,2014-03-13,NST
14773973,PCT/JP2014/054591,2014-02-26,NST
14773974,PCT/IL2013/050973,2013-11-26,NST
14773975,PCT/JP2014/056211,2014-03-10,NST
14773976,61783894,2013-03-14,PRO
14773976,PCT/US14/26292,2014-03-13,NST
14773977,61775536,2013-03-09,PRO
14773977,PCT/US14/20710,2014-03-05,NST
14773978,61778089,2013-03-12,PRO
14773978,PCT/US14/23711,2014-03-11,NST
14773979,PCT/EP2014/000556,2014-03-05,NST
14773980,PCT/CN2013/073440,2013-03-29,NST
14773981,61777660,2013-03-12,PRO
14773981,PCT/US14/24063,2014-03-12,NST
14773982,PCT/CN2013/084983,2013-10-10,NST
14773983,PCT/US2013/030225,2013-03-11,NST
14773984,61792954,2013-03-15,PRO
14773984,PCT/US14/29921,2014-03-15,NST
14773985,PCT/IB2013/051942,2013-03-12,NST
14773986,PCT/US2014/023627,2014-03-11,NST
14773987,PCT/US2014/022468,2014-03-10,NST
14773988,PCT/JP2014/056879,2014-03-14,NST
14773990,PCT/US2014/023504,2014-03-11,NST
14773991,PCT/JP2014/057992,2014-03-24,NST
14773992,PCT/JP2013/058441,2013-03-22,NST
14773993,PCT/US2014/024121,2014-03-12,NST
14773994,PCT/FI2014/050202,2014-03-19,NST
14773996,PCT/CN2014/073350,2014-03-13,NST
14773997,PCT/US2014/022556,2014-03-10,NST
14773998,PCT/FR14/50513,2014-03-06,NST
14773999,PCT/JP2014/056128,2014-03-10,NST
14774000,PCT/US2013/076772,2013-12-20,NST
14774001,PCT/CA2014/050227,2014-03-13,NST
14774002,PCT/JP2014/056143,2014-03-10,NST
14774003,PCT/GB2014/050676,2014-03-07,NST
14774004,PCT/US2014/027463,2014-03-14,NST
14774005,PCT/US2014/028210,2014-03-14,NST
14774006,PCT/JP2014/050636,2014-01-16,NST
14774007,61803868,2013-03-21,PRO
14774007,PCT/IL14/50063,2014-01-19,NST
14774008,PCT/JP2014/000732,2014-02-13,NST
14774009,PCT/IB2014/001424,2014-03-12,NST
14774010,61786955,2013-03-15,PRO
14774010,PCT/US14/25313,2014-03-13,NST
14774011,PCT/JP2014/054493,2014-02-25,NST
14774012,PCT/JP2013/056640,2013-03-11,NST
14774013,PCT/US2014/024533,2014-03-12,NST
14774015,PCT/JP2014/053612,2014-02-17,NST
14774016,PCT/US2014/025003,2014-03-12,NST
14774017,PCT/JP2013/081029,2013-11-18,NST
14774018,61798759,2013-03-15,PRO
14774018,PCT/US14/28805,2014-03-14,NST
14774019,PCT/US2014/032031,2014-03-27,NST
14774020,PCT/JP2014/055752,2014-03-06,NST
14774021,61783894,2013-03-14,PRO
14774021,PCT/US14/27590,2014-03-14,NST
14774022,PCT/US2014/029760,2014-03-14,NST
14774023,PCT/US2014/034061,2014-04-15,NST
14774024,PCT/US2014/027065,2014-03-14,NST
14774025,PCT/US2014/024676,2014-03-12,NST
14774026,PCT/EP2013/057218,2013-04-05,NST
14774027,PCT/JP2014/055297,2014-03-03,NST
14774028,61798009,2013-03-15,PRO
14774028,PCT/US14/24507,2014-03-12,NST
14774029,PCT/US2014/027512,2014-03-14,NST
14774030,61784788,2013-03-14,PRO
14774030,PCT/US14/29742,2014-03-14,NST
14774031,61787075,2013-03-15,PRO
14774031,PCT/US14/27189,2014-03-14,NST
14774032,61798127,2013-03-15,PRO
14774032,PCT/US14/27196,2014-03-14,NST
14774033,PCT/EP2014/052615,2014-02-11,NST
14774034,61804481,2013-03-22,PRO
14774034,PCT/US14/31296,2014-03-20,NST
14774035,PCT/US2014/024618,2014-03-12,NST
14774036,PCT/JP2014/056142,2014-03-10,NST
14774037,PCT/US2014/029315,2014-03-14,NST
14774038,PCT/US2014/029214,2014-03-14,NST
14774039,PCT/US2014/031458,2014-03-21,NST
14774040,PCT/EP2014/054556,2014-03-10,NST
14774041,PCT/CN2014/092954,2014-12-03,NST
14774042,PCT/US2014/025072,2014-03-12,NST
14774043,61793738,2013-03-15,PRO
14774043,PCT/US14/24264,2014-03-12,NST
14774044,61800881,2013-03-15,PRO
14774044,PCT/US14/27343,2014-03-14,NST
14774045,PCT/US2014/028186,2014-03-14,NST
14774046,PCT/US2014/026678,2014-03-13,NST
14774047,61775485,2013-03-09,PRO
14774047,61775869,2013-03-11,PRO
14774047,PCT/US14/22215,2014-03-09,NST
14774048,PCT/SE2013/050219,2013-03-12,NST
14774049,PCT/JP2014/001126,2014-03-03,NST
14774050,61777701,2013-03-12,PRO
14774050,PCT/US14/23470,2014-03-11,NST
14774052,PCT/KR2014/009190,2014-09-30,NST
14774053,61782002,2013-03-14,PRO
14774053,PCT/US14/23715,2014-03-11,NST
14774054,PCT/EP2014/054975,2014-03-13,NST
14774055,PCT/EP2014/054897,2014-03-12,NST
14774056,PCT/US2014/028262,2014-03-14,NST
14774057,PCT/JP2013/059970,2013-04-01,NST
14774058,61776932,2013-03-12,PRO
14774058,PCT/US14/21580,2014-03-07,NST
14774059,61788365,2013-03-15,PRO
14774059,PCT/US14/28530,2014-03-14,NST
14774060,PCT/US2014/028718,2014-03-14,NST
14774061,PCT/JP2014/055936,2014-03-07,NST
14774062,PCT/JP2015/057399,2015-03-06,NST
14774063,PCT/US2014/024033,2014-03-12,NST
14774064,61779559,2013-03-13,PRO
14774064,PCT/US14/23862,2014-03-12,NST
14774065,PCT/JP2015/001190,2015-03-05,NST
14774066,PCT/JP2014/051578,2014-01-24,NST
14774067,PCT/JP2014/056960,2014-03-14,NST
14774068,PCT/JP2014/056336,2014-03-11,NST
14774069,PCT/AU2014/000244,2014-03-12,NST
14774070,61851603,2013-03-11,PRO
14774070,61927683,2014-01-15,PRO
14774070,PCT/US14/23352,2014-03-11,NST
14774071,PCT/US2014/025993,2014-03-13,NST
14774072,PCT/EP2014/054933,2014-03-13,NST
14774073,PCT/US2014/023813,2014-03-11,NST
14774074,61785195,2013-03-14,PRO
14774074,PCT/US13/77131,2013-12-20,NST
14774076,PCT/KR2014/000225,2014-01-09,NST
14774077,61799269,2013-03-15,PRO
14774077,PCT/US14/31065,2014-03-18,NST
14774078,PCT/EP2014/054826,2014-03-12,NST
14774079,PCT/KR2013/007969,2013-09-04,NST
14774081,61779803,2013-03-13,PRO
14774081,61914475,2013-12-11,PRO
14774081,PCT/IL14/50289,2014-03-13,NST
14774082,PCT/EP2014/054600,2014-03-10,NST
14774083,61777720,2013-03-12,PRO
14774083,PCT/US14/25097,2014-03-12,NST
14774084,61785195,2013-03-14,PRO
14774084,PCT/US13/77161,2013-12-20,NST
14774085,PCT/KR2014/002660,2014-03-28,NST
14774087,PCT/FR2014/050483,2014-03-04,NST
14774088,PCT/IL2014/050243,2014-03-11,NST
14774089,PCT/JP2014/056337,2014-03-11,NST
14774090,PCT/KR2014/002303,2014-03-19,NST
14774091,PCT/KR2013/007544,2013-08-22,NST
14774093,61778053,2013-03-12,PRO
14774093,PCT/US14/24341,2014-03-12,NST
14774094,PCT/US13/54021,2013-08-07,NST
14774095,61785195,2013-03-14,PRO
14774095,PCT/US13/77207,2013-12-20,NST
14774096,PCT/IL2014/050304,2014-03-20,NST
14774097,PCT/US13/67139,2013-10-28,NST
14774098,PCT/US13/68562,2013-11-05,NST
14774099,PCT/NZ2014/000032,2014-03-10,NST
14774100,PCT/EP2014/052968,2014-02-14,NST
14774101,PCT/EP2014/052969,2014-02-14,NST
14774102,PCT/EP2014/052972,2014-02-14,NST
14774103,PCT/US2014/022797,2014-03-10,NST
14774104,PCT/EP2014/056866,2014-04-04,NST
14774105,61785552,2013-03-14,PRO
14774105,PCT/US14/28079,2014-03-14,NST
14774106,PCT/US2014/023883,2014-03-12,NST
14774107,PCT/NL2014/050164,2014-03-19,NST
14774108,61852099,2013-03-15,PRO
14774108,PCT/US14/29327,2014-03-14,NST
14774109,61798165,2013-03-15,PRO
14774109,PCT/US14/30387,2014-03-17,NST
14774110,PCT/EP2014/054828,2014-03-12,NST
14774111,PCT/JP2014/056237,2014-03-11,NST
14774112,61785195,2013-03-14,PRO
14774112,PCT/US13/77247,2013-12-20,NST
14774113,PCT/EP2014/000400,2014-02-14,NST
14774114,61777614,2013-03-12,PRO
14774114,PCT/US14/21691,2014-03-07,NST
14774115,61802240,2013-03-15,PRO
14774115,PCT/US14/29297,2014-03-14,NST
14774116,PCT/US2013/077268,2013-12-20,NST
14774117,PCT/US13/33760,2013-03-25,NST
14774118,61776506,2013-03-11,PRO
14774118,PCT/US14/23266,2014-03-11,NST
14774119,PCT/IB2014/058948,2014-02-13,NST
14774120,13844562,2013-03-15,CON
14774120,PCT/US14/29645,2014-03-14,NST
14774121,61785195,2013-03-14,PRO
14774121,PCT/US13/77293,2013-12-20,NST
14774122,PCT/US2014/038614,2014-05-19,NST
14774123,PCT/CN2014/074206,2014-03-27,NST
14774124,61785195,2013-03-14,PRO
14774124,PCT/US13/77295,2013-12-20,NST
14774125,PCT/JP2014/059515,2014-03-31,NST
14774126,PCT/JP2014/000491,2014-01-30,NST
14774127,PCT/CN2014/073686,2014-03-19,NST
14774128,PCT/CN2014/073914,2014-03-22,NST
14774130,61777130,2013-03-12,PRO
14774130,PCT/US14/23231,2014-03-11,NST
14774131,PCT/AU14/00283,2014-03-14,NST
14774132,PCT/JP2014/058981,2014-03-27,NST
14774135,PCT/JP2014/057806,2014-03-20,NST
14774136,PCT/IB2014/059809,2014-03-14,NST
14774137,PCT/EP2014/054695,2014-03-11,NST
14774138,PCT/TR2014/000083,2014-03-14,NST
14774139,PCT/EP2014/052897,2014-02-14,NST
14774140,PCT/IL2014/050292,2014-03-16,NST
14774141,PCT/JP2014/053789,2014-02-18,NST
14774142,PCT/IL2014/050275,2014-03-13,NST
14774143,PCT/JP2014/053051,2014-02-10,NST
14774144,PCT/CN2012/076093,2012-05-25,NST
14774145,PCT/US2014/027269,2014-03-14,NST
14774146,PCT/US2014/020902,2014-03-05,NST
14774149,61786957,2013-03-15,PRO
14774149,PCT/US14/25166,2014-03-13,NST
14774150,PCT/IL2014/050259,2014-03-12,NST
14774151,61792279,2013-03-15,PRO
14774151,61835648,2013-06-17,PRO
14774151,PCT/IL14/50252,2014-03-12,NST
14774152,PCT/US2014/023923,2014-03-12,NST
14774153,61779827,2013-03-13,PRO
14774153,PCT/US14/25230,2014-03-13,NST
14774154,PCT/DE2014/100082,2014-03-06,NST
14774155,PCT/US2014/022269,2014-03-10,NST
14774156,PCT/US2014/025389,2014-03-13,NST
14774157,61781630,2013-03-14,PRO
14774157,PCT/US14/25177,2014-03-13,NST
14774158,61779166,2013-03-13,PRO
14774158,PCT/US14/25472,2014-03-13,NST
14774159,PCT/KR2014/001787,2014-03-05,NST
14774160,61779554,2013-03-13,PRO
14774160,PCT/US14/25423,2014-03-13,NST
14774161,PCT/FR2014/050364,2014-02-21,NST
14774162,PCT/US2014/024292,2014-03-12,NST
14774163,PCT/US2014/022284,2014-03-10,NST
14774164,PCT/US13/32392,2013-03-15,NST
14774165,PCT/US2014/024351,2014-03-12,NST
14774166,PCT/IB2014/059779,2014-03-14,NST
14774167,PCT/EP2013/056620,2013-03-27,NST
14774168,PCT/US2014/025191,2014-03-13,NST
14774169,PCT/EP2014/054540,2014-03-10,NST
14774170,PCT/IB2014/059445,2014-03-05,NST
14774171,PCT/JP2013/085169,2013-12-27,NST
14774172,PCT/JP2014/056558,2014-03-12,NST
14774174,61789886,2013-03-15,PRO
14774174,PCT/US14/24179,2014-03-12,NST
14774175,PCT/IB2014/059703,2014-03-13,NST
14774176,61783659,2013-03-14,PRO
14774176,PCT/US14/20594,2014-03-05,NST
14774177,61782033,2013-03-14,PRO
14774177,PCT/US14/26982,2014-03-14,NST
14774178,PCT/IB2014/059569,2014-03-10,NST
14774179,PCT/FR2014/050542,2014-03-10,NST
14774180,PCT/EP2014/059429,2014-05-08,NST
14774181,PCT/IL2014/050284,2014-03-13,NST
14774182,13833148,2013-03-15,CIP
14774182,PCT/US14/28197,2014-03-14,NST
14774183,PCT/EP2013/055261,2013-03-14,NST
14774185,PCT/JP2014/001462,2014-03-14,NST
14774186,PCT/FR2014/050538,2014-03-10,NST
14774187,PCT/IB2014/059667,2014-03-12,NST
14774188,PCT/JP2014/055417,2014-03-04,NST
14774189,PCT/EP2014/055002,2014-03-13,NST
14774190,PCT/US2014/025386,2014-03-13,NST
14774191,61799495,2013-03-15,PRO
14774191,61869191,2013-08-23,PRO
14774191,PCT/US14/23357,2014-03-11,NST
14774192,PCT/JP2014/000626,2014-02-06,NST
14774193,61784007,2013-03-14,PRO
14774193,PCT/US14/28451,2014-03-14,NST
14774194,PCT/JP2014/002298,2014-04-24,NST
14774196,PCT/US2014/016796,2014-02-18,NST
14774197,PCT/IB2014/059441,2014-03-05,NST
14774198,61778843,2013-03-13,PRO
14774198,PCT/US14/17595,2014-02-21,NST
14774199,61790110,2013-03-15,PRO
14774199,PCT/US14/22974,2014-03-11,NST
14774200,61788687,2013-03-15,PRO
14774200,PCT/US14/22987,2014-03-11,NST
14774201,PCT/EP2014/054142,2014-03-04,NST
14774202,61776599,2013-03-11,PRO
14774202,61803611,2013-03-20,PRO
14774202,61831664,2013-06-06,PRO
14774202,PCT/IL14/50246,2014-03-11,NST
14774202,PCT/IL2014/050086,2014-01-24,CIP
14774202,PCT/IL2014/050088,2014-01-24,CIP
14774202,PCT/IL2014/050089,2014-01-24,CIP
14774202,PCT/IL2014/050090,2014-01-24,CIP
14774203,PCT/JP2014/001236,2014-03-06,NST
14774204,61790636,2013-03-15,PRO
14774204,PCT/US14/22994,2014-03-11,NST
14774205,PCT/IB2014/059770,2014-03-14,NST
14774206,PCT/PL2014/000020,2014-03-07,NST
14774207,PCT/JP2014/001366,2014-03-11,NST
14774208,PCT/IB13/52048,2013-03-14,NST
14774209,61779275,2013-03-13,PRO
14774209,PCT/US14/24548,2014-03-12,NST
14774210,PCT/JP2014/055485,2014-03-04,NST
14774211,61790755,2013-03-15,PRO
14774211,PCT/US14/26521,2014-03-13,NST
14774212,PCT/IB2014/059585,2014-03-10,NST
14774213,PCT/US2014/023991,2014-03-12,NST
14774214,PCT/EP2014/054421,2014-03-07,NST
14774216,PCT/JP2014/054167,2014-02-21,NST
14774217,61778579,2013-03-13,PRO
14774217,PCT/US14/21588,2014-03-07,NST
14774218,PCT/JP2014/001457,2014-03-14,NST
14774219,PCT/NL2014/050141,2014-03-10,NST
14774221,PCT/EP2014/000347,2014-02-07,NST
14774222,61804895,2013-03-25,PRO
14774222,PCT/US14/31438,2014-03-21,NST
14774223,PCT/JP2014/056242,2014-03-11,NST
14774224,PCT/EP2014/052684,2014-02-12,NST
14774225,PCT/US2014/019206,2014-02-28,NST
14774226,PCT/JP2014/001293,2014-03-07,NST
14774227,PCT/US14/25848,2014-03-13,NST
14774228,PCT/JP2014/079963,2014-11-12,NST
14774229,61779086,2013-03-13,PRO
14774229,PCT/US14/24350,2014-03-12,NST
14774230,PCT/IB2014/058804,2014-02-05,NST
14774231,PCT/US2014/026980,2014-03-14,NST
14774232,PCT/JP14/56781,2014-03-13,NST
14774233,PCT/JP2014/056316,2014-03-11,NST
14774234,PCT/MX2013/000041,2013-04-02,NST
14774235,PCT/CA2014/050173,2014-03-05,NST
14774236,PCT/KR2015/002920,2015-03-25,NST
14774237,PCT/EP2014/052237,2014-02-05,NST
14774238,PCT/EP2014/050982,2014-01-20,NST
14774239,61776873,2013-03-12,PRO
14774239,PCT/US14/23939,2014-03-12,NST
14774240,PCT/JP2014/056371,2014-03-11,NST
14774241,61787182,2013-03-15,PRO
14774241,PCT/US14/24363,2014-03-12,NST
14774242,PCT/EP2014/054739,2014-03-11,NST
14774243,PCT/IB2014/059455,2014-03-05,NST
14774244,PCT/JP2014/001679,2014-03-24,NST
14774245,PCT/US2014/029933,2014-03-15,NST
14774246,PCT/CN2014/072880,2014-03-05,NST
14774247,61799888,2013-03-15,PRO
14774247,PCT/US14/25459,2014-03-13,NST
14774248,PCT/JP2014/050444,2014-01-14,NST
14774249,PCT/JP2014/060644,2014-04-14,NST
14774250,61785222,2013-03-14,PRO
14774250,PCT/US14/25202,2014-03-13,NST
14774251,PCT/EP2014/055070,2014-03-14,NST
14774252,PCT/JP2014/001056,2014-02-27,NST
14774253,PCT/CH2014/000028,2014-03-10,NST
14774254,61778778,2013-03-13,PRO
14774254,PCT/US14/23989,2014-03-12,NST
14774255,PCT/US2014/023238,2014-03-11,NST
14774256,61787182,2013-03-15,PRO
14774256,PCT/US14/25106,2014-03-12,NST
14774257,61779383,2013-03-13,PRO
14774257,61803961,2013-03-21,PRO
14774257,PCT/US14/25382,2014-03-13,NST
14774258,PCT/JP2014/056267,2014-03-11,NST
14774259,PCT/US2014/027790,2014-03-14,NST
14774260,61799835,2013-03-15,PRO
14774260,61939044,2014-02-12,PRO
14774260,PCT/US14/29736,2014-03-14,NST
14774261,61777280,2013-03-12,PRO
14774261,PCT/US14/20977,2014-03-06,NST
14774262,61785252,2013-03-14,PRO
14774262,PCT/US14/25266,2014-03-13,NST
14774263,61784766,2013-03-14,PRO
14774263,PCT/US14/28330,2014-03-14,NST
14774264,PCT/US2014/023047,2014-03-11,NST
14774265,PCT/EP2014/052156,2014-02-04,NST
14774266,PCT/JP2015/058226,2015-03-19,NST
14774267,PCT/JP2014/066263,2014-06-19,NST
14774268,PCT/US2014/029866,2014-03-14,NST
14774269,PCT/EP2014/052683,2014-02-12,NST
14774270,PCT/EP14/54609,2014-03-10,NST
14774271,PCT/KR2014/002199,2014-03-14,NST
14774272,61778069,2013-03-12,PRO
14774272,61788950,2013-03-15,PRO
14774272,PCT/US14/23932,2014-03-12,NST
14774273,61778638,2013-03-13,PRO
14774273,PCT/US14/17056,2014-02-19,NST
14774274,PCT/EP2014/051735,2014-01-29,NST
14774275,PCT/JP2013/081282,2013-11-20,NST
14774276,61782396,2013-03-14,PRO
14774276,PCT/US14/25187,2014-03-13,NST
14774277,PCT/US2014/021671,2014-03-07,NST
14774278,61789879,2013-03-15,PRO
14774278,PCT/US14/26426,2014-03-13,NST
14774279,PCT/US2014/028595,2014-03-14,NST
14774280,PCT/KR2014/002200,2014-03-14,NST
14774281,PCT/US13/31570,2013-03-14,NST
14774282,61777383,2013-03-12,PRO
14774282,PCT/US14/18580,2014-02-26,NST
14774283,PCT/US2014/025861,2014-03-13,NST
14774284,PCT/EP2014/054888,2014-03-12,NST
14774285,61792244,2013-03-15,PRO
14774285,PCT/US14/27879,2014-03-14,NST
14774286,PCT/JP2014/056942,2014-03-14,NST
14774287,PCT/KR2014/002006,2014-03-11,NST
14774288,PCT/JP2015/058227,2015-03-19,NST
14774289,PCT/US2014/025153,2014-03-13,NST
14774291,61779303,2013-03-13,PRO
14774291,PCT/US14/23295,2014-03-11,NST
14774292,61784119,2013-03-14,PRO
14774292,PCT/US14/24966,2014-03-12,NST
14774293,PCT/EP14/55311,2014-03-17,NST
14774294,PCT/GB2014/050825,2014-03-14,NST
14774295,PCT/IB2014/060172,2014-03-26,NST
14774296,PCT/EP2013/055303,2013-03-14,NST
14774297,PCT/EP2014/054423,2014-03-07,NST
14774298,PCT/CA2014/050193,2014-03-07,NST
14774299,PCT/EP2014/053670,2014-02-26,NST
14774300,PCT/US2013/078184,2013-12-30,NST
14774302,61779006,2013-03-13,PRO
14774302,PCT/US14/24114,2014-03-12,NST
14774303,61778642,2013-03-13,PRO
14774303,PCT/US14/18558,2014-02-26,NST
14774304,PCT/EP2014/000650,2014-03-11,NST
14774305,PCT/EP2014/054434,2014-03-07,NST
14774306,PCT/US2014/023412,2014-03-11,NST
14774307,PCT/JP2014/083758,2014-12-19,NST
14774309,PCT/US2014/029253,2014-03-14,NST
14774310,PCT/IT2013/000077,2013-03-15,NST
14774311,61800520,2013-03-15,PRO
14774311,PCT/US14/29491,2014-03-14,NST
14774312,PCT/EP2014/054752,2014-03-11,NST
14774313,PCT/IB2014/059326,2014-02-28,NST
14774314,PCT/IB2014/059613,2014-03-11,NST
14774315,PCT/JP2014/057963,2014-03-24,NST
14774316,PCT/JP2014/054801,2014-02-27,NST
14774317,PCT/US2014/000065,2014-03-24,NST
14774318,PCT/US2014/022505,2014-03-10,NST
14774319,61778808,2013-03-13,PRO
14774319,PCT/US14/18607,2014-02-26,NST
14774320,PCT/US2014/026658,2014-03-13,NST
14774321,PCT/JP2014/000591,2014-02-04,NST
14774322,PCT/US2014/025817,2014-03-13,NST
14774323,PCT/KR2014/001989,2014-03-11,NST
14774324,PCT/JP2014/052791,2014-02-06,NST
14774325,61788691,2013-03-15,PRO
14774325,PCT/US14/24082,2014-03-12,NST
14774326,PCT/JP2014/001263,2014-03-07,NST
14774327,PCT/US13/31090,2013-03-13,NST
14774328,PCT/EP2014/054858,2014-03-12,NST
14774329,61778193,2013-03-12,PRO
14774329,PCT/US14/23273,2014-03-11,NST
14774330,PCT/CA2014/000140,2014-02-24,NST
14774331,61785862,2013-03-14,PRO
14774331,PCT/US14/27870,2014-03-14,NST
14774332,PCT/JP2013/053275,2013-02-12,NST
14774333,PCT/IB2014/059574,2014-03-10,NST
14774334,61799598,2013-03-15,PRO
14774334,PCT/US14/24024,2014-03-12,NST
14774335,61791406,2013-03-15,PRO
14774335,PCT/US14/24998,2014-03-12,NST
14774336,PCT/US2014/026215,2014-03-13,NST
14774337,61782578,2013-03-14,PRO
14774337,PCT/US14/23990,2014-03-12,NST
14774338,61783563,2013-03-14,PRO
14774338,PCT/US14/26710,2014-03-13,NST
14774339,PCT/EP2014/055543,2014-03-19,NST
14774340,PCT/JP2014/057628,2014-03-12,NST
14774341,61788396,2013-03-15,PRO
14774341,PCT/US14/25635,2014-03-13,NST
14774342,PCT/JP2014/056280,2014-03-11,NST
14774343,PCT/JP2014/055415,2014-03-04,NST
14774344,61776100,2013-03-11,PRO
14774344,PCT/US14/22485,2014-03-10,NST
14774345,PCT/NL2014/050142,2014-03-11,NST
14774346,PCT/JP2014/055416,2014-03-04,NST
14774347,61800563,2013-03-15,PRO
14774347,PCT/US14/29130,2014-03-14,NST
14774348,61780131,2013-03-13,PRO
14774348,61782156,2013-03-14,PRO
14774348,61890067,2013-10-11,PRO
14774348,PCT/US14/24058,2014-03-12,NST
14774349,PCT/EP2014/054700,2014-03-11,NST
14774350,PCT/EP2014/000534,2014-03-01,NST
14774351,PCT/JP2014/001220,2014-03-05,NST
14774352,61779066,2013-03-13,PRO
14774352,PCT/US14/25310,2014-03-13,NST
14774353,PCT/JP2014/055414,2014-03-04,NST
14774354,PCT/EP2014/054801,2014-03-12,NST
14774355,PCT/IL2014/050279,2014-03-13,NST
14774356,61794197,2013-03-15,PRO
14774356,61802225,2013-03-15,PRO
14774356,PCT/US14/30809,2014-03-17,NST
14774357,61783491,2013-03-14,PRO
14774357,PCT/US14/20801,2014-03-05,NST
14774358,61784519,2013-03-14,PRO
14774358,PCT/US14/26609,2014-03-13,NST
14774359,61800428,2013-03-15,PRO
14774359,PCT/US14/26404,2014-03-13,NST
14774360,PCT/FR2014/050493,2014-03-05,NST
14774361,61778792,2013-03-13,PRO
14774361,PCT/US14/24001,2014-03-12,NST
14774362,PCT/US13/31988,2013-03-15,NST
14774363,PCT/US14/55754,2014-09-16,NST
14774363,PCT/US2014/028802,2014-03-14,CON
14774364,PCT/EP2014/050475,2014-01-13,NST
14774365,PCT/NZ2014/000034,2014-03-12,NST
14774366,PCT/JP2014/001218,2014-03-05,NST
14774367,PCT/JP2014/051177,2014-01-22,NST
14774368,PCT/JP2015/051587,2015-01-15,NST
14774369,61776156,2013-03-11,PRO
14774369,PCT/US14/23014,2014-03-11,NST
14774370,PCT/CN2014/085472,2014-08-29,NST
14774371,61798108,2013-03-15,PRO
14774371,PCT/US14/27820,2014-03-14,NST
14774372,PCT/US2014/024466,2014-03-12,NST
14774373,PCT/JP2014/057247,2014-03-18,NST
14774374,13800319,2013-03-13,CON
14774374,13800545,2013-03-13,CON
14774374,PCT/US14/25263,2014-03-13,NST
14774375,PCT/JP2013/079278,2013-10-29,NST
14774376,61799094,2013-03-15,PRO
14774376,PCT/US14/26974,2014-03-14,NST
14774377,61791850,2013-03-15,PRO
14774377,PCT/US14/28988,2014-03-14,NST
14774378,61788052,2013-03-15,PRO
14774378,PCT/US14/30277,2014-03-17,NST
14774379,61778783,2013-03-13,PRO
14774379,61882751,2013-09-26,PRO
14774379,PCT/US14/17068,2014-02-19,NST
14774380,61783020,2013-03-14,PRO
14774380,PCT/US14/25759,2014-03-13,NST
14774381,61788248,2013-03-15,PRO
14774381,PCT/US14/28762,2014-03-14,NST
14774382,61783184,2013-03-14,PRO
14774382,PCT/US14/24208,2014-03-12,NST
14774383,61782841,2013-03-14,PRO
14774383,PCT/US14/24920,2014-03-12,NST
14774384,PCT/IB2014/059575,2014-03-10,NST
14774385,PCT/JP2014/056378,2014-03-11,NST
14774386,PCT/JP2013/061871,2013-04-23,NST
14774387,61781988,2013-03-14,PRO
14774387,PCT/US14/25289,2014-03-13,NST
14774388,PCT/AU2014/000233,2014-03-10,NST
14774390,61787510,2013-03-15,PRO
14774390,PCT/US14/22332,2014-03-10,NST
14774391,PCT/EP2014/055042,2014-03-13,NST
14774392,PCT/US2013/035263,2013-04-04,NST
14774393,PCT/US2014/026593,2014-03-13,NST
14774394,PCT/US13/31411,2013-03-14,NST
14774395,PCT/EP2014/053705,2014-02-26,NST
14774396,PCT/US2014/027109,2014-03-14,NST
14774397,PCT/EP2014/054531,2014-03-10,NST
14774398,PCT/JP2014/055028,2014-02-28,NST
14774399,61800375,2013-03-15,PRO
14774399,PCT/US14/30776,2014-03-17,NST
14774400,PCT/GB2014/050741,2014-03-12,NST
14774401,61782078,2013-03-14,PRO
14774401,61906458,2013-11-20,PRO
14774401,61906638,2013-11-20,PRO
14774401,PCT/US14/22904,2014-03-11,NST
14774402,PCT/JP2014/055242,2014-03-03,NST
14774403,PCT/JP2013/057145,2013-03-14,NST
14774404,PCT/EP2014/000671,2014-03-13,NST
14774405,PCT/JP2014/055412,2014-03-04,NST
14774406,PCT/JP2014/053405,2014-02-14,NST
14774407,61789266,2013-03-15,PRO
14774407,PCT/US14/25164,2014-03-13,NST
14774408,PCT/US2014/023270,2014-03-11,NST
14774409,PCT/EP2014/054989,2014-03-13,NST
14774410,61782722,2013-03-14,PRO
14774410,61920449,2013-12-23,PRO
14774410,PCT/US14/25887,2014-03-13,NST
14774411,PCT/US2014/031946,2014-03-27,NST
14774412,61787161,2013-03-15,PRO
14774412,PCT/US14/27652,2014-03-14,NST
14774413,61779476,2013-03-13,PRO
14774413,PCT/US14/23409,2014-03-11,NST
14774414,61798273,2013-03-15,PRO
14774414,PCT/US14/25876,2014-03-13,NST
14774415,PCT/NO2014/050039,2014-03-18,NST
14774416,PCT/EP2014/054736,2014-03-11,NST
14774417,PCT/FR14/50579,2014-03-13,NST
14774418,61783239,2013-03-14,PRO
14774418,PCT/US14/26037,2014-03-13,NST
14774419,PCT/EP2014/055134,2014-03-14,NST
14774420,PCT/US2014/023054,2014-03-11,NST
14774421,PCT/US2014/024862,2014-03-12,NST
14774422,PCT/EP2014/054057,2014-03-03,NST
14774423,PCT/KR2014/003222,2014-04-15,NST
14774424,PCT/EP2014/054837,2014-03-12,NST
14774425,PCT/US2014/016005,2014-02-12,NST
14774426,PCT/KR2014/003581,2014-04-24,NST
14774427,PCT/US2014/023503,2014-03-11,NST
14774428,61800328,2013-03-15,PRO
14774428,PCT/US14/29679,2014-03-14,NST
14774429,PCT/JP2014/056205,2014-03-10,NST
14774430,PCT/US2014/026875,2014-03-13,NST
14774431,PCT/US2014/026107,2014-03-13,NST
14774432,PCT/US2014/022553,2014-03-10,NST
14774433,PCT/JP2014/057428,2014-03-12,NST
14774434,PCT/IB2014/001254,2014-03-10,NST
14774435,PCT/CA2014/000246,2014-03-14,NST
14774436,PCT/JP2014/056266,2014-03-11,NST
14774437,PCT/EP2014/055127,2014-03-14,NST
14774438,61790578,2013-03-15,PRO
14774438,PCT/US14/30950,2014-03-18,NST
14774439,PCT/IB2014/059856,2014-03-15,NST
14774440,PCT/US2014/031027,2014-03-18,NST
14774441,PCT/JP2014/055977,2014-03-07,NST
14774442,PCT/JP2013/067693,2013-06-27,NST
14774443,PCT/JP2013/001573,2013-03-11,NST
14774444,PCT/JP2013/056925,2013-03-13,NST
14774445,61783589,2013-03-14,PRO
14774445,61902972,2013-11-12,PRO
14774445,PCT/US14/20035,2014-03-03,NST
14774446,PCT/DK2014/050072,2014-03-26,NST
14774447,PCT/JP2014/056669,2014-03-13,NST
14774448,PCT/US2013/072707,2013-12-03,NST
14774449,PCT/SI2014/000012,2014-02-28,NST
14774450,PCT/US2014/022680,2014-03-10,NST
14774451,PCT/DE2014/000153,2014-03-28,NST
14774452,PCT/IL2014/050237,2014-03-09,NST
14774453,PCT/JP2014/001381,2014-03-11,NST
14774454,61788089,2013-03-15,PRO
14774454,61788362,2013-03-15,PRO
14774454,61789197,2013-03-15,PRO
14774454,PCT/US14/25209,2014-03-13,NST
14774455,PCT/US2014/027765,2014-03-14,NST
14774456,PCT/JP2013/056574,2013-03-11,NST
14774457,PCT/SI2013/000026,2013-05-09,NST
14774458,61776281,2013-03-11,PRO
14774458,PCT/US14/23543,2014-03-11,NST
14774459,61852169,2013-03-15,PRO
14774459,PCT/US2014/029903,2014-03-15,NST
14774460,PCT/JP2013/067110,2013-06-21,NST
14774461,61793321,2013-03-15,PRO
14774461,PCT/US14/31057,2014-03-18,NST
14774462,61799327,2013-03-15,PRO
14774462,PCT/US14/27999,2014-03-14,NST
14774463,PCT/JP2014/067494,2014-07-01,NST
14774464,PCT/EP2014/055071,2014-03-14,NST
14774466,PCT/US2014/029240,2014-03-14,NST
14774467,PCT/EP2014/054564,2014-03-10,NST
14774468,PCT/US2014/024905,2014-03-12,NST
14774469,PCT/US2014/022337,2014-03-10,NST
14774470,PCT/US2014/025379,2014-03-13,NST
14774471,PCT/FI2013/050264,2013-03-11,NST
14774472,PCT/JP2014/055413,2014-03-04,NST
14774473,PCT/GB2014/050748,2014-03-13,NST
14774474,PCT/JP2014/051373,2014-01-23,NST
14774475,PCT/JP2014/055241,2014-03-03,NST
14774476,PCT/JP2013/084737,2013-12-25,NST
14774477,PCT/EP2014/054554,2014-03-10,NST
14774478,61789064,2013-03-15,PRO
14774478,PCT/US14/23006,2014-03-11,NST
14774480,PCT/US2013/030726,2013-03-13,NST
14774481,PCT/JP2014/056716,2014-03-13,NST
14774482,PCT/GB2014/050684,2014-03-07,NST
14774483,PCT/IB2014/059401,2014-03-03,NST
14774484,PCT/CN2013/072484,2013-03-12,NST
14774485,PCT/US14/21185,2014-03-06,NST
14774486,PCT/GB2014/050450,2014-02-17,NST
14774487,PCT/US2014/025493,2014-03-13,NST
14774488,PCT/EP2014/054878,2014-03-12,NST
14774489,PCT/US2014/028489,2014-03-14,NST
14774490,PCT/US2014/026870,2014-03-13,NST
14774491,61851867,2013-03-14,PRO
14774491,PCT/US14/00041,2014-03-13,NST
14774492,PCT/JP2015/053317,2015-01-30,NST
14774493,61775785,2013-03-11,PRO
14774493,PCT/US14/22363,2014-03-10,NST
14774494,PCT/JP2014/054747,2014-02-26,NST
14774495,61785602,2013-03-14,PRO
14774495,PCT/US14/28155,2014-03-14,NST
14774496,PCT/EP2014/055516,2014-03-19,NST
14774497,PCT/FR2014/050565,2014-03-12,NST
14774498,61778010,2013-03-12,PRO
14774498,PCT/US14/18427,2014-02-25,NST
14774499,PCT/US2014/023126,2014-03-11,NST
14774500,PCT/US2014/026099,2014-03-13,NST
14774501,PCT/CA2014/000245,2014-03-14,NST
14774502,PCT/US2014/027360,2014-03-14,NST
14774503,PCT/US2014/019936,2014-03-03,NST
14774504,PCT/US2014/023606,2014-03-11,NST
14774505,PCT/EP2014/055207,2014-03-14,NST
14774506,PCT/GB2014/050705,2014-03-10,NST
14774507,PCT/JP2014/055640,2014-03-05,NST
14774508,PCT/IB2014/059803,2014-03-14,NST
14774509,PCT/US2014/026549,2014-03-13,NST
14774510,PCT/US2014/024937,2014-03-12,NST
14774511,PCT/IB2014/059826,2014-03-14,NST
14774512,61793641,2013-03-15,PRO
14774512,PCT/US14/24597,2014-03-12,NST
14774513,61782272,2013-03-14,PRO
14774513,PCT/US14/25321,2014-03-13,NST
14774514,PCT/US2014/023491,2014-03-11,NST
14774515,61787380,2013-03-15,PRO
14774515,PCT/US14/28535,2014-03-14,NST
14774516,PCT/IB2014/000838,2014-03-11,NST
14774517,PCT/JP2014/059912,2014-03-28,NST
14774518,61798925,2013-03-15,PRO
14774518,PCT/US14/25020,2014-03-12,NST
14774519,PCT/US2013/075352,2013-12-16,NST
14774520,PCT/US2014/020085,2014-03-04,NST
14774521,PCT/US2013/031600,2013-03-14,NST
14774522,PCT/US2014/023938,2014-03-12,NST
14774523,61791451,2013-03-15,PRO
14774523,PCT/US14/24696,2014-03-12,NST
14774524,PCT/US2014/024823,2014-03-12,NST
14774525,61777914,2013-03-12,PRO
14774525,PCT/US14/24644,2014-03-12,NST
14774526,61777490,2013-03-12,PRO
14774526,PCT/US14/19494,2014-02-28,NST
14774527,PCT/US2014/028382,2014-03-14,NST
14774528,PCT/IB2014/059580,2014-03-10,NST
14774529,PCT/US2014/024284,2014-03-12,NST
14774530,PCT/AU2014/050157,2014-07-30,NST
14774531,PCT/EP2014/054958,2014-03-13,NST
14774532,PCT/EP2014/055016,2014-03-13,NST
14774533,PCT/SG2014/000117,2014-03-12,NST
14774534,PCT/CN2014/077763,2014-05-19,NST
14774535,PCT/IB2014/001029,2014-03-13,NST
14774536,61779633,2013-03-13,PRO
14774536,PCT/US14/23524,2014-03-11,NST
14774537,PCT/FR2014/050584,2014-03-13,NST
14774538,PCT/US2014/022488,2014-03-10,NST
14774539,PCT/KR2013/010159,2013-11-11,NST
14774540,PCT/FR2014/050540,2014-03-10,NST
14774541,PCT/JP2013/083393,2013-12-12,NST
14774542,PCT/JP2014/052156,2014-01-30,NST
14774543,61785498,2013-03-14,PRO
14774543,PCT/US14/25703,2014-03-13,NST
14774544,PCT/US2014/023523,2014-03-11,NST
14774546,PCT/JP2014/056768,2014-03-13,CON
14774546,PCT/JP2014/056768,2014-03-13,NST
14774547,PCT/JP2014/053842,2014-02-19,NST
14774548,PCT/JP2014/056186,2014-03-10,NST
14774549,PCT/JP2014/005564,2014-03-05,NST
14774550,PCT/EP2014/054361,2014-03-06,NST
14774551,61776991,2013-03-12,PRO
14774551,PCT/US14/24247,2014-03-12,NST
14774552,61782535,2013-03-14,PRO
14774552,PCT/US14/26266,2014-03-13,NST
14774553,PCT/JP2014/063421,2014-05-21,NST
14774554,PCT/US2014/024322,2014-03-12,NST
14774555,61780378,2013-03-13,PRO
14774555,PCT/US14/24293,2014-03-12,NST
14774556,61779684,2013-03-13,PRO
14774556,PCT/US14/23987,2014-03-12,NST
14774557,PCT/US2014/028521,2014-03-14,NST
14774558,PCT/JP2014/053228,2014-02-12,NST
14774559,PCT/EP2014/054654,2014-03-11,NST
14774560,PCT/EP2013/056566,2013-03-27,NST
14774561,PCT/EP2014/056110,2014-03-27,NST
14774562,61780803,2013-03-13,PRO
14774562,PCT/US14/26828,2014-03-13,NST
14774563,13827184,2013-03-14,CON
14774563,61783482,2013-03-14,PRO
14774563,PCT/US14/19774,2014-03-03,NST
14774564,PCT/JP2013/061790,2013-04-22,NST
14774565,PCT/IL2014/050267,2014-03-13,NST
14774566,PCT/US2014/023709,2014-03-11,NST
14774567,PCT/JP2014/001201,2014-03-05,NST
14774568,61786662,2013-03-15,PRO
14774568,PCT/US14/25393,2014-03-13,NST
14774569,PCT/US2014/028193,2014-03-14,NST
14774570,PCT/FR2014/050564,2014-03-12,NST
14774571,PCT/KR2014/002571,2014-03-26,NST
14774572,PCT/US2014/022672,2014-03-10,NST
14774573,PCT/US2014/024983,2014-03-12,NST
14774574,PCT/US2013/076104,2013-12-18,NST
14774575,PCT/GB2014/050822,2014-03-14,NST
14774576,PCT/EP2014/054822,2014-03-12,NST
14774577,PCT/US2014/024928,2014-03-12,NST
14774578,61777682,2013-03-12,PRO
14774578,PCT/US14/24684,2014-03-12,NST
14774579,PCT/JP2014/055651,2014-03-05,NST
14774580,PCT/KR2014/005160,2014-06-12,NST
14774581,PCT/US2014/026796,2014-03-13,NST
14774583,PCT/JP2014/078105,2014-10-22,NST
14774584,PCT/US2013/075337,2013-12-16,NST
14774585,61792420,2013-03-15,PRO
14774585,PCT/US14/27716,2014-03-14,NST
14774586,PCT/EP2014/054755,2014-03-11,NST
14774587,PCT/US2013/031321,2013-03-14,NST
14774588,61789187,2013-03-15,PRO
14774588,PCT/US14/20162,2014-03-04,NST
14774589,PCT/US2014/029768,2014-03-14,NST
14774590,PCT/KR2014/000224,2014-01-09,NST
14774591,PCT/EP2014/054029,2014-03-03,NST
14774592,PCT/US2014/025921,2014-03-13,NST
14774593,PCT/KR2014/006978,2014-07-30,NST
14774594,PCT/US2014/026856,2014-03-13,NST
14774595,61787649,2013-03-15,PRO
14774595,PCT/US14/26403,2014-03-13,NST
14774596,PCT/DE2013/200350,2013-12-11,NST
14774597,PCT/US2014/029927,2014-03-15,NST
14774598,PCT/JP2014/001283,2014-03-07,NST
14774599,PCT/US2014/023579,2014-03-11,NST
14774600,PCT/US2014/026296,2014-03-13,NST
14774601,PCT/KR2014/003267,2014-04-15,NST
14774602,PCT/US2014/022574,2014-03-10,NST
14774603,PCT/US2014/026271,2014-03-13,NST
14774604,PCT/DK2014/050061,2014-03-13,NST
14774605,PCT/EP2014/054851,2014-03-12,NST
14774606,61738340,2012-12-17,PRO
14774606,PCT/US13/47987,2013-06-26,NST
14774607,PCT/EP2014/054598,2014-03-10,NST
14774608,PCT/KR2013/011947,2013-12-20,NST
14774609,PCT/US2014/023198,2014-03-11,NST
14774610,PCT/JP2013/057398,2013-03-15,NST
14774611,61779274,2013-03-13,PRO
14774611,PCT/US14/21601,2014-03-07,NST
14774612,PCT/US2014/026448,2014-03-13,NST
14774613,PCT/ES2013/070153,2013-03-11,NST
14774614,PCT/US2014/023443,2014-03-11,NST
14774615,13912904,2013-06-07,DIV
14774615,PCT/EP2014/000594,2014-03-08,NST
14774616,61684350,2012-08-17,PRO
14774616,61784299,2013-03-14,PRO
14774616,61885988,2013-10-02,PRO
14774616,61885990,2013-10-02,PRO
14774616,61885996,2013-10-02,PRO
14774616,61885998,2013-10-02,PRO
14774616,PCT/US14/24933,2014-03-12,NST
14774617,PCT/US2014/021870,2014-03-07,NST
14774618,PCT/US2014/025034,2014-03-12,NST
14774619,PCT/US2014/027832,2014-03-14,NST
14774620,PCT/US2014/026344,2014-03-13,NST
14774621,61784018,2013-03-14,PRO
14774621,PCT/US14/24946,2014-03-12,NST
14774623,61777659,2013-03-12,PRO
14774623,PCT/US14/23351,2014-03-11,NST
14774624,PCT/JP2014/056498,2014-03-12,NST
14774625,PCT/US2014/025527,2014-03-13,NST
14774626,PCT/EP2014/054665,2014-03-11,NST
14774627,PCT/US2014/024919,2014-03-12,NST
14774628,61776362,2013-03-11,PRO
14774628,PCT/US14/23181,2014-03-11,NST
14774629,PCT/US2014/035519,2014-04-25,NST
14774630,PCT/EP2014/000595,2014-03-08,NST
14774631,PCT/IB2013/051966,2013-03-13,NST
14774632,61778424,2013-03-13,PRO
14774632,PCT/US14/26895,2014-03-13,NST
14774633,PCT/US14/27989,2014-03-14,NST
14774633,PCT/US2013/032550,2013-03-15,CON
14774634,PCT/EP2014/053127,2014-02-18,NST
14774635,61789069,2013-03-15,PRO
14774635,PCT/US14/27298,2014-03-14,NST
14774636,PCT/US2014/020874,2014-03-05,NST
14774637,PCT/US2014/025334,2014-03-13,NST
14774638,PCT/US14/27946,2014-03-14,NST
14774638,PCT/US2013/032550,2013-03-15,CON
14774639,PCT/US2014/031869,2014-03-26,NST
14774640,PCT/US2014/025035,2014-03-12,NST
14774641,61788420,2013-03-15,PRO
14774641,61791157,2013-03-15,PRO
14774641,PCT/US14/24992,2014-03-12,NST
14774642,PCT/US14/28216,2014-03-14,NST
14774642,PCT/US2013/032566,2013-03-15,CON
14774643,61784395,2013-03-14,PRO
14774643,61824762,2013-05-17,PRO
14774643,61857059,2013-07-22,PRO
14774643,PCT/US14/28833,2014-03-14,NST
14774644,PCT/US2014/028900,2014-03-14,NST
14774645,PCT/US2014/026584,2014-03-13,NST
14774646,PCT/EP2014/054909,2014-03-13,NST
14774647,PCT/US2014/029379,2014-03-14,NST
14774648,61786103,2013-03-14,PRO
14774648,PCT/US14/27015,2014-03-14,NST
14774649,PCT/US2014/028612,2014-03-14,NST
14774650,PCT/EP2014/054712,2014-03-11,NST
14774651,PCT/EP2014/054912,2014-03-13,NST
14774652,61829310,2013-05-31,PRO
14774652,PCT/US14/32245,2014-03-28,NST
14774653,PCT/JP2014/053260,2014-02-13,NST
14774654,PCT/US2014/024834,2014-03-12,NST
14774655,PCT/EP2014/054913,2014-03-13,NST
14774656,PCT/US2014/026333,2014-03-13,NST
14774657,PCT/US2014/028367,2014-03-14,NST
14774658,61783605,2013-03-14,PRO
14774658,61911315,2013-12-03,PRO
14774658,PCT/US14/25977,2014-03-13,NST
14774659,61800514,2013-03-15,PRO
14774659,61801622,2013-03-15,PRO
14774659,61809713,2013-04-08,PRO
14774659,14215062,2014-03-17,CIP
14774659,14215085,2014-03-17,CIP
14774659,PCT/US14/30396,2014-03-17,NST
14774660,61778891,2013-03-13,PRO
14774660,PCT/US14/26640,2014-03-13,NST
14774661,PCT/EP2014/055710,2014-03-21,NST
14774662,61781016,2013-03-14,PRO
14774662,61858977,2013-07-26,PRO
14774662,PCT/US14/26735,2014-03-13,NST
14774663,PCT/US2014/022014,2014-03-07,NST
14774664,PCT/US14/27882,2014-03-14,NST
14774664,PCT/US2013/032498,2013-03-15,CIP
14774665,PCT/IB2014/000468,2014-03-11,NST
14774666,PCT/US2014/028163,2014-03-14,NST
14774667,PCT/JP2014/002963,2014-06-04,NST
14774668,PCT/US2014/021792,2014-03-07,NST
14774669,PCT/CN2013/081805,2013-08-19,NST
14774670,61778186,2013-03-12,PRO
14774670,PCT/US14/22342,2014-03-10,NST
14774671,PCT/EP2014/054696,2014-03-11,NST
14774672,PCT/IB2014/059583,2014-03-10,NST
14774673,61794094,2013-03-15,PRO
14774673,PCT/US14/26722,2014-03-13,NST
14774674,PCT/US2014/022566,2014-03-10,NST
14774675,PCT/US2014/021774,2014-03-07,NST
14774676,PCT/IB2014/059589,2014-03-10,NST
14774677,PCT/EP2014/052167,2014-02-04,NST
14774678,PCT/JP2014/052482,2014-02-04,NST
14774679,PCT/IB2014/059586,2014-03-10,NST
14774680,PCT/US2014/030025,2014-03-15,NST
14774681,PCT/JP2014/054851,2014-02-27,NST
14774682,61798191,2013-03-15,PRO
14774682,PCT/US14/29232,2014-03-14,NST
14774683,PCT/JP2013/057015,2013-03-13,NST
14774684,PCT/US2014/023069,2014-03-11,NST
14774685,61790364,2013-03-15,PRO
14774685,PCT/US14/26998,2014-03-14,NST
14774687,PCT/EP2014/054840,2014-03-12,NST
14774688,61792547,2013-03-15,PRO
14774688,PCT/US14/30018,2014-03-15,NST
14774689,PCT/US2014/025059,2014-03-12,NST
14774690,PCT/CN2014/073481,2014-03-14,NST
14774691,PCT/US2014/021355,2014-03-06,NST
14774692,PCT/EP2014/054535,2014-03-10,NST
14774694,PCT/EP2014/054740,2014-03-11,NST
14774695,PCT/GB2014/050746,2014-03-13,NST
14774696,PCT/KR2014/001033,2014-02-06,NST
14774697,PCT/JP2014/001141,2014-03-03,NST
14774698,PCT/JP2014/056906,2014-03-14,NST
14774699,PCT/JP2015/060792,2015-04-07,NST
14774700,PCT/JP2014/056719,2014-03-10,NST
14774701,61788401,2013-03-15,PRO
14774701,PCT/US14/25727,2014-03-13,NST
14774702,PCT/CN2014/076377,2014-04-28,NST
14774703,PCT/JP2014/056575,2014-03-12,NST
14774704,PCT/FI2015/050194,2015-03-23,NST
14774705,PCT/GB2014/050653,2014-03-05,NST
14774706,PCT/IB2014/058963,2014-02-13,NST
14774707,PCT/US2014/026949,2014-03-14,NST
14774708,PCT/EP2014/000462,2014-02-21,NST
14774709,PCT/US2014/026999,2014-03-14,NST
14774710,PCT/JP2014/056581,2014-03-12,NST
14774711,PCT/MY2014/000030,2014-03-11,NST
14774712,PCT/EP2014/058678,2014-04-29,NST
14774713,PCT/EP2014/054879,2014-03-12,NST
14774714,PCT/US2014/027807,2014-03-14,NST
14774715,61775977,2013-03-11,PRO
14774715,61917770,2013-12-18,PRO
14774715,PCT/IL14/50250,2014-03-11,NST
14774716,PCT/EP2014/055612,2014-03-20,NST
14774717,61776927,2013-03-12,PRO
14774717,PCT/US14/20206,2014-03-04,NST
14774718,PCT/US2014/022144,2014-03-07,NST
14774719,PCT/US2014/025225,2014-03-13,NST
14774720,PCT/US2014/028960,2014-03-14,NST
14774721,61777191,2013-03-12,PRO
14774721,PCT/US14/24248,2014-03-12,NST
14774722,PCT/CN2013/072631,2013-03-14,NST
14774723,PCT/US2014/025673,2014-03-13,NST
14774724,PCT/EP2014/000593,2014-03-08,NST
14774725,PCT/IL2014/050291,2014-03-13,NST
14774726,PCT/EP2014/054449,2014-03-07,NST
14774727,PCT/US2014/026071,2014-03-13,NST
14774728,PCT/EP2014/054967,2014-03-13,NST
14774729,PCT/EP2014/054947,2014-03-13,NST
14774730,61782526,2013-03-14,PRO
14774730,PCT/US14/28217,2014-03-14,NST
14774731,61852310,2013-03-15,PRO
14774731,PCT/US14/30242,2014-03-17,NST
14774732,PCT/JP2014/000632,2014-02-06,NST
14774733,PCT/US2014/020470,2014-03-05,NST
14774734,PCT/US13/30749,2013-03-13,NST
14774735,PCT/US2014/030392,2014-03-17,NST
14774736,PCT/GB2014/050722,2014-03-11,NST
14774737,PCT/EP2014/054676,2014-03-11,NST
14774738,PCT/GB2014/050723,2014-03-11,NST
14774739,PCT/EP2014/054874,2014-03-12,NST
14774740,PCT/AU2014/000259,2014-03-13,NST
14774741,PCT/IB2014/059758,2014-03-13,NST
14774742,PCT/US2014/029531,2014-03-14,NST
14774743,PCT/EP2014/054552,2014-03-10,NST
14774744,PCT/IN2014/000154,2014-03-10,NST
14774745,PCT/US2014/026239,2014-03-13,NST
14774746,PCT/GB2014/050704,2014-03-10,NST
14774747,PCT/US2014/020216,2014-03-14,NST
14774748,PCT/FR2014/000054,2014-03-12,NST
14774749,PCT/GB2014/050764,2014-03-13,NST
14774750,PCT/US2014/027442,2014-03-14,NST
14774751,PCT/EP2013/055110,2013-03-13,NST
14774752,PCT/US2014/024458,2014-03-12,NST
14774753,PCT/DE2013/200351,2013-12-11,NST
14774754,PCT/US2014/023245,2014-03-11,NST
14774755,61786833,2013-03-15,PRO
14774755,PCT/US14/24468,2014-03-12,NST
14774756,PCT/GB2014/050697,2014-03-10,NST
14774757,PCT/KR2013/008665,2013-09-27,NST
14774758,PCT/US13/30878,2013-03-13,NST
14774759,PCT/IB2013/052091,2013-03-15,NST
14774760,PCT/EP2013/055746,2013-03-20,NST
14774761,PCT/US2014/030271,2014-03-17,NST
14774762,PCT/US2014/023559,2014-03-11,NST
14774763,PCT/US2014/025456,2014-03-13,NST
14774764,PCT/US2014/023175,2014-03-11,NST
14774765,PCT/US2014/023993,2014-03-12,NST
14774766,61777273,2013-03-12,PRO
14774766,PCT/US14/21978,2014-03-07,NST
14774767,61777258,2013-03-12,PRO
14774767,PCT/US14/24409,2014-03-12,NST
14774768,PCT/JP2014/056831,2014-03-14,NST
14774769,PCT/IB2014/001232,2014-03-11,NST
14774770,PCT/JP2014/050289,2014-01-10,NST
14774771,61793168,2013-03-15,PRO
14774771,PCT/US14/29790,2014-03-14,NST
14774772,PCT/US2014/025774,2014-03-13,NST
14774773,PCT/EP2013/055174,2013-03-13,NST
14774774,PCT/JP2014/001611,2014-03-20,NST
14774775,PCT/US2014/022730,2014-03-10,NST
14774776,61785934,2013-03-14,PRO
14774776,PCT/US14/29741,2014-03-14,NST
14774777,61782615,2013-03-14,PRO
14774777,PCT/US14/28484,2014-03-14,NST
14774778,PCT/IL2014/050270,2014-03-13,NST
14774779,PCT/US2014/020958,2014-03-06,NST
14774780,PCT/FR2014/050550,2014-03-12,NST
14774781,PCT/EP2014/054899,2014-03-12,NST
14774782,PCT/US2014/023653,2014-03-11,NST
14774783,PCT/FR2014/050924,2014-04-16,NST
14774784,PCT/JP2014/056318,2014-03-11,NST
14774785,61782037,2013-03-14,PRO
14774785,PCT/US14/29144,2014-03-14,NST
14774786,PCT/JP2014/079967,2014-11-12,NST
14774787,PCT/US2014/022590,2014-03-10,NST
14774788,61781197,2013-03-14,PRO
14774788,PCT/US14/27214,2014-03-14,NST
14774789,PCT/US2014/029956,2014-03-15,NST
14774790,PCT/EP2014/054841,2014-03-12,NST
14774791,PCT/EP2014/055714,2014-03-21,NST
14774792,61790690,2013-03-15,PRO
14774792,PCT/US14/27378,2014-03-14,NST
14774793,PCT/IB2013/000881,2013-03-13,NST
14774794,61782435,2013-03-14,PRO
14774794,PCT/US14/27217,2014-03-14,NST
14774795,PCT/US2014/024021,2014-03-12,NST
14774796,61777315,2013-03-12,PRO
14774796,PCT/US14/24019,2014-03-12,NST
14774797,61785051,2013-03-14,PRO
14774797,PCT/US14/27247,2014-03-14,NST
14774798,PCT/EP2014/053599,2014-02-25,NST
14774799,PCT/EP2014/054876,2014-03-12,NST
14774801,61790594,2013-03-15,PRO
14774801,PCT/US14/28055,2014-03-14,NST
14774802,PCT/CA2014/050233,2014-03-13,NST
14774803,PCT/US2014/026498,2014-03-13,NST
14774804,PCT/FI2014/050191,2014-03-14,NST
14774805,61777405,2013-03-12,PRO
14774805,PCT/US14/23316,2014-03-11,NST
14774806,PCT/JP2014/058089,2014-03-24,NST
14774807,PCT/US2014/027462,2014-03-14,NST
14774808,PCT/US2014/025446,2014-03-13,NST
14774809,PCT/US2014/030055,2014-03-15,NST
14774810,PCT/US2014/024923,2014-03-12,NST
14774811,61779291,2013-03-13,PRO
14774811,PCT/US14/25643,2014-03-13,NST
14774812,PCT/EP2013/054829,2013-03-11,NST
14774813,61779062,2013-03-13,PRO
14774813,PCT/US14/26731,2014-03-13,NST
14774814,PCT/EP2014/054714,2014-03-11,NST
14774815,61778678,2013-03-13,PRO
14774815,61873521,2013-09-04,PRO
14774815,PCT/US14/17614,2014-02-21,NST
14774816,PCT/IB2014/059627,2014-03-11,NST
14774817,61776219,2013-03-11,PRO
14774817,PCT/US14/23330,2014-03-11,NST
14774818,PCT/DE2014/100080,2014-03-06,NST
14774819,PCT/EP2014/053369,2014-02-20,NST
14774820,PCT/GB2014/050802,2014-03-14,NST
14774821,PCT/US13/31318,2013-03-14,NST
14774822,61782721,2013-03-14,PRO
14774822,PCT/US14/27603,2014-03-14,NST
14774823,PCT/EP2014/054112,2014-03-04,NST
14774824,PCT/JP2014/053579,2014-02-17,NST
14774825,PCT/US2014/027398,2014-03-14,NST
14774826,61781842,2013-03-14,PRO
14774826,PCT/US14/28560,2014-03-14,NST
14774827,61780483,2013-03-13,PRO
14774827,PCT/US14/24788,2014-03-12,NST
14774828,PCT/EP2014/054619,2014-03-11,NST
14774829,61783636,2013-03-14,PRO
14774829,PCT/US14/21168,2014-03-06,NST
14774830,PCT/JP2014/055279,2014-03-03,NST
14774831,PCT/US2014/024048,2014-03-12,NST
14774832,PCT/US2014/028851,2014-03-14,NST
14774833,61792850,2013-03-15,PRO
14774833,PCT/US14/29907,2014-03-15,NST
14774834,61783779,2013-03-14,PRO
14774834,PCT/US14/27908,2014-03-14,NST
14774835,PCT/IB2014/001426,2014-03-14,NST
14774836,61786090,2013-03-14,PRO
14774836,PCT/US14/26385,2014-03-13,NST
14774837,PCT/CN2013/078398,2013-06-28,NST
14774838,PCT/CA2014/050245,2014-03-14,NST
14774840,PCT/EP2014/053078,2014-02-18,NST
14774841,PCT/US13/31345,2013-03-14,NST
14774842,PCT/GB2014/050617,2014-03-03,NST
14774843,61786914,2013-03-15,PRO
14774843,PCT/US14/29932,2014-03-15,NST
14774845,PCT/US2014/023639,2014-03-11,NST
14774846,PCT/EP2014/055688,2014-03-21,NST
14774847,PCT/EP2014/054209,2014-03-05,NST
14774848,PCT/US2014/020662,2014-03-05,NST
14774849,PCT/JP2014/000017,2014-01-07,NST
14774850,PCT/EP2013/074869,2013-11-27,NST
14774851,61790554,2013-03-15,PRO
14774851,PCT/US14/28657,2014-03-14,NST
14774852,61780033,2013-03-13,PRO
14774852,PCT/US14/19897,2014-03-03,NST
14774853,PCT/CN2013/072452,2013-03-12,NST
14774854,PCT/CN2013/080737,2013-08-02,NST
14774855,PCT/EP2014/055093,2014-03-14,NST
14774856,PCT/EP2013/069189,2013-09-16,NST
14774857,PCT/EP2014/055022,2014-03-13,NST
14774858,PCT/EP2014/055172,2014-03-14,NST
14774859,PCT/JP2014/056805,2014-03-13,NST
14774860,PCT/EP2014/052931,2014-02-14,NST
14774861,PCT/CA2014/000180,2014-03-06,NST
14774862,PCT/EP2014/052765,2014-02-13,NST
14774863,61780281,2013-03-13,PRO
14774863,PCT/US14/23152,2014-03-11,NST
14774864,PCT/FR2014/050421,2014-02-27,NST
14774865,PCT/GB2014/050810,2014-03-14,NST
14774866,PCT/CN2014/000258,2014-03-12,NST
14774867,PCT/EP2014/054435,2014-03-07,NST
14774868,PCT/FI2013/050275,2013-03-12,NST
14774869,PCT/IL2014/050098,2014-01-29,NST
14774870,PCT/IB2014/001035,2014-03-13,NST
14774871,61782138,2013-03-14,PRO
14774871,PCT/US14/27617,2014-03-14,NST
14774872,PCT/US13/32344,2013-03-15,NST
14774873,PCT/CN2014/073571,2014-03-18,NST
14774874,PCT/CN2014/073202,2014-03-11,NST
14774875,PCT/FI2013/050274,2013-03-12,NST
14774876,PCT/CN2013/079729,2013-07-19,NST
14774878,PCT/US2014/028162,2014-03-14,NST
14774879,PCT/US2014/023731,2014-03-11,NST
14774880,PCT/CA2014/000227,2014-03-12,NST
14774881,PCT/GB2014/050711,2014-03-10,NST
14774882,PCT/US2014/023062,2014-03-11,NST
14774883,61800926,2013-03-15,PRO
14774883,PCT/US14/30457,2014-03-17,NST
14774884,PCT/KR2014/002061,2014-03-12,NST
14774885,PCT/SE2013/050242,2013-03-14,NST
14774886,61780509,2013-03-13,PRO
14774886,PCT/US14/24901,2014-03-12,NST
14774888,PCT/FR2014/050589,2014-03-13,NST
14774889,PCT/US2014/026339,2014-03-13,NST
14774890,PCT/EP2014/054670,2014-03-11,NST
14774891,PCT/KR14/02060,2014-03-12,NST
14774892,61780758,2013-03-13,PRO
14774892,PCT/US14/25069,2014-03-12,NST
14774893,61783532,2013-03-14,PRO
14774893,PCT/US14/25526,2014-03-13,NST
14774894,61781842,2013-03-14,PRO
14774894,PCT/US14/27570,2014-03-14,NST
14774895,61806957,2013-04-01,PRO
14774895,PCT/US14/31818,2014-03-26,NST
14774896,PCT/US2014/023997,2014-03-12,NST
14774897,PCT/CN2013/082012,2013-08-21,NST
14774898,PCT/KR2014/002059,2014-03-12,NST
14774899,61778731,2013-03-13,PRO
14774899,61831730,2013-06-06,PRO
14774899,PCT/US14/16849,2014-02-18,NST
14774900,PCT/JP2014/056131,2014-03-10,NST
14774901,PCT/EP2014/054118,2014-03-04,NST
14774903,PCT/FI2014/050193,2014-03-14,NST
14774904,PCT/KR2014/002004,2014-03-11,NST
14774905,PCT/US2014/030068,2014-03-15,NST
14774906,PCT/FI2014/050173,2014-03-07,NST
14774907,PCT/US2013/075271,2013-12-16,NST
14774908,PCT/EP2014/000640,2014-03-11,NST
14774909,61800304,2013-03-15,PRO
14774909,PCT/US14/23927,2014-03-12,NST
14774910,13828479,2013-03-14,CIP
14774910,PCT/US14/29298,2014-03-14,NST
14774911,PCT/US2014/026159,2014-03-13,NST
14774912,PCT/JP2013/060639,2013-04-08,NST
14774913,PCT/US2014/028190,2014-03-14,NST
14774914,PCT/JP2014/056090,2014-03-10,NST
14774915,PCT/US2013/032294,2013-03-15,NST
14774916,61791640,2013-03-15,PRO
14774916,PCT/US14/26450,2014-03-13,NST
14774917,PCT/US2014/024267,2014-03-12,NST
14774918,PCT/US2014/030058,2014-03-15,NST
14774919,PCT/US2013/030940,2013-03-13,NST
14774920,PCT/JP2014/054396,2014-02-25,NST
14774921,61784845,2013-03-14,PRO
14774921,PCT/US14/29672,2014-03-14,NST
14774922,PCT/GB2014/050699,2014-03-10,NST
14774923,PCT/US2013/078185,2013-12-30,NST
14774924,61793788,2013-03-15,PRO
14774924,PCT/US14/29891,2014-03-15,NST
14774925,PCT/JP2014/051616,2014-01-27,NST
14774926,PCT/EP2014/052389,2014-02-07,NST
14774927,PCT/KR2014/002178,2014-03-14,NST
14774928,PCT/JP2013/081415,2013-11-21,NST
14774929,13705887,2012-12-05,CON
14774929,PCT/US13/72630,2013-12-02,NST
14774930,PCT/US2014/031109,2014-03-18,NST
14774931,61783063,2013-03-14,PRO
14774931,PCT/US14/26976,2014-03-14,NST
14774932,PCT/CN2013/081776,2013-08-19,NST
14774933,PCT/US2014/031828,2014-03-26,NST
14774934,PCT/CN2014/073543,2014-03-17,NST
14774935,PCT/US2014/029021,2014-03-14,NST
14774936,PCT/US2014/023497,2014-03-11,NST
14774937,PCT/US2014/029285,2014-03-14,NST
14774938,PCT/IL2014/050261,2014-03-13,NST
14774939,PCT/JP2014/055228,2014-03-03,NST
14774940,PCT/EP2014/054067,2014-03-03,NST
14774941,PCT/NL14/50155,2014-03-14,NST
14774942,PCT/US2014/028577,2014-03-14,NST
14774943,PCT/US2014/023275,2014-03-11,NST
14774944,PCT/US2014/025687,2014-03-13,NST
14774945,PCT/KR2015/001908,2015-02-27,NST
14774946,PCT/EP2014/054995,2014-03-13,NST
14774947,PCT/GB2014/050727,2014-03-12,NST
14774948,PCT/US2014/021110,2014-03-06,NST
14774949,61783241,2013-03-14,PRO
14774949,PCT/US14/22638,2014-03-10,NST
14774951,PCT/EP2014/054647,2014-03-11,NST
14774952,PCT/US2014/030405,2014-03-17,NST
14774953,PCT/US2014/024319,2014-03-12,NST
14774954,61784256,2013-03-14,PRO
14774954,PCT/US14/28091,2014-03-14,NST
14774955,PCT/FI2014/050221,2014-03-27,NST
14774956,61798843,2013-03-15,PRO
14774956,PCT/US14/30442,2014-03-17,NST
14774958,61781472,2013-03-14,PRO
14774958,PCT/US14/23386,2014-03-11,NST
14774959,PCT/US2014/024288,2014-03-12,NST
14774960,PCT/US2014/025970,2014-03-13,NST
14774961,61776117,2013-03-11,PRO
14774961,PCT/US14/23400,2014-03-11,NST
14774962,61782994,2013-03-14,PRO
14774962,PCT/US14/20299,2014-03-04,NST
14774963,61787538,2013-03-15,PRO
14774963,PCT/US14/25420,2014-03-13,NST
14774964,PCT/US2014/024735,2014-03-12,NST
14774965,PCT/EP2014/054413,2014-03-07,NST
14774966,PCT/US2014/020239,2014-03-04,NST
14774967,PCT/IN2014/000160,2014-03-12,NST
14774968,PCT/CN2014/073194,2014-03-11,NST
14774969,PCT/IB2014/059614,2014-03-11,NST
14774970,61786708,2013-03-15,PRO
14774970,PCT/US14/23235,2014-03-11,NST
14774971,61785293,2013-03-14,PRO
14774971,PCT/US14/28846,2014-03-14,NST
14774972,61829735,2013-05-31,PRO
14774972,PCT/US14/40083,2014-05-29,NST
14774973,PCT/EP2014/054383,2014-06-04,NST
14774974,PCT/US2014/026377,2014-03-13,NST
14774975,61791073,2013-03-15,PRO
14774975,PCT/US14/26372,2014-03-13,NST
14774976,PCT/EP2014/054732,2014-03-11,NST
14774977,PCT/EP2014/054543,2014-03-10,NST
14774978,61798533,2013-03-15,PRO
14774978,PCT/US14/28923,2014-03-14,NST
14774979,PCT/JP14/56324,2014-03-11,NST
14774980,PCT/EP2014/055175,2014-03-14,NST
14774981,PCT/GB2014/050775,2014-03-14,NST
14774982,61851934,2013-03-14,PRO
14774982,61852176,2013-03-15,PRO
14774982,PCT/US14/24465,2014-03-12,NST
14774983,PCT/NL2014/050133,2014-03-06,NST
14774984,61778928,2013-03-13,PRO
14774984,PCT/US14/20537,2014-03-05,NST
14774985,PCT/US2014/037806,2014-05-13,NST
14774986,PCT/US2014/030208,2014-03-17,NST
14774987,PCT/JP2014/059778,2014-04-02,NST
14774988,61811034,2013-04-11,PRO
14774988,PCT/US14/32563,2014-04-01,NST
14774989,PCT/JP14/60223,2014-04-08,NST
14774990,61784250,2013-03-14,PRO
14774990,PCT/US13/72929,2013-12-03,NST
14774991,PCT/SE2014/050468,2014-04-15,NST
14774992,PCT/US2014/022446,2014-03-10,NST
14774993,PCT/CN2013/078408,2013-06-28,NST
14774994,PCT/CN2013/072629,2013-03-14,NST
14774995,PCT/CN2013/081978,2013-08-21,NST
14774996,PCT/US2014/025050,2014-03-12,NST
14774997,PCT/DE2014/100088,2014-03-13,NST
14774998,61779427,2013-03-13,PRO
14774998,PCT/US14/24299,2014-03-12,NST
14774999,61778408,2013-03-12,PRO
14774999,PCT/US14/24074,2014-03-12,NST
14775000,PCT/CA2014/000208,2014-03-13,NST
14775001,PCT/GB2014/050743,2014-03-12,NST
14775002,PCT/US2014/023260,2014-03-11,NST
14775003,PCT/EP2014/055053,2014-03-14,NST
14775004,PCT/JP2014/056633,2014-03-13,NST
14775005,PCT/US2014/026359,2014-03-13,NST
14775007,PCT/NZ2014/000036,2014-03-14,NST
14775008,PCT/IB2014/059619,2014-03-11,NST
14775009,PCT/NL2014/050148,2014-03-12,NST
14775010,PCT/US2014/027079,2014-03-14,NST
14775011,PCT/IB2014/059402,2014-03-03,NST
14775012,PCT/GB2014/000096,2014-03-14,NST
14775013,PCT/JP2014/056440,2014-03-12,NST
14775014,PCT/KR2013/005645,2013-06-26,NST
14775015,PCT/US2014/023346,2014-03-11,NST
14775016,PCT/US2014/023369,2014-03-11,NST
14775017,PCT/EP2014/054408,2014-03-07,NST
14775018,61779485,2013-03-13,PRO
14775018,PCT/US14/20587,2014-03-05,NST
14775019,PCT/JP2014/056416,2014-03-12,NST
14775020,PCT/EP2014/055088,2014-03-14,NST
14775021,PCT/KR2014/001978,2014-03-11,NST
14775022,PCT/KR2013/006748,2013-07-26,NST
14775023,PCT/US2014/027776,2014-03-14,NST
14775024,PCT/US2013/036617,2013-04-15,NST
14775025,61781373,2013-03-14,PRO
14775025,PCT/US14/18616,2014-02-26,NST
14775026,61782096,2013-03-14,PRO
14775026,PCT/US14/27704,2014-03-14,NST
14775028,PCT/DE2014/200143,2014-03-27,NST
14775029,PCT/IB2014/059647,2014-03-12,NST
14775030,PCT/KR2014/002072,2014-03-12,NST
14775031,PCT/US2013/078186,2013-12-30,NST
14775032,PCT/US2014/023283,2014-03-11,NST
14775033,PCT/IN2014/000155,2014-03-10,NST
14775034,PCT/JP2014/056678,2014-03-13,NST
14775035,PCT/US2014/024657,2014-03-12,NST
14775036,PCT/EP2014/054838,2014-03-12,NST
14775037,PCT/KR2014/002062,2014-03-12,NST
14775038,PCT/US2014/022591,2014-03-10,NST
14775039,61777629,2013-03-12,PRO
14775039,PCT/US14/23703,2014-03-11,NST
14775040,PCT/JP2014/056256,2014-03-11,NST
14775041,61783195,2013-03-14,PRO
14775041,PCT/US14/25491,2014-03-13,NST
14775042,61778856,2013-03-13,PRO
14775042,61836702,2013-06-19,PRO
14775042,PCT/US14/16876,2014-02-18,NST
14775043,PCT/JP2014/056320,2014-03-11,NST
14775044,61779408,2013-03-13,PRO
14775044,61875418,2013-09-09,PRO
14775044,61941825,2014-02-19,PRO
14775044,PCT/US14/25520,2014-03-13,NST
14775045,PCT/EP2014/054829,2014-03-12,NST
14775046,PCT/GB2014/050765,2014-03-13,NST
14775047,61799952,2013-03-15,PRO
14775047,PCT/US14/29479,2014-03-14,NST
14775048,PCT/IB2014/000301,2014-03-12,NST
14775049,PCT/US2014/026203,2014-03-13,NST
14775050,PCT/US2014/027154,2014-03-14,NST
14775051,PCT/NO2014/050041,2014-03-19,NST
14775052,61782630,2013-03-14,PRO
14775052,PCT/US14/24504,2014-03-12,NST
14775053,61783000,2013-03-14,PRO
14775053,PCT/US14/20649,2014-03-05,NST
14775055,61782141,2013-03-14,PRO
14775055,PCT/US14/18592,2014-02-26,NST
14775056,PCT/IB2014/000454,2014-02-20,NST
14775057,PCT/GB2014/000095,2014-03-13,NST
14775058,PCT/IB2014/059916,2014-03-18,NST
14775059,61787451,2013-03-15,PRO
14775059,PCT/US14/24516,2014-03-12,NST
14775060,PCT/US2014/027840,2014-03-14,NST
14775061,61777085,2013-03-12,PRO
14775061,PCT/US14/24638,2014-03-12,NST
14775062,PCT/JP2014/052237,2014-01-31,NST
14775063,PCT/JP2014/052119,2014-01-30,NST
14775064,PCT/JP2014/061166,2014-04-21,NST
14775065,PCT/US2014/018881,2014-02-27,NST
14775066,PCT/IB2014/059729,2014-03-13,NST
14775067,61791730,2013-03-15,PRO
14775067,PCT/US14/24391,2014-03-12,NST
14775068,PCT/CA2014/000209,2014-03-13,NST
14775069,61801792,2013-03-15,PRO
14775069,PCT/US14/29341,2014-03-14,NST
14775070,PCT/US2014/023167,2014-03-11,NST
14775071,PCT/US13/35616,2013-04-08,NST
14775072,61791774,2013-03-15,PRO
14775072,PCT/US14/24379,2014-03-12,NST
14775073,61803780,2013-03-20,PRO
14775073,PCT/US14/31373,2014-03-20,NST
14775074,PCT/EP2014/055034,2014-03-13,NST
14775075,PCT/JP2014/053852,2014-02-19,NST
14775076,PCT/NL2014/050146,2014-03-11,NST
14775077,PCT/KR2013/011670,2013-12-16,NST
14775078,PCT/US2014/024158,2014-03-12,NST
14775079,PCT/US2014/026486,2014-03-13,NST
14775080,PCT/JP2014/056943,2014-03-14,NST
14775081,PCT/JP2014/056547,2014-03-12,NST
14775082,PCT/US14/29403,2014-03-14,NST
14775083,PCT/US2014/022922,2014-03-11,NST
14775084,61784367,2013-03-14,PRO
14775084,PCT/US14/23557,2014-03-11,NST
14775085,PCT/US2014/030030,2014-03-15,NST
14775086,PCT/EP2014/054694,2014-03-11,NST
14775087,61788942,2013-03-15,PRO
14775087,PCT/US14/25348,2014-03-13,NST
14775088,PCT/EP14/54998,2014-03-13,NST
14775089,61794417,2013-03-15,PRO
14775089,PCT/US14/29976,2014-03-15,NST
14775090,61781532,2013-03-14,PRO
14775090,PCT/US14/26054,2014-03-13,NST
14775091,PCT/KR2014/002367,2014-03-20,NST
14775092,PCT/KR2014/002005,2014-03-11,NST
14775093,61785724,2013-03-14,PRO
14775093,PCT/US14/28605,2014-03-14,NST
14775094,PCT/US2014/025791,2014-03-13,NST
14775095,PCT/US2014/020228,2014-03-04,NST
14775096,PCT/US2014/021745,2014-03-07,NST
14775097,PCT/GB2014/050628,2014-03-04,NST
14775098,61790876,2013-03-15,PRO
14775098,61818569,2013-05-02,PRO
14775098,PCT/US14/27836,2014-03-14,NST
14775099,PCT/JP2014/000666,2014-02-07,NST
14775100,PCT/US2013/030155,2013-03-11,NST
14775101,61793917,2013-03-15,PRO
14775101,PCT/US14/30491,2014-03-17,NST
14775102,PCT/US2014/024450,2014-03-12,NST
14775103,PCT/US2014/024531,2014-03-12,NST
14775104,PCT/US2014/027018,2014-03-14,NST
14775105,61779576,2013-03-13,PRO
14775105,61788880,2013-03-15,PRO
14775105,PCT/US14/10284,2014-01-06,NST
14775106,PCT/EP2014/000636,2014-03-11,NST
14775107,PCT/CN2013/089782,2013-12-18,NST
14775108,PCT/EP2014/055055,2014-03-14,NST
14775109,61791045,2013-03-15,PRO
14775109,PCT/US14/28469,2014-03-14,NST
14775110,PCT/JP2014/057021,2014-03-11,NST
14775111,PCT/JP2014/056044,2014-03-07,NST
14775112,PCT/JP2014/056517,2014-03-12,NST
14775113,61789612,2013-03-15,PRO
14775113,PCT/US14/27243,2014-03-14,NST
14775114,PCT/JP2014/052867,2014-02-07,NST
14775115,PCT/DK2014/050052,2014-03-10,NST
14775116,PCT/EP2014/054686,2014-03-11,NST
14775117,PCT/US14/28714,2014-03-14,NST
14775118,PCT/US2014/023640,2014-03-11,NST
14775119,61798475,2013-03-15,PRO
14775119,PCT/US2014/022461,2014-03-10,NST
14775120,PCT/GB2014/000093,2014-03-12,NST
14775121,PCT/JP2014/055951,2014-03-07,NST
14775122,61798845,2013-03-15,PRO
14775122,PCT/US14/28555,2014-03-14,NST
14775123,61790974,2013-03-15,PRO
14775123,PCT/US14/25764,2014-03-13,NST
14775124,PCT/JP2013/083813,2013-12-18,NST
14775125,PCT/US2013/032375,2013-03-15,NST
14775126,PCT/US2014/028001,2014-03-14,NST
14775127,PCT/CN2013/090321,2013-12-24,NST
14775128,PCT/JP2013/078456,2013-10-21,NST
14775129,PCT/US2014/026108,2014-03-13,NST
14775130,PCT/JP2014/054220,2014-02-21,NST
14775131,PCT/JP2014/056276,2014-03-11,NST
14775132,PCT/JP2014/056181,2014-03-10,NST
14775133,61799726,2013-03-15,PRO
14775133,PCT/US14/30224,2014-03-17,NST
14775134,61817493,2013-04-30,PRO
14775134,PCT/US14/22630,2014-03-10,NST
14775135,61791972,2013-03-15,PRO
14775135,PCT/US14/26825,2014-03-13,NST
14775136,PCT/CA2014/000273,2014-03-13,NST
14775137,PCT/JP2014/056920,2014-03-14,NST
14775138,61782606,2013-03-14,PRO
14775138,PCT/US14/28926,2014-03-14,NST
14775139,PCT/US2014/025511,2014-03-13,NST
14775140,PCT/IB2013/000930,2013-03-15,NST
14775141,PCT/FR2014/050566,2014-03-12,NST
14775142,61783288,2013-03-14,PRO
14775142,PCT/US14/28764,2014-03-14,NST
14775143,PCT/FR2014/050822,2014-04-07,NST
14775144,PCT/US2014/027644,2014-03-14,NST
14775145,PCT/SG2014/000119,2014-03-12,NST
14775146,61785808,2013-03-14,PRO
14775146,PCT/US14/26425,2014-03-13,NST
14775147,61777780,2013-03-12,PRO
14775147,PCT/US14/24101,2014-03-12,NST
14775148,PCT/CN2013/072553,2013-03-13,NST
14775149,PCT/US2014/029422,2014-03-14,NST
14775150,61782003,2013-03-14,PRO
14775150,PCT/US14/26406,2014-03-13,NST
14775151,61793433,2013-03-15,PRO
14775151,PCT/US14/26853,2014-03-13,NST
14775152,PCT/IL2014/050287,2014-03-13,NST
14775153,PCT/US13/35945,2013-04-10,NST
14775154,61779845,2013-03-13,PRO
14775154,61792613,2013-03-15,PRO
14775154,PCT/US14/25277,2014-03-13,NST
14775155,61801009,2013-03-15,PRO
14775155,PCT/US14/27446,2014-03-14,NST
14775156,61786197,2013-03-14,PRO
14775156,61873747,2013-09-04,PRO
14775156,PCT/CA2014/000261,2014-03-14,NST
14775157,PCT/EP2014/057429,2014-04-11,NST
14775158,61783669,2013-03-14,PRO
14775158,PCT/US14/28398,2014-03-14,NST
14775159,PCT/US2014/023519,2014-03-11,NST
14775160,PCT/JP2014/056865,2014-03-14,NST
14775161,PCT/JP2014/056672,2014-03-13,NST
14775162,61780050,2013-03-13,PRO
14775162,PCT/US14/26033,2014-03-13,NST
14775163,PCT/EP2014/054580,2014-03-10,NST
14775164,61782878,2013-03-14,PRO
14775164,PCT/US14/28757,2014-03-14,NST
14775165,PCT/FR2014/050567,2014-03-12,NST
14775166,61802613,2013-03-16,PRO
14775166,PCT/US14/26019,2014-03-13,NST
14775167,PCT/JP2014/001252,2014-03-06,NST
14775168,61781841,2013-03-14,PRO
14775168,PCT/US14/25682,2014-03-13,NST
14775169,PCT/KR2014/002053,2014-03-12,NST
14775170,PCT/JP2014/057209,2014-03-17,NST
14775171,PCT/EP2013/055183,2013-03-13,NST
14775172,PCT/US2014/023664,2014-03-11,NST
14775173,61785708,2013-03-14,PRO
14775173,PCT/US14/27194,2014-03-14,NST
14775174,PCT/JP14/56310,2014-03-11,NST
14775175,61781048,2013-03-14,PRO
14775175,PCT/US14/29009,2014-03-14,NST
14775176,PCT/JP2014/056518,2014-03-12,NST
14775177,61794554,2013-03-15,PRO
14775177,PCT/US14/28491,2014-03-14,NST
14775178,PCT/IB2013/000379,2013-03-13,NST
14775179,61779746,2013-03-13,PRO
14775179,PCT/US14/26062,2014-03-13,NST
14775180,61779718,2013-03-13,PRO
14775180,PCT/US14/24528,2014-03-12,NST
14775181,PCT/FR2014/050601,2014-03-14,NST
14775182,PCT/GB2014/050716,2014-03-11,NST
14775183,PCT/US2014/023362,2014-03-11,NST
14775184,PCT/JP2014/056516,2014-03-12,NST
14775185,PCT/US2014/026547,2014-03-13,NST
14775186,PCT/EP2014/055037,2014-03-13,NST
14775187,PCT/GB2014/050788,2014-03-14,NST
14775188,61789179,2013-03-15,PRO
14775188,PCT/US14/23337,2014-03-11,NST
14775189,PCT/KR2014/002007,2014-03-11,NST
14775190,61801865,2013-03-15,PRO
14775190,PCT/US14/30001,2014-03-15,NST
14775191,PCT/EP2013/055234,2013-03-14,NST
14775192,PCT/CA2014/000247,2014-03-14,NST
14775193,61793580,2013-03-15,PRO
14775193,PCT/US14/30201,2014-03-17,NST
14775194,PCT/JP2014/053866,2014-02-19,NST
14775195,PCT/CA2014/050208,2014-03-11,NST
14775196,PCT/US2014/023045,2014-03-11,NST
14775197,61798109,2013-03-15,PRO
14775197,PCT/US14/28874,2014-03-14,NST
14775198,61781514,2013-03-14,PRO
14775198,PCT/US14/27032,2014-03-14,NST
14775199,PCT/US14/23804,2014-03-11,NST
14775200,61792161,2013-03-15,PRO
14775200,61830950,2013-06-04,PRO
14775200,61883732,2013-09-27,PRO
14775200,61909687,2013-11-27,PRO
14775200,PCT/US14/29636,2014-03-14,NST
14775201,PCT/US2014/023529,2014-03-11,NST
14775202,PCT/EP2014/051364,2014-01-24,NST
14775203,PCT/US2014/019871,2014-03-03,NST
14775204,61779271,2013-03-13,PRO
14775204,PCT/US14/24172,2014-03-12,NST
14775205,61776440,2013-03-11,PRO
14775205,PCT/US14/22479,2014-03-10,NST
14775206,PCT/EP2014/055650,2014-03-20,NST
14775207,PCT/JP2014/055315,2014-03-03,NST
14775208,PCT/EP2014/055154,2014-03-14,NST
14775209,PCT/JP2014/056520,2014-03-12,NST
14775210,PCT/EP2013/075841,2013-12-06,NST
14775211,61789995,2013-03-15,PRO
14775211,PCT/US14/27663,2014-03-14,NST
14775212,PCT/EP2013/055182,2013-03-13,NST
14775213,PCT/US2014/029062,2014-03-14,NST
14775214,61780392,2013-03-13,PRO
14775214,PCT/US14/26651,2014-03-13,NST
14775215,61782292,2013-03-14,PRO
14775215,PCT/US14/29294,2014-03-14,NST
14775216,PCT/US2014/028284,2014-03-14,NST
14775217,61783606,2013-03-14,PRO
14775217,PCT/US14/28825,2014-03-14,NST
14775218,13551050,2012-07-17,CIP
14775218,13562221,2012-07-30,CIP
14775218,13584618,2012-08-13,CIP
14775218,13621530,2012-09-17,CIP
14775218,61786049,2013-03-14,PRO
14775218,14045764,2013-10-03,CIP
14775218,PCT/US14/29704,2014-03-14,NST
14775218,PCT/US2013/073326,2013-12-05,CIP
14775219,PCT/GB2014/050768,2014-03-13,NST
14775220,61777657,2013-03-12,PRO
14775220,61777927,2013-03-12,PRO
14775220,PCT/US14/25114,2014-03-12,NST
14775221,61791262,2013-03-15,PRO
14775221,PCT/US14/26464,2014-03-13,NST
14775222,PCT/JP2014/056979,2014-03-14,NST
14775223,PCT/EP2014/050351,2014-01-10,NST
14775224,61778471,2013-03-13,PRO
14775224,PCT/US14/23087,2014-03-11,NST
14775225,PCT/EP2014/051791,2014-01-30,NST
14775226,PCT/JP2014/058282,2014-03-25,NST
14775227,61779821,2013-03-13,PRO
14775227,PCT/US14/25767,2014-03-13,NST
14775228,61792457,2013-03-15,PRO
14775228,PCT/US14/27724,2014-03-14,NST
14775229,PCT/US2014/027912,2014-03-14,NST
14775230,61782996,2013-03-14,PRO
14775230,PCT/US14/28087,2014-03-14,NST
14775231,61780059,2013-03-13,PRO
14775231,PCT/US14/26641,2014-03-13,NST
14775232,PCT/US2014/029583,2014-03-14,NST
14775233,PCT/US2014/024512,2014-03-12,NST
14775234,61784544,2013-03-14,PRO
14775234,PCT/US14/21037,2014-03-06,NST
14775235,PCT/IB2014/059740,2014-03-13,NST
14775236,61782937,2013-03-14,PRO
14775236,PCT/US14/29428,2014-03-14,NST
14775237,PCT/EP2014/055326,2014-03-17,NST
14775238,PCT/CN2013/078390,2013-06-28,NST
14775239,PCT/EP2014/054630,2014-03-11,NST
14775240,PCT/IB2014/059515,2014-03-07,NST
14775241,PCT/RU2013/000988,2013-11-08,NST
14775242,61778756,2013-03-13,PRO
14775242,PCT/US14/20787,2014-03-05,NST
14775243,61784038,2013-03-14,PRO
14775243,61815366,2013-04-24,PRO
14775243,PCT/US14/25937,2014-03-13,NST
14775244,PCT/FR2014/050813,2014-04-03,NST
14775245,PCT/EP2014/055827,2014-03-27,NST
14775246,PCT/US2014/029750,2014-03-14,NST
14775247,61800534,2013-03-15,PRO
14775247,PCT/US14/29556,2014-03-14,NST
14775248,PCT/CA2014/000252,2014-03-14,NST
14775249,PCT/EP2014/054190,2014-03-04,NST
14775250,PCT/KR2013/007515,2013-08-22,NST
14775251,PCT/JP2014/056461,2014-03-12,NST
14775252,PCT/US2013/030867,2013-03-13,NST
14775253,PCT/EP2014/054917,2014-03-13,NST
14775254,PCT/US14/23214,2014-03-11,NST
14775255,61798187,2013-03-15,PRO
14775255,PCT/US14/29633,2014-03-14,NST
14775256,PCT/JP2014/001079,2014-02-27,NST
14775257,61784118,2013-03-14,PRO
14775257,PCT/US14/27691,2014-03-14,NST
14775258,PCT/US2013/031480,2013-03-14,NST
14775259,PCT/JP2013/057128,2013-03-14,NST
14775260,PCT/FR2014/000053,2014-03-12,NST
14775261,61785345,2013-03-14,PRO
14775261,PCT/US14/26675,2014-03-13,NST
14775262,PCT/DK2013/000052,2013-08-27,NST
14775263,PCT/EP2014/053753,2014-02-26,NST
14775264,PCT/EP2014/050348,2014-01-10,NST
14775265,PCT/JP2014/058144,2014-03-13,NST
14775266,PCT/US2013/072932,2013-12-03,NST
14775267,PCT/CA2014/000204,2014-03-11,NST
14775268,61785815,2013-03-14,PRO
14775268,PCT/US14/27922,2014-03-14,NST
14775269,61781064,2013-03-14,PRO
14775269,PCT/US14/23994,2014-03-12,NST
14775270,PCT/US13/30523,2013-03-12,NST
14775271,PCT/US2014/020552,2014-03-05,NST
14775272,61785356,2013-03-14,PRO
14775272,PCT/US14/25492,2014-03-13,NST
14775273,61776180,2013-03-11,PRO
14775273,PCT/US14/23190,2014-03-11,NST
14775274,PCT/JP14/56601,2014-03-13,NST
14775275,PCT/US2014/024763,2014-03-12,NST
14775276,PCT/JP2014/056661,2014-03-13,NST
14775277,PCT/GB2014/050754,2014-03-13,NST
14775278,PCT/US2014/022670,2014-03-10,NST
14775279,61851953,2013-03-13,PRO
14775279,61854969,2013-05-06,PRO
14775279,61956580,2013-06-11,PRO
14775279,PCT/US14/25743,2014-03-13,NST
14775280,PCT/JP2013/058420,2013-03-22,NST
14775281,PCT/US2014/022435,2014-03-10,NST
14775282,61779643,2013-03-13,PRO
14775282,PCT/US14/25274,2014-03-13,NST
14775283,PCT/US2014/021498,2014-03-07,NST
14775284,PCT/US2014/022561,2014-03-10,NST
14775285,PCT/JP2014/054299,2014-02-24,NST
14775287,61785807,2013-03-14,PRO
14775287,PCT/US14/27694,2014-03-14,NST
14775288,PCT/US2014/027573,2014-03-14,NST
14775289,PCT/US2014/023262,2014-03-11,NST
14775290,61783464,2013-03-14,PRO
14775290,PCT/US14/28064,2014-03-14,NST
14775291,61778670,2013-03-13,PRO
14775291,PCT/US14/26329,2014-03-13,NST
14775292,PCT/FR2014/050391,2014-02-25,NST
14775293,PCT/US2013/032184,2013-03-15,NST
14775294,61798241,2013-03-15,PRO
14775294,PCT/US14/28661,2014-03-14,NST
14775295,PCT/JP2014/055143,2014-02-28,NST
14775296,61794544,2013-03-15,PRO
14775296,PCT/US14/27158,2014-03-14,NST
14775297,61783969,2013-03-14,PRO
14775297,PCT/US14/27288,2014-03-14,NST
14775298,PCT/US2014/023532,2014-03-11,NST
14775299,61785335,2013-03-14,PRO
14775299,PCT/US13/72936,2013-12-03,NST
14775300,61800856,2013-03-15,PRO
14775300,PCT/US14/28949,2014-03-14,NST
14775301,PCT/EP2014/054885,2014-03-12,NST
14775302,PCT/US2014/029202,2014-03-14,NST
14775303,PCT/JP2014/051245,2014-01-22,NST
14775304,PCT/EP2014/054769,2014-03-12,NST
14775305,PCT/JP2014/055769,2014-03-06,NST
14775306,61733867,2012-12-05,PRO
14775306,PCT/US13/73326,2013-12-05,CON
14775306,PCT/US14/29726,2014-03-14,NST
14775307,PCT/CN2013/072647,2013-03-14,NST
14775308,PCT/GB2014/050714,2014-03-11,NST
14775309,61776977,2013-03-12,PRO
14775309,PCT/US14/24346,2014-03-12,NST
14775310,PCT/EP2014/055178,2014-03-14,NST
14775311,PCT/CN2014/089585,2014-10-27,NST
14775312,PCT/JP2014/056910,2014-03-14,NST
14775313,PCT/US2014/022494,2014-03-10,NST
14775314,61781489,2013-03-14,PRO
14775314,PCT/US14/19458,2014-02-28,NST
14775315,61779917,2013-03-13,PRO
14775315,PCT/US14/25544,2014-03-13,NST
14775316,PCT/EP2014/054922,2014-03-13,NST
14775317,61824947,2013-05-17,PRO
14775317,61824951,2013-05-17,PRO
14775317,61824953,2013-05-17,PRO
14775317,61824955,2013-05-17,PRO
14775317,PCT/US14/10086,2014-01-02,NST
14775318,PCT/US2014/026173,2014-03-13,NST
14775319,61778172,2013-03-12,PRO
14775319,PCT/US14/23973,2014-03-12,NST
14775320,PCT/IB2014/059685,2014-03-12,NST
14775321,PCT/JP2014/001316,2014-03-10,NST
14775322,PCT/CA2014/050219,2014-03-12,NST
14775323,PCT/US2014/027788,2014-03-14,NST
14775325,PCT/US2014/025231,2014-03-13,NST
14775326,PCT/JP2014/055930,2014-03-07,NST
14775327,PCT/EP2014/053712,2014-02-26,NST
14775328,61777519,2013-03-12,PRO
14775328,PCT/US14/23967,2014-03-12,NST
14775329,PCT/CN2013/072674,2013-03-15,NST
14775330,61778073,2013-03-12,PRO
14775330,61914605,2013-12-11,PRO
14775330,PCT/US14/24561,2014-03-12,NST
14775331,PCT/JP2014/056118,2014-03-10,NST
14775332,PCT/JP2014/053366,2014-02-13,NST
14775333,PCT/JP2014/056592,2014-03-06,NST
14775334,PCT/SE2013/050239,2013-03-14,NST
14775335,PCT/CN2014/074963,2014-04-09,NST
14775336,PCT/GB2014/050812,2014-03-14,NST
14775337,61789836,2013-03-15,PRO
14775337,PCT/US14/28801,2014-03-14,NST
14775338,61783287,2013-03-14,PRO
14775338,PCT/US14/25281,2014-03-13,NST
14775339,61785384,2013-03-14,PRO
14775339,61860809,2013-07-31,PRO
14775339,PCT/US14/26692,2014-03-13,NST
14775340,61780373,2013-03-13,PRO
14775340,PCT/US14/26069,2014-03-13,NST
14775341,61799378,2013-03-15,PRO
14775341,PCT/US14/27569,2014-03-14,NST
14775342,61786212,2013-03-14,PRO
14775342,PCT/US14/29447,2014-03-14,NST
14775343,PCT/US2014/026053,2014-03-13,NST
14775344,13803634,2013-03-14,CON
14775344,PCT/US14/25286,2014-03-13,NST
14775345,PCT/US2014/023059,2014-03-11,NST
14775346,PCT/US2014/024404,2014-03-12,NST
14775347,61792165,2013-03-15,PRO
14775347,PCT/US14/27700,2014-03-14,NST
14775348,61788194,2013-03-15,PRO
14775348,PCT/US14/27208,2014-03-14,NST
14775350,PCT/EP2014/054886,2014-03-12,NST
14775351,PCT/US2014/029257,2014-03-14,NST
14775352,PCT/GB2014/050693,2014-03-10,NST
14775353,61800719,2013-03-15,PRO
14775353,PCT/US14/26788,2014-03-13,NST
14775354,PCT/US2014/023263,2014-03-11,NST
14775355,PCT/IB2014/059517,2014-03-07,NST
14775356,PCT/EP2014/054617,2014-03-11,NST
14775357,61784681,2013-03-14,PRO
14775357,PCT/US14/27589,2014-03-14,NST
14775358,61782646,2013-03-14,PRO
14775358,61807036,2013-04-01,PRO
14775358,61921585,2013-12-30,PRO
14775358,PCT/US14/28803,2014-03-14,NST
14775359,61777890,2013-03-12,PRO
14775359,PCT/US14/22689,2014-03-10,NST
14775360,61780477,2013-03-13,PRO
14775360,PCT/US14/24630,2014-03-12,NST
14775361,61783027,2013-03-14,PRO
14775361,61918476,2013-12-19,PRO
14775361,PCT/US14/28151,2014-03-14,NST
14775362,PCT/EP2014/000577,2014-03-06,NST
14775363,61802322,2013-03-15,PRO
14775363,PCT/US2014/029842,2014-03-14,NST
14775364,61790485,2013-03-15,PRO
14775364,PCT/US14/28711,2014-03-14,NST
14775365,13797418,2013-03-12,CIP
14775365,PCT/US13/49065,2013-07-02,NST
14775366,PCT/US2014/024938,2014-03-12,NST
14775367,PCT/JP2013/057499,2013-03-15,NST
14775368,PCT/EP2014/054655,2014-03-11,NST
14775369,PCT/JP2014/056474,2014-03-12,NST
14775370,PCT/EP2014/055116,2014-03-14,NST
14775372,PCT/CA2013/000259,2013-03-15,NST
14775373,PCT/CA2014/050210,2014-03-11,NST
14775374,PCT/EP2014/055173,2014-03-14,NST
14775375,PCT/DK2014/050068,2014-03-20,NST
14775376,61788484,2013-03-15,PRO
14775376,PCT/US14/16720,2014-02-17,NST
14775377,PCT/GB2014/050631,2014-03-03,NST
14775378,PCT/US2014/023122,2014-03-11,NST
14775379,61783983,2013-03-14,PRO
14775379,PCT/US14/25715,2014-03-13,NST
14775380,PCT/IL14/50280,2014-03-13,NST
14775381,PCT/US2014/023401,2014-03-11,NST
14775382,PCT/US2014/024629,2014-03-12,NST
14775383,PCT/JP2014/059371,2014-03-28,NST
14775384,PCT/EP2013/055533,2013-03-18,NST
14775385,PCT/US2014/029242,2014-03-14,NST
14775386,PCT/US2014/027419,2014-03-14,NST
14775388,61783674,2013-03-14,PRO
14775388,PCT/US14/27316,2014-03-14,NST
14775389,PCT/JP2014/052656,2014-02-05,NST
14775390,PCT/JP2014/056978,2014-03-14,NST
14775391,PCT/JP2014/001019,2014-02-26,NST
14775392,61793325,2013-03-15,PRO
14775392,PCT/US14/27940,2014-03-14,NST
14775393,PCT/US2014/024615,2014-03-12,NST
14775394,PCT/EP2014/055015,2014-03-13,NST
14775395,61792325,2013-03-15,PRO
14775395,PCT/US14/27236,2014-03-14,NST
14775396,PCT/EP2014/000579,2014-03-06,NST
14775397,PCT/CN2013/074976,2013-04-28,NST
14775398,PCT/JP2014/001408,2014-03-12,NST
14775399,PCT/US14/29329,2014-03-14,NST
14775400,PCT/US2014/026345,2014-03-13,NST
14775401,61780671,2013-03-13,PRO
14775401,PCT/US14/26633,2014-03-13,NST
14775402,PCT/JP2014/056260,2014-03-11,NST
14775403,61783615,2013-03-14,PRO
14775403,PCT/US14/24062,2014-03-12,NST
14775404,PCT/RU2013/000229,2013-03-20,NST
14775405,PCT/CN2014/000262,2014-03-13,NST
14775406,PCT/KR2014/002015,2014-03-11,NST
14775407,PCT/EP2013/054917,2013-03-11,NST
14775408,61777996,2013-03-12,PRO
14775408,PCT/US14/24390,2014-03-12,NST
14775409,61793834,2013-03-15,PRO
14775409,PCT/US14/28995,2014-03-14,NST
14775410,PCT/EP2014/054577,2014-03-10,NST
14775411,PCT/IB2014/059579,2014-03-10,NST
14775412,61783404,2013-03-14,PRO
14775412,PCT/US14/27075,2014-03-14,NST
14775413,PCT/US14/24557,2014-03-12,NST
14775414,PCT/JP2014/056285,2014-03-11,NST
14775415,PCT/IL2014/050262,2014-03-13,NST
14775416,PCT/US13/31703,2013-03-14,NST
14775417,PCT/US2014/027450,2014-03-14,NST
14775418,61780713,2013-03-13,PRO
14775418,PCT/US14/26592,2014-03-13,NST
14775419,PCT/JP2013/059400,2013-03-28,NST
14775420,PCT/US13/32518,2013-03-15,NST
14775421,61799565,2013-03-15,PRO
14775421,PCT/US14/23988,2014-03-12,NST
14775422,PCT/KR2014/002008,2014-03-11,NST
14775423,PCT/CN2013/072408,2013-03-11,NST
14775424,PCT/US2014/027505,2014-03-14,NST
14775425,PCT/IB2014/000993,2014-02-24,NST
14775426,PCT/US2014/026865,2014-03-13,NST
14775427,PCT/US2014/029057,2014-03-14,NST
14775428,61779587,2013-03-13,PRO
14775428,PCT/US14/25989,2014-03-13,NST
14775429,61786181,2013-03-14,PRO
14775429,PCT/US14/29683,2014-03-14,NST
14775430,PCT/US2014/027028,2014-03-14,NST
14775431,PCT/EP2014/053565,2014-02-25,NST
14775432,PCT/US2014/027522,2014-03-14,NST
14775433,PCT/US13/30452,2013-03-12,NST
14775434,61852309,2013-03-15,PRO
14775434,PCT/US14/30167,2014-03-17,NST
14775435,61784429,2013-03-14,PRO
14775435,PCT/US14/24589,2014-03-12,NST
14775436,PCT/US2014/027540,2014-03-14,NST
14775437,PCT/KR2014/007796,2014-08-21,NST
14775438,PCT/US2014/023690,2014-03-11,NST
14775439,61780009,2013-03-13,PRO
14775439,PCT/US14/24673,2014-03-12,NST
14775440,PCT/US2014/028222,2014-03-14,NST
14775441,PCT/GB2014/050708,2014-03-10,NST
14775442,PCT/US2014/028917,2014-03-14,NST
14775443,PCT/JP2013/001872,2013-03-19,NST
14775444,61790726,2013-03-15,PRO
14775444,PCT/US14/28406,2014-03-14,NST
14775445,PCT/JP2014/056441,2014-03-12,NST
14775446,PCT/US2014/026267,2014-03-13,NST
14775447,PCT/US2014/024233,2014-03-12,NST
14775448,PCT/US2014/030942,2014-03-18,NST
14775449,PCT/CA2014/050222,2014-03-12,NST
14775450,12816856,2010-06-16,CON
14775450,12956842,2010-11-30,CIP
14775450,13844856,2013-03-16,CON
14775450,13869399,2013-04-24,CIP
14775450,14797278,2015-07-13,CIP
14775450,PCT/IB14/59753,2014-03-13,CIP
14775450,PCT/IB2014/060959,2014-04-23,NST
14775451,61799082,2013-03-15,PRO
14775451,PCT/US14/29477,2014-03-14,NST
14775452,PCT/JP14/58145,2014-03-14,NST
14775453,PCT/JP2014/053634,2014-02-17,NST
14775454,61783483,2013-03-14,PRO
14775454,PCT/US14/27115,2014-03-14,NST
14775455,61786131,2013-03-14,PRO
14775455,PCT/US14/29681,2014-03-14,NST
14775455,PCT/US2013/073332,2013-12-05,CON
14775456,PCT/US2014/024634,2014-03-14,NST
14775457,PCT/CA2014/050209,2014-03-11,NST
14775458,PCT/JP2014/056651,2014-03-13,NST
14775459,61783327,2013-03-14,PRO
14775459,PCT/US14/25788,2014-03-13,NST
14775460,PCT/EP2014/054768,2014-03-12,NST
14775461,61779919,2013-03-13,PRO
14775461,PCT/US14/26313,2014-03-13,NST
14775462,PCT/JP2013/058794,2013-03-26,NST
14775463,PCT/EP2013/054915,2013-03-11,NST
14775464,PCT/KR2014/002118,2014-03-13,NST
14775465,61790179,2013-03-15,PRO
14775465,PCT/US14/27220,2014-03-14,NST
14775466,61799867,2013-03-15,PRO
14775466,PCT/US14/27740,2014-03-14,NST
14775467,61780174,2013-03-13,PRO
14775467,PCT/US14/23329,2014-03-11,NST
14775468,PCT/US2014/022353,2014-03-10,NST
14775469,61800048,2013-03-15,PRO
14775469,61800284,2013-03-15,PRO
14775469,PCT/US14/30352,2014-03-17,NST
14775470,61794767,2013-03-15,PRO
14775470,PCT/US14/25323,2014-03-13,NST
14775471,PCT/EP2014/053864,2014-02-27,NST
14775472,61799595,2013-03-15,PRO
14775472,61895265,2013-10-24,PRO
14775472,PCT/US14/29445,2014-03-14,NST
14775473,PCT/FR2013/050607,2013-03-21,NST
14775474,PCT/IB2014/059628,2014-03-11,NST
14775475,PCT/CA2014/000197,2014-03-10,NST
14775477,PCT/CA2014/050205,2014-03-10,NST
14775478,61798350,2013-03-15,PRO
14775478,PCT/US14/31125,2014-03-18,NST
14775479,PCT/IB2014/059714,2014-03-13,NST
14775480,PCT/EP2013/055242,2013-03-14,NST
14775481,PCT/CA2014/050207,2014-03-11,NST
14775482,61782613,2013-03-14,PRO
14775482,61798160,2013-03-15,PRO
14775482,61802988,2013-03-18,PRO
14775482,61940673,2014-02-17,PRO
14775482,PCT/US14/26811,2014-03-13,NST
14775483,61777941,2013-03-12,PRO
14775483,PCT/US14/25016,2014-03-12,NST
14775484,PCT/EP2014/055144,2014-03-14,NST
14775485,PCT/JP2013/007424,2013-12-18,NST
14775486,PCT/AU2014/000277,2014-03-14,NST
14775487,PCT/US13/46400,2013-06-18,NST
14775488,PCT/EP2014/054574,2014-03-10,NST
14775489,13831058,2013-03-14,CON
14775489,PCT/US14/20853,2014-03-05,NST
14775490,PCT/US2014/023808,2014-03-11,NST
14775491,PCT/EP2014/054756,2014-03-11,NST
14775492,61779557,2013-03-13,PRO
14775492,PCT/US14/24306,2014-03-12,NST
14775493,PCT/US2013/031735,2013-03-14,NST
14775494,PCT/GB2014/050781,2014-03-14,NST
14775495,PCT/US2014/019895,2014-03-03,NST
14775496,PCT/US2014/026782,2014-03-13,NST
14775497,PCT/US2014/024312,2014-03-12,NST
14775498,PCT/JP2014/054888,2014-02-27,NST
14775499,61777568,2013-03-12,PRO
14775499,PCT/US14/25080,2014-03-12,NST
14775500,61776816,2013-03-12,PRO
14775500,PCT/US14/23488,2014-03-11,NST
14775501,PCT/US2014/020878,2014-03-05,NST
14775502,PCT/IB2014/059904,2014-03-17,NST
14775503,61793745,2013-03-15,PRO
14775503,PCT/US14/28044,2014-03-14,NST
14775504,PCT/EP2014/055115,2014-03-14,NST
14775505,61782095,2013-03-14,PRO
14775505,PCT/US14/27942,2014-03-14,NST
14775506,PCT/FR2014/050585,2014-03-13,NST
14775507,PCT/US2014/025633,2014-03-13,NST
14775508,PCT/JP2014/001422,2014-03-13,NST
14775509,PCT/KR2014/006942,2014-07-29,NST
14775510,PCT/EP2014/055336,2014-03-17,NST
14775511,PCT/KR2014/001963,2014-03-10,NST
14775512,PCT/US2014/029093,2014-03-14,NST
14775513,PCT/EP2014/000608,2014-03-10,NST
14775514,PCT/JP2014/056721,2014-03-13,NST
14775515,PCT/JP2014/055699,2014-03-05,NST
14775516,PCT/JP2014/056519,2014-03-12,NST
14775517,PCT/CN2014/073445,2014-03-14,NST
14775518,61851776,2013-03-13,PRO
14775518,61851751,2013-03-13,PRO
14775518,PCT/US14/26472,2014-03-13,NST
14775519,PCT/EP2014/055102,2014-03-14,NST
14775520,PCT/JP2014/000449,2014-01-29,NST
14775522,PCT/JP2014/054397,2014-02-25,NST
14775523,PCT/IB2014/059635,2014-03-11,NST
14775524,PCT/EP2013/075814,2013-12-06,NST
14775525,PCT/KR14/01945,2014-03-10,NST
14775526,61780395,2013-03-13,PRO
14775526,61874940,2013-09-06,PRO
14775526,PCT/US14/24865,2014-03-12,NST
14775527,PCT/IB2014/000886,2014-03-13,NST
14775528,61778378,2013-03-12,PRO
14775528,PCT/US14/24503,2014-03-12,NST
14775529,61780101,2013-03-13,PRO
14775529,PCT/US14/25298,2014-03-13,NST
14775530,PCT/KR2013/002053,2013-03-14,NST
14775531,61776296,2013-03-11,PRO
14775531,PCT/US14/23451,2014-03-11,NST
14775532,61785187,2013-03-14,PRO
14775532,PCT/US14/26813,2014-03-13,NST
14775533,PCT/US13/31643,2013-03-14,NST
14775534,61852263,2013-03-15,PRO
14775534,61962067,2013-10-30,PRO
14775534,14179290,2014-02-12,CIP
14775534,PCT/US14/28482,2014-03-14,NST
14775535,61787130,2013-03-15,PRO
14775535,PCT/US14/23082,2014-03-11,NST
14775536,PCT/CA2014/050212,2014-03-11,NST
14775537,61780443,2013-03-13,PRO
14775537,PCT/US14/26733,2014-03-13,NST
14775539,61798495,2013-03-15,PRO
14775539,PCT/US14/29116,2014-03-14,NST
14775540,61785288,2013-03-14,PRO
14775540,PCT/US14/26818,2014-03-13,NST
14775542,61780172,2013-03-13,PRO
14775542,PCT/US14/22344,2014-03-10,NST
14775543,PCT/KR2014/006940,2014-07-29,NST
14775544,PCT/JP2014/059434,2014-03-31,NST
14775545,PCT/IB2014/000657,2014-03-10,NST
14775546,61785415,2013-03-14,PRO
14775546,PCT/US14/26730,2014-03-13,NST
14775547,61800883,2013-03-15,PRO
14775547,61915302,2013-12-12,PRO
14775547,PCT/US14/30056,2014-03-15,NST
14775549,61799255,2013-03-15,PRO
14775549,61857174,2013-07-22,PRO
14775549,61876610,2013-09-11,PRO
14775549,61945082,2014-02-26,PRO
14775549,61945109,2014-02-26,PRO
14775549,PCT/US14/27337,2014-03-14,NST
14775551,61778202,2013-03-12,PRO
14775551,PCT/US14/25098,2014-03-12,NST
14775552,61785227,2013-03-14,PRO
14775552,PCT/US14/26523,2014-03-13,NST
14775553,13795827,2013-03-12,CON
14775553,PCT/US14/22775,2014-03-10,NST
14775554,61798285,2013-03-15,PRO
14775554,61847975,2013-07-18,PRO
14775554,PCT/US14/29107,2014-03-14,NST
14775555,PCT/CA2014/050185,2014-03-06,NST
14775556,PCT/US2014/026688,2014-03-13,NST
14775557,61779034,2013-03-13,PRO
14775557,PCT/US14/26604,2014-03-13,NST
14775558,61785963,2013-03-14,PRO
14775558,PCT/US14/29174,2014-03-14,NST
14775559,PCT/FR2014/050562,2014-03-13,NST
14775560,61783245,2013-03-14,PRO
14775560,PCT/US14/23197,2014-03-11,NST
14775561,PCT/KR2014/003022,2014-04-08,NST
14775562,61783095,2013-03-14,PRO
14775562,PCT/US14/25371,2014-03-13,NST
14775563,PCT/US13/32683,2013-03-15,NST
14775564,PCT/EP2014/054657,2014-03-11,NST
14775565,61785334,2013-03-14,PRO
14775565,PCT/US14/26699,2014-03-13,NST
14775566,PCT/GB2014/051286,2014-04-25,NST
14775567,61790617,2013-03-15,PRO
14775567,PCT/US14/22020,2014-03-07,NST
14775568,PCT/CN2013/072771,2013-03-15,NST
14775569,PCT/IB2013/002770,2013-07-23,NST
14775570,61790783,2013-03-15,PRO
14775570,PCT/US14/26741,2014-03-13,NST
14775571,61596889,2012-02-09,PRO
14775571,61621390,2012-04-06,PRO
14775571,61677448,2012-07-30,PRO
14775571,61677589,2012-07-31,PRO
14775571,61718032,2012-10-24,PRO
14775571,PCT/US2014/022122,2014-03-07,NST
14775572,PCT/JP2013/062191,2013-04-25,NST
14775573,PCT/JP2013/056820,2013-03-12,NST
14775574,PCT/CN2013/087398,2013-11-19,NST
14775575,PCT/US2014/023573,2014-03-11,NST
14775576,PCT/JP2014/055830,2014-03-06,NST
14775577,PCT/JP2014/056732,2014-03-13,NST
14775578,61784765,2013-03-14,PRO
14775578,PCT/US14/25623,2014-03-13,NST
14775579,PCT/JP2014/001368,2014-03-11,NST
14775580,13798123,2013-03-13,CON
14775580,PCT/US14/22216,2014-03-10,NST
14775581,PCT/CA2014/050236,2014-03-13,NST
14775582,PCT/EP2014/054781,2014-03-12,NST
14775583,PCT/JP2014/056573,2014-03-12,NST
14775584,61792383,2013-03-15,PRO
14775584,61814485,2013-04-22,PRO
14775584,PCT/US14/28169,2014-03-14,NST
14775585,PCT/US2014/026539,2014-03-13,NST
14775586,PCT/US2014/024976,2014-03-12,NST
14775587,61790548,2013-03-15,PRO
14775587,61913111,2013-12-06,PRO
14775587,PCT/US14/22721,2014-03-10,NST
14775588,61798070,2013-03-15,PRO
14775588,PCT/US14/29032,2014-03-14,NST
14775589,PCT/IB2014/059892,2014-03-17,NST
14775590,61779360,2013-03-13,PRO
14775590,PCT/US14/26315,2014-03-13,NST
14775591,PCT/US2014/028933,2014-03-14,NST
14775592,PCT/EP2014/054873,2014-03-12,NST
14775593,PCT/NL2014/050152,2014-03-13,NST
14775594,61793492,2013-03-15,PRO
14775594,61891322,2013-10-15,PRO
14775594,61947353,2014-03-03,PRO
14775594,PCT/US14/29295,2014-03-14,NST
14775595,61776699,2013-03-11,PRO
14775595,61907131,2013-11-21,PRO
14775595,PCT/US14/23458,2014-03-11,NST
14775596,PCT/JP2014/056541,2014-03-12,NST
14775597,61836983,2013-06-19,PRO
14775597,PCT/US13/77921,2013-12-27,NST
14775598,PCT/US13/30822,2013-03-13,NST
14775599,PCT/JP2014/058593,2014-03-26,NST
14775600,61785114,2013-03-14,PRO
14775600,PCT/US14/26576,2014-03-13,NST
14775601,PCT/CN2014/070863,2014-01-20,NST
14775602,PCT/US2014/024639,2014-03-12,NST
14775603,61776699,2013-03-11,PRO
14775603,61907131,2013-11-21,PRO
14775603,PCT/US14/23515,2014-03-11,NST
14775604,61801376,2013-03-15,PRO
14775604,61864448,2013-08-09,PRO
14775604,PCT/US14/30683,2014-03-17,NST
14775605,61794008,2013-03-15,PRO
14775605,PCT/US14/26304,2014-03-13,NST
14775606,61780755,2013-03-13,PRO
14775606,PCT/US14/22842,2014-03-10,NST
14775607,61786267,2013-03-14,PRO
14775607,PCT/US14/29338,2014-03-14,NST
14775608,61792631,2013-03-15,PRO
14775608,61868478,2013-08-21,PRO
14775608,PCT/US14/26780,2014-03-13,NST
14775610,PCT/US2014/023590,2014-03-11,NST
14775611,PCT/US2014/026185,2014-03-13,NST
14775612,PCT/US2014/025076,2014-03-12,NST
14775613,PCT/EP2014/055092,2014-03-14,NST
14775614,PCT/JP2014/052639,2014-02-05,NST
14775615,PCT/IB2014/059944,2014-03-18,NST
14775616,PCT/GB2014/053500,2014-11-26,NST
14775617,61786535,2013-03-15,PRO
14775617,PCT/US14/25063,2014-03-12,NST
14775618,61802034,2013-03-15,PRO
14775618,PCT/US14/29340,2014-03-14,NST
14775619,PCT/CN2013/072675,2013-03-15,NST
14775620,PCT/EP2014/054770,2014-03-12,NST
14775621,13803716,2013-03-14,CIP
14775621,13972274,2013-08-21,CON
14775621,PCT/US14/23251,2014-03-11,NST
14775622,61786002,2013-03-14,PRO
14775622,PCT/US14/29276,2014-03-14,NST
14775623,PCT/AU2014/000279,2014-03-14,NST
14775624,61783094,2013-03-14,PRO
14775624,PCT/US14/24336,2014-03-12,NST
14775625,PCT/US2014/021084,2014-03-06,NST
14775626,PCT/JP2014/055681,2014-03-05,NST
14775627,61799942,2013-03-15,PRO
14775627,PCT/US14/29042,2014-03-14,NST
14775628,PCT/CN2013/090417,2013-12-25,NST
14775629,PCT/US2014/030344,2014-03-17,NST
14775630,61852488,2013-03-15,PRO
14775630,PCT/US14/27281,2014-03-14,NST
14775631,PCT/AU2014/000265,2014-03-14,NST
14775632,PCT/IB2014/059668,2014-03-12,NST
14775633,PCT/CN2014/071231,2014-01-23,NST
14775634,PCT/US2014/029979,2014-03-15,NST
14775635,PCT/US2014/031099,2014-03-18,NST
14775636,PCT/CN2014/090460,2014-11-06,NST
14775637,PCT/US2014/021471,2014-03-07,NST
14775638,61801096,2013-03-15,PRO
14775638,PCT/US14/28417,2014-03-14,NST
14775639,61779914,2013-03-13,PRO
14775639,PCT/US14/25082,2014-03-12,NST
14775640,PCT/JP2014/052635,2014-02-05,NST
14775641,PCT/US2014/025441,2014-03-13,NST
14775642,PCT/NL2014/050139,2014-03-10,NST
14775643,61780889,2013-03-13,PRO
14775643,61780901,2013-03-13,PRO
14775643,PCT/US14/26874,2014-03-13,NST
14775644,61785538,2013-03-14,PRO
14775644,61952719,2014-03-13,PRO
14775644,PCT/US14/27585,2014-03-14,NST
14775645,61799403,2013-03-15,PRO
14775645,PCT/US14/17831,2014-02-21,NST
14775646,PCT/EP2014/054272,2014-03-05,NST
14775647,PCT/EP2014/055140,2014-03-14,NST
14775648,61784752,2013-03-14,PRO
14775648,PCT/US14/29500,2014-03-14,NST
14775649,PCT/CN2013/072690,2013-03-15,NST
14775650,PCT/AU2014/000250,2014-03-13,NST
14775651,PCT/US2014/023767,2014-03-11,NST
14775652,13794538,2013-03-11,CON
14775652,PCT/US14/23785,2014-03-11,NST
14775653,PCT/CN2014/073444,2014-03-14,NST
14775655,PCT/JP2014/056730,2014-03-13,NST
14775656,PCT/US2013/031441,2013-03-14,NST
14775657,PCT/IB2014/000908,2014-03-13,NST
14775658,PCT/RU2013/000192,2013-03-13,NST
14775660,PCT/US2014/024382,2014-03-12,NST
14775661,PCT/FR2013/052525,2013-10-22,NST
14775662,PCT/US2014/026759,2014-03-13,NST
14775663,PCT/US2014/027289,2014-03-14,NST
14775664,PCT/US2014/026358,2014-03-13,NST
14775665,PCT/US2014/029986,2014-03-15,NST
14775666,PCT/EP2014/055044,2014-03-13,NST
14775667,PCT/US2014/028296,2014-03-14,NST
14775668,PCT/IB2014/000331,2014-03-13,NST
14775669,PCT/JP2014/001007,2014-02-26,NST
14775670,PCT/US2014/029796,2014-03-14,NST
14775671,61781228,2013-03-14,PRO
14775671,61890500,2013-10-14,PRO
14775671,PCT/US14/27447,2014-03-14,NST
14775672,PCT/EP2014/054932,2014-03-13,NST
14775673,PCT/US2014/025052,2014-03-12,NST
14775674,PCT/JP2014/000623,2014-02-06,NST
14775675,PCT/SG2014/000124,2014-03-14,NST
14775677,PCT/US2014/000157,2014-07-03,NST
14775678,61779735,2013-03-13,PRO
14775678,PCT/US14/26784,2014-03-13,NST
14775679,61778077,2013-03-12,PRO
14775679,PCT/US14/24864,2014-03-12,NST
14775680,PCT/US2014/025768,2014-03-13,NST
14775681,PCT/JP2014/001356,2014-03-11,NST
14775682,61852060,2013-03-15,PRO
14775682,PCT/US14/29498,2014-03-14,NST
14775683,PCT/US2014/027128,2013-03-14,NST
14775684,PCT/EP2014/055210,2014-03-14,NST
14775685,61852135,2013-03-15,PRO
14775685,PCT/US14/29344,2014-03-14,NST
14775686,61785747,2013-03-14,PRO
14775686,PCT/US14/29164,2014-03-14,NST
14775688,PCT/CN2013/087660,2013-11-22,NST
14775689,PCT/US2014/022362,2014-03-10,NST
14775690,PCT/US2013/078134,2013-12-27,NST
14775691,PCT/JP2014/005379,2014-10-23,NST
14775692,61782019,2013-03-14,PRO
14775692,PCT/US14/22613,2014-03-10,NST
14775693,PCT/US2014/022637,2014-03-10,NST
14775694,PCT/JP2014/001499,2014-03-17,NST
14775695,PCT/US2014/030016,2014-03-15,NST
14775696,PCT/CN2014/072378,2014-02-21,NST
14775697,PCT/CN2013/086947,2013-11-12,NST
14775698,PCT/IB2014/059659,2014-03-12,NST
14775699,PCT/JP2014/001071,2014-02-27,NST
14775700,PCT/JP2014/001433,2014-03-13,NST
14775701,PCT/KR2013/007516,2013-08-22,NST
14775702,PCT/IL2014/050278,2014-03-13,NST
14775704,PCT/EP2014/054466,2014-03-07,NST
14775705,61788670,2013-03-15,PRO
14775705,PCT/US14/26797,2014-03-13,NST
14775706,PCT/US2014/030743,2014-03-17,NST
14775707,PCT/EP2014/054785,2014-03-12,NST
14775708,61802955,2013-03-18,PRO
14775708,61871044,2013-08-28,PRO
14775708,PCT/US14/31064,2014-03-18,NST
14775710,PCT/US2014/026285,2014-03-13,NST
14775711,PCT/US14/38533,2014-05-19,NST
14775713,PCT/US2014/024989,2014-03-12,NST
14775714,PCT/US2014/030756,2014-03-17,NST
14775715,PCT/US2014/025799,2014-03-13,NST
14775716,PCT/US2014/027541,2014-03-14,NST
14775717,PCT/CN2013/072691,2013-03-15,NST
14775718,PCT/KR2014/002073,2014-03-12,NST
14775720,PCT/US2013/032198,2013-03-15,NST
14775721,PCT/IB2014/059823,2014-03-14,NST
14775722,61784629,2013-03-14,PRO
14775722,PCT/US14/22844,2014-03-10,NST
14775723,PCT/EP2014/000258,2014-01-31,NST
14775724,61852101,2013-03-15,PRO
14775724,PCT/US14/29753,2014-03-14,NST
14775725,61781024,2013-03-14,PRO
14775725,PCT/US14/26940,2014-03-14,NST
14775726,PCT/US2014/018652,2014-02-26,NST
14775727,61798069,2013-03-15,PRO
14775727,PCT/US14/30323,2014-03-17,NST
14775728,PCT/US2014/030349,2014-03-17,NST
14775729,PCT/RU2013/000202,2013-03-15,NST
14775730,61781433,2013-03-14,PRO
14775730,PCT/US14/18630,2014-02-26,NST
14775731,PCT/EP2013/055171,2013-03-13,NST
14775732,61781334,2013-03-14,PRO
14775732,PCT/US14/28813,2014-03-14,NST
14775733,PCT/JP2014/056620,2014-03-13,NST
14775734,PCT/KR2013/009052,2013-10-10,NST
14775735,61791814,2013-03-15,PRO
14775735,PCT/US14/30163,2014-03-17,NST
14775736,PCT/JP2013/057889,2013-03-19,NST
14775737,PCT/IB2014/059450,2014-03-05,NST
14775738,PCT/GB2014/050720,2014-03-11,NST
14775739,PCT/JP2014/057962,2014-03-24,NST
14775740,PCT/EP2014/055075,2014-03-14,NST
14775741,PCT/US2014/025655,2014-03-13,NST
14775742,PCT/EP2014/054212,2014-03-05,NST
14775743,PCT/JP2013/057890,2013-03-19,NST
14775744,PCT/JP2014/001670,2014-03-24,NST
14775745,61792291,2013-03-15,PRO
14775745,PCT/US14/21995,2014-03-07,NST
14775746,61784261,2013-03-14,PRO
14775746,PCT/US14/27651,2014-03-14,NST
14775747,61799501,2013-03-15,PRO
14775747,PCT/US14/28473,2014-03-14,NST
14775749,61799804,2013-03-15,PRO
14775749,PCT/US14/27152,2014-03-14,NST
14775750,PCT/US2014/030425,2014-03-17,NST
14775751,61784386,2013-03-14,PRO
14775751,PCT/US14/23934,2014-03-12,NST
14775752,PCT/US2014/023142,2014-03-11,NST
14775753,PCT/JP2014/052815,2014-01-31,NST
14775754,PCT/JP2014/051341,2014-01-23,NST
14775755,PCT/IT2014/000049,2014-02-24,NST
14775757,PCT/US2014/013375,2014-01-28,NST
14775758,61782958,2013-03-14,PRO
14775758,PCT/US14/24022,2014-03-12,NST
14775759,PCT/CA2014/050266,2014-03-14,NST
14775760,PCT/EP2014/055014,2014-03-13,NST
14775761,PCT/JP2013/057874,2013-03-19,NST
14775762,PCT/IB2013/000398,2013-03-15,NST
14775763,61792367,2013-03-15,PRO
14775763,PCT/US14/28130,2014-03-14,NST
14775764,PCT/US2014/021718,2014-03-07,NST
14775765,PCT/US2014/031440,2014-03-21,NST
14775766,PCT/US2014/028463,2014-03-14,NST
14775767,PCT/JP2014/054250,2014-02-18,NST
14775768,PCT/GB2014/050805,2014-03-14,NST
14775769,PCT/EP2014/054725,2014-03-11,NST
14775770,PCT/JP2014/056928,2014-03-14,NST
14775771,61785643,2013-03-14,PRO
14775771,61907384,2013-11-21,PRO
14775771,PCT/US14/25672,2014-03-13,NST
14775772,PCT/IB2014/059817,2014-03-14,NST
14775773,PCT/US2014/027077,2014-03-14,NST
14775774,61791238,2013-03-15,PRO
14775774,PCT/US14/29930,2014-03-15,NST
14775775,PCT/IB2014/059746,2014-03-13,NST
14775776,PCT/JP2013/007295,2013-12-11,NST
14775777,61777238,2013-03-12,PRO
14775777,PCT/US14/22500,2014-03-10,NST
14775778,PCT/US13/44714,2013-06-07,NST
14775779,PCT/JP2014/000843,2014-02-19,NST
14775780,61790051,2013-03-15,PRO
14775780,PCT/US14/22993,2014-03-11,NST
14775781,61793438,2013-03-15,PRO
14775781,PCT/US14/26195,2014-03-13,NST
14775782,61790635,2013-03-15,PRO
14775782,PCT/US14/17671,2014-02-21,NST
14775783,PCT/JP2014/052661,2014-02-05,NST
14775784,PCT/IB2014/059800,2014-03-14,NST
14775785,PCT/EP2014/055106,2014-03-14,NST
14775786,PCT/JP2014/057954,2014-03-17,NST
14775787,PCT/US2014/025651,2014-03-13,NST
14775788,61803855,2013-03-21,PRO
14775788,PCT/US14/25060,2014-03-12,NST
14775789,PCT/US2014/025149,2014-03-13,NST
14775790,PCT/EP2014/054441,2014-03-07,NST
14775791,61791662,2013-03-15,PRO
14775791,PCT/US14/33802,2014-04-11,NST
14775792,PCT/US2014/025826,2014-03-13,NST
14775793,PCT/IB2014/059759,2014-03-13,NST
14775794,PCT/US2014/029710,2014-03-14,NST
14775795,PCT/JP2014/056761,2014-03-13,NST
14775796,61802074,2013-03-15,PRO
14775796,PCT/US14/14940,2014-02-05,NST
14775797,61792479,2013-03-15,PRO
14775797,PCT/US14/29967,2014-03-15,NST
14775799,PCT/US2014/027029,2014-03-14,NST
14775800,PCT/IB2014/059649,2014-03-12,NST
14775801,PCT/KR2014/001868,2014-03-07,NST
14775802,PCT/EP14/55177,2014-03-14,NST
14775803,PCT/KR2014/001864,2014-03-07,NST
14775804,PCT/EP2013/002924,2013-09-28,NST
14775805,PCT/JP2014/001286,2014-03-07,NST
14775806,PCT/IB2014/059749,2014-03-13,NST
14775807,PCT/US2014/017670,2014-02-21,NST
14775808,PCT/US2014/027184,2014-03-14,NST
14775809,PCT/US2014/028794,2014-03-14,NST
14775810,PCT/IB2014/001173,2014-03-14,NST
14775811,PCT/US13/30951,2013-03-13,NST
14775812,PCT/US2014/021513,2014-03-07,NST
14775813,PCT/EP2014/055194,2014-03-14,NST
14775815,PCT/US2013/049846,2013-07-10,NST
14775816,PCT/US2014/027339,2014-03-14,NST
14775818,PCT/US2014/028498,2014-03-14,NST
14775819,PCT/JP2014/057121,2014-03-17,NST
14775820,PCT/IB2013/000411,2013-03-15,NST
14775821,PCT/CN2013/072588,2013-03-14,NST
14775822,PCT/US2014/025678,2014-03-13,NST
14775823,PCT/EP2014/055261,2014-03-17,NST
14775824,PCT/JP2014/055808,2014-03-06,NST
14775825,PCT/IB2014/059733,2013-03-14,NST
14775826,PCT/JP2014/056524,2014-03-12,NST
14775827,PCT/JP2014/059081,2014-03-28,NST
14775828,PCT/EP2014/054442,2014-03-07,NST
14775829,61791356,2013-03-15,PRO
14775829,PCT/US14/25480,2014-03-13,NST
14775830,PCT/US2013/036088,2013-04-11,NST
14775831,PCT/JP2013/006896,2013-11-25,NST
14775832,PCT/GB2014/050758,2014-03-13,NST
14775834,PCT/EP2014/055103,2014-03-14,NST
14775835,61784903,2013-03-14,PRO
14775835,61920165,2013-12-23,PRO
14775835,PCT/US14/27717,2014-03-14,NST
14775837,PCT/US2014/017667,2014-02-21,NST
14775838,61792281,2013-03-15,PRO
14775838,PCT/US14/27729,2014-03-14,NST
14775839,PCT/US2013/031613,2013-03-14,NST
14775840,PCT/US2014/030365,2014-03-17,NST
14775841,61800623,2013-03-15,PRO
14775841,PCT/US14/25702,2014-03-13,NST
14775842,61789840,2013-03-15,PRO
14775842,PCT/US14/25691,2014-03-13,NST
14775843,61799728,2013-03-15,PRO
14775843,PCT/US14/28747,2014-03-14,NST
14775844,PCT/US2014/027602,2014-03-14,NST
14775845,PCT/CA2013/050198,2013-03-14,NST
14775846,61784337,2013-03-14,PRO
14775846,PCT/US14/27587,2014-03-14,NST
14775848,PCT/US2014/018513,2014-02-26,NST
14775849,PCT/US2014/028311,2014-03-14,NST
14775850,PCT/KR2013/006582,2013-07-23,NST
14775851,PCT/US2014/029359,2014-03-14,NST
14775852,PCT/US2014/028273,2014-03-14,NST
14775853,PCT/JP2014/050394,2014-01-14,NST
14775854,PCT/US2014/024564,2014-03-12,NST
14775855,PCT/US2014/025889,2014-03-13,NST
14775856,61791171,2013-03-15,PRO
14775856,PCT/US14/29333,2014-03-14,NST
14775857,PCT/KR2013/011302,2013-12-06,NST
14775858,PCT/US2014/030726,2014-03-17,NST
14775859,61785586,2013-03-14,PRO
14775859,PCT/US14/26990,2014-03-14,NST
14775860,PCT/KR2014/002086,2014-03-13,NST
14775861,PCT/EP2014/054443,2014-03-07,NST
14775862,61784846,2013-03-14,PRO
14775862,61791732,2013-03-15,PRO
14775862,PCT/US14/21282,2014-03-06,NST
14775863,PCT/US2013/031611,2013-03-14,NST
14775864,PCT/GB2014/050815,2014-03-14,NST
14775865,PCT/US2014/025752,2014-03-13,NST
14775866,PCT/EP2013/055419,2013-03-15,NST
14775867,PCT/US13/32272,2013-03-15,NST
14775868,PCT/IB2014/059755,2014-03-13,NST
14775869,61799647,2013-03-15,PRO
14775869,61838148,2013-06-21,PRO
14775869,61838178,2013-06-21,PRO
14775869,61921007,2013-12-26,PRO
14775869,PCT/US14/27335,2014-03-14,NST
14775870,61932399,2014-01-28,PRO
14775870,PCT/US15/11097,2015-01-13,NST
14775871,PCT/CA2014/050241,2014-03-14,NST
14775872,PCT/JP2014/054522,2014-02-25,NST
14775873,PCT/CN2013/080049,2013-07-24,NST
14775874,PCT/EP2014/000649,2014-03-11,NST
14775875,PCT/US2014/027102,2014-03-14,NST
14775876,61783657,2013-03-14,PRO
14775876,PCT/US14/26027,2014-03-13,NST
14775877,61779908,2013-03-13,PRO
14775877,61779962,2013-03-13,PRO
14775877,PCT/US14/23388,2014-03-11,NST
14775878,PCT/JP2013/061415,2013-04-17,NST
14775879,PCT/JP2014/056827,2014-03-14,NST
14775880,PCT/EP2014/000394,2014-02-13,NST
14775881,PCT/US2014/030621,2014-03-17,NST
14775882,PCT/CA2014/000237,2014-03-14,NST
14775883,PCT/US2014/025091,2014-03-12,NST
14775884,PCT/JP2014/053621,2014-02-17,NST
14775885,PCT/US2014/026244,2014-03-13,NST
14775886,PCT/FR2014/050544,2014-03-11,NST
14775887,PCT/US2014/031958,2014-03-27,NST
14775888,PCT/EP2014/055789,2014-03-24,NST
14775889,PCT/CN2013/072527,2013-03-13,NST
14775890,PCT/JP2014/053620,2014-02-17,NST
14775891,61794294,2013-03-15,PRO
14775891,PCT/US14/27039,2014-03-14,NST
14775892,PCT/US2014/030824,2014-03-17,NST
14775893,PCT/US2014/024085,2014-03-12,NST
14775894,PCT/JP2014/055615,2014-03-05,NST
14775895,PCT/US2014/030147,2014-03-17,NST
14775896,PCT/EP2013/055361,2013-03-15,NST
14775897,61802075,2013-03-15,PRO
14775897,PCT/US14/30760,2014-03-17,NST
14775898,PCT/US2014/026706,2014-03-13,NST
14775899,PCT/EP2014/054959,2014-03-13,NST
14775900,PCT/IB2014/059757,2014-03-13,NST
14775901,PCT/JP2014/000694,2014-02-10,NST
14775902,PCT/GB2014/050674,2014-03-07,NST
14775903,PCT/IB2014/059963,2014-03-19,NST
14775904,PCT/IB2014/059748,2014-03-13,NST
14775905,61790489,2013-03-15,PRO
14775905,PCT/US14/25390,2014-03-13,NST
14775906,PCT/US2014/025065,2014-03-12,NST
14775907,61788808,2013-03-15,PRO
14775907,61889901,2013-10-11,PRO
14775907,PCT/US14/30210,2014-03-17,NST
14775908,PCT/US2014/022427,2014-03-10,NST
14775909,PCT/IB2014/001593,2014-03-17,NST
14775910,PCT/EP2014/055209,2014-03-14,NST
14775911,PCT/US2014/029421,2014-03-14,NST
14775912,61779701,2013-03-13,PRO
14775912,PCT/US14/24300,2014-03-12,NST
14775913,PCT/US2014/025074,2014-03-12,NST
14775914,61792166,2013-03-15,PRO
14775914,PCT/US14/24002,2014-03-12,NST
14775915,PCT/US2014/028441,2014-03-14,NST
14775916,PCT/US2014/028590,2014-03-14,NST
14775917,61785754,2013-03-14,PRO
14775917,PCT/US14/26236,2014-03-13,NST
14775918,PCT/EP2014/052797,2014-02-13,NST
14775919,PCT/JP2014/060900,2014-04-17,NST
14775920,PCT/US2014/030033,2014-03-15,NST
14775921,PCT/US2014/027238,2014-03-14,NST
14775922,PCT/EP2014/053341,2014-02-20,NST
14775923,61791808,2013-03-15,PRO
14775923,PCT/US14/27500,2014-03-14,NST
14775924,PCT/GB2014/050753,2014-03-13,NST
14775925,PCT/JP2014/056426,2014-03-12,NST
14775926,61790375,2013-03-15,PRO
14775926,PCT/US14/28717,2014-03-14,NST
14775927,PCT/US2013/075292,2013-12-16,NST
14775928,61793163,2013-03-15,PRO
14775928,PCT/US14/25024,2014-03-12,NST
14775929,61782714,2013-03-14,PRO
14775929,PCT/US14/27758,2014-03-14,NST
14775930,61799647,2013-03-15,PRO
14775930,61838148,2013-06-21,PRO
14775930,61838178,2013-06-21,PRO
14775930,61921007,2013-12-26,PRO
14775930,PCT/US14/29068,2014-03-14,NST
14775931,PCT/EP2014/055217,2014-03-14,NST
14775932,PCT/JP2014/055290,2014-03-03,NST
14775933,PCT/JP2014/056527,2014-03-12,NST
14775934,PCT/JP2014/056523,2014-03-12,NST
14775935,PCT/GB2014/050755,2014-03-13,NST
14775936,61781832,2013-03-14,PRO
14775936,PCT/US14/28465,2014-03-14,NST
14775937,PCT/US2013/032247,2013-03-15,NST
14775938,PCT/US14/30830,2014-03-17,NST
14775939,PCT/US2014/026631,2014-03-13,NST
14775940,61784247,2013-03-14,PRO
14775940,PCT/US14/27188,2014-03-14,NST
14775941,PCT/US2014/021949,2014-03-07,NST
14775942,PCT/US2014/030361,2014-03-17,NST
14775943,61790985,2013-03-15,PRO
14775943,PCT/US14/24093,2014-03-12,NST
14775944,PCT/US2014/026945,2014-03-14,NST
14775945,PCT/US2013/078181,2013-12-30,NST
14775946,PCT/US2014/024619,2014-03-12,NST
14775947,61790089,2013-03-15,PRO
14775947,PCT/US14/29389,2014-03-14,NST
14775948,PCT/US2014/028248,2014-03-14,NST
14775949,PCT/IB2014/001595,2014-03-14,NST
14775950,PCT/US2013/031895,2013-03-15,NST
14775951,PCT/US2014/021018,2014-03-06,NST
14775952,61792984,2013-03-15,PRO
14775952,PCT/US14/25918,2014-03-13,NST
14775953,PCT/US2014/025087,2014-03-12,NST
14775954,61790637,2013-03-15,PRO
14775954,61914915,2013-12-11,PRO
14775954,PCT/US14/28370,2014-03-14,NST
14775955,61779732,2013-03-13,PRO
14775955,PCT/US14/24658,2014-03-12,NST
14775956,PCT/CA2014/050240,2014-03-13,NST
14775957,PCT/EP2014/054419,2014-03-07,NST
14775958,PCT/EP2014/055145,2014-03-14,NST
14775959,61851748,2013-03-12,PRO
14775959,61965678,2014-02-05,PRO
14775959,PCT/US14/24613,2014-03-12,NST
14775960,61799559,2013-03-15,PRO
14775960,PCT/US14/28751,2014-03-14,NST
14775961,PCT/JP2014/056779,2014-03-13,NST
14775963,PCT/EP2014/000576,2014-03-06,NST
14775964,PCT/US2013/078182,2013-12-30,NST
14775965,PCT/US2014/025444,2014-03-13,NST
14775966,PCT/FR2014/050583,2014-03-13,NST
14775967,61804961,2013-03-25,PRO
14775967,PCT/US14/31657,2014-03-25,NST
14775968,61790807,2013-03-15,PRO
14775968,PCT/US14/28790,2014-03-14,NST
14775969,PCT/US2014/028371,2014-03-14,NST
14775970,PCT/US2014/015798,2014-02-11,NST
14775971,61787469,2013-03-15,PRO
14775971,PCT/US14/26306,2014-03-13,NST
14775972,PCT/US2014/027524,2014-03-14,NST
14775973,PCT/US13/32150,2013-03-15,CIP
14775973,PCT/US14/28738,2014-03-14,NST
14775974,PCT/CN2013/072820,2013-03-18,NST
14775975,PCT/EP2014/054898,2014-03-12,NST
14775976,PCT/US2014/023877,2014-03-12,NST
14775977,PCT/US2014/028987,2014-03-14,NST
14775978,PCT/CN2013/072755,2013-03-15,NST
14775979,PCT/IB2014/060140,2014-03-25,NST
14775980,PCT/EP2013/077890,2013-12-23,NST
14775981,PCT/US2014/028123,2014-03-14,NST
14775982,PCT/US2014/026365,2014-03-13,NST
14775983,PCT/US2014/028650,2014-03-14,NST
14775984,61792888,2013-03-15,PRO
14775984,PCT/US14/25926,2014-03-13,NST
14775985,PCT/US2014/027363,2014-03-14,NST
14775986,PCT/EP2014/000444,2014-02-19,NST
14775988,13802669,2013-03-13,CIP
14775988,PCT/US14/22448,2014-03-10,NST
14775989,PCT/US2014/031955,2014-03-27,NST
14775990,PCT/US2014/028230,2014-03-14,NST
14775991,PCT/EP2014/054883,2014-03-12,NST
14775992,PCT/US2014/023682,2014-03-11,NST
14775993,PCT/AT2014/050062,2014-03-13,NST
14775994,PCT/US2014/022633,2014-03-10,NST
14775995,PCT/US2014/029128,2014-03-14,NST
14775996,PCT/JP2014/000841,2014-02-19,NST
14775997,61784885,2013-03-14,PRO
14775997,PCT/US14/27346,2014-03-14,NST
14775998,PCT/US2014/028166,2014-03-14,NST
14775999,PCT/ES2014/070039,2014-01-21,NST
14776000,PCT/EP2013/055194,2013-03-14,NST
14776001,PCT/EP2014/054961,2014-03-13,NST
14776002,PCT/GB2014/050803,2014-03-14,NST
14776003,PCT/JP2014/001352,2014-03-11,NST
14776004,PCT/JP2014/056836,2014-03-14,NST
14776005,PCT/JP2014/056542,2014-03-12,NST
14776006,PCT/US2014/027967,2014-03-14,NST
14776007,PCT/US2014/027775,2014-03-14,NST
14776008,PCT/EP2014/055027,2014-03-13,NST
14776009,PCT/US2013/034843,2013-04-01,NST
14776010,PCT/JP2014/056798,2014-03-13,NST
14776011,PCT/EP2014/055256,2014-03-17,NST
14776012,PCT/US2014/029015,2014-03-14,NST
14776013,PCT/US2014/024599,2014-03-12,NST
14776014,PCT/US2013/031928,2013-03-15,NST
14776015,PCT/JP2014/058904,2014-03-27,NST
14776016,61787618,2013-03-15,PRO
14776016,PCT/US14/25809,2014-03-13,NST
14776017,61781304,2013-03-14,PRO
14776017,PCT/US14/27791,2014-03-14,NST
14776018,PCT/JP2015/062266,2015-04-22,NST
14776019,PCT/JP2013/062036,2013-04-24,NST
14776020,PCT/AU2014/000266,2014-03-14,NST
14776021,PCT/DE2014/000124,2014-03-14,NST
14776022,61787407,2013-03-15,PRO
14776022,PCT/US14/28425,2014-03-14,NST
14776023,61845578,2013-07-12,PRO
14776023,PCT/US14/23975,2014-03-12,NST
14776024,PCT/EP2014/055051,2014-03-14,NST
14776025,PCT/JP14/56579,2014-03-12,NST
14776026,61787402,2013-03-15,PRO
14776026,PCT/US14/28432,2014-03-14,NST
14776027,PCT/JP2014/004880,2014-09-24,NST
14776028,61785392,2013-03-14,PRO
14776028,PCT/US14/27001,2014-03-14,NST
14776029,PCT/EP2014/055059,2014-03-14,NST
14776030,PCT/JP2014/001351,2014-03-11,NST
14776031,PCT/DE2014/000118,2014-03-13,NST
14776032,PCT/IB2014/059468,2014-03-05,NST
14776033,PCT/FR2014/050496,2014-03-05,NST
14776034,PCT/US2014/025476,2014-03-13,NST
14776035,PCT/US2014/023948,2014-03-12,NST
14776036,PCT/GB2014/050807,2014-03-14,NST
14776037,PCT/AU2014/000274,2014-03-14,NST
14776038,61783422,2013-03-14,PRO
14776038,PCT/US14/28944,2014-03-14,NST
14776039,61785759,2013-03-14,PRO
14776039,PCT/US14/22535,2014-03-10,NST
14776040,61784475,2013-03-14,PRO
14776040,PCT/US14/26579,2014-03-13,NST
14776041,PCT/US2013/064156,2013-10-09,NST
14776042,PCT/GB2014/050819,2014-03-14,NST
14776043,61781474,2013-03-14,PRO
14776043,PCT/US14/28149,2014-03-14,NST
14776044,61781826,2013-03-14,PRO
14776044,PCT/US14/21517,2014-03-07,NST
14776045,PCT/KR14/02139,2014-03-13,NST
14776046,61790117,2013-03-15,PRO
14776046,PCT/US14/30241,2014-03-17,NST
14776047,61783480,2013-03-14,PRO
14776047,PCT/US14/28328,2014-03-14,NST
14776048,PCT/JP2014/059557,2014-03-31,NST
14776049,PCT/JP2014/051342,2014-01-23,NST
14776050,PCT/IB2014/001107,2014-03-17,NST
14776051,PCT/US14/29252,2014-03-14,NST
14776052,PCT/CN2013/072752,2013-03-15,NST
14776053,PCT/EP2013/055248,2013-03-14,NST
14776054,PCT/JP2014/055003,2014-02-28,NST
14776055,PCT/EP2014/055052,2014-03-14,NST
14776056,PCT/JP2014/056720,2014-03-13,NST
14776057,61798542,2013-03-15,PRO
14776057,PCT/US14/29622,2014-03-14,NST
14776058,61785551,2013-03-14,PRO
14776058,PCT/US14/22550,2014-03-10,NST
14776059,PCT/US2014/024436,2014-03-12,NST
14776060,13831667,2013-03-15,CIP
14776060,PCT/US14/29152,2014-03-14,NST
14776061,PCT/US2014/023071,2014-03-11,NST
14776062,61792865,2013-03-15,PRO
14776062,PCT/US14/26223,2014-03-13,NST
14776063,PCT/EP2014/054615,2014-03-10,NST
14776064,PCT/KR2013/003772,2013-05-01,NST
14776066,PCT/US2014/024485,2014-03-12,NST
14776067,61791140,2013-03-15,PRO
14776067,PCT/US14/21654,2014-03-07,NST
14776068,PCT/JP2014/058505,2014-03-26,NST
14776069,PCT/US2013/077764,2013-12-26,NST
14776070,PCT/US2014/023358,2014-03-11,NST
14776071,61791776,2013-03-15,PRO
14776071,PCT/US14/27753,2014-03-14,NST
14776072,PCT/GB2014/050816,2014-03-14,NST
14776073,PCT/US13/31629,2013-03-14,NST
14776074,61798677,2013-03-15,PRO
14776074,PCT/US14/29702,2014-03-14,NST
14776075,PCT/AU2014/000210,2014-03-05,NST
14776076,PCT/IB2014/059792,2014-03-14,NST
14776077,61794291,2013-03-15,PRO
14776077,61864406,2013-08-09,PRO
14776077,PCT/US14/25784,2014-03-13,NST
14776078,61788120,2013-03-15,PRO
14776078,PCT/US14/27814,2014-03-14,NST
14776079,PCT/KR2014/002133,2014-03-13,NST
14776080,PCT/US2014/026950,2014-03-14,NST
14776081,PCT/IB2014/001057,2014-03-14,NST
14776083,PCT/US2014/029571,2014-03-14,NST
14776084,61799751,2013-03-15,PRO
14776084,PCT/US14/28120,2014-03-14,NST
14776085,61781804,2013-03-14,PRO
14776085,PCT/US14/25978,2014-03-13,NST
14776086,PCT/US2014/030610,2014-03-17,NST
14776087,PCT/US2014/034863,2014-04-22,NST
14776088,PCT/GB2014/050786,2014-03-14,NST
14776089,PCT/JP2013/084665,2013-12-25,NST
14776090,PCT/SE2014/050311,2014-03-14,NST
14776091,61788032,2013-03-15,PRO
14776091,PCT/US14/31120,2014-03-18,NST
14776092,61798179,2013-03-15,PRO
14776092,PCT/US14/29718,2014-03-14,NST
14776093,61780904,2013-03-13,PRO
14776093,PCT/US14/25965,2014-03-13,NST
14776094,61800684,2013-03-15,PRO
14776094,PCT/US14/27099,2014-03-14,NST
14776095,PCT/EP2014/054892,2014-03-12,NST
14776096,PCT/US2014/031129,2014-03-18,NST
14776097,PCT/EP2014/055046,2014-03-14,NST
14776098,61781118,2013-03-14,PRO
14776098,PCT/US14/27358,2014-03-14,NST
14776099,PCT/SE2014/050315,2014-03-14,NST
14776100,PCT/NL2014/050153,2014-03-14,NST
14776101,PCT/JP2013/079478,2013-10-24,NST
14776102,61788093,2013-03-15,PRO
14776102,PCT/US14/31043,2014-03-18,NST
14776103,PCT/US2014/028022,2014-03-14,NST
14776104,61799144,2013-03-15,PRO
14776104,PCT/US14/28996,2014-03-14,NST
14776105,PCT/GB2014/050759,2014-03-13,NST
14776106,61785031,2013-03-14,PRO
14776106,PCT/US14/25636,2014-03-13,NST
14776107,PCT/US2014/025457,2014-03-13,NST
14776108,61783055,2013-03-14,PRO
14776108,PCT/US14/27734,2014-03-14,NST
14776109,PCT/AT2014/050063,2014-03-13,NST
14776110,PCT/JP2014/057144,2014-03-17,NST
14776111,PCT/US2014/028220,2014-03-14,NST
14776112,PCT/IB2014/001552,2014-03-14,NST
14776113,61808814,2013-04-05,PRO
14776113,PCT/US14/32338,2014-03-31,NST
14776114,61798598,2013-03-15,PRO
14776114,PCT/US14/31115,2014-03-18,NST
14776115,PCT/GB2014/050761,2014-03-13,NST
14776116,PCT/US2014/027767,2014-03-14,NST
14776117,PCT/EP2014/053380,2014-02-21,NST
14776118,PCT/US2014/030486,2014-03-17,NST
14776119,PCT/JP2013/005780,2013-09-27,NST
14776120,PCT/CA2014/000234,2014-03-14,NST
14776121,PCT/IB2014/059816,2014-03-14,NST
14776122,PCT/US2014/027588,2014-03-14,NST
14776123,PCT/KR2014/000787,2014-01-28,NST
14776124,PCT/US2014/031393,2014-03-21,NST
14776125,61794874,2013-03-15,PRO
14776125,PCT/US14/29010,2014-03-14,NST
14776126,61788006,2013-03-15,PRO
14776126,PCT/US14/24598,2014-03-12,NST
14776127,PCT/EP2014/054759,2014-03-12,NST
14776128,PCT/US2014/027893,2014-03-14,NST
14776129,61798512,2013-03-15,PRO
14776129,PCT/US14/26222,2014-03-13,NST
14776130,PCT/IB2014/001581,2014-03-13,NST
14776131,PCT/US2014/025601,2014-03-13,NST
14776132,PCT/US2014/029717,2014-03-14,NST
14776133,13843816,2013-03-15,CON
14776133,14099644,2013-12-06,CIP
14776133,PCT/US14/25090,2014-03-12,NST
14776134,61785307,2013-03-14,PRO
14776134,PCT/US13/34386,2013-03-28,NST
14776135,61787338,2013-03-15,PRO
14776135,PCT/IB14/00315,2014-03-12,NST
14776136,PCT/JP2014/054995,2014-02-28,NST
14776137,PCT/KR2014/002753,2014-04-01,NST
14776138,PCT/US2014/030863,2014-03-17,NST
14776139,PCT/JP2013/082638,2013-12-04,NST
14776140,PCT/IB2014/059765,2014-03-13,NST
14776141,61801785,2013-03-15,PRO
14776141,61806143,2013-03-28,PRO
14776141,PCT/US14/29241,2014-03-14,NST
14776142,PCT/US2014/025870,2014-03-13,NST
14776143,PCT/US2014/029243,2014-03-14,NST
14776144,PCT/JP2014/054275,2014-02-24,NST
14776145,61790423,2013-03-15,PRO
14776145,PCT/US14/29035,2014-03-14,NST
14776146,61794071,2013-03-15,PRO
14776146,PCT/US14/28637,2014-03-14,NST
14776147,PCT/FR2014/050590,2014-03-13,NST
14776148,61790264,2013-03-15,PRO
14776148,PCT/US14/27467,2014-03-14,NST
14776149,PCT/US2013/030768,2013-03-13,NST
14776150,PCT/US2014/027486,2014-03-14,NST
14776151,PCT/GB2013/053423,2013-12-23,NST
14776152,61780201,2013-03-13,PRO
14776152,PCT/US14/24242,2014-03-12,NST
14776153,PCT/US2014/030232,2014-03-17,NST
14776154,PCT/US2014/027972,2014-03-14,NST
14776155,PCT/JP2014/053204,2014-02-12,NST
14776156,PCT/US2014/028041,2014-03-14,NST
14776157,PCT/US2014/029875,2014-03-14,NST
14776158,61788016,2013-03-15,PRO
14776158,PCT/US14/22513,2014-03-10,NST
14776159,PCT/EP2014/052943,2014-02-14,NST
14776160,61799871,2013-03-15,PRO
14776160,PCT/US14/30249,2014-03-17,NST
14776161,61799012,2013-03-15,PRO
14776161,PCT/US14/27374,2014-03-14,NST
14776162,PCT/US2014/025479,2014-03-13,NST
14776163,61791952,2013-03-15,PRO
14776163,PCT/US14/28154,2014-03-14,NST
14776164,61788692,2013-03-15,PRO
14776164,PCT/US14/27025,2014-03-14,NST
14776165,PCT/JP2014/056793,2014-03-13,NST
14776166,PCT/CA2014/050242,2014-03-14,NST
14776167,PCT/EP2013/077645,2013-12-20,NST
14776168,61787077,2013-03-15,PRO
14776168,PCT/US14/30138,2014-03-17,NST
14776169,PCT/EP2014/054991,2014-03-13,NST
14776170,PCT/IL2014/050265,2014-03-13,NST
14776171,61800868,2013-03-15,PRO
14776171,PCT/US14/30335,2014-03-17,NST
14776172,PCT/US2014/025753,2014-03-13,NST
14776173,PCT/JP2014/056938,2014-03-14,NST
14776174,61789923,2013-03-15,PRO
14776174,PCT/US14/30587,2014-03-17,NST
14776175,PCT/GB2014/050808,2014-03-14,NST
14776176,PCT/KR2014/002173,2014-03-14,NST
14776177,PCT/US2014/029393,2014-03-14,NST
14776178,PCT/EP2014/055128,2014-03-14,NST
14776179,PCT/EP2014/052687,2014-02-12,NST
14776180,13815934,2013-03-15,CIP
14776180,13928301,2013-06-26,CIP
14776180,PCT/US14/26912,2014-03-14,NST
14776181,61778930,2013-03-13,PRO
14776181,PCT/US14/23206,2014-03-11,NST
14776182,PCT/SE2013/050273,2013-03-15,NST
14776183,61784515,2013-03-14,PRO
14776183,PCT/US14/29405,2014-03-14,NST
14776184,61794870,2013-03-15,PRO
14776184,PCT/US14/30733,2014-03-17,NST
14776185,PCT/EP2014/055048,2014-03-14,NST
14776186,PCT/US2014/026750,2014-03-13,NST
14776187,61782795,2013-03-14,PRO
14776187,PCT/US14/00056,2014-03-14,NST
14776188,PCT/KR2014/002970,2014-04-07,NST
14776189,61793376,2013-03-15,PRO
14776189,PCT/US14/29070,2014-03-14,NST
14776190,61788690,2013-03-15,PRO
14776190,PCT/US14/11680,2014-01-15,NST
14776191,PCT/JP2013/007626,2013-12-26,NST
14776192,61791133,2013-03-15,PRO
14776192,PCT/US14/29006,2014-03-14,NST
14776193,PCT/EP2014/055129,2014-03-14,NST
14776194,61787118,2013-03-15,PRO
14776194,PCT/US14/25728,2014-03-13,NST
14776195,PCT/DE2014/000127,2014-03-12,NST
14776196,61787113,2013-03-15,PRO
14776196,PCT/US14/23185,2014-03-11,NST
14776197,61784536,2013-03-14,PRO
14776197,PCT/US14/28128,2014-03-14,NST
14776198,PCT/CA2014/000115,2014-02-14,NST
14776199,61788710,2013-03-15,PRO
14776199,PCT/US14/27441,2014-03-14,NST
14776200,PCT/US2014/024305,2014-03-12,NST
14776201,PCT/JP2014/058430,2014-03-26,NST
14776202,61784179,2013-03-14,PRO
14776202,PCT/US14/28835,2014-03-14,NST
14776203,PCT/JP2014/073156,2014-09-03,NST
14776204,PCT/US2014/027781,2014-03-14,NST
14776205,PCT/JP2014/001371,2014-03-11,NST
14776206,PCT/JP2014/052550,2014-02-04,NST
14776207,PCT/EP2014/055082,2014-03-14,NST
14776208,61784503,2013-03-14,PRO
14776208,PCT/US14/21269,2014-03-06,NST
14776209,PCT/EP2014/055047,2014-03-14,NST
14776210,PCT/AT2014/050061,2014-03-13,NST
14776211,61798013,2013-03-15,PRO
14776211,13918445,2013-06-14,CIP
14776211,PCT/US14/30481,2014-03-17,NST
14776212,61793439,2013-03-15,PRO
14776212,61859883,2013-07-30,PRO
14776212,PCT/US14/24524,2014-03-12,NST
14776213,PCT/SE2014/050317,2014-03-14,NST
14776214,PCT/JP2013/057017,2013-03-13,NST
14776215,PCT/FR2014/050599,2014-03-14,NST
14776216,61782999,2013-03-14,PRO
14776216,PCT/US14/29804,2014-03-14,NST
14776217,61779645,2013-03-13,PRO
14776217,PCT/US14/24449,2014-03-12,NST
14776218,61800804,2013-03-15,PRO
14776218,61801806,2013-03-15,PRO
14776218,PCT/US14/30578,2014-03-17,NST
14776219,PCT/US13/38602,2013-04-29,NST
14776220,PCT/JP2014/001362,2014-03-11,NST
14776221,61793896,2013-03-15,PRO
14776221,PCT/US14/30582,2014-03-17,NST
14776222,61789777,2013-03-15,PRO
14776222,PCT/US14/18293,2014-02-25,NST
14776224,PCT/IB2014/000310,2014-03-13,NST
14776225,PCT/FR2014/050555,2014-03-12,NST
14776226,PCT/EP2014/055130,2014-03-14,NST
14776227,PCT/EP2013/077651,2013-12-20,NST
14776228,PCT/KR2014/002095,2014-03-13,NST
14776229,PCT/GB2014/050726,2014-03-12,NST
14776230,PCT/KR2013/002107,2013-03-15,NST
14776231,PCT/IB2014/059630,2014-03-11,NST
14776232,61788891,2013-03-15,PRO
14776232,PCT/US14/25769,2014-03-13,NST
14776233,PCT/EP2014/055282,2014-03-17,NST
14776234,61790464,2013-03-15,PRO
14776234,PCT/US14/27279,2014-03-14,NST
14776235,61785295,2013-03-14,PRO
14776235,PCT/US14/27101,2014-03-14,NST
14776236,PCT/US2014/029598,2014-03-14,NST
14776237,61788516,2013-03-15,PRO
14776237,PCT/US14/18832,2014-02-27,NST
14776238,PCT/EP2014/000403,2014-02-14,NST
14776239,61791831,2013-03-15,PRO
14776239,PCT/US13/65237,2013-10-16,NST
14776240,61786737,2013-03-15,PRO
14776240,61828214,2013-05-29,PRO
14776240,61839488,2013-06-26,PRO
14776240,61903474,2013-11-13,PRO
14776240,14135887,2013-12-20,CON
14776240,PCT/US14/27453,2014-03-14,NST
14776241,PCT/JP2013/078457,2013-10-21,NST
14776242,PCT/JP2014/057143,2014-03-17,NST
14776243,PCT/KR2014/002093,2014-03-13,NST
14776244,61780546,2013-03-13,PRO
14776244,PCT/US14/26349,2014-03-13,NST
14776245,PCT/IB2014/059687,2014-03-12,NST
14776246,61781480,2013-03-14,PRO
14776246,PCT/US14/27103,2014-03-14,NST
14776247,PCT/IB2014/059840,2014-03-14,NST
14776248,PCT/US2014/023623,2014-03-11,NST
14776249,PCT/FR2014/050578,2014-03-13,NST
14776250,61789384,2013-03-15,PRO
14776250,PCT/US14/28110,2014-03-14,NST
14776251,PCT/JP2013/057353,2013-03-15,NST
14776252,PCT/US14/24699,2014-03-12,NST
14776253,PCT/CA2014/050244,2014-03-14,NST
14776254,61792641,2013-03-15,PRO
14776254,PCT/US14/30919,2014-03-17,NST
14776255,61794341,2013-03-15,PRO
14776255,PCT/US14/30317,2014-03-17,NST
14776256,PCT/US2014/028456,2014-03-14,NST
14776257,61791381,2013-03-15,PRO
14776257,PCT/US14/27341,2014-03-14,NST
14776258,61779521,2013-03-13,PRO
14776258,PCT/US14/24073,2014-03-12,NST
14776259,61794788,2013-03-15,PRO
14776259,PCT/US14/26094,2014-03-13,NST
14776260,61785269,2013-03-14,PRO
14776260,61790072,2013-03-15,PRO
14776260,PCT/US14/29602,2014-03-14,NST
14776261,61794587,2013-03-15,PRO
14776261,PCT/US14/22560,2014-03-10,NST
14776262,61783552,2013-03-14,PRO
14776262,61829477,2013-05-31,PRO
14776262,61898851,2013-11-01,PRO
14776262,PCT/US14/24258,2014-03-12,NST
14776263,PCT/EP2013/055493,2013-03-15,NST
14776264,PCT/EP2014/050558,2014-01-14,NST
14776265,PCT/NZ2014/000033,2014-03-11,NST
14776266,PCT/EP2014/055132,2014-03-14,NST
14776267,61791600,2013-03-15,PRO
14776267,PCT/US14/29041,2014-03-14,NST
14776268,PCT/US2014/024975,2014-03-12,NST
14776269,61783223,2013-03-14,PRO
14776269,PCT/US14/25430,2014-03-13,NST
14776270,PCT/JP2014/056799,2014-03-13,NST
14776271,PCT/US2014/030686,2014-03-17,NST
14776272,61783103,2013-03-14,PRO
14776272,PCT/US14/27904,2014-03-14,NST
14776273,61790443,2013-03-15,PRO
14776273,PCT/US14/29025,2014-03-14,NST
14776274,PCT/US13/31638,2013-03-14,NST
14776275,PCT/JP2014/056213,2014-03-10,NST
14776276,61782668,2013-03-14,PRO
14776276,PCT/US14/29747,2014-03-14,NST
14776277,PCT/EP2014/051766,2014-01-30,NST
14776279,61782581,2013-03-14,PRO
14776279,PCT/US14/26184,2014-03-13,NST
14776280,61785395,2013-03-14,PRO
14776280,PCT/US14/22597,2014-03-10,NST
14776281,PCT/US2014/018308,2014-02-25,NST
14776282,61787515,2013-03-15,PRO
14776282,PCT/US14/22631,2014-03-10,NST
14776283,61785490,2013-03-14,PRO
14776283,PCT/US14/27910,2014-03-14,NST
14776284,PCT/US13/31694,2013-03-14,NST
14776285,PCT/EP2014/054765,2014-03-12,NST
14776286,PCT/JP2014/053973,2014-02-20,NST
14776287,61798213,2013-03-15,PRO
14776287,PCT/US14/28260,2014-03-14,NST
14776288,PCT/AU2014/000252,2014-03-13,NST
14776289,PCT/IB2014/059712,2014-03-13,NST
14776291,PCT/JP2013/083414,2013-12-13,NST
14776292,61788666,2013-03-15,PRO
14776292,PCT/US14/27457,2014-03-14,NST
14776293,61788900,2013-03-15,PRO
14776293,PCT/US14/27451,2014-03-14,NST
14776294,PCT/KR2014/002097,2014-03-13,NST
14776295,PCT/EP2014/055466,2014-03-19,NST
14776296,61789775,2013-03-15,PRO
14776296,PCT/US14/25659,2014-03-13,NST
14776297,61792299,2013-03-15,PRO
14776297,PCT/US14/30302,2014-03-17,NST
14776298,61801287,2013-03-15,PRO
14776298,PCT/US14/29308,2014-03-14,NST
14776299,61782393,2013-03-14,PRO
14776299,PCT/US14/29440,2014-03-14,NST
14776300,PCT/FR2014/050472,2014-03-04,NST
14776301,61794182,2013-03-15,PRO
14776301,PCT/US14/30676,2014-03-17,NST
14776302,61783695,2013-03-14,PRO
14776302,PCT/US14/26042,2014-03-13,NST
14776303,PCT/JP2014/050510,2014-01-15,NST
14776304,PCT/CN2013/090203,2013-12-23,NST
14776305,PCT/US2014/026172,2014-03-13,NST
14776306,61793281,2013-03-15,PRO
14776306,PCT/US14/28315,2014-03-14,NST
14776307,61788133,2013-03-15,PRO
14776307,PCT/US14/29328,2014-03-14,NST
14776308,61783003,2013-03-14,PRO
14776308,PCT/US14/27761,2014-03-14,NST
14776309,61792521,2013-03-15,PRO
14776309,PCT/US14/26947,2014-03-14,NST
14776310,61781376,2013-03-14,PRO
14776310,PCT/US14/24403,2014-03-12,NST
14776311,61798129,2013-03-15,PRO
14776311,PCT/US14/23115,2014-03-11,NST
14776312,PCT/EP2014/054850,2014-03-12,NST
14776313,PCT/US2014/028060,2014-03-14,NST
14776314,PCT/JP2013/007367,2013-12-16,NST
14776315,PCT/JP2014/056606,2014-03-13,NST
14776316,PCT/US2014/022571,2014-03-10,NST
14776317,PCT/US2014/024480,2014-03-12,NST
14776318,PCT/CA2014/000271,2014-03-14,NST
14776319,PCT/EP2014/055299,2014-03-17,NST
14776320,61785413,2013-03-14,PRO
14776320,PCT/US14/22567,2014-03-10,NST
14776321,61782586,2013-03-14,PRO
14776321,PCT/US14/29769,2014-03-14,NST
14776322,PCT/US2014/026492,2014-03-13,NST
14776323,61778606,2013-03-13,PRO
14776323,PCT/US14/25167,2014-03-13,NST
14776324,PCT/GB2014/050760,2014-03-13,NST
14776325,61790890,2013-03-15,PRO
14776325,PCT/US14/26946,2014-03-14,NST
14776326,PCT/KR2013/012003,2013-12-23,NST
14776327,PCT/US2014/030657,2014-03-17,NST
14776328,PCT/CA2014/000236,2014-03-14,NST
14776329,61779124,2013-03-13,PRO
14776329,PCT/US14/25923,2014-03-13,NST
14776330,PCT/EP2014/055170,2014-03-14,NST
14776331,PCT/AT2014/050039,2014-02-11,NST
14776332,61800945,2013-03-15,PRO
14776332,PCT/US14/28174,2014-03-14,NST
14776333,PCT/US2014/027464,2014-03-14,NST
14776334,PCT/EP2014/054821,2014-03-12,NST
14776335,PCT/EP2014/000372,2014-02-11,NST
14776336,PCT/US2014/026157,2014-03-13,NST
14776337,PCT/US2014/030524,2014-03-17,NST
14776338,61789760,2013-03-15,PRO
14776338,PCT/US14/25138,2014-03-13,NST
14776339,PCT/IB2014/059684,2014-03-12,NST
14776340,PCT/US2014/024805,2014-03-12,NST
14776341,PCT/US2014/027557,2014-03-14,NST
14776342,PCT/EP2014/055001,2014-03-13,NST
14776343,PCT/IN2014/000180,2014-03-21,NST
14776344,PCT/US2014/025762,2014-03-13,NST
14776345,61794083,2013-03-15,PRO
14776345,PCT/US14/28901,2014-03-14,NST
14776346,PCT/US2014/027030,2014-03-14,NST
14776347,61793749,2013-03-15,PRO
14776347,PCT/US14/30088,2014-03-15,NST
14776349,13830478,2013-03-14,CIP
14776349,13916252,2013-06-12,CON
14776349,PCT/US14/28164,2014-03-14,NST
14776350,PCT/US2013/032088,2013-03-15,NST
14776351,PCT/IB2014/001139,2014-03-14,NST
14776352,PCT/AU2014/000263,2014-03-14,NST
14776353,61786033,2013-03-14,PRO
14776353,PCT/US14/23907,2014-03-12,NST
14776354,PCT/EP2014/054486,2014-03-07,NST
14776355,PCT/US2014/023449,2014-03-11,NST
14776356,PCT/US2014/027254,2014-03-14,NST
14776357,PCT/KR2014/002115,2014-03-13,NST
14776358,61794492,2013-03-15,PRO
14776358,PCT/US14/29272,2014-03-14,NST
14776359,PCT/AT2014/050064,2014-03-13,NST
14776360,PCT/EP2014/055121,2014-03-14,NST
14776361,PCT/US2013/035433,2013-04-05,NST
14776362,61778763,2013-03-13,PRO
14776362,PCT/US14/26665,2014-03-13,NST
14776363,PCT/US2014/023180,2014-03-11,NST
14776364,PCT/US2014/028710,2014-03-14,NST
14776365,PCT/US2014/028093,2014-03-14,NST
14776367,PCT/KR2014/002089,2014-03-13,NST
14776368,61783174,2013-03-14,PRO
14776368,PCT/US14/26366,2014-03-13,NST
14776369,PCT/EP2014/050557,2014-01-14,NST
14776370,PCT/IB2014/000096,2014-01-31,NST
14776371,PCT/NL2014/050037,2014-01-24,NST
14776372,PCT/US2014/027936,2014-03-14,NST
14776373,61793113,2013-03-15,PRO
14776373,PCT/US14/29270,2014-03-14,NST
14776374,PCT/US2014/025184,2014-03-13,NST
14776375,61783197,2013-03-14,PRO
14776375,PCT/US14/28824,2014-03-14,NST
14776376,PCT/JP2014/055978,2014-03-07,NST
14776377,PCT/JP2013/067740,2013-06-21,NST
14776378,61800191,2013-03-15,PRO
14776378,PCT/US14/29362,2014-03-14,NST
14776379,61779955,2013-03-13,PRO
14776379,PCT/US14/26408,2014-03-13,NST
14776380,PCT/CA2014/000249,2014-03-13,NST
14776381,PCT/EP2014/054715,2014-03-11,NST
14776382,61789738,2013-03-15,PRO
14776382,PCT/US14/24980,2014-03-12,NST
14776383,PCT/BR2014/000077,2014-03-13,NST
14776384,61794729,2013-03-15,PRO
14776384,PCT/US14/27605,2014-03-14,NST
14776385,PCT/US2014/021928,2014-03-07,NST
14776386,PCT/KR2014/002189,2014-03-14,NST
14776387,PCT/EP2014/055073,2014-03-14,NST
14776388,PCT/KR2013/012095,2013-12-24,NST
14776389,PCT/JP2014/055735,2014-03-06,NST
14776390,PCT/IB2014/001715,2014-03-13,NST
14776391,61792185,2013-03-15,PRO
14776391,PCT/US14/25792,2014-03-13,NST
14776392,61785460,2013-03-14,PRO
14776392,PCT/US14/26595,2014-03-13,NST
14776393,PCT/EP2014/055011,2014-03-13,NST
14776394,PCT/JP2014/001233,2014-03-06,NST
14776395,61789604,2013-03-15,PRO
14776395,PCT/US14/29743,2014-03-14,NST
14776396,61801202,2013-03-15,PRO
14776396,PCT/US14/29793,2014-03-14,NST
14776397,61783122,2013-03-14,PRO
14776397,PCT/US14/22684,2014-03-10,NST
14776398,61793090,2013-03-15,PRO
14776398,PCT/US14/28364,2014-03-14,NST
14776399,PCT/US2014/024908,2014-03-12,NST
14776400,PCT/EP2014/055795,2014-03-24,NST
14776401,61785183,2013-03-14,PRO
14776401,PCT/US14/27405,2014-03-14,NST
14776402,61788737,2013-03-15,PRO
14776402,PCT/US14/29230,2014-03-14,NST
14776403,PCT/US2014/030654,2014-03-17,NST
14776404,PCT/US2014/022738,2014-03-10,NST
14776405,PCT/EP2014/051059,2014-01-20,NST
14776406,61781347,2013-03-14,PRO
14776406,PCT/US14/24244,2014-03-12,NST
14776407,PCT/JP2014/057643,2014-03-13,NST
14776408,61793090,2013-03-15,PRO
14776408,PCT/US14/30632,2014-03-17,NST
14776409,PCT/EP2014/056728,2014-04-03,NST
14776410,PCT/US2014/029033,2014-03-14,NST
14776411,61800001,2013-03-15,PRO
14776411,PCT/US14/27850,2014-03-14,NST
14776412,PCT/IB2014/001253,2014-03-14,NST
14776413,PCT/EP2014/054713,2014-03-11,NST
14776414,PCT/US2014/028427,2014-03-14,NST
14776415,PCT/GB2014/050824,2014-03-14,NST
14776416,PCT/US2014/021885,2014-03-07,NST
14776417,61793850,2013-03-15,PRO
14776417,PCT/US14/26268,2014-03-13,NST
14776418,61793212,2013-03-15,PRO
14776418,PCT/US14/27086,2014-03-14,NST
14776419,61783197,2013-03-14,PRO
14776419,61787101,2013-03-15,PRO
14776419,PCT/US14/28957,2014-03-14,NST
14776420,61791477,2013-03-15,PRO
14776420,PCT/US14/30797,2014-03-17,NST
14776421,61794818,2013-03-15,PRO
14776421,PCT/US14/21357,2014-03-06,NST
14776422,PCT/EP2014/000669,2014-03-13,NST
14776423,61789311,2013-03-15,PRO
14776423,PCT/US14/11184,2014-01-12,NST
14776424,61785688,2013-03-14,PRO
14776424,PCT/US14/27371,2014-03-14,NST
14776425,PCT/SE2014/050297,2014-03-12,NST
14776426,PCT/EP2014/052538,2014-02-10,NST
14776427,PCT/US2014/028092,2014-03-14,NST
14776428,PCT/EP2014/054941,2014-03-13,NST
14776429,61781906,2013-03-14,PRO
14776429,61781912,2013-03-14,PRO
14776429,61781920,2013-03-14,PRO
14776429,61781925,2013-03-14,PRO
14776429,PCT/US14/28515,2014-03-14,NST
14776430,PCT/US2014/029209,2014-03-14,NST
14776431,PCT/AT2014/050051,2014-03-05,NST
14776432,61791706,2013-03-15,PRO
14776432,PCT/US14/27081,2014-03-14,NST
14776433,PCT/KR2014/002693,2014-03-28,NST
14776434,PCT/US2014/024932,2014-03-12,NST
14776435,61793659,2013-03-15,PRO
14776435,PCT/US14/30220,2014-03-17,NST
14776436,61793782,2013-03-15,PRO
14776436,PCT/US14/29925,2014-03-15,NST
14776437,61781788,2013-03-14,PRO
14776437,PCT/US14/20832,2014-03-05,NST
14776438,PCT/AU2014/000242,2014-03-12,NST
14776439,PCT/EP2014/054783,2014-03-12,NST
14776440,PCT/US2014/028986,2014-03-14,NST
14776441,PCT/IB2014/059891,2014-03-17,NST
14776442,61784594,2013-03-14,PRO
14776442,PCT/US14/26481,2014-03-13,NST
14776443,61791913,2013-03-15,PRO
14776443,PCT/US14/25384,2014-03-13,NST
14776445,PCT/US2014/029096,2014-03-14,NST
14776446,61852437,2013-03-15,PRO
14776446,PCT/US14/29192,2014-03-14,NST
14776447,61788876,2013-03-15,PRO
14776447,61835881,2013-06-17,PRO
14776447,PCT/US14/20698,2014-03-05,NST
14776448,PCT/US14/29158,2014-03-14,NST
14776449,PCT/US2014/026387,2014-03-13,NST
14776450,PCT/US2014/028255,2014-03-14,NST
14776451,61783197,2013-03-14,PRO
14776451,PCT/US14/28862,2014-03-14,NST
14776452,61784640,2013-03-14,PRO
14776452,PCT/US14/28563,2014-03-14,NST
14776453,PCT/IB2014/001128,2014-03-14,NST
14776454,61793138,2013-03-15,PRO
14776454,PCT/US14/28684,2014-03-14,NST
14776455,PCT/EP2014/053596,2014-02-25,NST
14776456,61780884,2013-03-13,PRO
14776456,61857592,2013-07-23,PRO
14776456,PCT/US14/26059,2014-03-13,NST
14776457,PCT/JP2013/059286,2013-03-28,NST
14776458,61783266,2013-03-14,PRO
14776458,PCT/US14/27313,2014-03-14,NST
14776459,PCT/NZ2014/000037,2014-03-14,NST
14776460,PCT/US2014/026305,2014-03-13,NST
14776461,61799276,2013-03-15,PRO
14776461,PCT/US14/29495,2014-03-14,NST
14776462,PCT/EP2014/050773,2014-01-16,NST
14776463,61779514,2013-03-13,PRO
14776463,PCT/US14/25578,2014-03-13,NST
14776464,PCT/US2014/023264,2014-03-11,NST
14776465,PCT/US2014/027697,2014-03-14,NST
14776466,61798641,2013-03-15,PRO
14776466,PCT/US14/26353,2014-03-13,NST
14776467,61792556,2013-03-15,PRO
14776467,PCT/US14/28533,2014-03-14,NST
14776468,PCT/JP2015/059366,2015-03-26,NST
14776469,61800192,2013-03-15,PRO
14776469,PCT/US14/29358,2014-03-14,NST
14776470,61784915,2013-03-14,PRO
14776470,PCT/US14/18731,2014-02-26,NST
14776471,PCT/AU2014/000257,2014-03-13,NST
14776472,PCT/JP2015/059367,2015-03-26,NST
14776474,PCT/IB2013/000942,2013-03-14,NST
14776475,61788177,2013-03-15,PRO
14776475,PCT/US14/30820,2014-03-17,NST
14776476,61802011,2013-03-15,PRO
14776476,PCT/US14/26614,2014-03-13,NST
14776477,PCT/US2014/024344,2014-03-12,NST
14776478,13839949,2013-03-15,CIP
14776478,13840563,2013-03-15,CIP
14776478,13841074,2013-03-15,CIP
14776478,13841622,2013-03-15,CIP
14776478,13842521,2013-03-15,CIP
14776478,13938877,2013-07-10,CIP
14776478,14015801,2013-08-30,CIP
14776478,14101051,2013-12-09,CIP
14776478,14101086,2013-12-09,CIP
14776478,14101099,2013-12-09,CIP
14776478,14101129,2013-12-09,CIP
14776478,14101147,2013-12-09,CIP
14776478,61922017,2013-12-30,PRO
14776478,PCT/US14/13931,2014-01-30,CIP
14776478,PCT/US14/13937,2014-01-30,CIP
14776478,PCT/US14/30017,2014-03-15,NST
14776479,PCT/EP2014/054942,2014-03-13,NST
14776480,PCT/US2014/027804,2014-03-14,NST
14776481,PCT/CA2014/000251,2014-03-13,NST
14776482,PCT/CA2014/050256,2014-03-14,NST
14776483,PCT/CA2014/050218,2014-03-12,NST
14776484,PCT/AU2014/000270,2014-03-14,NST
14776485,61781408,2013-03-14,PRO
14776485,61819377,2013-05-03,PRO
14776485,PCT/US14/25343,2014-03-13,NST
14776486,PCT/US2014/026712,2014-03-13,NST
14776487,PCT/US2014/028734,2014-03-14,NST
14776488,61785652,2013-03-14,PRO
14776488,PCT/US14/25300,2014-03-13,NST
14776489,PCT/US2014/029511,2014-03-14,NST
14776490,61786230,2013-03-14,PRO
14776490,PCT/US14/24177,2014-03-12,NST
14776491,PCT/US14/25901,2014-03-13,NST
14776492,PCT/CN2013/075399,2013-05-09,NST
14776493,PCT/JP2014/055223,2014-03-03,NST
14776494,PCT/US2014/025324,2014-03-13,NST
14776495,PCT/EP2014/055345,2014-03-17,NST
14776496,PCT/EP2014/000463,2014-02-21,NST
14776497,PCT/US2014/027234,2014-03-14,NST
14776498,61782611,2013-03-14,PRO
14776498,PCT/US14/24563,2014-03-12,NST
14776499,PCT/IB2014/001177,2014-03-14,NST
14776500,PCT/US2014/029677,2014-03-14,NST
14776501,PCT/EP2014/055028,2014-03-13,NST
14776502,13802783,2013-03-14,CON
14776502,PCT/US14/11625,2014-01-15,NST
14776503,PCT/IB2014/001034,2014-03-12,NST
14776504,PCT/US2014/029352,2014-03-14,NST
14776505,61792453,2013-03-15,PRO
14776505,PCT/US14/28505,2014-03-14,NST
14776506,PCT/US2014/027422,2014-03-14,NST
14776507,PCT/US2014/024830,2014-03-12,NST
14776508,61779727,2013-03-13,PRO
14776508,PCT/US14/26513,2014-03-13,NST
14776509,PCT/US2014/023762,2014-03-11,NST
14776510,PCT/EP2014/054996,2014-03-13,NST
14776511,61782540,2013-03-14,PRO
14776511,PCT/US14/26121,2014-03-13,NST
14776512,PCT/US2014/029071,2014-03-14,NST
14776513,61789961,2013-03-15,PRO
14776513,61808965,2013-04-05,PRO
14776513,PCT/US14/28807,2014-03-14,NST
14776514,PCT/AU2014/000267,2014-03-14,NST
14776515,PCT/KR2014/002984,2014-04-07,NST
14776516,61800703,2013-03-15,PRO
14776516,PCT/US14/29263,2014-03-14,NST
14776517,PCT/US2014/027593,2014-03-14,NST
14776518,61785204,2013-03-14,PRO
14776518,PCT/US14/27259,2014-03-14,NST
14776519,PCT/US2014/026917,2014-03-14,NST
14776520,PCT/US2014/030047,2014-03-15,NST
14776521,61779101,2013-03-13,PRO
14776521,PCT/US14/25488,2014-03-13,NST
14776522,PCT/NL2014/050154,2014-03-14,NST
14776523,61786796,2013-03-15,PRO
14776523,PCT/US14/28856,2014-03-14,NST
14776524,61785966,2013-03-14,PRO
14776524,61903671,2013-11-13,PRO
14776524,PCT/US14/28233,2014-03-14,NST
14776525,61783645,2013-03-14,PRO
14776525,PCT/US14/26140,2014-03-13,NST
14776526,PCT/EP2014/054424,2014-03-07,NST
14776527,PCT/US2014/025644,2014-03-13,NST
14776528,PCT/EP2013/055446,2013-03-15,NST
14776529,PCT/US2014/026892,2014-03-13,NST
14776530,61800852,2013-03-15,PRO
14776530,PCT/US2014/028390,2014-03-14,NST
14776531,PCT/KR2014/002092,2013-03-15,NST
14776532,61793598,2013-03-15,PRO
14776532,PCT/US14/29589,2014-03-14,NST
14776533,PCT/US2014/029766,2014-03-14,NST
14776534,PCT/CN2014/072749,2014-02-28,NST
14776535,61786285,2013-03-14,PRO
14776535,PCT/US14/26460,2014-03-13,NST
14776536,PCT/IB2014/001147,2014-03-13,NST
14776537,PCT/US2014/029691,2014-03-14,NST
14776538,61800499,2013-03-15,PRO
14776538,61813840,2013-04-19,PRO
14776538,PCT/US14/28500,2014-03-14,NST
14776539,PCT/JP2014/055062,2014-02-28,NST
14776540,61785955,2013-03-14,PRO
14776540,PCT/US14/27083,2014-03-14,NST
14776541,PCT/CA2014/050276,2014-03-17,NST
14776542,61786126,2013-03-14,PRO
14776542,PCT/US14/24540,2014-03-12,NST
14776543,PCT/JP2014/056699,2014-03-13,NST
14776544,PCT/FR2014/050495,2014-03-05,NST
14776545,61783960,2013-03-14,PRO
14776545,PCT/US14/26232,2014-03-13,NST
14776546,PCT/JP2014/059998,2014-04-04,NST
14776547,PCT/US2014/028048,2014-03-14,NST
14776548,PCT/EP2014/055349,2014-03-17,NST
14776549,PCT/AU2014/000253,2014-03-13,NST
14776550,PCT/US2014/028097,2014-03-14,NST
14776551,PCT/US2013/032165,2013-03-15,NST
14776552,61788252,2013-03-15,PRO
14776552,PCT/US14/30565,2014-03-17,NST
14776553,PCT/US2014/025100,2014-03-12,NST
14776554,PCT/US2014/020637,2014-03-05,NST
14776555,61790764,2013-03-15,PRO
14776555,PCT/IB14/59581,2014-03-10,NST
14776557,PCT/US2014/020512,2014-03-05,NST
14776558,61798361,2013-03-15,PRO
14776558,PCT/US14/30714,2014-03-17,NST
14776559,PCT/US2014/022283,2014-03-10,NST
14776560,PCT/US2014/030031,2014-03-15,NST
14776561,61785177,2013-03-14,PRO
14776561,61943931,2014-02-24,PRO
14776561,PCT/US14/29752,2014-03-14,NST
14776562,PCT/FR2014/050602,2014-03-14,NST
14776563,61790759,2013-03-15,PRO
14776563,PCT/US14/24889,2014-03-12,NST
14776564,61788518,2013-03-15,PRO
14776564,61951896,2014-03-12,PRO
14776564,PCT/US14/29532,2014-03-14,NST
14776565,PCT/US2014/024961,2014-03-12,NST
14776566,PCT/US2014/030527,2014-03-17,NST
14776567,PCT/US2014/029412,2014-03-14,NST
14776568,61793012,2013-03-15,PRO
14776568,PCT/US14/30106,2014-03-16,NST
14776569,PCT/GB2014/050733,2014-03-12,NST
14776570,PCT/EP2014/053593,2014-02-25,NST
14776571,PCT/EP2014/054808,2014-03-12,NST
14776572,PCT/US2014/027274,2014-03-14,NST
14776573,PCT/JP2014/001396,2014-03-12,NST
14776574,PCT/EP2014/000683,2014-03-14,NST
14776575,13842785,2013-03-15,CIP
14776575,PCT/US2014/029549,2014-03-14,NST
14776576,61794909,2013-03-15,PRO
14776576,PCT/US14/29170,2014-03-14,NST
14776577,PCT/US2014/027133,2014-03-14,NST
14776578,61800635,2013-03-15,PRO
14776578,PCT/US14/27656,2014-03-14,NST
14776579,PCT/US2014/020536,2014-03-05,NST
14776580,PCT/EP2014/055221,2014-03-14,NST
14776581,61791013,2013-03-15,PRO
14776581,PCT/US14/25292,2014-03-13,NST
14776582,PCT/EP2014/054856,2014-03-12,NST
14776583,61793020,2013-03-15,PRO
14776583,PCT/US14/26301,2014-03-13,NST
14776584,61309259,2010-03-01,PRO
14776584,61369013,2010-07-29,PRO
14776584,61434769,2011-01-20,PRO
14776584,PCT/US11/26717,2011-03-01,NST
14776584,13194880,2011-07-29,CON
14776584,PCT/US12/22126,2012-01-20,NST
14776584,13582148,2012-08-31,CIP
14776584,14793370,2015-07-07,CIP
14776584,PCT/US2014/030105,2014-03-16,NST
14776585,61801110,2013-03-15,PRO
14776585,PCT/US14/29607,2014-03-14,NST
14776586,61801414,2013-03-15,PRO
14776586,61804083,2013-03-21,PRO
14776586,PCT/US14/29432,2014-03-14,NST
14776587,PCT/JP2014/001234,2014-03-06,NST
14776588,61800065,2013-03-15,PRO
14776588,PCT/US14/23436,2014-03-11,NST
14776589,PCT/IB2014/001272,2014-03-12,NST
14776590,PCT/US2014/028664,2014-03-14,NST
14776591,61784999,2013-03-14,PRO
14776591,13945571,2013-07-18,CON
14776591,PCT/US14/29528,2014-03-14,NST
14776592,PCT/US13/32399,2013-03-15,NST
14776593,PCT/EP2014/054807,2014-03-12,NST
14776594,PCT/US2014/026007,2014-03-13,NST
14776595,PCT/AU2013/000497,2013-05-14,NST
14776596,PCT/US2014/030259,2014-03-17,NST
14776597,PCT/US2014/025810,2014-03-13,NST
14776598,61783822,2013-03-14,PRO
14776598,PCT/US14/23164,2014-03-11,NST
14776599,PCT/US2014/027627,2014-03-14,NST
14776600,PCT/SG2014/000125,2014-03-14,NST
14776601,61793107,2013-03-15,PRO
14776601,PCT/US14/24755,2014-03-12,NST
14776602,PCT/US2014/024916,2014-03-12,NST
14776603,PCT/US2014/022789,2014-03-10,NST
14776604,PCT/US2014/025622,2014-03-13,NST
14776605,PCT/JP2014/001334,2014-03-10,NST
14776606,61794926,2013-03-15,PRO
14776606,PCT/US14/30041,2014-03-15,NST
14776607,PCT/US2014/030655,2014-03-17,NST
14776608,61801270,2013-03-15,PRO
14776608,PCT/US14/29617,2014-03-14,NST
14776609,PCT/US2014/030099,2014-03-16,NST
14776610,PCT/US2013/032697,2013-03-15,NST
14776611,61782762,2013-03-14,PRO
14776611,PCT/US14/29843,2014-03-14,NST
14776612,61789358,2013-03-15,PRO
14776612,PCT/US14/30853,2014-03-17,NST
14776613,PCT/US2013/031506,2013-03-14,NST
14776614,PCT/US2014/026660,2014-03-13,NST
14776615,PCT/CA2014/000219,2014-03-13,NST
14776616,PCT/SG2014/000129,2014-03-14,NST
14776617,PCT/CN2013/090476,2013-12-25,NST
14776618,PCT/FR2013/050530,2013-03-14,NST
14776620,PCT/US2014/029304,2014-03-14,NST
14776621,61785190,2013-03-14,PRO
14776621,PCT/US14/29283,2014-03-14,NST
14776622,PCT/EP2014/055120,2014-03-14,NST
14776623,61786128,2013-03-14,PRO
14776623,61880161,2013-09-19,PRO
14776623,PCT/US14/29813,2014-03-14,NST
14776624,PCT/US2014/029872,2014-03-14,NST
14776625,61808597,2013-04-04,PRO
14776625,PCT/US13/77636,2013-12-24,NST
14776626,PCT/US2014/025573,2014-03-13,NST
14776628,61800943,2013-03-15,PRO
14776628,PCT/US14/15864,2014-02-11,NST
14776629,61781069,2013-03-14,PRO
14776629,PCT/US14/25221,2014-03-13,NST
14776630,61799342,2013-03-15,PRO
14776630,PCT/US14/28911,2014-03-14,NST
14776631,PCT/US2014/028586,2014-03-14,NST
14776632,61785594,2013-03-14,PRO
14776632,PCT/US14/28557,2014-03-14,NST
14776633,PCT/IE2014/000005,2014-03-18,NST
14776634,PCT/US2014/029219,2014-03-14,NST
14776635,PCT/CN2014/000260,2014-03-13,NST
14776636,61802611,2013-03-16,PRO
14776636,PCT/US14/30103,2014-03-16,NST
14776637,PCT/US2014/026608,2014-03-14,NST
14776638,61802569,2013-03-16,PRO
14776638,PCT/US14/31117,2014-03-18,NST
14776639,PCT/US2014/029189,2014-03-14,NST
14776640,PCT/IB2014/001157,2014-03-15,NST
14776641,61789358,2013-03-15,PRO
14776641,PCT/US14/00058,2014-03-17,NST
14776642,13827840,2013-03-14,CON
14776642,PCT/US14/22080,2014-03-07,NST
14776643,PCT/AU2014/000272,2014-03-14,NST
14776644,PCT/US2014/028173,2014-03-14,NST
14776645,PCT/JP2014/000762,2014-02-14,NST
14776646,61787861,2013-03-15,PRO
14776646,PCT/US14/28323,2014-03-14,NST
14776647,61785059,2013-03-14,PRO
14776647,PCT/US14/29434,2014-03-14,NST
14776648,PCT/IB2014/001105,2014-03-15,NST
14776649,PCT/EP2014/055066,2014-03-14,NST
14776650,PCT/US2014/028381,2014-03-14,NST
14776651,61780910,2013-03-13,PRO
14776651,61798389,2013-03-15,PRO
14776651,61857613,2013-07-23,PRO
14776651,61863909,2013-08-09,PRO
14776651,PCT/US14/26714,2014-03-13,NST
14776653,61794895,2013-03-15,PRO
14776653,PCT/US14/28257,2014-03-14,NST
14776654,PCT/US14/29463,2014-03-14,NST
14776655,PCT/IB2014/001200,2014-03-14,NST
14776656,61802195,2013-03-15,PRO
14776656,PCT/US14/30546,2014-03-17,NST
14776657,PCT/US2014/028820,2014-03-14,NST
14776658,PCT/ES2014/070181,2014-03-13,NST
14776659,PCT/US14/28868,2014-03-14,NST
14776660,PCT/US2014/030496,2014-03-17,NST
14776661,61785907,2013-03-14,PRO
14776661,PCT/US14/29137,2014-03-14,NST
14776662,61789639,2013-03-15,PRO
14776662,PCT/US14/26837,2014-03-13,NST
14776663,PCT/US2014/026445,2014-03-13,NST
14776664,PCT/US2014/028468,2014-03-14,NST
14776665,PCT/JP2014/052294,2014-01-31,NST
14776666,PCT/US2014/022858,2014-03-10,NST
14776667,PCT/EP2014/055655,2014-03-20,NST
14776668,61792216,2013-03-15,PRO
14776668,PCT/US14/29757,2014-03-14,NST
14776669,PCT/US14/28609,2014-03-14,NST
14776670,PCT/US2014/026537,2014-03-14,NST
14776671,61801587,2013-03-15,PRO
14776671,PCT/US14/29676,2014-03-14,NST
14776672,61785481,2013-03-14,PRO
14776672,61790917,2013-03-15,PRO
14776672,PCT/US14/27525,2014-03-14,NST
14776673,13844138,2013-03-15,CIP
14776673,PCT/US14/29386,2014-03-14,NST
14776674,61791222,2013-03-15,PRO
14776674,PCT/US14/24313,2014-03-12,NST
14776675,61777903,2013-03-12,PRO
14776675,PCT/US14/23751,2014-03-11,NST
14776676,61781854,2013-03-14,PRO
14776676,PCT/US14/29539,2014-03-14,NST
14776677,61788080,2013-03-15,PRO
14776677,PCT/US14/29248,2014-03-14,NST
14776678,61798937,2013-03-15,PRO
14776678,PCT/US14/29806,2014-03-14,NST
14776679,PCT/JP2014/056982,2014-03-14,NST
14776680,PCT/NZ2014/000035,2014-03-12,NST
14776681,61802170,2013-03-15,PRO
14776681,PCT/US14/30930,2014-03-17,NST
14776682,PCT/US2014/026247,2014-03-13,NST
14776683,PCT/US2014/029809,2014-03-14,NST
14776684,61791455,2013-03-15,PRO
14776684,PCT/US14/30107,2014-03-16,NST
14776685,61788461,2013-03-15,PRO
14776685,PCT/US14/29936,2014-03-15,NST
14776686,PCT/US2014/028536,2014-03-14,NST
14776687,61782828,2013-03-14,PRO
14776687,PCT/US14/25873,2014-03-13,NST
14776688,PCT/US2014/029811,2014-03-14,NST
14776689,61802352,2013-03-15,PRO
14776689,61832147,2013-06-06,PRO
14776689,PCT/US14/30908,2014-03-17,NST
14776690,PCT/CA2014/000260,2014-03-14,NST
14776691,61785499,2013-03-14,PRO
14776691,PCT/US14/28989,2014-03-14,NST
14776692,PCT/US2014/023855,2014-03-12,NST
14776693,61792744,2013-03-15,PRO
14776693,PCT/US14/27874,2014-03-14,NST
14776694,61786213,2013-03-14,PRO
14776694,PCT/US14/24969,2014-03-12,NST
14776695,PCT/US2014/029625,2014-03-14,NST
14776696,PCT/KR2014/001572,2014-02-26,NST
14776697,61801012,2013-03-15,PRO
14776697,PCT/US14/30537,2014-03-17,NST
14776698,PCT/FR2014/050596,2014-03-14,NST
14776699,61788506,2013-03-15,PRO
14776699,PCT/US14/27640,2014-03-14,NST
14776700,61799481,2013-03-15,PRO
14776700,PCT/US14/28580,2014-03-14,NST
14776701,PCT/CA2014/050255,2014-03-14,NST
14776702,PCT/CA2014/050273,2014-03-14,NST
14776703,61784157,2013-03-14,PRO
14776703,PCT/US14/27394,2014-03-14,NST
14776704,PCT/CN2014/073635,2014-03-18,NST
14776705,61801393,2013-03-15,PRO
14776705,PCT/US14/30005,2014-03-15,NST
14776706,29449872,2013-03-15,CIP
14776706,29449918,2013-03-15,CIP
14776706,29449938,2013-03-15,CIP
14776706,29449957,2013-03-15,CIP
14776706,29449965,2013-03-15,CIP
14776706,29449978,2013-03-15,CIP
14776706,29449990,2013-03-15,CIP
14776706,29450009,2013-03-15,CIP
14776706,29450023,2013-03-15,CIP
14776706,29450036,2013-03-15,CIP
14776706,61800445,2013-03-15,PRO
14776706,29466712,2013-09-11,CIP
14776706,14027234,2013-09-15,CIP
14776706,61878579,2013-09-16,PRO
14776706,PCT/US2013/062503,2013-09-29,NST
14776707,61800668,2013-03-15,PRO
14776707,PCT/US14/29537,2014-03-14,NST
14776708,PCT/US2014/022520,2014-03-10,NST
14776709,61792102,2013-03-15,PRO
14776709,PCT/US14/30314,2014-03-17,NST
14776710,61785240,2013-03-14,PRO
14776710,PCT/US14/29762,2014-03-14,NST
14776711,PCT/US2014/022733,2014-03-10,NST
14776712,PCT/IB2014/059623,2014-03-11,NST
14776713,PCT/US2014/022742,2014-03-10,NST
14776714,PCT/US2014/028695,2014-03-14,NST
14776715,PCT/US2014/022846,2014-03-10,NST
14776716,PCT/IB2014/059427,2014-03-04,NST
14776717,PCT/US2014/022736,2014-03-10,NST
14776719,PCT/US2014/018839,2014-02-27,NST
14776720,PCT/EP2014/054992,2014-03-13,NST
14776721,PCT/US2014/029988,2014-03-15,NST
14776722,PCT/UA2014/000033,2014-03-17,NST
14776723,PCT/US2014/029682,2014-03-14,NST
14776724,PCT/US2014/025044,2014-03-12,NST
14776725,PCT/EP2014/055179,2014-03-14,NST
14776726,PCT/US2014/022769,2014-03-10,NST
14776727,PCT/US2014/029821,2014-03-14,NST
14776728,PCT/JP2014/056325,2014-03-11,NST
14776729,PCT/JP2014/056326,2014-03-11,NST
14776730,61791909,2013-03-15,PRO
14776730,PCT/US14/29674,2014-03-14,NST
14776731,PCT/IB2014/059400,2014-03-03,NST
14776732,61801491,2013-03-15,PRO
14776732,PCT/US14/38290,2014-05-15,NST
14776733,PCT/JP2014/056327,2014-03-11,NST
14776734,PCT/US2014/031118,2014-03-18,NST
14776735,PCT/JP2013/076641,2013-10-01,NST
14776736,61801170,2013-03-15,PRO
14776736,61801491,2013-03-15,PRO
14776736,PCT/US14/31116,2014-03-18,NST
14776737,61864563,2013-08-10,PRO
14776737,PCT/US14/30073,2014-03-15,NST
14776738,PCT/JP2014/052133,2014-01-30,NST
14776739,PCT/JP2014/056753,2014-03-13,NST
14776740,PCT/FR2014/000011,2014-01-17,NST
14776741,PCT/JP2014/057469,2014-03-19,NST
14776742,61799004,2013-03-15,PRO
14776742,61853575,2013-04-06,PRO
14776742,PCT/US14/31121,2014-03-18,NST
14776743,61791431,2013-03-15,PRO
14776743,61953709,2014-03-14,PRO
14776743,PCT/US14/30084,2014-03-15,NST
14776744,PCT/JP2014/001271,2014-03-07,NST
14776745,PCT/IB2013/052302,2013-03-22,NST
14776746,PCT/IB2013/052519,2013-03-28,NST
14776747,PCT/EP2014/062324,2014-06-13,NST
14776748,PCT/US2013/032011,2013-03-15,NST
14776749,PCT/US2013/031978,2013-03-15,NST
14776750,PCT/US2013/032679,2013-03-15,NST
14776751,PCT/EP2014/055057,2014-03-14,NST
14776752,PCT/US2014/030353,2014-03-17,NST
14776753,PCT/EP2014/056485,2014-03-31,NST
14776754,PCT/JP2014/001206,2014-03-05,NST
14776755,PCT/US2014/029334,2014-03-14,NST
14776756,PCT/IB2014/060033,2014-03-21,NST
14776757,PCT/JP2014/058507,2014-03-26,NST
14776758,61790650,2013-03-15,PRO
14776758,PCT/US13/41987,2013-05-21,NST
14776759,PCT/US2013/032185,2013-03-15,NST
14776760,PCT/EP2014/055409,2014-03-18,NST
14776761,PCT/IB2014/060400,2014-04-03,NST
14776762,PCT/JP2013/063197,2013-05-10,NST
14776763,PCT/US2014/030139,2014-03-17,NST
14776764,61787781,2013-03-15,PRO
14776764,PCT/US14/21085,2014-03-06,NST
14776765,61794012,2013-03-15,PRO
14776765,PCT/US14/30688,2014-03-17,NST
14776766,PCT/EP2014/054864,2014-03-12,NST
14776767,61793161,2013-03-15,PRO
14776767,PCT/US14/30444,2014-03-17,NST
14776768,PCT/US2014/029113,2014-03-14,NST
14776769,PCT/GB2014/050787,2014-03-14,NST
14776770,PCT/IB2014/059738,2014-03-13,NST
14776771,61798367,2013-03-15,PRO
14776771,61798462,2013-03-15,PRO
14776771,61798541,2013-03-15,PRO
14776771,PCT/US14/30705,2014-03-17,NST
14776772,PCT/EP2014/054425,2014-03-07,NST
14776773,PCT/EP2014/054754,2014-03-11,NST
14776774,PCT/US2014/028742,2014-03-14,NST
14776775,PCT/JP2014/060554,2014-04-11,NST
14776776,PCT/EP2014/055189,2014-03-14,NST
14776777,61786333,2013-03-15,PRO
14776777,PCT/US14/30130,2014-03-17,NST
14776778,PCT/EP2014/054708,2014-03-11,NST
14776779,PCT/US2014/025552,2014-03-13,NST
14776780,PCT/GB14/50750,2014-03-13,NST
14776781,PCT/JP2014/051185,2014-01-22,NST
14776782,61793294,2013-03-15,PRO
14776782,PCT/US14/22724,2014-03-10,NST
14776783,61798367,2013-03-15,PRO
14776783,61798541,2013-03-15,PRO
14776783,PCT/US14/30640,2014-03-17,NST
14776784,PCT/JP2015/051439,2015-01-21,NST
14776785,PCT/GB2014/050790,2014-03-14,NST
14776786,PCT/IB2014/059650,2014-03-12,NST
14776787,PCT/JP2014/056364,2014-03-11,NST
14776788,61802152,2013-03-15,PRO
14776788,PCT/US14/28925,2014-03-14,NST
14776789,PCT/CA2014/000182,2014-03-11,NST
14776790,PCT/IB2014/000373,2014-03-17,NST
14776791,61786794,2013-03-15,PRO
14776791,PCT/US14/30257,2014-03-17,NST
14776792,PCT/CA2014/000244,2014-03-14,NST
14776793,PCT/IB2014/059785,2014-03-14,NST
14776794,PCT/EP2014/055067,2014-03-14,NST
14776795,PCT/KR2013/007487,2013-08-21,NST
14776796,PCT/EP2014/000480,2014-02-24,NST
14776797,PCT/KR2014/002153,2014-03-14,NST
14776798,PCT/EP2014/055168,2014-03-14,NST
14776799,PCT/EP2014/051066,2014-01-21,NST
14776800,61792088,2013-03-15,PRO
14776800,61891109,2013-10-15,PRO
14776800,PCT/US14/25892,2014-03-13,NST
14776801,PCT/JP2014/055627,2014-03-05,NST
14776802,PCT/AU2014/000287,2014-03-17,NST
14776803,PCT/US2014/027117,2014-03-14,NST
14776804,PCT/US2014/027763,2014-03-14,NST
14776805,61788346,2013-03-15,PRO
14776805,PCT/US14/29150,2014-03-14,NST
14776806,61788445,2013-03-15,PRO
14776806,PCT/US14/27055,2014-03-14,NST
14776808,PCT/US2014/027580,2014-03-14,NST
14776809,PCT/AU2014/000298,2014-03-20,NST
14776810,PCT/IB14/59642,2014-03-11,NST
14776811,61793464,2013-03-15,PRO
14776811,PCT/US14/29247,2014-03-14,NST
14776812,61792821,2013-03-15,PRO
14776812,PCT/US14/30250,2014-03-17,NST
14776813,PCT/US2014/027046,2014-03-14,NST
14776814,PCT/EP2014/052817,2014-02-13,NST
14776815,PCT/US2014/029647,2014-03-14,NST
14776816,PCT/US2014/029077,2014-03-14,NST
14776817,PCT/JP2013/059686,2013-03-29,NST
14776818,PCT/EP2014/055469,2014-03-19,NST
14776819,PCT/US2014/030233,2014-03-17,NST
14776820,PCT/EP2014/051507,2014-01-27,NST
14776821,PCT/GB2014/050780,2014-03-14,NST
14776822,PCT/JP2014/001703,2014-03-25,NST
14776823,PCT/IB2014/059912,2014-03-17,NST
14776824,61788162,2013-03-15,PRO
14776824,13965597,2013-08-13,CON
14776824,PCT/US14/24277,2014-03-12,NST
14776825,PCT/JP2014/059384,2014-03-24,NST
14776826,PCT/KR14/01991,2014-03-11,NST
14776827,61793374,2013-03-15,PRO
14776827,PCT/US14/29910,2014-03-15,NST
14776828,61787466,2013-03-15,PRO
14776828,PCT/US14/29339,2014-03-14,NST
14776829,PCT/JP2013/083717,2013-12-17,NST
14776830,PCT/JP2014/052123,2014-01-30,NST
14776831,PCT/EP2014/055008,2014-03-13,NST
14776833,PCT/CA2014/050281,2014-03-17,NST
14776834,PCT/US2014/025549,2014-03-13,NST
14776835,61812498,2013-04-16,PRO
14776835,61909328,2013-11-26,PRO
14776835,61932709,2014-01-28,PRO
14776835,PCT/US14/34364,2014-04-16,NST
14776836,PCT/JP2014/056166,2014-03-10,NST
14776837,PCT/US2014/030618,2014-03-17,NST
14776838,PCT/JP2013/082071,2013-11-28,NST
14776839,PCT/IB2014/000359,2014-03-14,NST
14776840,PCT/JP2014/051186,2014-01-22,NST
14776841,PCT/US2014/027033,2014-03-14,NST
14776842,PCT/US2014/026030,2014-03-13,NST
14776843,PCT/US2014/029897,2014-03-15,NST
14776844,PCT/GB2014/050751,2014-03-13,NST
14776845,PCT/JP2014/051002,2014-01-20,NST
14776846,PCT/GB2014/050789,2014-03-14,NST
14776847,PCT/DE2014/000122,2014-03-14,NST
14776848,PCT/US2014/030400,2014-03-17,NST
14776850,PCT/DE2014/000123,2014-03-14,NST
14776851,PCT/US2014/024078,2014-03-12,NST
14776852,PCT/US2014/029658,2014-03-14,NST
14776853,PCT/US2014/022618,2014-03-10,NST
14776854,61790500,2013-03-15,PRO
14776854,61790522,2013-03-15,PRO
14776854,61790551,2013-03-15,PRO
14776854,PCT/US14/27549,2014-03-14,NST
14776855,61786758,2013-03-15,PRO
14776855,PCT/US14/28362,2014-03-14,NST
14776856,61798671,2013-03-15,PRO
14776856,PCT/US14/30515,2014-03-17,NST
14776857,PCT/US2014/028329,2014-03-14,NST
14776859,PCT/EP2014/055362,2014-03-18,NST
14776860,PCT/JP2014/000295,2014-01-22,NST
14776861,61788699,2013-03-15,PRO
14776861,PCT/US14/30187,2014-03-17,NST
14776862,61810123,2013-04-09,PRO
14776862,PCT/US14/33427,2014-04-09,NST
14776863,PCT/JP2014/057321,2014-03-18,NST
14776864,61794842,2013-03-15,PRO
14776864,PCT/US14/26842,2014-03-13,NST
14776865,61790613,2013-03-15,PRO
14776865,PCT/US14/30311,2014-03-17,NST
14776866,PCT/CA2014/000216,2014-03-12,NST
14776867,PCT/US2014/028083,2014-03-14,NST
14776868,61790331,2013-03-15,PRO
14776868,61866346,2013-08-15,PRO
14776868,61921854,2013-12-30,PRO
14776868,PCT/US14/26519,2014-03-13,NST
14776869,PCT/IB2014/059861,2014-03-15,NST
14776870,PCT/US2014/017970,2014-02-24,NST
14776871,PCT/US2014/023666,2014-03-11,NST
14776872,61791655,2013-03-15,PRO
14776872,61791793,2013-03-15,PRO
14776872,PCT/US14/26077,2014-03-13,NST
14776873,PCT/US2014/028251,2014-03-14,NST
14776874,PCT/US2014/029449,2014-03-14,NST
14776875,61787345,2013-03-15,PRO
14776875,PCT/US14/28786,2014-03-14,NST
14776876,61798766,2013-03-15,PRO
14776876,PCT/US14/21472,2014-03-07,NST
14776877,61788085,2013-03-15,PRO
14776877,PCT/US14/18006,2014-02-24,NST
14776878,PCT/US2014/029058,2014-03-14,NST
14776879,PCT/US2014/028479,2014-03-14,NST
14776880,PCT/JP2014/056167,2014-03-10,NST
14776881,PCT/EP2014/000693,2014-03-14,NST
14776882,PCT/US2014/019377,2014-02-28,NST
14776883,PCT/CN2014/077940,2014-05-20,NST
14776885,PCT/AT2014/000068,2014-04-02,NST
14776886,PCT/JP2014/060307,2014-04-09,NST
14776887,PCT/IB2014/059409,2014-03-03,NST
14776888,PCT/US2014/024840,2014-03-12,NST
14776889,PCT/EP2014/055139,2014-03-14,NST
14776890,PCT/US2013/057718,2013-08-23,NST
14776891,PCT/US2014/029400,2014-03-14,NST
14776892,61790613,2013-03-15,PRO
14776892,61791471,2013-03-15,PRO
14776892,PCT/US14/30453,2014-03-17,NST
14776893,PCT/US2014/029238,2014-03-14,NST
14776894,PCT/US2014/024374,2014-03-12,NST
14776895,61792512,2013-03-15,PRO
14776895,PCT/US14/30411,2014-03-17,NST
14776896,PCT/JP2014/056993,2014-03-14,NST
14776897,PCT/EP2014/054972,2014-03-13,NST
14776898,61798479,2013-03-15,PRO
14776898,PCT/US14/29085,2014-03-14,NST
14776899,PCT/US2014/030376,2014-03-17,NST
14776900,PCT/GB2014/050821,2014-03-14,NST
14776901,PCT/EP2014/055158,2014-03-14,NST
14776902,PCT/JP2014/050948,2014-01-20,NST
14776903,PCT/CA2014/050284,2014-03-17,NST
14776904,61788242,2013-03-15,PRO
14776904,PCT/US14/29740,2014-03-14,NST
14776905,PCT/IB14/01042,2014-03-17,NST
14776906,PCT/JP2014/051536,2014-01-24,NST
14776907,PCT/GB2014/050776,2014-03-14,NST
14776908,PCT/GB2014/050757,2014-03-13,NST
14776909,PCT/US14/30547,2014-03-17,NST
14776910,PCT/US2014/021962,2014-03-07,NST
14776911,PCT/US2014/025735,2014-03-13,NST
14776912,PCT/IB2014/000356,2014-03-14,NST
14776913,61789193,2013-03-15,PRO
14776913,PCT/US14/26446,2014-03-13,NST
14776914,PCT/US2014/025929,2014-03-13,NST
14776915,PCT/JP2014/056919,2014-03-14,NST
14776916,61790949,2013-03-15,PRO
14776916,PCT/US14/26554,2014-03-13,NST
14776917,PCT/US2014/029388,2014-03-14,NST
14776918,PCT/JP2014/057343,2014-03-18,NST
14776919,PCT/JP2014/001372,2014-03-11,NST
14776920,PCT/JP2014/053953,2014-02-19,NST
14776921,PCT/US2014/028331,2014-03-14,NST
14776922,PCT/CA2014/000264,2014-03-17,NST
14776923,PCT/EP2014/000870,2014-04-01,NST
14776924,PCT/US2014/027017,2014-03-14,NST
14776925,PCT/JP2014/054507,2014-02-25,NST
14776926,61792697,2013-03-15,PRO
14776926,PCT/US14/30443,2014-03-17,NST
14776927,PCT/US2014/030472,2014-03-17,NST
14776928,PCT/US14/00057,2014-03-17,NST
14776929,61788537,2013-03-15,PRO
14776929,PCT/US14/27218,2014-03-14,NST
14776930,PCT/EP2014/055063,2014-03-14,NST
14776931,PCT/US2014/021385,2014-03-06,NST
14776932,PCT/NZ2014/000040,2015-03-14,NST
14776933,PCT/US13/33099,2013-03-20,NST
14776934,PCT/JP2014/001544,2014-03-18,NST
14776935,PCT/EP2014/054859,2014-03-12,NST
14776936,PCT/US2013/032018,2015-03-15,NST
14776937,PCT/JP2014/055732,2014-03-06,NST
14776938,PCT/GB2014/050744,2014-03-12,NST
14776939,PCT/US2013/078243,2013-12-30,NST
14776940,PCT/US2014/028504,2014-03-14,NST
14776941,PCT/CN2013/074307,2013-04-17,NST
14776942,PCT/JP2014/060412,2014-04-10,NST
14776943,PCT/JP2014/057276,2014-03-18,NST
14776944,61787900,2013-03-15,PRO
14776944,PCT/US14/29963,2014-03-15,NST
14776945,61791755,2013-03-15,PRO
14776945,PCT/US14/30994,2014-03-18,NST
14776946,PCT/US2014/028294,2014-03-14,NST
14776947,PCT/CA2014/050280,2014-03-17,NST
14776948,61787672,2013-03-15,PRO
14776948,PCT/US14/24517,2014-03-12,NST
14776949,PCT/EP2014/055061,2014-03-14,NST
14776950,PCT/AT2014/050081,2014-04-07,NST
14776951,PCT/US2014/028645,2014-03-14,NST
14776952,PCT/EP2013/055412,2013-03-15,NST
14776953,PCT/US2014/014890,2014-02-05,NST
14776954,PCT/US2014/030712,2014-03-17,NST
14776955,PCT/JP2014/058130,2014-03-24,NST
14776956,PCT/IB14/00495,2014-03-14,NST
14776957,PCT/CA2014/050248,2014-03-14,NST
14776958,PCT/US2013/032211,2013-03-15,NST
14776959,PCT/EP2013/055408,2013-03-15,NST
14776960,PCT/AU2014/000280,2014-03-14,NST
14776961,61788013,2013-03-15,PRO
14776961,PCT/US14/27653,2014-03-14,NST
14776962,PCT/EP2014/055060,2014-03-14,NST
14776963,PCT/JP2014/054880,2014-02-27,NST
14776964,PCT/JP2014/057755,2014-03-20,NST
14776965,61789716,2013-03-15,PRO
14776965,PCT/US14/29237,2014-03-14,NST
14776966,PCT/EP2014/055117,2014-03-14,NST
14776967,61800177,2013-03-15,PRO
14776967,PCT/US14/30467,2014-03-17,NST
14776968,61792034,2013-03-15,PRO
14776968,PCT/US14/29348,2014-03-14,NST
14776969,PCT/CN2014/072924,2014-03-05,NST
14776970,PCT/IB2014/001175,2014-03-14,NST
14776971,PCT/IB14/00496,2014-03-14,NST
14776972,PCT/US2014/028879,2014-03-14,NST
14776973,61787512,2013-03-15,PRO
14776973,PCT/US14/27890,2014-03-14,NST
14776974,PCT/US2014/029613,2014-03-14,NST
14776975,61791082,2013-03-15,PRO
14776975,PCT/US14/23976,2014-03-12,NST
14776976,PCT/EP2014/055180,2014-03-14,NST
14776977,61805488,2013-03-26,PRO
14776977,PCT/US14/31799,2014-03-26,NST
14776978,PCT/JP2014/056232,2014-03-11,NST
14776979,PCT/KR2014/002126,2014-03-13,NST
14776980,61791202,2013-03-15,PRO
14776980,PCT/US14/28524,2014-03-14,NST
14776981,PCT/EP2014/055069,2014-03-14,NST
14776982,61803378,2013-03-19,PRO
14776982,61853056,2013-03-27,PRO
14776982,PCT/US14/31249,2014-03-19,NST
14776983,61789492,2013-03-15,PRO
14776983,61844584,2013-07-10,PRO
14776983,61941760,2014-02-19,PRO
14776983,PCT/US14/25719,2014-03-13,NST
14776984,61793687,2013-03-15,PRO
14776984,PCT/US14/28745,2014-03-14,NST
14776985,PCT/US13/34919,2013-04-02,NST
14776986,PCT/US2014/027416,2014-03-14,NST
14776987,PCT/US2013/032303,2013-03-15,NST
14776988,61852079,2013-03-15,PRO
14776988,PCT/US14/30596,2014-03-17,NST
14776989,61799274,2013-03-15,PRO
14776989,PCT/US14/30864,2014-03-17,NST
14776990,PCT/FR2014/050570,2014-03-13,NST
14776991,PCT/EP2014/054523,2014-03-10,NST
14776992,PCT/JP2014/053855,2014-02-19,NST
14776993,PCT/US13/45389,2013-06-12,NST
14776994,PCT/NZ2014/000041,2014-03-14,NST
14776995,PCT/US14/30912,2014-03-17,NST
14776996,61788045,2013-03-15,PRO
14776996,PCT/US14/21565,2014-03-07,NST
14776997,PCT/JP2014/051377,2014-01-23,NST
14776998,PCT/US2014/028063,2014-03-14,NST
14776999,PCT/FI2013/050295,2013-03-15,NST
14777000,PCT/US2014/030631,2014-03-17,NST
14777001,61789430,2013-03-15,PRO
14777001,PCT/US14/24193,2014-03-12,NST
14777002,61786912,2013-03-15,PRO
14777002,PCT/US14/28804,2014-03-14,NST
14777003,PCT/KR2014/002124,2014-03-13,NST
14777004,PCT/EP2014/054979,2014-03-13,NST
14777005,PCT/US2014/030343,2014-03-17,NST
14777006,PCT/JP2014/056994,2014-03-14,NST
14777007,61786926,2013-03-15,PRO
14777007,PCT/US14/28830,2014-03-14,NST
14777008,PCT/JP2014/057007,2014-03-14,NST
14777009,61793687,2013-03-15,PRO
14777009,PCT/US14/28793,2014-03-14,NST
14777010,61800230,2013-03-15,PRO
14777010,PCT/US14/27720,2014-03-14,NST
14777011,61786946,2013-03-15,PRO
14777011,PCT/US14/28855,2014-03-14,NST
14777012,61792274,2013-03-15,PRO
14777012,PCT/US14/23960,2014-03-12,NST
14777013,PCT/US2014/030838,2014-03-17,NST
14777014,PCT/JP2014/059318,2014-03-28,NST
14777015,PCT/EP2014/055212,2014-03-14,NST
14777016,PCT/NL2014/050158,2014-03-17,NST
14777017,PCT/EP2014/055312,2014-03-17,NST
14777018,61789335,2013-03-15,PRO
14777018,PCT/US14/28627,2014-03-14,NST
14777019,61792666,2013-03-15,PRO
14777019,PCT/US14/30226,2014-03-17,NST
14777020,PCT/SE2014/050287,2014-03-10,NST
14777021,PCT/GB2014/050770,2014-03-14,NST
14777022,13843471,2013-03-15,CON
14777022,PCT/US14/28368,2014-03-14,NST
14777023,PCT/US13/32245,2013-03-15,NST
14777024,61794296,2013-03-15,PRO
14777024,PCT/US14/29990,2014-03-15,NST
14777025,61793180,2013-03-15,PRO
14777025,PCT/US14/24421,2014-03-12,NST
14777026,PCT/US13/33537,2013-03-22,NST
14777027,PCT/US2014/025319,2014-03-13,NST
14777028,PCT/CA2014/050274,2014-03-17,NST
14777029,PCT/JP2014/055604,2014-03-05,NST
14777030,61799639,2013-03-15,PRO
14777030,PCT/US14/27480,2014-03-14,NST
14777031,PCT/IB2014/059773,2014-03-14,NST
14777032,61799692,2013-03-15,PRO
14777032,PCT/US14/30488,2014-03-17,NST
14777033,PCT/US2014/026289,2014-03-13,NST
14777034,PCT/US2014/025833,2014-03-13,NST
14777035,61788639,2013-03-15,PRO
14777035,PCT/US14/30559,2014-03-17,NST
14777036,PCT/JP2014/001238,2014-03-06,NST
14777037,PCT/US2014/025584,2014-03-13,NST
14777038,PCT/KR2014/002125,2014-03-13,NST
14777039,PCT/US2014/028161,2014-03-14,NST
14777040,PCT/JP2014/001360,2014-03-11,NST
14777041,PCT/US2014/024554,2014-03-12,NST
14777042,61791132,2013-03-15,PRO
14777042,PCT/US14/27858,2014-03-14,NST
14777043,PCT/KR2014/002026,2014-03-12,NST
14777044,PCT/GB2014/050820,2014-03-14,NST
14777045,PCT/JP2014/057361,2014-03-18,NST
14777046,PCT/US2014/028517,2014-03-14,NST
14777047,PCT/GB2014/050814,2014-03-14,NST
14777048,61788585,2013-03-15,PRO
14777048,PCT/US14/22657,2014-03-10,NST
14777049,PCT/US2014/027608,2014-03-14,NST
14777050,61800768,2013-03-15,PRO
14777050,PCT/US14/30202,2014-03-17,NST
14777051,61789883,2013-03-15,PRO
14777051,PCT/US14/19869,2014-03-03,NST
14777052,PCT/JP2014/057334,2014-03-18,NST
14777054,61800496,2013-03-15,PRO
14777054,PCT/US14/30822,2014-03-17,NST
14777055,PCT/CA2013/050212,2013-03-15,NST
14777056,PCT/JP2014/056639,2014-03-13,NST
14777057,PCT/US2014/024438,2014-03-12,NST
14777058,PCT/US2013/032155,2013-03-15,NST
14777059,61798945,2013-03-15,PRO
14777059,PCT/US14/28276,2014-03-14,NST
14777060,PCT/JP2014/053475,2014-02-14,NST
14777061,PCT/JP2013/006900,2013-11-25,NST
14777062,PCT/EP2014/050527,2014-01-14,NST
14777063,PCT/CA2014/050221,2014-03-12,NST
14777064,PCT/JP2014/073615,2014-09-08,NST
14777067,PCT/FR2014/050551,2014-03-12,NST
14777068,61789600,2013-03-15,PRO
14777068,61815251,2013-04-23,PRO
14777068,61865970,2013-08-14,PRO
14777068,PCT/US14/27389,2014-03-14,NST
14777069,PCT/US2014/023111,2014-03-11,NST
14777070,PCT/US2014/028545,2014-03-14,NST
14777071,61789024,2013-03-15,PRO
14777071,PCT/US14/27592,2014-03-14,NST
14777072,61789161,2013-03-15,PRO
14777072,61792473,2013-03-15,PRO
14777072,PCT/US14/28439,2014-03-14,NST
14777073,PCT/US2013/032194,2013-03-15,NST
14777074,PCT/JP2014/056503,2014-03-12,NST
14777075,PCT/US2014/030304,2014-03-17,NST
14777076,61800238,2013-03-15,PRO
14777076,PCT/US14/30059,2014-03-15,NST
14777077,PCT/US2014/027705,2014-03-14,NST
14777078,PCT/US2014/025351,2014-03-13,NST
14777079,PCT/US2014/028561,2014-03-14,NST
14777080,PCT/US2014/026388,2014-03-13,NST
14777081,PCT/US2014/029169,2014-03-14,NST
14777082,PCT/KR2014/009238,2014-09-30,NST
14777083,61793068,2013-03-15,PRO
14777083,PCT/US14/27682,2014-03-14,NST
14777084,PCT/US2014/027986,2014-03-14,NST
14777085,PCT/FR2014/050549,2014-03-12,NST
14777086,PCT/CA2014/050216,2014-03-12,NST
14777087,PCT/EP2014/055213,2014-03-14,NST
14777088,PCT/IB2014/000554,2014-04-16,NST
14777089,61789462,2013-03-15,PRO
14777089,PCT/US14/27542,2014-03-14,NST
14777090,PCT/US2014/022416,2014-03-10,NST
14777091,PCT/IB2014/059731,2014-03-13,NST
14777092,PCT/CA2014/050283,2014-03-17,NST
14777093,PCT/CA2013/000244,2013-03-15,NST
14777094,PCT/US2014/029129,2014-03-14,NST
14777095,61790707,2013-03-15,PRO
14777095,PCT/US14/28443,2014-03-14,NST
14777096,PCT/JP2014/057457,2014-03-19,NST
14777097,PCT/US2014/029306,2014-03-14,NST
14777098,PCT/JP2014/056616,2014-03-13,NST
14777099,PCT/EP2014/000426,2014-02-15,NST
14777100,PCT/US2014/028209,2014-03-14,NST
14777101,PCT/JP2014/000865,2014-02-19,NST
14777103,PCT/EP2014/051174,2014-01-22,NST
14777104,PCT/CA2014/000253,2014-03-14,NST
14777105,61790224,2013-03-15,PRO
14777105,PCT/US14/27632,2014-03-14,NST
14777106,61787420,2013-03-15,PRO
14777106,61888866,2013-10-09,PRO
14777106,61914238,2013-12-10,PRO
14777106,PCT/US14/28652,2014-03-14,NST
14777107,PCT/CA2014/000277,2014-03-18,NST
14777108,61598987,2012-02-15,PRO
14777108,13768760,2013-02-15,CIP
14777108,PCT/US2014/029918,2014-03-15,NST
14777109,61787956,2013-03-15,PRO
14777109,PCT/US14/27654,2014-03-14,NST
14777110,PCT/US2014/025523,2014-03-13,NST
14777111,61794095,2013-03-15,PRO
14777111,PCT/US14/27479,2014-03-14,NST
14777112,PCT/JP2014/055684,2014-03-05,NST
14777113,PCT/FR2014/050402,2014-02-25,NST
14777114,PCT/EP2014/000775,2014-03-21,NST
14777115,PCT/US2014/023971,2014-03-12,NST
14777116,61787251,2013-03-15,PRO
14777116,PCT/US14/30026,2014-03-15,NST
14777117,PCT/US2014/030274,2014-03-17,NST
14777118,PCT/IB2014/001194,2014-03-14,NST
14777119,PCT/US2014/030339,2014-03-17,NST
14777120,PCT/EP2014/055187,2014-03-14,NST
14777121,PCT/CN2014/070842,2014-01-17,NST
14777122,PCT/US2013/075726,2013-12-17,NST
14777123,61794535,2013-03-15,PRO
14777123,PCT/US14/29173,2014-03-14,NST
14777124,PCT/US2013/035141,2013-04-03,NST
14777125,PCT/IB2013/056052,2013-07-24,NST
14777126,61798152,2013-03-15,PRO
14777126,PCT/US14/30371,2014-03-17,NST
14777128,61798402,2013-03-15,PRO
14777128,PCT/US14/27630,2014-03-14,NST
14777129,PCT/EP2014/055335,2014-03-17,NST
14777131,PCT/US2013/063425,2013-10-04,NST
14777132,PCT/US2013/034491,2013-03-28,NST
14777133,PCT/US2014/030062,2014-03-15,NST
14777134,61802408,2013-03-16,PRO
14777134,PCT/US14/16574,2014-02-14,NST
14777135,61791713,2013-03-15,PRO
14777135,PCT/US14/29235,2014-03-14,NST
14777136,PCT/JP2014/055726,2014-03-06,NST
14777137,PCT/JP14/58138,2014-03-24,NST
14777138,PCT/JP2013/058364,2013-03-22,NST
14777140,PCT/US2014/023007,2014-03-11,NST
14777141,PCT/EP2014/055214,2014-03-14,NST
14777142,PCT/CA2014/000267,2014-03-17,NST
14777143,PCT/EP2014/055196,2014-03-14,NST
14777144,PCT/JP2013/078451,2013-10-21,NST
14777145,61793123,2013-03-15,PRO
14777145,61813432,2013-04-18,PRO
14777145,PCT/US14/31025,2014-03-18,NST
14777146,PCT/US2014/027864,2014-03-14,NST
14777147,PCT/IB2013/001936,2013-08-27,NST
14777148,PCT/GB2014/050801,2014-03-14,NST
14777149,PCT/US2014/024216,2014-03-12,NST
14777150,PCT/US2014/023319,2014-03-11,NST
14777151,PCT/US2014/026720,2014-03-13,NST
14777152,PCT/US2014/028731,2014-03-14,NST
14777153,61790982,2013-03-15,PRO
14777153,PCT/US14/30873,2014-03-17,NST
14777154,PCT/CL14/00013,2014-04-09,NST
14777156,PCT/JP2014/056864,2014-03-14,NST
14777157,PCT/GB2014/050813,2014-03-14,NST
14777158,PCT/US2014/025966,2014-03-13,NST
14777159,PCT/US2014/030477,2014-03-17,NST
14777160,PCT/US2013/032439,2013-03-15,NST
14777161,PCT/CA2014/050214,2014-03-11,NST
14777162,PCT/US2014/030897,2014-03-17,NST
14777163,PCT/EP2014/055215,2014-03-14,NST
14777164,PCT/KR2014/003719,2014-04-28,NST
14777165,PCT/GB2014/050843,2014-03-17,NST
14777166,PCT/CN2014/075058,2014-04-10,NST
14777167,PCT/IB2014/059828,2014-03-14,NST
14777168,61790373,2013-03-15,PRO
14777168,PCT/US14/27395,2014-03-14,NST
14777169,PCT/US2014/030194,2014-03-17,NST
14777170,PCT/CN2015/071299,2015-01-22,NST
14777171,PCT/KR2014/002273,2014-03-18,NST
14777172,61800755,2013-03-15,PRO
14777172,PCT/US14/26538,2014-03-13,NST
14777173,61800654,2013-03-15,PRO
14777173,PCT/US14/30046,2014-03-15,NST
14777174,PCT/EP2014/054497,2014-03-07,NST
14777175,61787525,2013-03-15,PRO
14777175,PCT/US14/20967,2014-03-06,NST
14777176,PCT/JP2014/068864,2014-07-16,NST
14777177,PCT/EP2014/055758,2013-03-21,NST
14777178,PCT/EP2014/053289,2014-02-20,NST
14777179,PCT/IB2014/059531,2014-03-07,NST
14777180,PCT/JP2013/064072,2013-05-21,NST
14777181,PCT/EP2014/055162,2014-03-14,NST
14777182,PCT/NL2014/050144,2014-03-11,NST
14777183,PCT/KR2014/007525,2014-08-13,NST
14777184,PCT/EP2014/055350,2014-03-17,NST
14777185,61790059,2013-03-15,PRO
14777185,PCT/US14/30532,2014-03-17,NST
14777186,61798247,2013-03-15,PRO
14777186,PCT/US14/29039,2014-03-14,NST
14777187,PCT/US2014/027534,2014-03-14,NST
14777188,PCT/EP2014/053498,2014-02-24,NST
14777189,PCT/US2014/017281,2014-02-20,NST
14777190,PCT/US2014/026835,2014-03-13,NST
14777191,61791752,2013-03-15,PRO
14777191,PCT/US14/30506,2014-03-17,NST
14777192,61789041,2013-03-15,PRO
14777192,PCT/US14/27510,2014-03-14,NST
14777193,61793356,2013-03-15,PRO
14777193,PCT/US14/30519,2014-03-17,NST
14777194,PCT/US2014/029008,2014-03-14,NST
14777195,61787660,2013-03-15,PRO
14777195,PCT/US14/30264,2014-03-17,NST
14777196,PCT/JP2014/057899,2014-03-20,NST
14777197,PCT/EP2014/055152,2014-03-14,NST
14777198,PCT/US2014/031349,2014-03-20,NST
14777199,PCT/US2014/026164,2014-03-13,NST
14777200,PCT/US2014/026906,2014-03-14,NST
14777201,PCT/AU2014/000249,2014-03-13,NST
14777202,PCT/US2014/028769,2014-03-14,NST
14777203,PCT/US2014/030346,2014-03-17,NST
14777204,PCT/US2014/030027,2014-03-15,NST
14777205,61789608,2013-03-15,PRO
14777205,PCT/US14/26048,2014-03-13,NST
14777206,61791782,2013-03-15,PRO
14777206,PCT/US14/28254,2014-03-14,NST
14777207,PCT/AU2014/000322,2014-03-26,NST
14777209,PCT/US2014/029365,2014-03-14,NST
14777210,61852044,2013-03-15,PRO
14777210,PCT/US14/30905,2014-03-17,NST
14777211,61791945,2013-03-15,PRO
14777211,61846178,2013-07-15,PRO
14777211,PCT/US14/24128,2014-03-12,NST
14777212,PCT/CN2013/000339,2013-03-22,NST
14777213,PCT/CA2014/050253,2014-03-14,NST
14777214,PCT/US2014/029555,2014-03-14,NST
14777215,PCT/US2014/027506,2014-03-14,NST
14777218,PCT/EP2014/001321,2014-05-15,NST
14777219,PCT/US2014/021007,2014-03-06,NST
14777220,PCT/IB2014/059789,2014-03-14,NST
14777222,PCT/IB2013/052203,2013-03-20,NST
14777223,PCT/JP2014/054628,2014-02-26,NST
14777224,61794016,2013-03-15,PRO
14777224,PCT/US14/30392,2014-03-17,NST
14777225,PCT/EP2014/055039,2014-03-13,NST
14777226,PCT/EP14/55186,2014-03-14,NST
14777227,PCT/US2014/030469,2014-03-17,NST
14777228,PCT/CN2014/071243,2014-01-23,NST
14777229,PCT/CA2014/050251,2014-03-14,NST
14777230,PCT/DE2014/100091,2014-03-17,NST
14777231,PCT/EP2014/000719,2014-03-17,NST
14777232,61794222,2013-03-15,PRO
14777232,PCT/US14/30240,2014-03-17,NST
14777234,PCT/FR14/50098,2014-01-20,NST
14777235,PCT/GB2014/000098,2014-03-14,NST
14777236,61792944,2013-03-15,PRO
14777236,PCT/US14/22475,2014-03-10,NST
14777237,PCT/US2013/032411,2013-03-15,NST
14777238,PCT/US13/32476,2013-03-15,NST
14777239,PCT/EP2014/000672,2014-03-13,NST
14777240,PCT/US2014/026572,2014-03-13,NST
14777241,PCT/US2014/030010,2014-03-15,NST
14777242,PCT/KR2014/009227,2014-09-30,NST
14777243,61799928,2013-03-15,PRO
14777243,PCT/US14/29502,2014-03-14,NST
14777244,PCT/SG2014/000132,2014-03-17,NST
14777245,61791885,2013-03-15,PRO
14777245,PCT/US14/24120,2014-03-12,NST
14777246,61787832,2013-03-15,PRO
14777246,61790105,2013-03-15,PRO
14777246,PCT/US14/29145,2014-03-14,NST
14777247,61790763,2013-03-15,PRO
14777247,PCT/US14/28225,2014-03-14,NST
14777248,PCT/US2014/014196,2014-01-31,NST
14777249,PCT/CN2014/074091,2014-03-26,NST
14777250,PCT/EP2014/050710,2014-01-15,NST
14777251,PCT/US14/28023,2014-03-14,NST
14777252,61798666,2013-03-15,PRO
14777252,PCT/US14/30817,2014-03-17,NST
14777253,PCT/EP2014/055725,2014-03-21,NST
14777254,PCT/US2014/024700,2014-03-12,NST
14777255,61800000,2013-03-15,PRO
14777255,PCT/US14/27950,2014-03-14,NST
14777256,PCT/US2014/030681,2014-03-17,NST
14777259,PCT/US2014/028363,2014-03-14,NST
14777260,PCT/CN2014/071299,2014-01-24,NST
14777261,PCT/US2014/030569,2014-03-17,NST
14777263,61821919,2013-05-10,PRO
14777263,PCT/US14/37503,2014-05-09,NST
14777264,61791832,2013-03-15,PRO
14777264,61902204,2013-11-09,PRO
14777264,61903360,2013-11-12,PRO
14777264,PCT/US14/29982,2014-03-15,NST
14777265,PCT/EP2014/055391,2014-03-18,NST
14777266,PCT/AU2014/000264,2014-03-14,NST
14777267,PCT/US2014/030040,2014-03-15,NST
14777268,PCT/US2014/028894,2014-03-14,NST
14777269,PCT/EP2014/054854,2014-03-12,NST
14777270,PCT/EP2014/054919,2014-03-13,NST
14777271,61811072,2013-04-11,PRO
14777271,PCT/US14/30385,2014-03-17,NST
14777272,61788515,2013-03-15,PRO
14777272,PCT/US14/30843,2014-03-17,NST
14777273,61793311,2013-03-15,PRO
14777273,PCT/US14/28025,2014-03-14,NST
14777274,PCT/US2014/028838,2014-03-14,NST
14777275,PCT/CN2014/073505,2014-03-17,NST
14777276,PCT/US2014/027330,2014-03-14,NST
14777277,PCT/US2014/029461,2014-03-14,NST
14777278,61790120,2013-03-15,PRO
14777278,PCT/US14/27280,2014-03-14,NST
14777279,PCT/FR2014/050571,2014-03-13,NST
14777280,PCT/JP2014/001543,2014-03-18,NST
14777281,PCT/US2014/026454,2014-03-13,NST
14777282,61789972,2013-03-15,PRO
14777282,61823377,2013-05-14,PRO
14777282,PCT/US14/12727,2014-01-23,NST
14777283,PCT/EP2014/054894,2014-03-12,NST
14777284,PCT/US2014/027477,2014-03-14,NST
14777285,61794006,2013-03-15,PRO
14777285,PCT/US14/27404,2014-03-14,NST
14777286,61794994,2013-03-15,PRO
14777286,PCT/US14/26973,2014-03-14,NST
14777287,PCT/US2014/029941,2014-03-15,NST
14777288,61787684,2013-03-15,PRO
14777288,61935239,2014-02-03,PRO
14777288,PCT/US14/26749,2014-03-13,NST
14777289,PCT/US2014/027182,2014-03-14,NST
14777290,PCT/FR2014/050969,2014-04-22,NST
14777291,PCT/US2014/030608,2014-03-17,NST
14777292,PCT/JP2014/059970,2014-04-04,NST
14777293,PCT/US2014/027162,2014-03-14,NST
14777294,PCT/US2014/030859,2014-03-17,NST
14777295,PCT/US2013/032579,2013-03-15,NST
14777296,PCT/US2014/028234,2014-03-14,NST
14777297,PCT/US2014/030458,2014-03-17,NST
14777298,PCT/ES2014/070323,2014-04-16,NST
14777299,61788282,2013-03-15,PRO
14777299,PCT/US14/24437,2014-03-12,NST
14777300,PCT/CA2014/000254,2014-03-14,NST
14777301,61799872,2013-03-15,PRO
14777301,PCT/US14/26838,2014-03-13,NST
14777302,61793146,2013-03-15,PRO
14777302,PCT/US14/29322,2014-03-14,NST
14777303,61794684,2013-03-15,PRO
14777303,PCT/US14/30439,2014-03-17,NST
14777304,PCT/US2014/030563,2014-03-17,NST
14777305,PCT/US2014/030007,2014-03-15,NST
14777306,61790030,2013-03-15,PRO
14777306,PCT/US14/27136,2014-03-14,NST
14777307,61791657,2013-03-15,PRO
14777307,PCT/US14/28474,2014-03-14,NST
14777308,PCT/JP2013/060832,2013-04-10,NST
14777309,PCT/JP2014/057414,2014-03-18,NST
14777310,PCT/KR2014/002187,2014-03-14,NST
14777311,PCT/US2014/030345,2014-03-17,NST
14777312,61787736,2013-03-15,PRO
14777312,PCT/US14/29101,2014-03-14,NST
14777313,PCT/US2014/025938,2014-03-13,NST
14777314,PCT/CA14/50753,2014-08-08,NST
14777315,PCT/KR2014/001093,2014-02-10,NST
14777317,PCT/US2014/027481,2014-03-14,NST
14777318,61789748,2013-03-15,PRO
14777318,PCT/US14/23961,2014-03-12,NST
14777319,PCT/EP2014/053312,2014-02-20,NST
14777320,PCT/US2014/029317,2014-03-14,NST
14777321,61789307,2013-03-15,PRO
14777321,PCT/US14/28229,2014-03-14,NST
14777322,61787616,2013-03-15,PRO
14777322,PCT/US14/30171,2014-03-17,NST
14777323,61801412,2013-03-15,PRO
14777323,PCT/US14/26820,2014-03-13,NST
14777324,PCT/US2014/028310,2014-03-14,NST
14777325,PCT/EP2014/055307,2014-03-17,NST
14777326,PCT/US14/29063,2014-03-14,NST
14777327,PCT/US2014/028869,2014-03-14,NST
14777328,PCT/FR14/50724,2014-03-27,NST
14777329,PCT/GB2014/050728,2014-03-12,NST
14777330,61794440,2013-03-15,PRO
14777330,PCT/US14/28379,2014-03-14,NST
14777331,PCT/US2014/028673,2014-03-14,NST
14777332,61802477,2013-03-16,PRO
14777332,PCT/US14/30768,2014-03-17,NST
14777333,61794486,2013-03-15,PRO
14777333,PCT/US14/28040,2014-03-14,NST
14777334,PCT/US2014/027454,2014-03-14,NST
14777335,61788285,2013-03-15,PRO
14777335,PCT/US14/30456,2014-03-17,NST
14777336,PCT/CA2014/000272,2014-03-14,NST
14777337,PCT/US2014/029016,2014-03-14,NST
14777338,PCT/US2014/024070,2014-03-12,NST
14777339,PCT/US2014/029022,2014-03-14,NST
14777340,PCT/CA2014/050278,2014-03-17,NST
14777341,61794213,2013-03-15,PRO
14777341,PCT/US14/29204,2014-03-14,NST
14777342,PCT/EP2014/055625,2014-03-20,NST
14777343,PCT/GB2014/050710,2014-03-10,NST
14777344,61790542,2013-03-15,PRO
14777344,PCT/US14/28573,2014-03-14,NST
14777345,PCT/US2014/028883,2014-03-14,NST
14777346,PCT/JP2014/000899,2014-02-21,NST
14777347,PCT/US2012/048911,2012-07-31,NST
14777348,61788034,2013-03-15,PRO
14777348,PCT/US14/26120,2014-03-13,NST
14777349,PCT/JP2014/001324,2014-03-10,NST
14777350,PCT/US2014/029952,2014-03-15,NST
14777352,PCT/IB2014/001248,2014-03-13,NST
14777353,PCT/US2014/029049,2014-03-14,NST
14777354,PCT/IB2014/000308,2014-03-13,NST
14777355,13844535,2013-03-15,CON
14777355,PCT/US14/30355,2014-03-17,NST
14777356,PCT/JP2014/001523,2014-03-18,NST
14777357,61801333,2013-03-15,PRO
14777357,PCT/US14/29566,2014-03-14,NST
14777358,PCT/JP2014/055332,2014-03-03,NST
14777359,PCT/GB2014/050797,2014-03-14,NST
14777360,PCT/US2014/026363,2014-03-13,NST
14777361,61791392,2013-03-15,PRO
14777361,PCT/US14/29391,2014-03-14,NST
14777362,61824937,2013-05-17,PRO
14777362,61824941,2013-05-17,PRO
14777362,PCT/US14/31580,2014-03-24,NST
14777363,61798599,2013-03-15,PRO
14777363,PCT/US14/30428,2014-03-17,NST
14777364,61800273,2013-03-15,PRO
14777364,PCT/US14/30752,2014-03-17,NST
14777365,PCT/EP2014/054680,2014-03-11,NST
14777366,61800055,2013-03-15,PRO
14777366,PCT/US14/30807,2014-03-17,NST
14777367,PCT/EP2014/055200,2014-03-14,NST
14777368,13841003,2013-03-15,CON
14777368,13841191,2013-03-15,CON
14777368,PCT/US14/27168,2014-03-14,NST
14777369,13843622,2013-03-15,CIP
14777369,PCT/US14/20907,2014-03-05,NST
14777370,61844474,2013-07-10,PRO
14777370,PCT/US14/24355,2014-03-12,NST
14777371,61798970,2013-03-15,PRO
14777371,PCT/US14/24702,2014-03-12,NST
14777372,PCT/KR2014/002102,2014-03-13,NST
14777373,PCT/EP2014/054193,2014-03-04,NST
14777374,61784926,2013-03-14,PRO
14777374,PCT/US14/29280,2014-03-14,NST
14777375,61791728,2013-03-15,PRO
14777375,PCT/US14/28127,2014-03-14,NST
14777376,PCT/ES2014/070191,2014-03-17,NST
14777377,PCT/CA2014/000259,2014-03-14,NST
14777378,13836815,2013-03-15,CON
14777378,PCT/US14/30613,2014-03-17,NST
14777379,PCT/KR2014/002123,2014-03-13,NST
14777380,PCT/US2014/030779,2014-03-17,NST
14777381,PCT/JP2014/001326,2014-03-10,NST
14777382,61798723,2013-03-15,PRO
14777382,PCT/US14/29366,2014-03-14,NST
14777383,61801949,2013-03-15,PRO
14777383,PCT/US14/30788,2014-03-17,NST
14777384,PCT/EP2014/055125,2014-03-14,NST
14777385,PCT/US2014/030380,2014-03-17,NST
14777386,PCT/SE2013/050309,2013-03-20,NST
14777387,61824935,2013-05-17,PRO
14777387,61824943,2013-05-17,PRO
14777387,61824956,2013-05-17,PRO
14777387,61824961,2013-05-17,PRO
14777387,PCT/US14/38521,2014-05-17,NST
14777388,61808048,2013-04-03,PRO
14777388,61890630,2013-10-14,PRO
14777388,PCT/US14/32410,2014-03-31,NST
14777389,PCT/IB2014/059682,2014-03-12,NST
14777390,PCT/EP2014/055529,2014-03-19,NST
14777391,61792188,2013-03-15,PRO
14777391,PCT/US14/29318,2014-03-14,NST
14777392,PCT/SG2014/000130,2014-03-17,NST
14777393,61786520,2013-03-15,PRO
14777393,61801427,2013-03-15,PRO
14777393,PCT/US14/30568,2014-03-17,NST
14777394,PCT/US2014/030118,2014-03-17,NST
14777395,PCT/EP2014/055576,2014-03-20,NST
14777396,PCT/SG14/00123,2014-03-14,NST
14777397,PCT/US2014/026456,2014-03-13,NST
14777398,PCT/CA2014/050186,2014-03-06,NST
14777399,PCT/JP2014/001327,2014-03-10,NST
14777400,PCT/EP2013/077144,2013-12-18,NST
14777401,PCT/US2014/028339,2014-03-14,NST
14777402,61793883,2013-03-15,PRO
14777402,PCT/US14/27703,2014-03-14,NST
14777403,PCT/EP2014/055697,2014-03-21,NST
14777404,61841296,2013-06-29,PRO
14777404,PCT/US14/30754,2014-03-17,NST
14777405,61787994,2013-03-15,PRO
14777405,PCT/US14/30126,2014-03-17,NST
14777406,61794537,2013-03-15,PRO
14777406,PCT/US14/29227,2014-03-14,NST
14777407,PCT/US2014/023364,2014-03-11,NST
14777408,PCT/US2014/026745,2014-03-13,NST
14777409,PCT/US2014/029349,2014-03-14,NST
14777410,61801320,2013-03-15,PRO
14777410,PCT/US14/29621,2014-03-14,NST
14777412,61793737,2013-03-15,PRO
14777412,PCT/US14/30869,2014-03-17,NST
14777413,PCT/EP2014/054924,2014-03-13,NST
14777414,61787670,2013-03-15,PRO
14777414,61941366,2014-02-18,PRO
14777414,PCT/US14/25976,2014-03-13,NST
14777415,PCT/US2014/029591,2014-03-14,NST
14777416,PCT/EP2014/055653,2014-03-20,NST
14777417,PCT/RU2013/000203,2013-03-15,NST
14777418,61794537,2013-03-15,PRO
14777418,PCT/US14/29332,2014-03-14,NST
14777419,PCT/EP2014/056050,2014-03-26,NST
14777420,PCT/US2014/026224,2014-03-13,NST
14777421,PCT/US13/31904,2013-03-15,NST
14777422,61794452,2013-03-15,PRO
14777422,PCT/US14/29599,2014-03-14,NST
14777423,PCT/US2013/045875,2013-06-14,NST
14777424,61800360,2013-03-15,PRO
14777424,PCT/US14/27089,2014-03-14,NST
14777425,61787881,2013-03-15,PRO
14777425,PCT/US14/30891,2014-03-17,NST
14777426,PCT/CA2014/050215,2014-03-11,NST
14777427,61792468,2013-03-15,PRO
14777427,PCT/US14/27126,2014-03-14,NST
14777428,61794991,2013-03-15,PRO
14777428,PCT/US14/30452,2014-03-17,NST
14777429,PCT/DE2014/000128,2014-03-12,NST
14777430,PCT/CA2014/050213,2014-03-11,NST
14777431,PCT/US2014/030446,2014-03-17,NST
14777432,PCT/JP2014/054052,2014-02-20,NST
14777433,61802311,2013-03-15,PRO
14777433,PCT/US14/30078,2014-03-15,NST
14777436,PCT/US2013/045869,2013-06-14,NST
14777437,PCT/EP2014/055458,2014-03-18,NST
14777438,PCT/NZ2014/000039,2014-03-14,NST
14777439,61801198,2013-03-15,PRO
14777439,PCT/US14/26611,2014-03-13,NST
14777440,PCT/NZ2014/000038,2014-03-14,NST
14777441,13839842,2013-03-15,CON
14777441,PCT/US14/28686,2014-03-14,NST
14777442,PCT/US2014/029994,2014-03-15,NST
14777443,PCT/JP2014/058349,2014-03-25,NST
14777444,PCT/IB2014/059794,2014-03-14,NST
14777445,PCT/KR2014/002127,2014-03-13,NST
14777446,61788551,2013-03-15,PRO
14777446,PCT/US14/25666,2014-03-13,NST
14777448,61799603,2013-03-15,PRO
14777448,PCT/US14/30412,2014-03-17,NST
14777449,61800679,2013-03-15,PRO
14777449,PCT/US14/27153,2014-03-14,NST
14777450,61787180,2013-03-15,PRO
14777450,PCT/US14/30023,2014-03-15,NST
14777451,PCT/US2013/032530,2013-03-15,NST
14777452,PCT/US2014/028263,2014-03-14,NST
14777453,PCT/JP2014/053836,2014-02-19,NST
14777454,PCT/JP2013/058526,2013-03-25,NST
14777455,61801437,2013-03-15,PRO
14777455,PCT/US14/29922,2014-03-15,NST
14777456,PCT/US2014/026443,2014-03-13,NST
14777457,PCT/AU2014/000286,2014-03-17,NST
14777458,13844762,2013-03-15,CON
14777458,PCT/US14/30082,2014-03-15,NST
14777459,PCT/IB2014/059801,2014-03-14,NST
14777460,PCT/JP2014/058258,2014-03-25,NST
14777461,PCT/US2014/026013,2014-03-13,NST
14777462,PCT/GB2014/050613,2014-03-03,NST
14777463,61788225,2013-03-15,PRO
14777463,PCT/US14/21735,2014-03-07,NST
14777464,PCT/GB2014/050614,2014-03-03,NST
14777465,PCT/US13/32418,2013-03-15,NST
14777466,61799405,2013-03-15,PRO
14777466,PCT/US14/29914,2014-03-15,NST
14777467,61791521,2013-03-15,PRO
14777467,PCT/US13/44980,2013-06-10,NST
14777469,PCT/US2014/029483,2014-03-14,NST
14777470,PCT/JP2014/054049,2014-02-20,NST
14777471,PCT/JP2014/057919,2014-03-20,NST
14777472,61793949,2013-03-15,PRO
14777472,PCT/US14/26905,2014-03-14,NST
14777473,61791243,2013-03-15,PRO
14777473,PCT/US14/29404,2014-03-14,NST
14777474,PCT/CN2014/071259,2014-01-23,NST
14777475,PCT/US2013/032085,2013-03-15,NST
14777476,61800299,2013-03-15,PRO
14777476,PCT/US14/30832,2014-03-17,NST
14777477,PCT/US2014/029407,2014-03-14,NST
14777478,PCT/DE2014/000130,2014-03-12,NST
14777479,PCT/JP2014/000695,2014-02-10,NST
14777480,61800931,2013-03-15,PRO
14777480,PCT/US14/30421,2014-03-17,NST
14777481,PCT/US2014/025582,2014-03-13,NST
14777482,61619410,2012-04-02,PRO
14777482,61655449,2012-06-04,PRO
14777482,61715280,2012-10-17,PRO
14777482,61715283,2012-10-17,PRO
14777482,61715286,2012-10-18,PRO
14777482,61715287,2012-10-18,PRO
14777482,61722693,2012-11-05,PRO
14777482,61738375,2012-12-17,PRO
14777482,61761342,2013-02-06,PRO
14777482,61800800,2013-03-15,PRO
14777482,61800912,2013-03-15,PRO
14777482,61801019,2013-03-15,PRO
14777482,61801145,2013-03-15,PRO
14777482,61801244,2013-03-15,PRO
14777482,13844298,2013-03-15,CON
14777482,13844428,2013-03-15,CON
14777482,13844521,2013-03-15,CON
14777482,13844686,2013-03-15,CON
14777482,13844747,2013-03-15,CON
14777482,PCT/US14/30079,2014-03-15,NST
14777483,61799438,2013-03-15,PRO
14777483,PCT/US14/30623,2014-03-17,NST
14777484,PCT/EP2014/054684,2014-03-11,NST
14777485,61800680,2013-03-15,PRO
14777485,PCT/US14/30646,2014-03-17,NST
14777486,61786595,2013-03-15,PRO
14777486,PCT/US14/30375,2014-03-17,NST
14777487,PCT/US2014/029628,2014-03-14,NST
14777488,61798054,2013-03-15,PRO
14777488,PCT/US14/29091,2014-03-14,NST
14777489,PCT/US2013/032106,2013-03-15,NST
14777490,61801822,2013-03-15,PRO
14777490,61867522,2013-08-19,PRO
14777490,PCT/US14/26787,2014-03-13,NST
14777491,61787493,2013-03-15,PRO
14777491,PCT/IB14/59906,2014-03-17,NST
14777492,PCT/US2014/025609,2014-03-13,NST
14777493,61788656,2013-03-15,PRO
14777493,PCT/US14/30384,2014-03-17,NST
14777494,61786612,2013-03-15,PRO
14777494,PCT/US14/30862,2014-03-17,NST
14777495,PCT/EP14/55049,2014-03-14,NST
14777496,61786361,2013-03-15,PRO
14777496,61792142,2013-03-15,PRO
14777496,PCT/US14/30894,2014-03-17,NST
14777497,PCT/US2013/032124,2013-03-15,NST
14777498,PCT/IB14/02239,2014-03-18,NST
14777499,PCT/IB2014/059907,2014-03-17,NST
14777500,PCT/US2014/029946,2014-03-15,NST
14777501,PCT/US2013/032161,2013-03-15,NST
14777502,PCT/EP2014/054337,2014-03-06,NST
14777503,PCT/EP2013/000893,2013-03-25,NST
14777509,61800500,2013-03-15,PRO
14777509,61800619,2013-03-15,PRO
14777509,PCT/US14/30006,2014-03-15,NST
14777513,PCT/GB2014/050840,2014-03-17,NST
14777515,PCT/US14/29882,2014-03-15,NST
14777516,61801314,2013-03-15,PRO
14777516,PCT/US14/29864,2014-03-14,NST
14777517,61801990,2013-03-15,PRO
14777517,61802290,2013-03-15,PRO
14777517,PCT/US14/00063,2014-03-18,NST
14777518,PCT/EP2013/055527,2013-03-18,NST
14777526,PCT/CN2014/079099,2014-06-03,NST
14777529,PCT/JP2013/057883,2013-03-19,NST
14777532,PCT/EP13/55687,2013-03-19,NST
14777533,PCT/JP2013/057885,2013-03-19,NST
14777536,PCT/EP2013/055686,2013-03-19,NST
14777537,PCT/US14/23843,2014-03-12,NST
14777538,PCT/JP2014/001484,2014-03-17,NST
14777547,PCT/JP2013/057599,2013-03-18,NST
14777548,PCT/CN13/72984,2013-03-21,NST
14777554,PCT/EP13/55942,2013-03-21,NST
14777558,PCT/EP2013/055552,2013-03-18,NST
14777559,PCT/GB2014/050854,2014-03-18,NST
14777560,61783128,2013-03-14,PRO
14777560,61887504,2013-10-07,PRO
14777560,61912252,2013-12-05,PRO
14777560,PCT/US14/22243,2014-03-10,NST
14777566,PCT/EP2014/055470,2014-03-19,NST
14777568,PCT/GB2014/050855,2014-03-18,NST
14777573,PCT/GB2014/050856,2014-03-18,NST
14777574,PCT/US2013/033529,2013-03-22,NST
14777581,PCT/US2014/030966,2014-03-18,NST
14777601,PCT/JP2014/052192,2014-01-31,NST
14777607,PCT/CN2014/072985,2014-03-06,NST
14777608,PCT/US14/31272,2014-03-20,NST
14777609,PCT/JP2013/059448,2013-03-29,NST
14777621,PCT/FR14/50559,2014-03-12,NST
14777623,PCT/JP14/51116,2014-01-21,NST
14777625,PCT/JP2013/059876,2013-04-01,NST
14777636,PCT/US14/31326,2014-03-20,NST
14777637,PCT/EP2014/055524,2014-03-19,NST
14777645,PCT/JP2014/055331,2014-03-03,NST
14777646,PCT/FR14/50626,2014-03-18,NST
14777647,PCT/US14/31487,2014-03-21,NST
14777650,PCT/JP2013/083254,2013-12-11,NST
14777652,PCT/JP2014/057823,2014-03-20,NST
14777653,PCT/KR2014/002217,2014-03-17,NST
14777654,61786793,2013-03-15,PRO
14777654,14129725,2014-02-21,CIP
14777654,PCT/US14/30661,2014-03-17,NST
14777654,PCT/US2012/044998,2012-06-29,NST
14777655,PCT/DE2014/200040,2014-02-04,NST
14777656,PCT/JP2014/056566,2014-03-12,NST
14777658,PCT/KR2014/002562,2014-03-26,NST
14777659,PCT/JP2014/056312,2014-03-11,NST
14777660,PCT/EP2014/055428,2014-03-18,NST
14777661,PCT/DK2014/050064,2014-03-18,NST
14777662,PCT/DE2014/200116,2014-03-07,NST
14777663,PCT/JP2014/055557,2014-03-05,NST
14777664,61803490,2013-03-20,PRO
14777664,PCT/US14/27948,2014-03-14,NST
14777667,PCT/JP2014/059276,2014-03-28,NST
14777669,PCT/JP2013/073213,2013-08-29,NST
14777673,PCT/JP2013/058493,2013-03-25,NST
14777674,PCT/CN13/00379,2013-04-01,NST
14777680,PCT/US14/20579,2014-03-05,NST
14777681,PCT/PL2014/000034,2014-04-01,NST
14777691,PCT/US14/31403,2014-03-21,NST
14777694,PCT/JP14/57088,2014-03-17,NST
14777699,PCT/KR2013/002642,2013-03-29,NST
14777705,PCT/EP14/57391,2014-04-11,NST
14777711,PCT/JP2014/000709,2014-02-12,NST
14777714,61803825,2013-03-21,PRO
14777714,PCT/US14/31437,2014-03-21,NST
14777716,PCT/JP2014/001390,2014-03-12,NST
14777723,PCT/JP2013/062361,2013-04-26,NST
14777733,PCT/GB2014/050939,2014-03-25,NST
14777735,PCT/JP2013/058719,2013-03-26,NST
14777751,PCT/IL2014/050296,2014-03-17,NST
14777752,PCT/DE2014/100094,2014-03-20,NST
14777754,PCT/EP2013/055570,2013-03-18,NST
14777755,PCT/JP2014/055579,2014-03-05,NST
14777763,61804883,2013-03-25,PRO
14777763,61840736,2013-06-28,PRO
14777763,61894607,2013-10-23,PRO
14777763,PCT/US14/31651,2014-03-25,NST
14777771,PCT/CN2013/073740,2013-04-03,NST
14777773,PCT/US2014/038705,2014-05-20,NST
14777792,PCT/JP2014/002022,2014-04-09,NST
14777803,PCT/KR2013/002196,2013-03-18,NST
14777804,PCT/JP2013/062279,2013-04-25,NST
14777805,PCT/EP2014/057482,2014-04-14,NST
14777813,PCT/JP2014/001643,2014-03-20,NST
14777814,PCT/JP13/58537,2013-03-25,NST
14777820,PCT/US14/31714,2014-03-25,NST
14777825,PCT/IB2013/052212,2013-03-20,NST
14777829,PCT/GB2014/050871,2014-03-20,NST
14777830,PCT/JP2014/060411,2014-04-10,NST
14777847,PCT/PT2014/000017,2014-03-19,NST
14777852,PCT/IB13/52448,2013-03-27,NST
14777858,PCT/US2013/032806,2013-03-18,NST
14777859,PCT/US13/32801,2013-03-18,NST
14777860,PCT/US2013/032810,2013-03-18,NST
14777862,PCT/EP2014/055909,2014-03-25,NST
14777863,PCT/US2013/032802,2013-03-18,NST
14777865,PCT/US14/32111,2014-03-28,NST
14777867,PCT/US2013/032803,2013-03-18,NST
14777870,PCT/JP14/57351,2014-03-18,NST
14777871,PCT/US2013/032823,2013-03-18,NST
14777872,PCT/JP13/58266,2013-03-22,NST
14777897,PCT/EP2013/055631,2013-03-19,NST
14777904,PCT/JP14/59911,2014-03-28,NST
14777913,PCT/EP2013/076127,2013-12-10,NST
14777914,PCT/KR2013/004882,2013-06-03,NST
14777931,PCT/JP2013/057710,2013-03-18,NST
14777936,PCT/JP14/01526,2014-03-18,NST
14777937,PCT/JP2013/002454,2013-04-10,NST
14777944,PCT/IB2014/059915,2014-03-18,NST
14777948,PCT/JP14/55334,2014-03-03,NST
14777952,PCT/JP13/58033,2013-03-21,NST
14777953,PCT/EP2014/057404,2014-04-11,NST
14777957,PCT/JP2013/058749,2013-03-26,NST
14777963,PCT/EP14/55760,2014-03-21,NST
14777969,PCT/EP14/00279,2014-02-04,NST
14777976,PCT/FI13/50324,2013-03-22,NST
14777980,PCT/JP2014/059582,2014-03-31,NST
14777981,PCT/EP2013/076124,2013-12-10,NST
14777982,PCT/JP13/58377,2013-03-22,NST
14777983,PCT/JP2014/001672,2014-03-24,NST
14777987,PCT/EP2014/053697,2014-02-26,NST
14777990,PCT/JP2013/083882,2013-12-18,NST
14777992,PCT/JP2014/051050,2014-01-21,NST
14778002,PCT/KR2014/001811,2014-03-05,NST
14778007,PCT/US13/68451,2013-11-05,NST
14778009,PCT/ES2013/070207,2013-03-27,NST
14778010,PCT/US2013/033736,2013-03-25,NST
14778015,PCT/JP2014/001204,2014-03-05,NST
14778038,PCT/SE13/50312,2013-03-21,NST
14778042,PCT/CN2014/073667,2014-03-19,NST
14778043,PCT/US14/27375,2014-03-14,NST
14778049,PCT/JP13/58255,2013-03-22,NST
14778058,PCT/JP2013/059449,2013-03-29,NST
14778062,PCT/GB14/50847,2014-03-18,NST
14778071,PCT/DE2014/000175,2014-04-05,NST
14778081,PCT/JP13/57908,2013-03-19,NST
14778086,61945158,2014-02-27,PRO
14778086,PCT/US14/37769,2014-05-13,NST
14778092,PCT/IB2014/060038,2014-03-21,NST
14778093,PCT/IB13/52258,2013-03-21,NST
14778095,PCT/EP14/56013,2014-03-26,NST
14778097,PCT/IB13/52238,2013-03-21,NST
14778100,PCT/CN2014/072552,2014-02-26,NST
14778112,PCT/JP2014/001391,2014-03-12,NST
14778113,PCT/KR13/02275,2013-03-20,NST
14778115,PCT/IB13/52299,2013-03-22,NST
14778118,PCT/US14/31183,2014-03-19,NST
14778126,PCT/IB13/52306,2013-03-22,NST
14778131,PCT/US2014/031247,2014-03-19,NST
14778132,PCT/EP2014/001328,2014-05-16,NST
14778137,PCT/CN2013/073266,2013-03-27,NST
14778143,PCT/JP13/58353,2013-03-22,NST
14778148,PCT/EP2013/055591,2013-03-18,NST
14778167,PCT/JP2013/057904,2013-03-19,NST
14778171,PCT/JP13/58095,2013-03-21,NST
14778181,PCT/US14/21682,2014-03-07,NST
14778185,PCT/US2013/035298,2013-04-04,NST
14778197,PCT/JP14/56750,2014-03-13,NST
14778199,61852524,2013-03-18,PRO
14778199,PCT/US14/31038,2014-03-18,NST
14778205,PCT/JP2013/059511,2013-03-29,NST
14778212,PCT/KR2014/002381,2014-03-21,NST
14778215,PCT/IB13/01227,2013-03-20,NST
14778221,PCT/US2014/031351,2014-03-20,NST
14778224,PCT/IT2013/000079,2013-03-18,NST
14778226,PCT/CN2013/074297,2013-04-17,NST
14778229,PCT/CN13/72838,2013-03-19,NST
14778231,PCT/CN2013/073509,2013-03-29,NST
14778249,PCT/JP13/01953,2013-03-22,NST
14778251,PCT/NL2014/050161,2014-03-18,NST
14778256,PCT/EP14/55480,2014-03-19,NST
14778258,PCT/EP2014/053052,2014-02-18,NST
14778263,PCT/US13/34010,2013-03-27,NST
14778266,PCT/EP2013/055728,2013-03-19,NST
14778267,PCT/EP2013/055638,2013-03-19,NST
14778268,PCT/JP13/60858,2013-04-10,NST
14778269,PCT/JP2013/065841,2013-06-07,NST
14778272,PCT/DK2014/050065,2014-03-18,NST
14778287,PCT/US14/14155,2014-01-31,NST
14778313,PCT/KR2013/010915,2013-11-28,NST
14778314,PCT/JP2014/055361,2014-03-04,NST
14778315,PCT/EP2014/054663,2014-03-11,NST
14778316,PCT/JP2013/057921,2013-03-20,NST
14778317,PCT/FR2014/050623,2014-03-18,NST
14778319,PCT/EP2014/055308,2014-03-17,NST
14778324,PCT/IB2014/059949,2014-03-18,NST
14778325,PCT/JP2014/052329,2014-01-31,NST
14778326,PCT/JP2014/057901,2014-03-20,NST
14778328,PCT/AU2014/000297,2014-03-20,NST
14778330,PCT/FI2013/050304,2013-03-18,NST
14778331,PCT/US2014/032790,2014-04-03,NST
14778335,PCT/IB14/59833,2014-03-14,NST
14778336,PCT/CN2014/073732,2014-03-20,NST
14778339,PCT/JP2014/001379,2014-03-11,NST
14778341,PCT/US2013/034243,2013-03-28,NST
14778342,PCT/EP2014/056217,2014-03-27,NST
14778346,PCT/JP2014/057410,2014-03-18,NST
14778347,PCT/EP2014/054371,2014-03-06,NST
14778348,PCT/JP2013/072244,2013-08-21,NST
14778349,PCT/EP2014/000718,2014-03-17,NST
14778350,PCT/GB2014/050853,2014-03-18,NST
14778351,PCT/IB2014/060057,2014-03-22,NST
14778352,PCT/IB2014/000380,2014-03-18,NST
14778353,PCT/EP2014/055360,2014-03-18,NST
14778354,PCT/CN2013/089934,2013-12-19,NST
14778356,PCT/EP2014/055481,2014-03-19,NST
14778357,PCT/JP2014/055802,2014-03-06,NST
14778358,PCT/JP2014/055920,2014-03-07,NST
14778359,PCT/JP2014/057211,2014-03-18,NST
14778360,PCT/EP2013/055735,2013-03-19,NST
14778362,PCT/JP2014/058035,2014-03-24,NST
14778363,PCT/IB2014/060370,2014-04-02,NST
14778364,PCT/KR14/07000,2014-07-30,NST
14778366,PCT/CN2013/073008,2013-03-21,NST
14778369,PCT/US2014/035796,2014-04-29,NST
14778372,PCT/IB2015/051117,2015-02-16,NST
14778373,PCT/SE2014/050329,2014-03-19,NST
14778375,PCT/EP14/55517,2014-03-19,NST
14778378,PCT/JP13/58265,2013-03-22,NST
14778379,PCT/US14/31171,2014-03-19,NST
14778381,PCT/KR2014/002423,2014-03-21,NST
14778386,PCT/CN13/73048,2013-03-22,NST
14778389,PCT/US14/31374,2014-03-20,NST
14778395,PCT/CN2013/076445,2013-05-30,NST
14778400,PCT/EP2014/055250,2014-03-17,NST
14778401,PCT/US14/31187,2014-03-19,NST
14778402,PCT/EP2013/055725,2013-03-19,NST
14778405,PCT/US13/33292,2013-03-21,NST
14778412,PCT/FR14/50603,2014-03-14,NST
14778417,PCT/JP14/56468,2014-03-12,NST
14778422,PCT/JP2014/057837,2014-03-20,NST
14778426,PCT/EP13/55639,2013-03-19,NST
14778429,PCT/JP13/58643,2013-03-25,NST
14778434,PCT/JP2013/059510,2013-03-29,NST
14778436,PCT/US13/32796,2013-03-18,NST
14778440,PCT/CN13/72988,2013-03-21,NST
14778447,PCT/JP13/58099,2013-03-21,NST
14778450,PCT/EP14/55457,2014-03-18,NST
14778455,PCT/IB13/00711,2013-03-19,NST
14778471,61803610,2013-03-20,PRO
14778471,PCT/US14/30119,2014-03-17,NST
14778474,PCT/EP13/55702,2013-03-19,NST
14778478,PCT/US2014/014836,2014-02-05,NST
14778480,PCT/US14/31623,2014-03-24,NST
14778483,PCT/US14/31014,2014-03-18,NST
14778484,PCT/IB13/52492,2013-03-28,NST
14778485,PCT/CN13/72918,2013-03-20,NST
14778486,PCT/US14/31068,2014-03-18,NST
14778487,PCT/FR14/50339,2014-02-18,NST
14778488,PCT/US14/31123,2014-03-18,NST
14778489,PCT/US2014/026563,2014-03-13,NST
14778501,PCT/US2013/051438,2013-07-22,NST
14778513,PCT/US2013/043491,2013-05-30,NST
14778527,PCT/EP2013/055866,2013-03-20,NST
14778528,PCT/US2014/031996,2014-03-27,NST
14778530,PCT/US14/49992,2014-08-06,NST
14778532,PCT/GB2014/050715,2014-03-11,NST
14778536,PCT/US14/33378,2014-04-08,NST
14778541,PCT/KR2013/004261,2013-05-14,NST
14778542,PCT/JP13/59036,2013-03-27,NST
14778553,PCT/US14/31705,2014-03-25,NST
14778554,PCT/AU2014/000289,2014-03-18,NST
14778555,PCT/EP2014/055895,2014-03-25,NST
14778561,PCT/EP2014/054818,2014-03-12,NST
14778564,61801600,2013-03-15,PRO
14778564,PCT/US14/28356,2014-03-14,NST
14778566,PCT/FR2014/050634,2014-03-19,NST
14778571,61949853,2014-03-07,PRO
14778571,PCT/US15/18891,2015-03-05,NST
14778574,PCT/US13/48743,2013-06-28,NST
14778576,PCT/JP2014/001398,2014-03-12,NST
14778580,PCT/JP2014/001397,2014-03-12,NST
14778583,PCT/JP2014/001164,2014-03-04,NST
14778586,PCT/JP2014/001313,2014-03-10,NST
14778593,PCT/EP2014/054938,2014-03-13,NST
14778594,PCT/MX2013/000036,2013-03-21,NST
14778595,PCT/PL2014/050059,2014-09-26,NST
14778596,PCT/EP2014/053690,2014-02-26,NST
14778597,PCT/EP2014/054139,2014-03-04,NST
14778599,PCT/AU2014/000288,2014-03-18,NST
14778600,PCT/KR14/10410,2014-11-03,NST
14778601,PCT/US14/35353,2014-04-24,NST
14778602,PCT/EP2015/000364,2015-02-18,NST
14778603,PCT/EP2014/055616,2014-03-20,NST
14778604,PCT/EP2014/055540,2014-03-19,NST
14778605,PCT/AU2014/000378,2014-04-08,NST
14778608,PCT/JP2014/001401,2014-03-12,NST
14778613,PCT/PL2013/050038,2013-12-27,NST
14778617,PCT/JP2014/058424,2014-03-26,NST
14778618,PCT/EP2014/055669,2014-03-20,NST
14778619,PCT/JP2014/056724,2014-03-13,NST
14778620,PCT/IB2013/052514,2013-03-28,NST
14778621,PCT/JP2014/056726,2014-03-13,NST
14778622,61804359,2013-03-22,PRO
14778622,61893251,2013-10-20,PRO
14778622,61893634,2013-10-21,PRO
14778622,PCT/US14/20518,2014-03-05,NST
14778623,61804359,2013-03-22,PRO
14778623,61893251,2013-10-20,PRO
14778623,61893634,2013-10-21,PRO
14778623,PCT/US14/20521,2014-03-05,NST
14778624,PCT/IL2014/050376,2014-04-24,NST
14778626,PCT/IB2014/059978,2014-03-19,NST
14778627,PCT/US2014/031887,2014-03-26,NST
14778628,PCT/FR2014/050659,2014-03-21,NST
14778629,PCT/US2014/031718,2014-03-25,NST
14778630,PCT/EP2014/054472,2014-03-07,NST
14778631,PCT/JP2014/055971,2014-03-07,NST
14778632,PCT/EP2014/055654,2014-03-20,NST
14778633,PCT/JP2014/000755,2014-02-14,NST
14778634,PCT/JP2014/057199,2014-03-17,NST
14778635,PCT/IL2014/050498,2014-06-02,NST
14778636,PCT/JP2014/057553,2014-03-19,NST
14778637,PCT/JP2014/000332,2014-01-23,NST
14778638,PCT/EP2014/055800,2014-03-24,NST
14778639,PCT/JP2013/059574,2013-03-29,NST
14778640,PCT/EP2014/056885,2014-04-05,NST
14778641,PCT/JP2014/001437,2014-03-13,NST
14778642,PCT/EP2014/055700,2014-03-21,NST
14778643,PCT/US13/33365,2013-03-21,NST
14778644,PCT/US2014/036292,2014-05-01,NST
14778645,PCT/CN2013/080353,2013-07-29,NST
14778646,PCT/IL2014/050302,2014-03-19,NST
14778647,PCT/JP2013/061303,2013-04-16,NST
14778648,PCT/AT2014/000041,2014-02-28,NST
14778649,PCT/JP2013/059562,2013-03-29,NST
14778650,PCT/JP2014/057373,2014-03-18,NST
14778652,PCT/SE2013/050349,2013-03-27,NST
14778653,PCT/JP2014/001717,2014-03-25,NST
14778655,PCT/JP2014/052343,2014-01-31,NST
14778656,PCT/GB2014/050893,2014-03-21,NST
14778657,PCT/EP2014/055474,2014-03-19,NST
14778658,PCT/JP2014/057789,2014-03-20,NST
14778659,PCT/JP2014/056970,2014-03-14,NST
14778660,PCT/JP2014/057570,2014-03-19,NST
14778661,PCT/JP2014/053729,2014-02-18,NST
14778662,PCT/IB2013/000455,2013-03-22,NST
14778663,PCT/JP2014/056341,2014-03-11,NST
14778664,PCT/EP2014/055940,2014-03-25,NST
14778665,PCT/EP2014/055000,2014-03-13,NST
14778666,PCT/JP2014/057716,2014-03-20,NST
14778668,PCT/EP2014/055707,2014-03-21,NST
14778669,PCT/EP2013/056768,2013-03-28,NST
14778670,PCT/JP2014/058142,2014-03-24,NST
14778671,PCT/FI2014/050209,2014-03-21,NST
14778672,PCT/DE2014/000150,2014-03-24,NST
14778673,PCT/JP2014/056723,2014-03-13,NST
14778674,PCT/AT2014/050059,2014-03-07,NST
14778676,PCT/JP2013/002260,2013-04-01,NST
14778677,PCT/JP2014/058291,2014-03-25,NST
14778678,PCT/KR2014/003859,2014-04-30,NST
14778679,PCT/JP2014/050968,2014-01-20,NST
14778680,PCT/EP2014/054935,2014-03-13,NST
14778681,PCT/IB2014/000420,2014-03-19,NST
14778682,PCT/CN2013/073272,2013-03-27,NST
14778683,PCT/US2014/031315,2014-03-20,NST
14778684,PCT/JP2014/001441,2014-03-03,NST
14778685,PCT/JP2014/058228,2014-03-25,NST
14778686,PCT/CN2014/073673,2014-03-19,NST
14778687,61808475,2013-04-04,PRO
14778687,61898583,2013-11-01,PRO
14778687,PCT/US14/32949,2014-04-04,NST
14778688,PCT/IN2014/000174,2014-03-19,NST
14778689,PCT/EP2014/055766,2014-03-21,NST
14778690,PCT/IB2014/059296,2014-02-27,NST
14778691,PCT/IB2014/000347,2014-03-16,NST
14778692,PCT/EP2014/054226,2014-03-05,NST
14778693,PCT/US13/46958,2013-06-21,NST
14778695,PCT/JP2014/059853,2014-04-03,NST
14778696,PCT/US2014/031860,2014-03-26,NST
14778697,PCT/CN2014/073887,2014-03-21,NST
14778699,PCT/IN2013/000295,2013-05-03,NST
14778700,PCT/JP2014/057673,2014-03-20,NST
14778701,PCT/JP2013/076083,2013-09-26,NST
14778702,PCT/IL2014/050305,2014-03-20,NST
14778703,PCT/US15/34003,2015-06-03,NST
14778704,PCT/US2013/048790,2013-06-29,NST
14778705,PCT/US2013/077142,2013-12-20,NST
14778706,PCT/CN2014/074737,2014-04-03,NST
14778707,PCT/NL2014/050170,2014-03-20,NST
14778708,PCT/JP2013/059561,2013-03-29,NST
14778709,PCT/JP2014/056929,2014-03-14,NST
14778710,PCT/JP2014/056129,2014-03-10,NST
14778711,PCT/CN2013/080018,2013-07-24,NST
14778712,PCT/JP2014/084137,2014-12-24,NST
14778713,PCT/EP2014/052974,2014-02-14,NST
14778714,PCT/JP2014/054782,2014-02-20,NST
14778716,PCT/US2014/031192,2014-03-19,NST
14778717,PCT/GB2014/050896,2014-03-21,NST
14778718,PCT/JP2013/059560,2013-03-29,NST
14778719,PCT/CN2013/078415,2013-06-28,NST
14778720,61804452,2013-03-22,PRO
14778720,PCT/US14/31469,2014-03-21,NST
14778721,PCT/CN2015/076636,2015-04-15,NST
14778723,PCT/EP2014/054159,2014-03-04,NST
14778725,PCT/JP2014/057575,2014-03-19,NST
14778726,PCT/US2013/048791,2013-06-29,NST
14778727,61783029,2013-03-14,PRO
14778727,PCT/US14/27452,2014-03-14,NST
14778728,PCT/JP2014/051056,2014-01-21,NST
14778729,PCT/EP2014/055695,2014-03-21,NST
14778730,PCT/EP2014/056319,2014-03-28,NST
14778731,PCT/US2013/043689,2013-05-31,NST
14778732,PCT/DK2013/050081,2013-03-22,NST
14778733,PCT/EP2014/055658,2014-03-20,NST
14778734,PCT/EP2014/056350,2014-03-28,NST
14778735,PCT/JP2014/058515,2014-03-26,NST
14778736,PCT/JP2014/000084,2014-01-10,NST
14778737,PCT/IB2014/000502,2014-03-04,NST
14778738,PCT/JP2014/059018,2014-03-27,NST
14778739,61805307,2013-03-26,PRO
14778739,61812502,2013-04-16,PRO
14778739,PCT/US14/31551,2014-03-24,NST
14778740,PCT/US2013/048124,2013-06-27,NST
14778741,PCT/EP2014/000677,2014-03-13,NST
14778742,PCT/US2014/031724,2014-03-25,NST
14778743,PCT/EP2014/000072,2014-01-14,NST
14778744,PCT/JP2014/001519,2014-03-17,NST
14778746,PCT/JP2014/056725,2014-03-13,NST
14778747,PCT/US2014/031450,2014-03-21,NST
14778749,PCT/US13/45958,2013-06-14,NST
14778750,PCT/IB2013/059213,2013-10-08,NST
14778751,PCT/EP2014/054054,2014-03-03,NST
14778752,PCT/EP2014/057483,2014-04-14,NST
14778753,PCT/JP2014/058281,2014-03-25,NST
14778755,PCT/JP2014/064060,2014-05-28,NST
14778756,PCT/US13/36608,2013-04-15,NST
14778757,PCT/JP2014/057565,2014-03-19,NST
14778758,PCT/JP2014/001536,2014-03-18,NST
14778759,PCT/KR2014/001715,2014-03-03,NST
14778760,PCT/IB2014/001987,2014-06-25,NST
14778761,PCT/SG2014/000094,2014-02-28,NST
14778762,PCT/EP2013/000931,2013-03-27,NST
14778764,PCT/JP2014/057746,2014-03-20,NST
14778765,61805733,2013-03-27,PRO
14778765,PCT/US14/31388,2014-03-21,NST
14778766,PCT/JP2014/056728,2014-03-13,NST
14778767,PCT/JP2014/058907,2014-03-27,NST
14778768,PCT/GB2014/050898,2014-03-21,NST
14778769,PCT/JP2013/083948,2013-12-18,NST
14778770,PCT/US13/33545,2013-03-22,NST
14778771,PCT/EP2014/056164,2014-03-27,NST
14778772,PCT/IB2014/000443,2014-03-17,NST
14778773,PCT/JP2014/059516,2014-03-31,NST
14778774,PCT/CN2014/072177,2014-02-18,NST
14778775,PCT/JP2014/057279,2014-03-18,NST
14778776,PCT/NL2014/050171,2014-03-20,NST
14778777,PCT/JP2014/058251,2014-03-25,NST
14778778,PCT/EP2014/055514,2014-03-19,NST
14778779,PCT/US14/33287,2014-04-08,NST
14778781,PCT/JP2014/000185,2014-01-16,NST
14778782,PCT/EP2014/055317,2014-03-17,NST
14778783,PCT/EP2014/000481,2014-02-24,NST
14778784,PCT/JP14/57169,2014-03-17,NST
14778785,PCT/EP2014/055390,2014-03-18,NST
14778786,PCT/EP2014/054594,2014-03-10,NST
14778787,PCT/JP2014/001520,2014-03-17,NST
14778788,PCT/IB2014/059381,2014-03-03,NST
14778789,PCT/JP2014/056278,2014-03-11,NST
14778790,PCT/EP2014/056075,2014-03-26,NST
14778791,PCT/EP2013/000922,2013-03-27,NST
14778792,PCT/JP2014/058471,2014-03-26,NST
14778793,PCT/EP2014/059242,2014-05-06,NST
14778794,PCT/JP2014/057559,2014-03-19,NST
14778795,PCT/JP2014/057278,2014-03-18,NST
14778796,PCT/EP2014/055503,2014-03-19,NST
14778797,PCT/KR2014/003339,2014-04-17,NST
14778798,PCT/JP2014/058663,2014-03-26,NST
14778799,PCT/JP2014/059224,2014-03-28,NST
14778800,PCT/IL2014/050272,2014-03-13,NST
14778801,61808597,2013-04-04,PRO
14778801,PCT/US13/77163,2013-12-20,NST
14778802,PCT/JP2014/058699,2014-03-26,NST
14778803,PCT/CA2014/050296,2014-03-19,NST
14778804,PCT/JP2014/055736,2014-03-06,NST
14778806,61803805,2013-03-21,PRO
14778806,PCT/IL14/50310,2014-03-20,NST
14778807,PCT/EP2014/000479,2014-02-24,NST
14778809,PCT/DE2014/100098,2014-03-21,NST
14778810,PCT/JP2014/001701,2014-03-25,NST
14778811,PCT/EP2014/055483,2014-03-19,NST
14778812,PCT/CN2013/073113,2013-03-25,NST
14778813,PCT/EP2014/054098,2014-03-03,NST
14778815,PCT/EP2014/053736,2014-02-26,NST
14778816,PCT/EP2014/000779,2014-03-21,NST
14778817,PCT/EP2014/000701,2014-03-14,NST
14778818,PCT/EP2014/055026,2014-03-13,NST
14778819,PCT/EP2014/050071,2014-01-06,NST
14778820,PCT/JP2014/051174,2014-01-22,NST
14778821,PCT/JP2014/056169,2014-03-10,NST
14778823,PCT/JP2014/053776,2014-02-18,NST
14778824,PCT/JP2014/056903,2014-03-14,NST
14778825,PCT/SE2014/050352,2014-03-24,NST
14778826,PCT/JP2013/078262,2013-10-18,NST
14778827,PCT/EP2013/056373,2013-03-26,NST
14778828,PCT/JP2014/057704,2014-03-20,NST
14778829,PCT/EP2014/000537,2014-03-04,NST
14778830,PCT/JP2014/058087,2014-03-24,NST
14778831,PCT/JP2014/057588,2014-03-19,NST
14778832,61803919,2013-03-21,PRO
14778832,PCT/US14/31295,2014-03-20,NST
14778833,PCT/FR2014/000064,2014-03-24,NST
14778834,PCT/FR2014/050663,2014-03-21,NST
14778835,PCT/CA2014/000288,2014-03-26,NST
14778836,PCT/EP2014/055640,2014-03-20,NST
14778837,PCT/JP2014/001135,2014-03-03,NST
14778838,PCT/IB2013/001876,2013-08-29,NST
14778839,61804140,2013-03-21,PRO
14778839,PCT/US14/31484,2014-03-21,NST
14778840,PCT/IL13/50378,2013-05-02,NST
14778841,PCT/EP2014/052320,2014-02-06,NST
14778842,PCT/FR2014/050636,2014-03-19,NST
14778843,PCT/US13/46825,2013-06-20,NST
14778844,PCT/CN2013/073393,2013-03-28,NST
14778845,PCT/AU2014/000303,2014-03-21,NST
14778846,PCT/JP2014/057246,2014-03-18,NST
14778847,PCT/FR2014/050698,2014-03-25,NST
14778848,PCT/CN2014/088396,2014-10-11,NST
14778849,PCT/CN2014/073814,2014-03-21,NST
14778850,PCT/EP2014/055679,2014-03-21,NST
14778851,PCT/JP2014/001726,2014-03-25,NST
14778852,PCT/JP2014/000227,2014-01-17,NST
14778853,PCT/EP2014/000700,2014-03-14,NST
14778854,61804384,2013-03-22,PRO
14778854,PCT/US14/31288,2014-03-20,NST
14778856,PCT/SE2013/051030,2013-09-04,NST
14778857,PCT/EP2014/056047,2014-03-26,NST
14778858,PCT/JP2013/062965,2013-05-08,NST
14778859,PCT/JP2014/079320,2014-11-05,NST
14778860,PCT/CN2013/073241,2013-03-27,NST
14778861,PCT/JP2013/062967,2013-05-08,NST
14778862,PCT/IB2013/052296,2013-03-22,NST
14778863,PCT/KR2014/002315,2014-03-19,NST
14778864,PCT/KR2014/002334,2014-03-20,NST
14778865,PCT/CN2014/092055,2014-11-24,NST
14778866,PCT/EP2014/054037,2014-03-03,NST
14778868,PCT/FR2014/050627,2014-03-18,NST
14778869,PCT/JP2014/058079,2014-03-24,NST
14778870,PCT/EP2014/055724,2014-03-21,NST
14778871,PCT/JP2014/001755,2014-03-26,NST
14778872,PCT/JP2014/056747,2014-03-13,NST
14778873,PCT/RU2013/000235,2013-03-21,NST
14778874,PCT/EP2014/055775,2014-03-21,NST
14778875,PCT/KR2014/002365,2014-03-20,NST
14778876,PCT/JP2014/057710,2014-03-20,NST
14778877,PCT/KR2014/002362,2014-03-20,NST
14778878,PCT/GB2014/050873,2014-03-20,NST
14778879,PCT/CN2014/072700,2014-02-28,NST
14778880,PCT/JP2014/052694,2014-02-05,NST
14778882,PCT/JP2014/057989,2014-03-24,NST
14778883,PCT/US2014/031526,2014-03-22,NST
14778884,PCT/JP2013/062966,2013-05-08,NST
14778885,PCT/CN2013/073671,2013-04-02,NST
14778887,61804519,2013-03-22,PRO
14778887,61804892,2013-03-25,PRO
14778887,PCT/US14/31579,2014-03-24,NST
14778888,PCT/US14/39079,2014-05-22,NST
14778889,PCT/KR2014/002082,2014-03-13,NST
14778890,PCT/US2014/023880,2014-03-12,NST
14778892,PCT/IB2015/052745,2015-04-15,NST
14778893,PCT/EP2014/057324,2014-04-10,NST
14778894,PCT/EP2013/057417,2013-04-09,NST
14778895,PCT/EP2014/053208,2014-02-19,NST
14778896,PCT/JP2014/054484,2014-02-25,NST
14778898,PCT/EP2014/055673,2014-03-21,NST
14778900,PCT/KR2014/000897,2014-02-03,NST
14778901,PCT/RU2013/000635,2013-07-24,NST
14778902,PCT/EP2014/053501,2014-02-24,NST
14778903,PCT/IB2014/000442,2014-03-28,NST
14778904,PCT/JP2014/057606,2014-03-19,NST
14778905,PCT/JP2015/050814,2015-01-14,NST
14778906,PCT/KR2013/009120,2013-10-11,NST
14778907,PCT/JP2014/053216,2014-02-12,NST
14778908,PCT/EP2014/055877,2014-03-24,NST
14778909,PCT/GB2014/050954,2014-03-26,NST
14778910,PCT/EP2014/052733,2014-02-12,NST
14778911,PCT/EP2014/055465,2014-03-19,NST
14778912,PCT/AU2014/000309,2014-03-25,NST
14778913,PCT/JP2014/057657,2014-03-20,NST
14778914,PCT/US2014/032897,2014-04-04,NST
14778915,PCT/JP2013/066028,2013-06-11,NST
14778916,PCT/JP2014/057500,2014-03-19,NST
14778917,PCT/JP2014/053225,2014-02-12,NST
14778918,PCT/EP2014/055068,2014-03-14,NST
14778920,PCT/CN2013/073054,2013-03-22,NST
14778921,PCT/JP2014/057206,2014-03-17,NST
14778922,PCT/GB2014/050869,2014-03-20,NST
14778924,PCT/EP2014/055644,2014-03-20,NST
14778925,PCT/JP2014/057597,2014-03-19,NST
14778926,PCT/EP2014/055661,2014-03-20,NST
14778927,PCT/EP2014/055716,2014-03-21,NST
14778928,PCT/EP2013/060862,2013-05-27,NST
14778929,PCT/FR2014/050614,2014-03-17,NST
14778930,61804159,2013-03-21,PRO
14778930,PCT/US14/31390,2014-03-21,NST
14778931,PCT/EP2014/055635,2014-03-20,NST
14778932,PCT/JP2014/055618,2014-03-05,NST
14778933,PCT/KR2014/002419,2014-03-21,NST
14778934,PCT/JP2014/057884,2014-03-20,NST
14778935,PCT/JP2014/080434,2014-11-18,NST
14778937,PCT/NL2014/050181,2014-03-24,NST
14778938,PCT/CA2014/050298,2014-03-20,NST
14778940,PCT/JP2014/054712,2014-02-26,NST
14778941,61803975,2013-03-21,PRO
14778941,PCT/US14/31476,2014-03-21,NST
14778942,PCT/US13/36156,2013-04-11,NST
14778943,PCT/NL2014/050186,2014-03-26,NST
14778944,PCT/JP2014/055749,2014-03-06,NST
14778945,PCT/JP2014/057353,2014-03-18,NST
14778946,PCT/CA2014/050297,2014-03-20,NST
14778947,PCT/JP2014/058315,2014-03-25,NST
14778948,PCT/EP2014/055719,2014-03-21,NST
14778949,PCT/EP2014/055660,2014-03-20,NST
14778950,PCT/JP2014/001047,2014-02-27,NST
14778951,PCT/CN2013/073075,2013-03-22,NST
14778952,PCT/KR2014/004293,2014-05-13,NST
14778953,PCT/CA2014/000282,2014-03-21,NST
14778954,PCT/GB2014/050868,2014-03-20,NST
14778955,61810101,2013-04-09,PRO
14778955,PCT/US14/33512,2014-04-09,NST
14778956,61804133,2013-03-21,PRO
14778956,PCT/US14/31517,2014-03-21,NST
14778957,PCT/EP2014/000709,2014-03-14,NST
14778958,PCT/US2014/032806,2014-04-03,NST
14778959,PCT/KR2014/002399,2014-03-21,NST
14778960,PCT/NL2014/050180,2014-03-24,NST
14778961,PCT/EP2014/055639,2014-03-20,NST
14778962,PCT/CN2013/073324,2013-03-28,NST
14778963,PCT/JP2014/056829,2014-03-14,NST
14778964,PCT/CN2013/083471,2013-09-13,NST
14778965,PCT/NL2014/050182,2014-03-24,NST
14778966,PCT/CN2013/090131,2013-12-20,NST
14778968,PCT/JP2014/056626,2014-03-13,NST
14778969,PCT/GB2014/050884,2014-03-20,NST
14778970,PCT/JP2014/056413,2014-03-12,NST
14778971,PCT/KR2014/002360,2014-03-20,NST
14778972,PCT/EP2014/055756,2014-03-21,NST
14778973,PCT/IT2014/000107,2014-04-09,NST
14778974,PCT/GB2014/050937,2014-03-25,NST
14778975,PCT/EP2014/055657,2014-03-20,NST
14778976,PCT/SE2014/050398,2014-04-03,NST
14778977,PCT/US2013/033460,2013-03-22,NST
14778978,PCT/JP2014/054623,2014-02-26,NST
14778979,61862407,2013-08-05,PRO
14778979,PCT/US14/49819,2014-08-05,NST
14778980,PCT/JP2014/001230,2014-03-06,NST
14778981,PCT/JP2014/057708,2014-03-20,NST
14778982,PCT/KR2014/003854,2014-04-30,NST
14778983,PCT/US2014/032268,2014-03-28,NST
14778984,PCT/CA2014/050299,2014-03-20,NST
14778985,PCT/US2014/023744,2014-03-11,NST
14778986,PCT/KR2014/002840,2014-04-02,NST
14778988,PCT/KR2014/003418,2014-04-18,NST
14778989,PCT/KR2013/012255,2013-12-27,NST
14778990,PCT/JP2014/057329,2014-03-18,NST
14778991,PCT/DK2014/000014,2014-03-17,NST
14778992,PCT/US2014/045821,2014-07-08,NST
14778993,PCT/KR2014/002727,2014-03-31,NST
14778994,61804165,2013-03-21,PRO
14778994,PCT/US14/31516,2014-03-21,NST
14778995,PCT/KR2014/002728,2014-03-31,NST
14778996,PCT/DK2014/000017,2014-03-24,NST
14778997,61807195,2013-04-01,PRO
14778997,PCT/US14/32550,2014-04-01,NST
14778998,PCT/US2014/024957,2014-03-12,NST
14778999,PCT/EP2014/055613,2014-03-20,NST
14779000,PCT/IB2014/000392,2014-03-20,NST
14779001,PCT/JP2014/000813,2014-02-18,NST
14779002,PCT/JP2013/082182,2013-11-29,NST
14779004,PCT/CA2013/050235,2013-03-21,NST
14779007,PCT/US14/28752,2014-03-14,NST
14779008,PCT/US2014/028592,2014-03-14,NST
14779009,PCT/EP2014/000430,2014-02-17,NST
14779010,PCT/CN2013/073057,2013-03-22,NST
14779011,PCT/KR2014/005932,2014-07-03,NST
14779012,PCT/JP2014/001073,2014-02-27,NST
14779015,PCT/CN2014/073807,2014-03-21,NST
14779017,PCT/JP2014/060228,2014-04-08,NST
14779018,PCT/CN2013/082207,2013-08-23,NST
14779019,PCT/IB2013/001007,2013-04-03,NST
14779020,PCT/NL2014/000013,2014-03-21,NST
14779021,PCT/JP2014/055686,2014-03-05,NST
14779022,PCT/US2013/048792,2013-06-29,NST
14779023,PCT/IB2014/059513,2014-03-07,NST
14779024,PCT/US2013/077255,2013-12-20,NST
14779025,PCT/JP2014/056168,2014-03-10,NST
14779026,PCT/JP2014/001242,2014-03-06,NST
14779027,PCT/US2014/033262,2014-04-08,NST
14779029,PCT/JP2014/055968,2014-03-07,NST
14779030,PCT/JP2014/058024,2014-03-24,NST
14779031,PCT/JP2014/001344,2014-03-10,NST
14779032,PCT/JP2014/058058,2014-03-24,NST
14779033,PCT/JP2013/084894,2013-12-26,NST
14779034,PCT/US2014/016698,2014-02-17,NST
14779035,PCT/JP2014/006151,2014-12-09,NST
14779036,PCT/IN13/00605,2013-10-04,NST
14779038,PCT/JP2014/055363,2014-03-04,NST
14779039,PCT/JP2013/078619,2013-10-22,NST
14779040,PCT/JP2014/057970,2014-03-24,NST
14779041,PCT/US2013/033476,2013-03-22,NST
14779042,PCT/JP2014/058626,2014-03-26,NST
14779043,PCT/JP2014/002016,2014-04-09,NST
14779044,PCT/JP2014/056954,2014-03-14,NST
14779045,PCT/US2014/033599,2014-04-10,NST
14779046,PCT/US2015/030981,2015-05-15,NST
14779047,PCT/JP2014/060131,2014-04-07,NST
14779048,PCT/NO2014/050038,2014-03-18,NST
14779049,PCT/EP2014/052211,2014-02-05,NST
14779050,PCT/KR2014/002430,2014-03-24,NST
14779051,PCT/EP2014/059170,2014-05-06,NST
14779052,61818618,2013-05-02,PRO
14779052,PCT/US14/14997,2014-02-06,NST
14779053,PCT/US2013/071907,2013-11-26,NST
14779054,PCT/GB2014/051437,2014-05-09,NST
14779055,PCT/JP2014/058205,2014-03-25,NST
14779056,PCT/CN2014/074024,2014-03-25,NST
14779057,PCT/IB2014/000398,2014-03-20,NST
14779058,PCT/GB2014/050876,2014-03-20,NST
14779059,PCT/EP2014/055786,2014-03-24,NST
14779060,PCT/IB2014/060125,2014-03-25,NST
14779061,PCT/US2014/033293,2014-04-08,NST
14779062,PCT/KR2013/005458,2013-06-20,NST
14779063,PCT/FR2014/050709,2014-03-26,NST
14779064,PCT/JP2014/001598,2014-03-19,NST
14779065,PCT/KR2014/006068,2014-07-07,NST
14779066,PCT/EP2014/056025,2014-03-26,NST
14779067,PCT/JP2014/058348,2014-03-25,NST
14779068,PCT/EP2014/056085,2014-03-26,NST
14779069,PCT/GB2014/050917,2014-03-24,NST
14779070,PCT/US2014/033146,2014-04-07,NST
14779072,PCT/CN2013/074586,2013-04-24,NST
14779073,PCT/EP2014/055910,2014-03-25,NST
14779074,PCT/IB2014/066859,2014-12-12,NST
14779075,PCT/JP2014/063938,2014-05-27,NST
14779076,PCT/US13/77947,2013-12-27,NST
14779077,PCT/CA2014/050301,2014-03-21,NST
14779078,61808237,2013-04-04,PRO
14779078,PCT/KR2013/007133,2013-08-07,NST
14779079,PCT/EP2014/055510,2014-03-19,NST
14779081,PCT/JP2014/050826,2014-01-17,NST
14779082,PCT/CN2014/072010,2014-02-13,NST
14779083,PCT/AT2014/050071,2014-03-21,NST
14779085,PCT/EP2014/051826,2014-01-30,NST
14779086,PCT/JP2014/055999,2014-03-07,NST
14779087,PCT/IB2014/000286,2014-03-11,NST
14779088,PCT/JP2013/078454,2013-10-21,NST
14779090,PCT/EP2014/055944,2014-03-25,NST
14779092,PCT/JP2014/052825,2014-02-07,NST
14779093,PCT/IB2014/059670,2014-03-12,NST
14779094,PCT/JP2013/060484,2013-04-05,NST
14779095,PCT/JP2014/059054,2014-03-20,NST
14779096,PCT/EP2014/056063,2014-03-26,NST
14779097,PCT/JP2014/057608,2014-03-19,NST
14779098,PCT/KR2014/002330,2014-03-20,NST
14779099,PCT/EP2014/051982,2014-02-03,NST
14779100,PCT/EP2014/054321,2014-03-06,NST
14779101,PCT/JP2014/053052,2014-02-10,NST
14779102,PCT/GB2014/050948,2014-03-25,NST
14779103,PCT/JP2014/080833,2014-11-14,NST
14779104,PCT/JP2014/000989,2014-02-25,NST
14779105,PCT/JP2013/007666,2013-12-27,NST
14779106,PCT/JP2014/002114,2014-04-15,NST
14779107,PCT/EP2014/056002,2014-03-25,NST
14779108,PCT/EP2014/052664,2014-02-11,NST
14779110,PCT/SE2013/050343,2013-03-27,NST
14779112,PCT/AU2014/000380,2014-04-09,NST
14779113,PCT/GB2014/050889,2014-03-21,NST
14779114,PCT/IB2014/060271,2014-03-28,NST
14779115,PCT/JP2014/001674,2014-03-24,NST
14779116,61809986,2013-04-09,PRO
14779116,PCT/US14/33513,2014-04-09,NST
14779117,PCT/IB2014/060204,2014-03-27,NST
14779118,PCT/CN2014/073747,2014-03-20,NST
14779119,PCT/EP2013/056535,2013-03-27,NST
14779120,PCT/JP2013/059225,2013-03-28,NST
14779121,PCT/EP2014/059449,2014-05-08,NST
14779122,PCT/JP2014/084140,2014-12-24,NST
14779123,PCT/EP2014/056621,2014-04-02,NST
14779124,PCT/EP2013/056533,2013-03-27,NST
14779125,PCT/JP2013/075633,2013-09-24,NST
14779126,PCT/GB2014/050886,2014-03-21,NST
14779127,PCT/JP2014/058633,2014-03-26,NST
14779128,PCT/JP2014/056594,2014-03-06,NST
14779129,PCT/JP2014/059058,2014-03-20,NST
14779130,PCT/DE2014/200120,2014-03-11,NST
14779131,PCT/US14/31535,2014-03-24,NST
14779132,PCT/CN2014/076691,2014-04-30,NST
14779133,PCT/EP2014/055874,2014-03-24,NST
14779134,PCT/JP14/01594,2014-03-19,NST
14779135,PCT/JP2013/075231,2013-09-19,NST
14779137,PCT/JP2014/057888,2014-03-20,NST
14779138,PCT/JP2014/058857,2014-03-27,NST
14779139,PCT/JP2014/058056,2014-03-24,NST
14779140,PCT/AT2014/000040,2014-02-28,NST
14779141,PCT/EP2014/055564,2014-03-20,NST
14779142,PCT/US13/34744,2013-03-31,NST
14779143,PCT/JP2013/058842,2013-03-26,NST
14779144,PCT/JP2014/056529,2014-03-12,NST
14779145,PCT/KR2014/002847,2014-04-02,NST
14779146,PCT/EP2014/056385,2014-03-30,NST
14779147,PCT/JP2014/001704,2014-03-25,NST
14779148,PCT/JP2013/002243,2013-04-01,NST
14779149,PCT/EP2014/055816,2014-03-24,NST
14779150,PCT/JP2014/057578,2014-03-19,NST
14779151,PCT/EP2014/056698,2014-04-03,NST
14779152,PCT/JP2014/059442,2014-03-31,NST
14779153,PCT/KR2014/002415,2014-03-21,NST
14779154,PCT/GB2014/050875,2014-03-20,NST
14779155,PCT/US2014/013155,2014-01-27,NST
14779156,PCT/GB14/50953,2014-03-26,NST
14779157,PCT/US2014/017032,2014-02-19,NST
14779158,PCT/SE2013/051351,2013-11-18,NST
14779159,61804922,2013-03-25,PRO
14779159,PCT/US14/31726,2014-03-25,NST
14779160,PCT/AU2014/050004,2014-03-18,NST
14779161,PCT/EP2014/000957,2014-04-10,NST
14779162,PCT/US13/36490,2013-04-12,NST
14779163,PCT/IB2014/060440,2014-04-04,NST
14779166,61813463,2013-04-18,PRO
14779166,PCT/US14/33622,2014-04-10,NST
14779167,PCT/KR2013/002791,2013-04-04,NST
14779168,PCT/JP2014/058063,2014-03-24,NST
14779169,61806593,2013-03-29,PRO
14779169,PCT/US14/32345,2014-03-31,NST
14779170,PCT/EP2014/056848,2014-04-04,NST
14779171,PCT/JP2014/058632,2014-03-26,NST
14779172,PCT/CN2013/073064,2013-03-22,NST
14779173,PCT/US13/37112,2013-04-18,NST
14779174,61813454,2013-04-18,PRO
14779174,PCT/US14/33618,2014-04-10,NST
14779175,PCT/GB2014/050978,2014-03-27,NST
14779176,PCT/CN2014/074741,2014-04-03,NST
14779177,PCT/JP2014/052824,2014-02-07,NST
14779178,PCT/JP2014/057964,2014-03-24,NST
14779179,PCT/JP2013/058440,2013-03-22,NST
14779180,PCT/EP2014/050935,2014-01-17,NST
14779181,PCT/JP2014/057990,2014-03-24,NST
14779182,PCT/GB2014/000094,2014-03-14,NST
14779183,PCT/KR2014/000845,2014-01-29,NST
14779184,PCT/EP2013/056117,2013-03-22,NST
14779185,PCT/JP2014/059389,2014-03-25,NST
14779186,PCT/GB2014/050979,2014-03-27,NST
14779187,PCT/IB2014/059146,2014-02-21,NST
14779189,PCT/EP2014/054824,2014-03-12,NST
14779190,PCT/JP2014/001567,2014-03-19,NST
14779191,61804316,2013-03-22,PRO
14779191,PCT/US14/31485,2014-03-21,NST
14779192,PCT/EP2014/054541,2014-03-10,NST
14779193,PCT/EP2014/055563,2014-03-20,NST
14779195,PCT/AT2014/050069,2014-03-20,NST
14779196,PCT/US2015/026516,2015-04-17,NST
14779197,PCT/IN2014/000183,2014-03-24,NST
14779198,PCT/JP2014/064889,2014-06-04,NST
14779199,PCT/JP2014/084146,2014-12-24,NST
14779200,PCT/EP2014/055705,2014-03-25,NST
14779201,PCT/JP2014/075576,2014-09-26,NST
14779202,PCT/EP2014/055976,2014-03-25,NST
14779204,61806206,2013-03-28,PRO
14779204,PCT/US14/31945,2014-03-27,NST
14779205,PCT/KR2014/002925,2014-04-04,NST
14779206,PCT/JP2014/057119,2014-03-17,NST
14779207,PCT/CN2013/000352,2013-03-27,NST
14779208,PCT/EP2013/001516,2013-05-23,NST
14779209,PCT/EP2014/056420,2014-03-31,NST
14779210,PCT/EP2014/055485,2014-03-19,NST
14779211,PCT/CN2014/073553,2014-03-17,NST
14779212,PCT/KR2014/008629,2014-09-17,NST
14779214,PCT/JP2014/057754,2014-03-20,NST
14779215,PCT/EP2014/055747,2014-03-21,NST
14779216,PCT/EP2014/067344,2014-08-13,NST
14779217,PCT/EP2013/056174,2013-03-24,NST
14779218,PCT/JP2013/078190,2013-10-17,NST
14779219,PCT/IB2013/052366,2013-03-25,NST
14779220,PCT/JP14/56736,2014-03-13,NST
14779221,PCT/JP2014/054866,2014-02-27,NST
14779222,PCT/JP2014/057213,2014-03-18,NST
14779223,PCT/US2014/032015,2014-03-27,NST
14779224,PCT/JP2015/057517,2015-03-13,NST
14779225,PCT/EP2014/055774,2014-03-21,NST
14779226,PCT/JP2013/078189,2013-10-17,NST
14779227,PCT/EP2014/055426,2014-03-18,NST
14779228,61816662,2013-04-26,PRO
14779228,PCT/US14/23022,2014-03-11,NST
14779229,PCT/JP2014/057309,2014-03-18,NST
14779231,PCT/GB2014/050904,2014-03-21,NST
14779232,PCT/JP2014/058548,2014-03-26,NST
14779233,PCT/US14/32373,2014-03-31,NST
14779234,PCT/CN2014/080814,2014-06-26,NST
14779235,PCT/JP2013/071755,2013-08-12,NST
14779236,PCT/FR2014/050611,2014-03-17,NST
14779238,61805794,2013-03-27,PRO
14779238,PCT/US14/31856,2014-03-26,NST
14779239,PCT/SE2014/050097,2014-01-27,NST
14779241,PCT/KR2013/011651,2013-12-16,NST
14779242,PCT/IB2014/059844,2014-03-14,NST
14779243,61821634,2013-05-09,PRO
14779243,PCT/US14/37355,2014-05-08,NST
14779244,PCT/JP2013/074220,2013-09-09,NST
14779245,PCT/EP2013/056745,2013-03-28,NST
14779246,61805542,2013-03-27,PRO
14779246,PCT/US14/31803,2014-03-26,NST
14779247,PCT/EP2014/055698,2014-03-21,NST
14779248,PCT/CN2013/089838,2013-12-18,NST
14779249,PCT/EP2014/053503,2014-02-24,NST
14779250,PCT/JP2013/082542,2013-12-04,NST
14779251,PCT/EP2014/057392,2014-04-11,NST
14779252,PCT/IB2013/052305,2013-03-22,NST
14779253,PCT/JP2013/060485,2013-04-05,NST
14779254,PCT/JP2014/058821,2014-03-27,NST
14779255,PCT/JP14/58823,2014-03-27,NST
14779256,PCT/JP2013/058439,2013-03-22,NST
14779257,PCT/US13/48757,2013-06-28,NST
14779258,PCT/CN2013/073570,2013-04-01,NST
14779259,PCT/GB2014/050542,2014-02-21,NST
14779260,PCT/US2014/041393,2014-06-06,NST
14779261,PCT/JP2014/052660,2014-02-05,NST
14779263,PCT/JP14/01762,2014-03-27,NST
14779264,PCT/EP2013/056615,2013-03-27,NST
14779265,PCT/EP2014/055917,2014-03-25,NST
14779266,PCT/EP2014/054426,2014-03-07,NST
14779267,PCT/EP2013/057997,2013-04-17,NST
14779269,PCT/US13/34650,2013-03-29,NST
14779270,PCT/ES2013/070188,2013-03-22,NST
14779271,PCT/EP2014/056212,2014-03-27,NST
14779272,61804256,2013-03-22,PRO
14779272,PCT/US14/31566,2014-03-24,NST
14779273,PCT/JP2014/001494,2014-03-17,NST
14779274,61805210,2013-03-26,PRO
14779274,PCT/US14/31186,2014-03-19,NST
14779275,PCT/EP2014/055271,2014-03-17,NST
14779276,61804613,2013-03-22,PRO
14779276,PCT/US14/31412,2014-03-21,NST
14779277,PCT/JP2013/059068,2013-03-27,NST
14779278,PCT/US13/34610,2013-03-29,NST
14779279,PCT/CN2013/000336,2013-03-22,NST
14779280,PCT/JP2013/002622,2013-04-18,NST
14779281,PCT/US14/31308,2014-03-20,NST
14779282,PCT/EP2014/055270,2014-03-17,NST
14779283,PCT/JP2014/056794,2014-03-13,NST
14779284,PCT/SE2014/050384,2014-03-31,NST
14779285,PCT/EP2013/056704,2013-03-28,NST
14779287,PCT/KR2014/003430,2014-04-18,NST
14779288,PCT/US2014/022062,2014-03-07,NST
14779289,PCT/DE2014/000186,2014-04-10,NST
14779290,PCT/IB2013/052401,2013-03-26,NST
14779291,PCT/KR2013/012389,2013-12-30,NST
14779293,PCT/IB14/01218,2014-03-24,NST
14779294,PCT/KR2014/005408,2014-06-19,NST
14779295,PCT/EP2014/055773,2014-03-21,NST
14779296,PCT/CN2014/072504,2014-02-25,NST
14779297,PCT/GR2014/000019,2014-03-24,NST
14779298,PCT/EP2013/056173,2013-03-24,NST
14779299,PCT/EP2014/056529,2014-04-01,NST
14779301,PCT/KR2014/002891,2014-04-03,NST
14779302,PCT/KR2013/012256,2013-12-27,NST
14779303,PCT/JP2014/054047,2014-02-20,NST
14779304,PCT/LV2014/000004,2014-03-21,NST
14779305,PCT/EP2014/000648,2014-03-11,NST
14779306,PCT/EP2013/057251,2013-04-05,NST
14779307,PCT/KR2014/003315,2014-04-16,NST
14779308,PCT/CN2014/072490,2014-02-25,NST
14779309,PCT/IL14/50312,2014-03-21,NST
14779310,PCT/CN2014/074519,2014-04-01,NST
14779316,PCT/EP2014/000751,2014-03-19,NST
14779317,PCT/JP2014/056916,2014-03-14,NST
14779321,PCT/CN2013/088540,2013-12-04,NST
14779322,PCT/US2014/031671,2014-03-25,NST
14779323,PCT/JP2014/061777,2014-04-25,NST
14779324,PCT/JP2014/057602,2014-03-19,NST
14779325,PCT/JP2014/056040,2014-03-07,NST
14779326,PCT/EP2014/055313,2014-03-17,NST
14779327,PCT/JP2014/058464,2014-03-26,NST
14779328,PCT/JP2014/059078,2014-03-28,NST
14779329,PCT/EP2014/054934,2014-03-13,NST
14779347,PCT/JP2014/058999,2014-03-27,NST
14779348,61806078,2013-03-28,PRO
14779348,PCT/US14/32229,2014-03-28,NST
14779349,PCT/US2014/032225,2014-03-28,NST
14779350,PCT/US2014/032221,2014-03-28,NST
14779351,PCT/RU2013/000272,2013-04-01,NST
14779352,61806090,2013-03-28,PRO
14779352,PCT/US14/32218,2014-03-28,NST
14779353,PCT/EP2014/055888,2014-03-25,NST
14779354,PCT/US2014/032213,2014-03-28,NST
14779355,PCT/US2014/032208,2014-03-28,NST
14779356,PCT/KR2013/003185,2013-04-16,NST
14779357,61806102,2013-03-28,PRO
14779357,PCT/US14/32201,2014-03-28,NST
14779358,PCT/IB2014/060153,2014-03-26,NST
14779359,PCT/EP2014/056122,2014-03-27,NST
14779360,PCT/JP2014/058351,2014-03-25,NST
14779362,PCT/JP2014/056500,2014-03-12,NST
14779363,PCT/EP2013/056278,2013-03-25,NST
14779364,PCT/JP2014/059251,2014-03-28,NST
14779365,PCT/EP2014/056125,2014-03-27,NST
14779366,PCT/EP2013/056452,2013-03-26,NST
14779367,PCT/JP2014/058695,2014-03-26,NST
14779368,61805047,2013-03-25,PRO
14779368,PCT/US14/31448,2014-03-21,NST
14779369,PCT/JP2013/002680,2013-04-22,NST
14779370,PCT/IB2013/052716,2013-04-04,NST
14779371,PCT/JP2014/058600,2014-03-26,NST
14779372,PCT/KR2014/002785,2014-04-01,NST
14779373,PCT/US2014/031642,2014-03-25,NST
14779374,PCT/JP2014/057794,2014-03-20,NST
14779375,PCT/JP2014/057539,2014-03-19,NST
14779376,PCT/JP2014/057793,2014-03-20,NST
14779377,PCT/EP2014/055488,2014-03-19,NST
14779378,PCT/EP2014/000572,2014-03-05,NST
14779380,PCT/JP2014/001569,2014-03-19,NST
14779381,PCT/IB2014/065537,2014-10-22,NST
14779382,PCT/GB14/51003,2014-03-28,NST
14779387,61809695,2013-04-08,PRO
14779387,PCT/US14/33337,2014-04-08,NST
14779388,61806030,2013-03-28,PRO
14779388,PCT/US14/31447,2014-03-21,NST
14779390,PCT/JP2014/054745,2014-02-26,NST
14779391,61806318,2013-03-28,PRO
14779391,PCT/US14/31740,2014-03-25,NST
14779394,PCT/JP2014/063408,2014-05-21,NST
14779395,PCT/US2014/032176,2014-03-28,NST
14779396,61804714,2013-03-24,PRO
14779396,PCT/US14/31582,2014-03-24,NST
14779398,61806738,2013-03-29,PRO
14779398,PCT/US14/19331,2014-02-28,NST
14779400,PCT/JP2014/056404,2014-03-12,NST
14779401,PCT/JP2013/059730,2013-03-29,NST
14779402,PCT/GB2014/050909,2014-03-24,NST
14779403,PCT/JP2014/056543,2014-03-12,NST
14779404,PCT/JP2014/056241,2014-03-11,NST
14779405,PCT/JP2014/083232,2014-12-16,NST
14779406,PCT/FI2014/050200,2014-03-18,NST
14779407,PCT/JP14/58668,2014-03-26,NST
14779408,PCT/US2014/032601,2014-04-02,NST
14779409,PCT/JP2014/000116,2014-01-14,NST
14779410,PCT/FR2014/050852,2014-04-09,NST
14779411,PCT/JP2014/001675,2014-03-24,NST
14779412,PCT/EP2014/055937,2014-03-25,NST
14779413,PCT/JP2013/084907,2013-12-26,NST
14779414,PCT/KR2013/012161,2013-12-26,NST
14779415,PCT/EP2014/055787,2014-03-24,NST
14779416,PCT/JP2013/059739,2013-03-29,NST
14779417,PCT/KR2014/007921,2014-08-26,NST
14779418,PCT/EP2014/055947,2014-03-25,NST
14779419,61805307,2013-03-26,PRO
14779419,61827195,2013-05-24,PRO
14779419,PCT/US14/31662,2014-03-25,NST
14779420,PCT/JP2014/056497,2014-03-12,NST
14779421,PCT/JP2014/057183,2014-03-17,NST
14779422,PCT/JP2014/058846,2014-03-27,NST
14779423,PCT/CA2014/050326,2014-03-28,NST
14779424,PCT/CN2013/075904,2013-05-20,NST
14779425,PCT/KR2014/001408,2014-02-21,NST
14779426,PCT/KR2014/002565,2014-03-26,NST
14779427,PCT/JP2014/001267,2014-03-07,NST
14779428,61829100,2013-05-30,PRO
14779428,PCT/US14/40003,2014-05-29,NST
14779429,PCT/JP14/59322,2014-03-28,NST
14779430,PCT/US2014/033311,2014-04-08,NST
14779431,PCT/CN2014/077859,2014-05-20,NST
14779432,PCT/EP2014/055594,2014-03-20,NST
14779433,PCT/IB2014/059885,2014-03-17,NST
14779434,PCT/JP2014/001630,2014-03-20,NST
14779435,PCT/KR2013/009389,2013-10-21,NST
14779436,PCT/JP2014/058639,2014-03-26,NST
14779437,PCT/JP2014/057105,2014-03-17,NST
14779438,PCT/EP2014/056138,2014-03-27,NST
14779439,PCT/JP2013/064307,2013-05-23,NST
14779440,PCT/JP14/59323,2014-03-28,NST
14779441,PCT/JP2014/055087,2014-02-28,NST
14779442,PCT/IB2013/052406,2013-03-26,NST
14779443,PCT/EP2014/055327,2014-03-17,NST
14779444,PCT/EP2014/054258,2014-03-05,NST
14779445,PCT/JP2014/055375,2014-03-04,NST
14779446,PCT/IB2014/060234,2014-03-27,NST
14779447,PCT/KR2014/002473,2014-03-25,NST
14779448,PCT/KR2013/005490,2013-06-21,NST
14779449,PCT/CN2014/082378,2014-07-17,NST
14779450,PCT/JP2014/057982,2014-03-24,NST
14779451,PCT/TR2014/000091,2014-03-27,NST
14779452,PCT/JP2014/056984,2014-03-14,NST
14779453,PCT/EP2014/056026,2014-03-26,NST
14779454,PCT/ES2014/070089,2014-02-10,NST
14779455,PCT/TR2014/000090,2014-03-27,NST
14779456,PCT/JP2014/059040,2014-03-27,NST
14779457,PCT/DE2014/200051,2014-02-11,NST
14779459,PCT/EP2014/055590,2014-03-20,NST
14779460,PCT/US2014/032363,2014-03-31,NST
14779461,PCT/EP2014/056862,2014-04-04,NST
14779462,PCT/FR2014/000062,2012-03-24,NST
14779463,PCT/EP2014/057423,2014-04-11,NST
14779464,PCT/JP2014/061566,2014-04-24,NST
14779465,PCT/JP2014/053693,2014-02-18,NST
14779466,PCT/JP13/58818,2013-03-26,NST
14779467,PCT/EP2014/055867,2014-03-24,NST
14779468,PCT/EP2014/056321,2014-03-28,NST
14779469,PCT/EP2014/053592,2014-02-25,NST
14779470,61811354,2013-04-12,PRO
14779470,61815895,2013-04-25,PRO
14779470,61871362,2013-08-29,PRO
14779470,PCT/US14/33484,2014-04-09,NST
14779471,PCT/IB2014/060139,2014-03-25,NST
14779472,PCT/JP2014/001887,2014-03-31,NST
14779473,PCT/ES2014/000029,2014-03-05,NST
14779474,PCT/EP2014/057233,2014-04-10,NST
14779475,PCT/CN2011/001695,2011-10-10,NST
14779477,PCT/IB2014/000250,2014-03-03,NST
14779478,PCT/EP2014/056283,2014-03-28,NST
14779479,PCT/JP2014/055266,2014-03-03,NST
14779480,PCT/JP2014/058596,2014-03-26,NST
14779481,PCT/JP2014/055596,2014-03-05,NST
14779482,PCT/EP2014/056886,2014-04-05,NST
14779483,PCT/CN2012/078128,2012-07-03,NST
14779484,PCT/EP2014/057124,2014-04-09,NST
14779485,PCT/IB2014/060251,2014-03-28,NST
14779486,PCT/JP14/53029,2014-02-10,NST
14779487,PCT/EP2014/054791,2014-03-12,NST
14779488,PCT/EP2014/053658,2014-02-25,NST
14779489,PCT/EP2013/057209,2013-04-05,NST
14779490,61810256,2013-04-09,PRO
14779490,PCT/US14/33151,2014-04-07,NST
14779492,PCT/JP2013/083221,2013-12-11,NST
14779493,PCT/EP2014/055859,2014-03-24,NST
14779494,PCT/KR2014/001212,2014-02-14,NST
14779495,PCT/GB2014/050928,2014-03-25,NST
14779496,61816943,2013-04-29,PRO
14779496,PCT/US14/31820,2014-03-26,NST
14779497,PCT/KR2014/001143,2014-02-12,NST
14779498,PCT/CN2013/081204,2013-08-09,NST
14779499,PCT/EP2014/054146,2014-03-04,NST
14779502,PCT/GB2014/051065,2014-04-04,NST
14779503,PCT/JP2014/056851,2014-03-14,NST
14779504,PCT/EP2014/000810,2014-03-26,NST
14779506,PCT/US2014/032211,2014-03-28,NST
14779507,PCT/KR2014/005420,2014-06-19,NST
14779509,PCT/KR2014/003333,2014-04-17,NST
14779510,PCT/KR2014/002917,2014-04-04,NST
14779511,PCT/JP2014/057537,2014-03-19,NST
14779514,PCT/KR2014/006918,2014-07-29,NST
14779515,PCT/EP2014/000847,2014-03-29,NST
14779516,PCT/EP2014/055964,2014-03-25,NST
14779517,61806603,2013-03-29,PRO
14779517,61817805,2013-04-30,PRO
14779517,PCT/US14/32214,2014-03-28,NST
14779518,PCT/EP2014/055769,2014-03-21,NST
14779519,PCT/FI2014/050208,2014-03-21,NST
14779520,PCT/EP2014/055607,2014-03-20,NST
14779521,PCT/JP2013/082001,2013-11-28,NST
14779522,PCT/EP2014/000813,2014-03-26,NST
14779523,PCT/JP2014/053277,2014-02-13,NST
14779525,PCT/EP2014/057170,2014-04-09,NST
14779526,PCT/US2014/038979,2014-05-21,NST
14779527,PCT/JP2014/054145,2014-02-21,NST
14779529,PCT/JP2013/059699,2013-03-29,NST
14779530,PCT/DK2014/050077,2014-04-02,NST
14779531,PCT/KR2014/001891,2014-03-07,NST
14779532,PCT/US2014/032604,2014-04-02,NST
14779533,PCT/KR2014/008533,2014-09-12,NST
14779534,PCT/KR2014/002677,2014-03-28,NST
14779536,PCT/EP2014/055955,2014-03-25,NST
14779537,PCT/JP2014/050043,2014-01-07,NST
14779538,PCT/JP2014/000905,2014-02-21,NST
14779539,PCT/CN2014/071027,2014-01-21,NST
14779541,PCT/US2014/072868,2014-12-30,NST
14779542,PCT/US2014/032723,2014-04-02,NST
14779543,PCT/EP2014/055936,2014-03-25,NST
14779547,PCT/EP2013/058322,2013-04-22,NST
14779548,PCT/US2014/031767,2014-03-25,NST
14779549,PCT/EP2014/000828,2014-03-27,NST
14779550,PCT/US14/34477,2014-04-17,NST
14779551,PCT/EP2014/056847,2014-04-04,NST
14779553,PCT/CN2013/073939,2013-04-09,NST
14779554,PCT/JP2014/058669,2014-03-26,NST
14779555,PCT/JP2014/059092,2014-03-28,NST
14779556,61805450,2013-03-26,PRO
14779556,61945684,2014-02-27,PRO
14779556,PCT/US14/31911,2014-03-26,NST
14779557,PCT/US2014/031768,2014-03-25,NST
14779558,PCT/CN2015/076739,2015-04-16,NST
14779559,PCT/US2013/077228,2013-12-20,NST
14779560,PCT/EP2014/057339,2014-04-11,NST
14779561,PCT/EE14/00002,2014-04-02,NST
14779562,PCT/JP2013/059496,2013-03-29,NST
14779563,PCT/GB2014/050837,2014-03-17,NST
14779564,PCT/US2014/032725,2014-04-02,NST
14779565,61804716,2013-03-24,PRO
14779565,PCT/US14/31638,2014-03-24,NST
14779566,PCT/JP2014/001282,2014-03-07,NST
14779568,PCT/JP2014/001434,2014-03-13,NST
14779569,PCT/KR2014/002262,2014-03-18,NST
14779570,PCT/KR2014/002469,2014-03-24,NST
14779571,PCT/EP2013/056283,2013-03-25,NST
14779573,PCT/KR2014/001100,2014-02-11,NST
14779574,PCT/EP2014/054641,2014-03-11,NST
14779575,PCT/EP2014/053186,2014-02-19,NST
14779576,PCT/JP2014/001596,2014-03-19,NST
14779577,PCT/JP2014/059701,2014-03-26,NST
14779578,PCT/JP2014/001642,2014-03-20,NST
14779580,PCT/CN2014/073808,2014-03-21,NST
14779581,PCT/JP14/58666,2014-03-26,NST
14779582,PCT/EP2014/052987,2014-02-17,NST
14779583,PCT/EP2014/000919,2014-04-05,NST
14779584,61805851,2013-03-27,PRO
14779584,PCT/US14/31998,2014-03-27,NST
14779585,PCT/KR2013/003296,2013-04-18,NST
14779586,61805001,2013-03-25,PRO
14779586,PCT/US14/31543,2014-03-24,NST
14779587,PCT/JP2014/054800,2014-02-27,NST
14779588,PCT/JP2014/059080,2014-03-28,NST
14779589,PCT/IB2014/000311,2014-03-13,NST
14779590,PCT/JP2014/052936,2014-02-07,NST
14779592,PCT/JP2014/079472,2014-11-06,NST
14779593,PCT/EP2014/000651,2014-03-12,NST
14779594,PCT/JP2014/053861,2014-02-19,NST
14779595,PCT/KR2014/002256,2014-03-18,NST
14779596,PCT/JP2014/057603,2014-03-19,NST
14779597,PCT/JP2014/057327,2014-03-18,NST
14779598,PCT/EP2014/056041,2014-03-26,NST
14779599,PCT/KR2014/002853,2014-04-02,NST
14779600,PCT/CN2014/073772,2014-03-20,NST
14779601,PCT/CA2014/000297,2014-03-25,NST
14779602,61806248,2013-03-28,PRO
14779602,PCT/US14/32199,2014-03-28,NST
14779603,PCT/JP2014/058867,2014-03-27,NST
14779604,PCT/DE2014/100109,2014-03-28,NST
14779605,PCT/US2014/032209,2014-03-28,NST
14779606,PCT/IB2014/060089,2014-03-24,NST
14779607,PCT/EP2014/056165,2014-03-27,NST
14779608,PCT/JP2014/058701,2014-03-26,NST
14779609,PCT/EP2013/056634,2013-03-27,NST
14779610,PCT/JP2014/057607,2014-03-19,NST
14779611,PCT/CA2014/050277,2014-03-17,NST
14779612,PCT/EP2014/056224,2014-03-27,NST
14779613,PCT/JP2014/058061,2014-03-24,NST
14779614,PCT/FR2014/050979,2014-04-22,NST
14779615,PCT/AT2014/050074,2014-03-25,NST
14779617,PCT/FR2014/050687,2014-03-24,NST
14779618,PCT/EP2013/056472,2013-03-27,NST
14779619,PCT/JP2014/054804,2014-02-27,NST
14779620,PCT/GB2014/000110,2014-03-24,NST
14779621,PCT/IB2014/060003,2014-03-20,NST
14779622,PCT/JP2014/001198,2014-03-04,NST
14779623,PCT/EP2013/056934,2013-04-02,NST
14779624,PCT/JP2014/056156,2014-03-10,NST
14779625,PCT/IB2014/060208,2014-03-27,NST
14779626,PCT/JP2014/058431,2014-03-28,NST
14779627,PCT/JP2014/001595,2014-03-19,NST
14779628,PCT/JP2014/059000,2014-03-27,NST
14779629,PCT/US2014/032641,2014-04-02,NST
14779630,PCT/JP2014/058682,2014-03-26,NST
14779631,PCT/JP2014/058062,2014-03-24,NST
14779632,PCT/SE2014/050415,2014-04-04,NST
14779633,PCT/EP2014/055856,2014-03-24,NST
14779634,PCT/IB2014/060142,2014-03-25,NST
14779635,PCT/IB2014/001957,2014-07-24,NST
14779636,PCT/EP2014/054868,2014-03-12,NST
14779637,PCT/JP2014/060087,2014-04-07,NST
14779638,PCT/US2014/031693,2014-03-25,NST
14779639,PCT/EP2014/055667,2014-03-20,NST
14779640,PCT/JP2014/001731,2014-03-26,NST
14779641,PCT/EP14/56492,2014-04-01,NST
14779642,PCT/JP2014/001809,2014-03-27,NST
14779643,PCT/EP2013/056473,2013-03-27,NST
14779644,61801028,2013-03-15,PRO
14779644,PCT/US14/23954,2014-03-12,NST
14779645,PCT/JP2014/058304,2014-03-25,NST
14779646,PCT/EP2014/000778,2014-03-21,NST
14779647,PCT/JP2014/058209,2014-03-25,NST
14779648,PCT/US2014/031697,2014-03-25,NST
14779649,PCT/KR2015/000277,2015-01-12,NST
14779650,61805307,2013-03-26,PRO
14779650,61842111,2013-07-02,PRO
14779650,PCT/US14/31702,2014-03-25,NST
14779651,PCT/JP2014/058648,2014-03-26,NST
14779652,PCT/JP2014/057324,2014-03-18,NST
14779653,PCT/FR2014/050688,2014-03-24,NST
14779655,PCT/CN2014/082550,2014-07-18,NST
14779656,PCT/GB2014/050940,2014-03-25,NST
14779657,PCT/EP2013/063687,2013-06-28,NST
14779658,PCT/IB2014/059997,2014-03-20,NST
14779660,PCT/GB2014/050923,2014-03-24,NST
14779661,PCT/JP2014/001649,2014-03-20,NST
14779662,PCT/JP2014/061744,2014-04-25,NST
14779663,PCT/SE2014/050339,2014-03-20,NST
14779664,PCT/JP2014/001841,2014-03-28,NST
14779665,PCT/JP2014/058597,2014-03-26,NST
14779666,PCT/CZ2014/000039,2014-04-22,NST
14779667,PCT/JP2014/059256,2014-03-28,NST
14779668,PCT/KR2014/010083,2014-10-24,NST
14779669,PCT/EP2013/056474,2013-03-27,NST
14779670,PCT/JP2014/061323,2014-04-22,NST
14779671,PCT/JP2014/054050,2014-02-20,NST
14779673,PCT/EP2014/056274,2014-03-28,NST
14779674,PCT/JP2014/001590,2014-03-19,NST
14779675,PCT/EP2014/055589,2014-03-20,NST
14779676,PCT/JP2014/058201,2014-03-25,NST
14779677,PCT/IB2014/000273,2014-03-11,NST
14779678,PCT/CN2013/073114,2013-03-25,NST
14779680,PCT/JP2014/061737,2014-04-25,NST
14779681,PCT/US2014/031644,2014-03-25,NST
14779682,PCT/JP2014/054322,2014-02-24,NST
14779684,PCT/EP2014/050737,2014-01-15,NST
14779685,PCT/CN2014/072716,2014-02-28,NST
14779686,PCT/JP2014/052494,2014-02-04,NST
14779687,PCT/JP2014/057352,2014-03-18,NST
14779688,PCT/KR2013/009051,2013-10-10,NST
14779690,PCT/EP2014/000571,2014-03-05,NST
14779691,PCT/JP2014/059339,2014-03-28,NST
14779692,PCT/DE2014/200058,2014-02-13,NST
14779693,PCT/US2014/031683,2014-03-25,NST
14779694,PCT/GB2014/000078,2014-03-04,NST
14779696,PCT/JP2014/058269,2014-03-25,NST
14779697,PCT/EP2014/055690,2014-03-21,NST
14779699,PCT/EP2014/055762,2014-03-21,NST
14779700,PCT/CN2013/076244,2013-05-27,NST
14779701,PCT/US2014/033072,2014-04-04,NST
14779702,PCT/IL2014/050315,2014-03-24,NST
14779704,PCT/JP2014/056637,2014-03-13,NST
14779705,PCT/EP2013/074275,2013-11-20,NST
14779706,PCT/IB2014/059956,2014-03-19,NST
14779707,PCT/IB2014/059886,2014-03-17,NST
14779708,PCT/CN2013/074713,2013-04-25,NST
14779709,PCT/US2014/031575,2014-03-24,NST
14779710,PCT/EP2014/055770,2014-03-21,NST
14779711,PCT/JP2014/001150,2014-03-03,NST
14779712,61805307,2013-03-26,PRO
14779712,61899341,2013-11-04,PRO
14779712,PCT/US14/31826,2014-03-26,NST
14779713,PCT/JP2014/052245,2014-01-31,NST
14779714,PCT/EP2014/055919,2014-03-25,NST
14779715,PCT/JP2014/057421,2014-03-18,NST
14779716,PCT/JP2014/061190,2014-04-21,NST
14779717,PCT/JP2014/056966,2014-03-14,NST
14779718,PCT/JP2013/075379,2013-09-12,NST
14779719,PCT/CN2014/000525,2014-05-26,NST
14779720,PCT/JP2014/058429,2014-03-26,NST
14779721,PCT/EP2014/055785,2014-03-24,NST
14779722,PCT/JP2014/054938,2014-02-27,NST
14779723,PCT/JP2014/000177,2014-01-16,NST
14779724,PCT/AU2014/000304,2014-03-24,NST
14779725,PCT/JP2014/057668,2014-03-20,NST
14779726,PCT/JP2014/001702,2014-03-25,NST
14779727,PCT/IT2013/000087,2013-03-25,NST
14779728,PCT/EP2014/056347,2014-03-28,NST
14779729,PCT/JP2014/058053,2014-03-24,NST
14779730,PCT/JP2014/053060,2014-02-10,NST
14779731,PCT/GB2014/050945,2014-03-25,NST
14779732,PCT/EP2014/056141,2014-03-27,NST
14779733,PCT/EP2014/055792,2014-03-24,NST
14779734,PCT/JP2013/084826,2013-12-26,NST
14779735,PCT/JP2014/052556,2014-02-04,NST
14779736,PCT/US2013/034060,2013-03-27,NST
14779737,PCT/JP2014/057952,2014-03-17,NST
14779738,PCT/JP2014/058045,2014-03-24,NST
14779739,PCT/JP2014/001256,2014-03-06,NST
14779740,PCT/JP2014/055127,2014-02-28,NST
14779741,PCT/KR2014/002815,2014-04-02,NST
14779742,PCT/EP2014/055920,2014-03-25,NST
14779743,PCT/EP2013/056591,2013-03-27,NST
14779744,PCT/NO2014/050043,2014-03-26,NST
14779745,PCT/JP2014/061502,2014-04-17,NST
14779746,PCT/EP2014/054388,2014-03-06,NST
14779747,PCT/JP2014/058652,2014-03-26,NST
14779748,PCT/JP2014/001587,2014-03-19,NST
14779749,PCT/JP2014/065516,2014-06-11,NST
14779750,PCT/EP2014/056386,2014-03-30,NST
14779751,PCT/CH2014/000032,2014-03-19,NST
14779752,PCT/JP2014/001906,2014-04-01,NST
14779753,PCT/IL2014/050320,2014-03-25,NST
14779754,PCT/IB2014/060132,2014-03-25,NST
14779755,PCT/JP2014/058367,2014-03-25,NST
14779757,PCT/JP2014/056340,2014-03-11,NST
14779758,PCT/JP2014/056684,2014-03-13,NST
14779759,PCT/JP2014/058733,2014-03-27,NST
14779760,PCT/EP2014/055921,2014-03-25,NST
14779761,PCT/JP2014/057253,2014-03-18,NST
14779762,PCT/JP2014/052505,2014-02-04,NST
14779763,PCT/EP2014/057394,2014-04-11,NST
14779764,PCT/HU2013/000137,2013-12-30,NST
14779765,PCT/GB2014/051007,2014-03-28,NST
14779766,PCT/JP2014/050139,2014-01-08,NST
14779767,PCT/JP2014/003565,2014-07-04,NST
14779768,PCT/EP2013/000906,2013-03-26,NST
14779769,PCT/KR2014/002427,2014-03-24,NST
14779770,PCT/JP2014/056894,2014-03-14,NST
14779771,PCT/JP2014/059296,2014-03-28,NST
14779772,PCT/JP2014/001728,2014-03-26,NST
14779773,PCT/EP2014/055267,2014-03-17,NST
14779774,61813901,2013-04-19,PRO
14779774,PCT/US14/34670,2014-04-18,NST
14779775,PCT/FR2014/050667,2014-03-21,NST
14779776,61810033,2013-04-09,PRO
14779776,61833542,2013-06-11,PRO
14779776,PCT/US14/33465,2014-04-09,NST
14779777,PCT/CN2013/090867,2013-12-30,NST
14779779,61806600,2013-03-29,PRO
14779779,PCT/US14/32143,2014-03-28,NST
14779780,PCT/JP2014/001729,2014-03-26,NST
14779781,PCT/US2014/031391,2014-03-14,NST
14779782,PCT/JP2014/056158,2014-03-10,NST
14779783,PCT/JP2014/001730,2014-03-26,NST
14779784,PCT/KR2014/002490,2014-03-25,NST
14779786,PCT/JP2014/058374,2014-03-25,NST
14779787,PCT/JP2014/058033,2014-03-24,NST
14779788,PCT/KR2014/008986,2014-09-25,NST
14779789,PCT/JP2014/056162,2014-03-10,NST
14779790,PCT/EP2014/056044,2014-03-26,NST
14779791,PCT/EP2014/058852,2014-04-30,NST
14779792,PCT/JP2014/057242,2014-03-18,NST
14779793,PCT/JP2014/058022,2014-03-24,NST
14779794,PCT/GB2014/050977,2014-03-27,NST
14779796,PCT/JP2014/065566,2014-06-12,NST
14779797,PCT/EP2014/055904,2014-03-25,NST
14779798,PCT/JP2014/000528,2014-01-31,NST
14779799,PCT/JP2013/001904,2013-03-21,NST
14779800,PCT/EP2014/055445,2014-03-18,NST
14779801,PCT/JP2014/055140,2014-02-28,NST
14779802,PCT/IB2014/059920,2014-03-18,NST
14779803,PCT/JP2014/058376,2014-03-25,NST
14779804,PCT/JP2014/052117,2014-01-30,NST
14779805,PCT/US2014/031795,2014-03-26,NST
14779806,PCT/JP2014/057087,2014-03-17,NST
14779807,PCT/EP2014/056128,2014-03-27,NST
14779808,PCT/JP2014/001229,2014-03-06,NST
14779809,PCT/EP2014/056080,2014-03-26,NST
14779810,PCT/CN2014/072469,2014-02-24,NST
14779811,PCT/EP2014/055977,2014-03-25,NST
14779812,PCT/KR2014/002504,2014-03-25,NST
14779813,PCT/EP2014/056031,2014-03-26,NST
14779814,PCT/JP2014/057477,2014-03-19,NST
14779815,PCT/SE2013/050331,2013-03-25,NST
14779816,PCT/IB2014/059658,2014-03-12,NST
14779817,PCT/KR2014/002619,2014-03-27,NST
14779818,PCT/EP2014/055836,2014-03-24,NST
14779819,PCT/EP2014/000773,2014-03-21,NST
14779821,PCT/IB2014/060402,2014-04-03,NST
14779822,PCT/JP2014/058685,2014-03-26,NST
14779823,PCT/US2013/034745,2013-03-31,NST
14779824,PCT/JP2014/001535,2014-03-18,NST
14779825,PCT/KR2014/011969,2014-12-05,NST
14779826,PCT/JP2013/070803,2013-07-31,NST
14779828,PCT/JP2014/058502,2014-03-26,NST
14779829,PCT/JP2014/001749,2014-03-26,NST
14779830,PCT/IB2013/050588,2013-01-24,NST
14779832,PCT/EP2014/000771,2014-03-21,NST
14779833,PCT/IB2014/060152,2014-03-26,NST
14779834,PCT/EP2014/055704,2014-03-21,NST
14779836,PCT/EP2014/058853,2014-04-30,NST
14779837,PCT/KR2014/002729,2014-03-31,NST
14779838,PCT/JP2014/058223,2014-03-25,NST
14779839,PCT/JP2014/057535,2014-03-19,NST
14779840,PCT/JP2014/059388,2014-03-25,NST
14779841,PCT/US2014/031581,2014-03-24,NST
14779843,PCT/IB2014/059998,2014-03-20,NST
14779844,PCT/EP2014/055814,2014-03-24,NST
14779845,PCT/JP2014/051385,2014-01-23,NST
14779846,PCT/US2014/032533,2014-04-01,NST
14779847,PCT/EP2014/059895,2014-05-14,NST
14779848,PCT/EP2014/054704,2014-03-11,NST
14779849,PCT/EP2014/055847,2014-03-24,NST
14779850,PCT/EP2014/055978,2014-03-25,NST
14779852,PCT/EP2013/056750,2013-03-28,NST
14779854,PCT/EP2014/055718,2014-03-21,NST
14779855,PCT/EP2014/000774,2014-03-21,NST
14779856,PCT/JP2014/058153,2014-03-18,NST
14779857,PCT/KR2015/004324,2015-04-29,NST
14779858,PCT/MX2015/000098,2015-06-26,NST
14779859,PCT/JP2014/057168,2014-03-17,NST
14779860,PCT/JP2014/001518,2014-03-17,NST
14779861,PCT/CN2013/085874,2013-10-24,NST
14779862,PCT/AU2014/000316,2014-03-26,NST
14779863,PCT/US2014/057799,2014-09-26,NST
14779864,PCT/JP2013/069167,2013-07-12,NST
14779865,PCT/JP2014/056889,2014-03-14,NST
14779866,PCT/EP2014/055962,2014-03-25,NST
14779867,PCT/US2014/031701,2014-03-25,NST
14779868,PCT/EP2013/056609,2013-03-27,NST
14779869,PCT/IB2014/060175,2014-03-26,NST
14779870,PCT/JP2014/058149,2014-03-18,NST
14779871,PCT/AT2014/000051,2014-03-25,NST
14779872,PCT/US2014/032151,2014-03-28,NST
14779874,PCT/KR2014/002617,2014-03-27,NST
14779875,PCT/JP2014/058926,2014-03-27,NST
14779876,PCT/IB2014/060350,2014-04-01,NST
14779877,PCT/IB2014/000312,2014-03-13,NST
14779878,PCT/JP2014/001550,2014-03-18,NST
14779880,PCT/EP2014/055949,2014-03-25,NST
14779881,PCT/JP2014/001574,2014-03-19,NST
14779882,PCT/GB2013/000131,2013-03-26,NST
14779883,PCT/EP2014/055268,2014-03-17,NST
14779884,PCT/JP2014/056857,2014-03-14,NST
14779885,PCT/JP2013/059295,2013-03-28,NST
14779886,PCT/KR2014/001833,2014-03-06,NST
14779888,PCT/JP2014/001625,2014-03-20,NST
14779889,PCT/IN2014/000186,2014-03-25,NST
14779890,PCT/KR2014/009171,2014-09-30,NST
14779891,PCT/US14/31762,2014-03-25,NST
14779892,PCT/EP2014/000777,2014-03-21,NST
14779893,PCT/US2014/032054,2014-03-27,NST
14779894,PCT/JP2014/058572,2014-03-26,NST
14779895,PCT/BE2014/000013,2014-03-25,NST
14779896,PCT/KR2014/002485,2014-03-25,NST
14779897,PCT/EP2014/055825,2014-03-24,NST
14779898,PCT/KR2014/002523,2014-03-25,NST
14779899,PCT/US2014/039557,2014-05-27,NST
14779900,PCT/JP2014/055389,2014-03-04,NST
14779901,PCT/IB2014/060097,2014-03-24,NST
14779902,PCT/JP2014/060119,2014-04-07,NST
14779903,PCT/CA2014/050305,2014-03-24,NST
14779904,PCT/EP2014/056108,2014-03-27,NST
14779905,PCT/IB2014/060101,2014-03-24,NST
14779906,PCT/US2014/037532,2014-05-09,NST
14779907,PCT/CN2013/085854,2013-10-24,NST
14779908,PCT/JP2014/060211,2014-04-08,NST
14779909,PCT/US2014/037537,2014-05-09,NST
14779910,PCT/US2014/043398,2014-06-20,NST
14779911,PCT/IN2014/000188,2014-03-25,NST
14779912,PCT/JP2014/058686,2014-03-26,NST
14779913,PCT/KR2013/003464,2013-04-23,NST
14779914,PCT/CN2013/084528,2013-09-27,NST
14779915,PCT/IB2014/058482,2014-01-23,NST
14779916,PCT/CN2014/074099,2014-03-26,NST
14779917,PCT/JP2014/057562,2014-03-19,NST
14779918,PCT/JP2014/059646,2014-04-01,NST
14779919,PCT/GB2014/050941,2014-03-25,NST
14779920,PCT/KR2014/003268,2014-04-15,NST
14779921,PCT/JP2014/050909,2014-01-20,NST
14779922,PCT/JP2014/057503,2014-03-19,NST
14779923,PCT/IB2013/060752,2013-09-09,NST
14779924,PCT/JP2014/055390,2014-03-04,NST
14779925,PCT/KR2014/002985,2014-04-07,NST
14779926,PCT/EP2014/056020,2014-03-26,NST
14779927,PCT/KR2014/002676,2014-03-28,NST
14779928,61815657,2013-04-24,PRO
14779928,PCT/US14/35201,2014-04-23,NST
14779929,61813563,2013-04-18,PRO
14779929,PCT/US14/34247,2014-04-15,NST
14779930,PCT/EP2014/056222,2014-03-27,NST
14779931,PCT/FR2014/050669,2014-03-21,NST
14779932,PCT/JP2014/058571,2014-03-26,NST
14779933,PCT/EP2014/053523,2014-02-24,NST
14779934,PCT/CN2013/090124,2013-12-20,NST
14779935,61805581,2013-03-27,PRO
14779935,PCT/US14/31906,2014-03-26,NST
14779936,PCT/US2013/046902,2013-06-20,NST
14779937,PCT/JP2014/051865,2014-01-28,NST
14779938,PCT/US13/47622,2013-06-25,NST
14779939,PCT/IB2014/059503,2014-03-06,NST
14779940,PCT/EP2014/055637,2014-03-20,NST
14779941,PCT/SG2014/000143,2014-03-28,NST
14779942,PCT/US2013/033682,2013-03-25,NST
14779943,PCT/US2013/048351,2013-06-27,NST
14779944,PCT/FR2014/050741,2014-03-28,NST
14779945,PCT/EP2014/056232,2014-03-27,NST
14779946,61807197,2013-04-01,PRO
14779946,61925105,2014-01-08,PRO
14779946,PCT/US14/32468,2014-04-01,NST
14779947,61829970,2013-05-31,PRO
14779947,PCT/US14/40367,2014-05-30,NST
14779948,PCT/US2013/076244,2013-12-18,NST
14779949,PCT/JP2014/053832,2014-02-19,NST
14779950,PCT/KR2013/008101,2013-09-09,NST
14779951,PCT/CN2013/085158,2013-10-14,NST
14779952,PCT/US2013/037284,2013-04-19,NST
14779953,PCT/JP2014/055989,2014-03-07,NST
14779954,PCT/KR2013/012429,2013-12-31,NST
14779955,PCT/KR2014/002426,2014-03-24,NST
14779956,PCT/JP2013/059741,2013-03-29,NST
14779957,PCT/KR2014/002449,2014-03-24,NST
14779958,PCT/EP2014/056004,2014-03-25,NST
14779959,PCT/JP2014/051928,2014-01-29,NST
14779960,PCT/KR2014/003432,2014-04-18,NST
14779961,PCT/JP2014/057671,2014-03-20,NST
14779962,PCT/AU2014/000313,2014-03-26,NST
14779963,PCT/KR2014/002687,2014-03-28,NST
14779964,PCT/EP2014/051115,2014-01-21,NST
14779965,PCT/IN2014/000400,2014-06-17,NST
14779966,PCT/CN2012/082407,2012-09-29,NST
14779968,PCT/CN2013/088531,2013-12-04,NST
14779969,PCT/US2013/033656,2013-03-25,NST
14779970,PCT/CN2014/082512,2014-07-18,NST
14779971,PCT/IN2014/000194,2014-03-27,NST
14779972,PCT/JP2014/058980,2014-03-27,NST
14779973,PCT/JP2014/001768,2014-03-27,NST
14779974,PCT/EP2014/055712,2014-03-21,NST
14779975,PCT/EP2014/000786,2014-03-24,NST
14779976,PCT/IB2014/060376,2014-04-02,NST
14779977,61804775,2013-03-25,PRO
14779977,PCT/IL14/50317,2014-03-25,NST
14779978,61804767,2013-03-25,PRO
14779978,PCT/US14/31691,2014-03-25,NST
14779980,PCT/JP2013/058804,2013-03-26,NST
14779981,PCT/IB2014/001936,2014-06-25,NST
14779982,PCT/JP2014/084321,2014-12-25,NST
14779983,PCT/EP2014/050158,2014-01-07,NST
14779984,PCT/EP2014/056336,2014-03-28,NST
14779985,PCT/EP2014/056157,2014-03-27,NST
14779986,61989220,2014-05-06,PRO
14779986,PCT/US15/29479,2015-05-06,NST
14779987,PCT/AU2014/000369,2014-04-04,NST
14779989,PCT/JP2014/057751,2014-03-20,NST
14779990,PCT/EP2014/055365,2014-03-18,NST
14779991,PCT/JP2013/061095,2013-04-12,NST
14779992,61819903,2013-05-06,PRO
14779992,PCT/US13/76940,2013-12-20,NST
14779993,PCT/EP2014/056167,2014-03-27,NST
14779994,PCT/KR2013/011520,2013-12-12,NST
14779995,PCT/CN2014/073359,2014-03-13,NST
14779996,PCT/US2014/036284,2014-05-01,NST
14779997,PCT/IB2014/060020,2014-03-21,NST
14779998,PCT/EP2014/055389,2014-03-18,NST
14779999,61820512,2013-05-07,PRO
14779999,PCT/US13/78159,2013-12-28,NST
14780000,PCT/JP2014/057236,2014-03-18,NST
14780001,PCT/IB2014/060188,2014-03-26,NST
14780003,PCT/EP2014/055987,2014-03-25,NST
14780004,PCT/US2013/077903,2013-12-27,NST
14780005,PCT/GB2014/050980,2014-03-27,NST
14780006,PCT/JP2014/058347,2014-03-25,NST
14780007,PCT/SE2014/050334,2014-03-20,NST
14780008,PCT/IB2014/059940,2014-03-18,NST
14780009,61856219,2013-07-19,PRO
14780009,PCT/US13/77904,2013-12-27,NST
14780010,PCT/US2014/031878,2014-03-26,NST
14780011,PCT/GB2014/050740,2014-03-12,NST
14780012,61805299,2013-03-26,PRO
14780012,61891093,2013-10-15,PRO
14780012,PCT/US14/31811,2014-03-26,NST
14780013,PCT/JP2014/050140,2014-01-08,NST
14780014,61805247,2013-03-26,PRO
14780014,PCT/US14/31846,2014-03-26,NST
14780015,PCT/IB2014/060114,2014-10-22,NST
14780016,PCT/SE2014/050335,2014-03-20,NST
14780017,PCT/JP2014/052480,2014-02-04,NST
14780018,PCT/CN2014/000265,2014-03-13,NST
14780019,PCT/KR2014/002382,2014-03-21,NST
14780020,PCT/JP2014/054450,2014-02-25,NST
14780021,PCT/JP2014/059031,2014-03-27,NST
14780022,PCT/EP2013/056337,2013-03-26,NST
14780023,PCT/US13/33645,2013-03-25,NST
14780024,PCT/EP2013/056796,2013-03-28,NST
14780026,PCT/EP2014/056131,2014-03-27,NST
14780027,PCT/JP2014/061636,2014-04-24,NST
14780028,PCT/DE2014/100105,2014-03-27,NST
14780029,PCT/JP2014/057850,2014-03-20,NST
14780030,PCT/US2014/031997,2014-03-27,NST
14780031,PCT/IB2014/001670,2014-03-27,NST
14780032,PCT/JP2013/084073,2013-12-19,NST
14780033,PCT/US2014/032247,2014-03-28,NST
14780034,PCT/SE2014/050423,2014-04-05,NST
14780035,PCT/CN2014/071724,2014-01-29,NST
14780036,PCT/JP2014/057212,2014-03-18,NST
14780037,PCT/IB2014/060662,2014-04-11,NST
14780038,PCT/FR2014/050699,2014-03-25,NST
14780039,PCT/EP2013/056710,2013-03-28,NST
14780040,PCT/JP2014/056685,2014-03-13,NST
14780041,PCT/JP2014/058210,2014-03-25,NST
14780042,PCT/EP2014/055544,2014-03-19,NST
14780043,PCT/EP2014/056221,2014-03-27,NST
14780044,PCT/FR2014/050662,2014-03-21,NST
14780045,PCT/EP2014/055226,2014-03-17,NST
14780046,PCT/JP2014/066340,2014-06-19,NST
14780047,PCT/AU2014/000307,2014-03-24,NST
14780048,PCT/KR2014/002791,2014-04-01,NST
14780050,PCT/US2014/031220,2014-03-19,NST
14780051,PCT/EP2013/056726,2013-03-28,NST
14780052,PCT/JP2014/001853,2014-03-28,NST
14780053,PCT/CN2013/073472,2013-03-29,NST
14780054,PCT/JP2014/060804,2014-04-16,NST
14780055,PCT/EP2013/056376,2013-03-26,NST
14780056,PCT/JP2014/074237,2014-09-12,NST
14780057,PCT/JP2014/050142,2014-01-08,NST
14780058,PCT/JP2013/083861,2013-12-18,NST
14780059,PCT/NL2014/050191,2014-03-27,NST
14780060,PCT/EP2013/056340,2013-03-26,NST
14780061,PCT/EP2014/056351,2014-03-28,NST
14780063,PCT/IB2014/060002,2014-03-20,NST
14780064,PCT/KR2013/011631,2013-12-16,NST
14780065,PCT/EP2013/056719,2013-03-28,NST
14780066,PCT/JP2014/060472,2014-04-11,NST
14780067,PCT/IB2014/060120,2014-03-25,NST
14780068,PCT/US2014/031962,2014-03-27,NST
14780069,PCT/JP2014/054025,2014-02-20,NST
14780070,PCT/IB2014/060276,2014-03-28,NST
14780071,PCT/AT2014/050073,2014-03-25,NST
14780072,PCT/GR2014/000020,2014-03-24,NST
14780073,PCT/US2013/034923,2013-04-02,NST
14780074,PCT/GB2014/050958,2014-03-26,NST
14780075,PCT/JP2013/073694,2013-09-03,NST
14780076,PCT/US2014/032027,2014-03-27,NST
14780077,PCT/JP2013/058807,2013-03-26,NST
14780078,PCT/JP2014/058527,2014-03-26,NST
14780079,PCT/JP2014/058093,2014-03-24,NST
14780080,PCT/EP2014/055926,2014-03-25,NST
14780081,PCT/EP2014/000574,2014-03-06,NST
14780082,PCT/JP2014/059450,2014-03-31,NST
14780083,PCT/EP2014/056339,2014-03-28,NST
14780084,61814679,2013-04-22,PRO
14780084,PCT/US14/34693,2014-04-18,NST
14780085,PCT/GB2014/052096,2014-07-09,NST
14780086,PCT/JP2014/001174,2014-03-04,NST
14780087,PCT/US13/38518,2013-04-26,NST
14780088,PCT/AT2014/050077,2014-03-27,NST
14780089,PCT/JP2014/058687,2014-03-26,NST
14780090,PCT/GB2014/050930,2014-03-25,NST
14780091,PCT/JP2013/059018,2013-03-27,NST
14780092,PCT/JP2014/001710,2014-03-25,NST
14780093,PCT/EP2014/055479,2014-03-19,NST
14780094,PCT/JP2013/059721,2013-03-29,NST
14780095,PCT/JP2014/064923,2014-06-05,NST
14780096,PCT/CN2013/077552,2013-06-20,NST
14780097,PCT/EP2014/056011,2014-03-26,NST
14780098,61805675,2013-03-27,PRO
14780098,PCT/US14/31993,2014-03-27,NST
14780099,PCT/GB2013/050805,2013-03-27,NST
14780100,PCT/CN2014/073790,2014-03-20,NST
14780101,PCT/GB2014/050959,2014-03-26,NST
14780102,PCT/NZ2014/000054,2014-03-27,NST
14780103,PCT/GB2013/050849,2013-03-28,NST
14780104,PCT/GB2014/051005,2014-03-28,NST
14780105,PCT/JP2014/056914,2014-03-14,NST
14780106,PCT/IS2014/050003,2014-03-26,NST
14780107,PCT/JP2014/059030,2014-03-27,NST
14780108,PCT/IB2014/060134,2014-03-25,NST
14780109,PCT/EP2014/055939,2014-03-25,NST
14780110,PCT/US2014/031698,2014-03-25,NST
14780111,PCT/JP2014/052095,2014-01-30,NST
14780112,PCT/EP2014/054478,2014-03-07,NST
14780113,PCT/EP2014/000817,2014-03-26,NST
14780114,PCT/JP2014/000379,2014-01-27,NST
14780115,PCT/EP2014/056248,2014-03-28,NST
14780116,PCT/JP2014/051273,2014-01-22,NST
14780117,PCT/AT2014/050076,2014-03-27,NST
14780118,PCT/US13/34444,2013-03-28,NST
14780119,PCT/JP2014/055985,2014-03-07,NST
14780120,PCT/CN2013/073388,2013-03-28,NST
14780121,PCT/JP2014/057526,2014-03-19,NST
14780122,PCT/JP2014/058786,2014-03-27,NST
14780123,PCT/KR2013/004846,2013-05-31,NST
14780124,PCT/NZ2014/000053,2014-03-27,NST
14780125,PCT/EP2014/055796,2014-03-24,NST
14780126,PCT/JP2014/057848,2014-03-20,NST
14780127,PCT/EP2014/053751,2014-02-26,NST
14780128,PCT/JP2014/002082,2014-04-11,NST
14780129,PCT/JP2014/059733,2014-04-02,NST
14780130,PCT/JP2014/058609,2014-03-26,NST
14780131,PCT/NL2014/050185,2014-03-25,NST
14780132,PCT/CN2014/073478,2014-03-14,NST
14780133,PCT/JP2014/058127,2014-03-24,NST
14780134,PCT/EP2014/000841,2014-03-28,NST
14780135,PCT/JP2014/057306,2014-03-18,NST
14780136,PCT/JP2013/084231,2013-12-20,NST
14780138,PCT/IB2014/060028,2014-03-21,NST
14780139,PCT/JP2013/079004,2013-10-25,NST
14780140,PCT/MY2014/000185,2014-06-18,NST
14780141,PCT/JP2014/054684,2014-02-26,NST
14780142,PCT/CA2014/050303,2014-03-24,NST
14780143,PCT/JP2014/058522,2014-03-26,NST
14780144,PCT/ZA2014/000014,2014-03-25,NST
14780145,PCT/EP2014/000829,2014-03-27,NST
14780146,PCT/US2014/032174,2014-03-28,NST
14780147,PCT/JP2014/001549,2014-03-18,NST
14780148,PCT/EP2014/055807,2014-03-24,NST
14780149,PCT/JP2014/057994,2014-03-24,NST
14780150,PCT/EP2014/056116,2014-03-27,NST
14780151,PCT/EP2014/055870,2014-03-24,NST
14780152,PCT/JP2014/058211,2014-03-25,NST
14780153,PCT/JP2014/057239,2014-03-18,NST
14780154,PCT/JP2014/058253,2014-03-25,NST
14780155,PCT/JP2014/057461,2014-03-19,NST
14780156,PCT/JP2014/051831,2014-01-28,NST
14780157,PCT/IB2014/060260,2014-03-28,NST
14780158,PCT/IB2014/060118,2014-03-25,NST
14780159,PCT/US2014/031239,2014-03-19,NST
14780160,PCT/JP2014/059291,2014-03-28,NST
14780161,PCT/EP2014/056819,2014-04-04,NST
14780162,PCT/ZA2014/000013,2014-03-25,NST
14780163,PCT/EP2014/056537,2014-04-01,NST
14780164,PCT/US2013/035335,2013-04-04,NST
14780165,PCT/JP2014/059119,2014-03-28,NST
14780166,PCT/JP2014/001506,2014-03-17,NST
14780167,PCT/JP2013/068502,2013-07-05,NST
14780168,PCT/JP2014/050141,2014-01-08,NST
14780169,PCT/JP2014/054685,2014-02-26,NST
14780170,PCT/EP2014/055830,2014-03-24,NST
14780171,PCT/US2014/031995,2014-03-27,NST
14780172,PCT/EP2014/056200,2014-03-27,NST
14780173,PCT/JP2013/073091,2013-08-29,NST
14780174,PCT/JP2014/055445,2014-03-04,NST
14780175,PCT/EP2014/054078,2014-03-03,NST
14780176,PCT/KR2014/002524,2014-03-25,NST
14780177,PCT/JP2014/058688,2014-03-26,NST
14780178,PCT/EP2014/056378,2014-03-28,NST
14780179,PCT/NL2014/050177,2014-03-21,NST
14780180,PCT/IB2014/060017,2014-03-21,NST
14780181,61852255,2013-03-15,PRO
14780181,61868895,2013-08-22,PRO
14780181,PCT/US14/21681,2014-03-07,NST
14780182,PCT/JP2014/056479,2014-03-12,NST
14780183,PCT/EP2014/055831,2014-03-26,NST
14780184,PCT/JP2014/058655,2014-03-26,NST
14780185,PCT/DE2014/200286,2014-06-30,NST
14780186,PCT/EP2014/059539,2014-05-09,NST
14780187,PCT/JP2014/058988,2014-03-27,NST
14780188,PCT/JP2014/058879,2014-03-27,NST
14780189,PCT/JP2013/060863,2013-04-10,NST
14780190,PCT/JP2014/059695,2014-03-26,NST
14780191,PCT/JP2014/058897,2014-03-27,NST
14780192,PCT/US2014/034914,2014-04-22,NST
14780193,PCT/CA2014/050319,2014-03-28,NST
14780194,PCT/CN2013/083248,2013-09-10,NST
14780195,PCT/EP2014/056214,2014-03-27,NST
14780196,PCT/GB2014/000115,2014-03-26,NST
14780197,PCT/JP2014/056438,2014-03-12,NST
14780198,PCT/IB2014/059655,2014-03-12,NST
14780199,PCT/EP2014/055981,2014-03-25,NST
14780200,PCT/JP2014/057683,2014-03-20,NST
14780201,PCT/JP2014/054687,2014-02-26,NST
14780202,PCT/NL2014/050184,2014-03-25,NST
14780203,61816847,2013-04-29,PRO
14780203,PCT/US14/35395,2014-04-25,NST
14780204,PCT/JP2014/059120,2014-03-28,NST
14780205,PCT/JP2014/057769,2014-03-20,NST
14780206,PCT/EP14/56579,2014-04-02,NST
14780207,PCT/AU2014/000299,2014-03-20,NST
14780208,PCT/EP2014/055943,2014-03-25,NST
14780209,PCT/US2014/032178,2014-03-28,NST
14780210,PCT/CA2014/050312,2014-03-26,NST
14780211,PCT/EP2014/057011,2014-04-08,NST
14780212,PCT/JP2014/058231,2014-03-25,NST
14780213,PCT/AU2014/000340,2014-03-28,NST
14780214,PCT/IN2014/000213,2014-04-04,NST
14780215,PCT/EP2014/055368,2014-03-18,NST
14780216,PCT/JP2014/000995,2014-02-26,NST
14780217,PCT/KR2014/005740,2014-06-27,NST
14780218,PCT/US13/47757,2013-06-26,NST
14780219,PCT/US2014/039142,2014-05-22,NST
14780220,PCT/EP2014/056037,2014-03-26,NST
14780221,PCT/JP2014/054056,2014-02-20,NST
14780222,PCT/US13/47626,2013-06-25,NST
14780223,PCT/GB14/50975,2014-03-27,NST
14780224,PCT/JP2014/058808,2014-03-27,NST
14780225,PCT/JP2014/058794,2014-03-27,NST
14780226,PCT/JP2014/059693,2014-03-26,NST
14780227,PCT/JP2014/052410,2014-02-03,NST
14780228,PCT/US2014/039145,2014-05-22,NST
14780229,PCT/JP2014/056904,2014-03-14,NST
14780230,PCT/JP2014/058193,2014-03-25,NST
14780231,PCT/FR2013/050708,2013-03-29,NST
14780232,PCT/JP2014/058707,2014-03-19,NST
14780233,PCT/CN2014/080839,2014-06-26,NST
14780234,PCT/JP2014/058575,2014-03-26,NST
14780235,PCT/JP2014/001358,2014-03-11,NST
14780236,PCT/EP2014/056119,2014-03-27,NST
14780237,PCT/KR2014/002559,2014-03-26,NST
14780238,PCT/CA2014/050293,2014-03-19,NST
14780239,PCT/EP2014/056582,2014-04-02,NST
14780240,PCT/JP2013/059735,2013-03-29,NST
14780241,PCT/JP2014/059352,2014-03-28,NST
14780242,PCT/US2014/032028,2014-03-27,NST
14780244,PCT/EP2014/056126,2014-03-27,NST
14780245,PCT/EP2014/055519,2014-03-19,NST
14780246,PCT/GB14/50823,2014-03-14,NST
14780247,PCT/IB2014/059878,2014-03-17,NST
14780248,61766176,2013-02-19,PRO
14780248,61781017,2013-03-14,PRO
14780248,61939075,2014-02-12,PRO
14780248,PCT/US14/17008,2014-02-19,NST
14780249,PCT/JP2014/059301,2014-03-28,NST
14780250,PCT/JP2014/058740,2014-03-27,NST
14780251,PCT/FR2014/050731,2014-03-27,NST
14780253,PCT/JP2014/057676,2014-03-20,NST
14780254,PCT/JP2014/065229,2014-06-09,NST
14780255,PCT/JP2014/001693,2014-03-25,NST
14780256,PCT/SE2014/050363,2014-03-26,NST
14780257,PCT/JP2014/058624,2014-03-26,NST
14780258,PCT/JP2014/058462,2014-03-26,NST
14780259,PCT/JP2014/059385,2014-03-24,NST
14780260,PCT/EP2014/056061,2014-03-26,NST
14780261,PCT/KR2014/008011,2014-08-28,NST
14780262,PCT/US2014/031889,2014-03-26,NST
14780263,PCT/BE2014/000014,2014-03-25,NST
14780264,PCT/JP2014/058737,2014-03-27,NST
14780265,PCT/EP2014/056569,2014-04-02,NST
14780266,PCT/IB2014/000395,2014-03-20,NST
14780267,PCT/JP2014/057147,2014-03-17,NST
14780268,PCT/GB2014/050942,2014-03-25,NST
14780269,PCT/JP2014/058732,2014-03-27,NST
14780270,60978067,2007-10-05,PRO
14780270,12245665,2008-10-03,CIP
14780270,61529436,2011-08-31,PRO
14780270,13599996,2012-08-30,CIP
14780270,13671546,2012-11-07,CIP
14780270,13853712,2013-03-29,CIP
14780270,61808733,2013-04-05,PRO
14780270,14156457,2014-01-16,CON
14780270,PCT/US14/33102,2014-04-04,NST
14780271,PCT/CN2014/090601,2014-11-07,NST
14780272,PCT/JP2014/058662,2014-03-26,NST
14780273,PCT/EP2014/055899,2014-03-25,NST
14780274,PCT/CN2014/071443,2014-01-26,NST
14780275,PCT/JP2014/056475,2014-03-12,NST
14780276,PCT/CA2014/050323,2014-03-28,NST
14780277,PCT/IB2014/000477,2014-03-26,NST
14780278,PCT/EP2014/056322,2014-03-28,NST
14780279,PCT/AU2014/000310,2014-03-25,NST
14780280,PCT/CN2013/073260,2013-03-27,NST
14780281,PCT/US2014/031909,2014-03-26,NST
14780282,PCT/NO2014/050042,2014-03-24,NST
14780283,PCT/JP2014/058099,2014-03-24,NST
14780284,PCT/JP2014/056855,2014-03-14,NST
14780285,PCT/EP2014/055935,2014-03-25,NST
14780286,PCT/JP2014/058183,2014-03-25,NST
14780287,PCT/JP2014/058647,2014-03-26,NST
14780288,PCT/US2014/032040,2014-03-27,NST
14780289,PCT/US2014/031694,2014-03-25,NST
14780290,PCT/JP2014/058198,2014-03-25,NST
14780291,PCT/EP2014/055388,2014-03-18,NST
14780292,PCT/SE2014/050404,2014-04-03,NST
14780293,PCT/JP2014/052155,2014-01-30,NST
14780299,PCT/IB2014/060214,2014-03-27,NST
14780300,PCT/JP2014/058101,2014-03-24,NST
14780301,PCT/KR2014/009677,2014-10-15,NST
14780302,PCT/JP2014/058579,2014-03-26,NST
14780303,PCT/GB2014/050971,2014-03-27,NST
14780304,PCT/JP2014/058850,2014-03-27,NST
14780305,PCT/JP2014/054464,2014-02-25,NST
14780306,PCT/JP2014/057527,2014-03-19,NST
14780307,PCT/EP2014/056088,2014-03-26,NST
14780308,PCT/JP2013/059266,2013-03-28,NST
14780309,PCT/JP2013/059365,2013-03-28,NST
14780310,PCT/JP2014/058139,2014-03-24,NST
14780312,PCT/EP2014/057290,2014-04-10,NST
14780313,PCT/JP2014/058702,2014-03-26,NST
14780314,PCT/EP2014/056374,2014-03-28,NST
14780315,PCT/JP2014/058784,2014-03-27,NST
14780316,PCT/JP2014/058679,2014-03-26,NST
14780317,PCT/CA2014/000293,2014-03-28,NST
14780318,PCT/US2014/031952,2014-03-27,NST
14780319,PCT/FR2014/050707,2014-03-26,NST
14780320,PCT/JP2013/084135,2013-12-19,NST
14780321,PCT/JP2014/057204,2014-03-17,NST
14780322,PCT/US2014/031920,2014-03-26,NST
14780323,PCT/IB2014/000425,2014-03-26,NST
14780324,PCT/JP2014/058373,2014-03-25,NST
14780325,PCT/JP2014/058994,2014-03-27,NST
14780326,PCT/JP2014/058689,2014-03-26,NST
14780328,PCT/US2014/040032,2014-05-29,NST
14780329,PCT/US2014/031950,2014-03-27,NST
14780331,PCT/EP2014/055169,2014-03-14,NST
14780333,PCT/JP2014/056229,2014-03-11,NST
14780334,PCT/BR2014/000088,2014-03-19,NST
14780336,PCT/JP2014/058098,2014-03-24,NST
14780337,PCT/JP2014/057296,2014-03-18,NST
14780338,PCT/JP2014/051960,2014-01-29,NST
14780339,PCT/EP14/57853,2014-04-17,NST
14780341,61809628,2013-04-08,PRO
14780341,PCT/US14/14847,2014-02-05,NST
14780342,PCT/JP2014/057272,2014-03-18,NST
14780343,PCT/AU2014/000330,2014-03-28,NST
14780344,PCT/US2014/040040,2014-05-29,NST
14780345,PCT/EP2014/055750,2014-03-21,NST
14780346,61805263,2013-03-26,PRO
14780346,PCT/US14/31865,2014-03-26,NST
14780347,PCT/JP14/01873,2014-03-31,NST
14780348,PCT/US2013/075148,2013-12-13,NST
14780350,PCT/EP2014/055988,2014-03-25,NST
14780351,PCT/JP2014/055966,2014-03-07,NST
14780352,PCT/US2013/034689,2013-03-29,NST
14780353,PCT/JP2014/056559,2014-03-12,NST
14780354,PCT/GB2014/000111,2014-03-25,NST
14780355,PCT/JP2014/001733,2014-03-26,NST
14780356,PCT/EP2014/056019,2014-03-26,NST
14780357,PCT/JP2014/057338,2014-03-18,NST
14780358,PCT/GB2014/051030,2014-04-02,NST
14780359,PCT/EP2014/058912,2014-04-30,NST
14780360,PCT/EP2014/056382,2014-03-28,NST
14780361,PCT/EP2014/056230,2014-03-27,NST
14780362,PCT/JP2014/001748,2014-03-26,NST
14780364,PCT/EP2014/056067,2014-03-26,NST
14780365,PCT/JP2014/059077,2014-03-28,NST
14780366,PCT/EP2014/053894,2014-02-28,NST
14780367,PCT/AU2014/000317,2014-03-26,NST
14780368,PCT/JP2014/058054,2014-03-24,NST
14780369,PCT/JP2014/001487,2014-03-17,NST
14780370,PCT/GB2014/051009,2014-03-31,NST
14780371,PCT/AU2014/000358,2014-03-26,NST
14780372,PCT/GB2014/050919,2014-03-24,NST
14780373,PCT/SE2014/050168,2014-02-11,NST
14780374,PCT/EP2014/052646,2014-02-11,NST
14780375,PCT/GB2013/050829,2013-03-28,NST
14780376,PCT/CN2013/086010,2013-10-25,NST
14780377,PCT/VN2014/000001,2014-03-24,NST
14780378,PCT/CN2013/084670,2013-09-30,NST
14780379,61805906,2013-03-27,PRO
14780379,PCT/US14/32091,2014-03-27,NST
14780380,PCT/JP2014/053119,2014-02-12,NST
14780381,PCT/US2013/034095,2013-03-27,NST
14780382,PCT/JP2014/055683,2014-03-05,NST
14780383,PCT/IB2014/060160,2014-03-26,NST
14780384,PCT/JP2014/056727,2014-03-13,NST
14780385,PCT/JP2014/058763,2014-03-27,NST
14780386,PCT/JP2014/056437,2014-03-12,NST
14780387,PCT/AU2014/000325,2014-03-26,NST
14780388,61809623,2013-04-08,PRO
14780388,PCT/US14/14830,2014-02-05,NST
14780389,PCT/US2013/034796,2013-04-01,NST
14780390,PCT/AU2014/000341,2014-03-18,NST
14780391,PCT/FR2014/050653,2014-03-20,NST
14780392,PCT/US13/34385,2013-03-28,NST
14780393,PCT/JP2014/001505,2014-03-17,NST
14780394,PCT/JP2013/059037,2013-03-27,NST
14780395,PCT/JP2014/058691,2014-03-26,NST
14780396,PCT/JP2014/001565,2014-03-19,NST
14780397,PCT/JP2013/060145,2013-04-03,NST
14780398,PCT/AU2014/000319,2014-03-26,NST
14780400,PCT/EP2014/058736,2014-04-29,NST
14780402,PCT/EP2014/055974,2014-03-25,NST
14780403,PCT/JP2014/057815,2014-03-20,NST
14780404,PCT/JP2014/001273,2014-03-07,NST
14780405,PCT/IB14/00410,2014-03-24,NST
14780406,PCT/FR2014/050376,2014-02-24,NST
14780407,PCT/IB2014/060275,2014-03-28,NST
14780408,PCT/EP2013/056751,2013-03-28,NST
14780409,PCT/EP2014/056089,2014-03-26,NST
14780410,PCT/EP2013/058100,2013-04-18,NST
14780411,PCT/EP2014/056006,2014-03-25,NST
14780412,PCT/GB2014/050848,2014-03-18,NST
14780413,PCT/EP2014/050718,2014-01-15,NST
14780414,PCT/FR2014/050689,2014-03-24,NST
14780415,PCT/JP14/00307,2014-01-22,NST
14780416,PCT/JP2014/055990,2014-03-07,NST
14780417,PCT/JP2014/057927,2014-03-21,NST
14780418,PCT/CN2014/073665,2014-03-19,NST
14780419,PCT/JP2014/058248,2014-03-25,NST
14780420,PCT/AU2014/000200,2014-03-04,NST
14780421,PCT/KR2014/003131,2014-04-11,NST
14780422,PCT/JP2014/056502,2014-03-12,NST
14780423,PCT/EP2014/056451,2014-03-31,NST
14780424,PCT/EP2013/056491,2013-03-27,NST
14780425,PCT/EP2013/061507,2013-06-04,NST
14780426,PCT/CA2014/000302,2014-03-28,NST
14780427,PCT/GB2014/050999,2014-03-28,NST
14780429,PCT/EP2014/056058,2014-03-26,NST
14780430,PCT/CN2014/072341,2014-02-20,NST
14780431,PCT/FR2014/050692,2014-03-25,NST
14780432,PCT/JP2014/055033,2014-02-28,NST
14780433,PCT/EP2014/056117,2014-03-27,NST
14780434,PCT/JP2014/057780,2014-03-20,NST
14780435,PCT/US2013/045849,2013-06-14,NST
14780436,PCT/EP2014/055817,2014-03-24,NST
14780437,PCT/EP2014/056376,2014-03-28,NST
14780438,PCT/AU2014/000793,2014-08-07,NST
14780439,PCT/DE2014/100018,2014-01-23,NST
14780441,PCT/EP2014/055834,2014-03-24,NST
14780442,PCT/EP2014/056103,2014-03-26,NST
14780443,PCT/FR2014/050738,2014-03-28,NST
14780445,PCT/AU2014/000342,2014-03-28,NST
14780446,PCT/US2014/016822,2014-02-18,NST
14780447,PCT/US2014/032528,2014-04-01,NST
14780448,PCT/JP2014/002305,2014-04-24,NST
14780449,PCT/JP2014/057541,2014-03-19,NST
14780450,PCT/EP2013/056736,2013-03-28,NST
14780451,PCT/AU2014/000165,2014-02-24,NST
14780452,PCT/SE2014/050336,2014-03-20,NST
14780453,PCT/JP2014/057405,2014-03-18,NST
14780454,PCT/EP2014/054298,2014-03-06,NST
14780455,PCT/CN2013/082503,2013-08-28,NST
14780456,PCT/JP2014/055991,2014-03-07,NST
14780457,PCT/EP2014/054690,2014-03-11,NST
14780458,PCT/AU2014/000794,2014-08-07,NST
14780459,PCT/KR2014/003104,2014-04-10,NST
14780460,PCT/JP2014/058681,2014-03-26,NST
14780461,PCT/GB2014/050829,2014-03-17,NST
14780462,PCT/EP2013/056411,2013-03-26,NST
14780463,PCT/SE2014/050338,2014-03-20,NST
14780464,PCT/CN2014/074318,2014-03-28,NST
14780465,PCT/US14/41334,2014-06-06,NST
14780466,PCT/IB2014/060037,2014-03-21,NST
14780467,PCT/FR2014/050666,2014-03-21,NST
14780468,PCT/JP2014/059011,2014-03-27,NST
14780469,PCT/EP2014/051186,2014-01-22,NST
14780470,PCT/EP2014/055546,2014-03-19,NST
14780472,PCT/SE2014/050341,2014-03-20,NST
14780473,PCT/EP2014/056094,2014-03-26,NST
14780474,PCT/IB2014/060161,2014-03-26,NST
14780475,PCT/EP2014/055328,2014-03-17,NST
14780477,PCT/IB2013/000723,2013-03-27,NST
14780478,PCT/IB2014/060040,2014-03-21,NST
14780479,PCT/CN2014/074177,2014-03-27,NST
14780480,PCT/JP2014/060265,2014-04-09,NST
14780481,PCT/JP2014/053831,2014-02-19,NST
14780482,PCT/US2013/034691,2013-03-29,NST
14780483,PCT/EP2013/065407,2013-07-22,NST
14780484,PCT/US2014/031824,2014-03-26,NST
14780485,61811058,2013-04-11,PRO
14780485,PCT/US14/30663,2014-03-17,NST
14780486,PCT/GB2014/050936,2014-03-25,NST
14780487,PCT/CN2014/074132,2014-03-26,NST
14780488,PCT/JP2014/058837,2014-03-27,NST
14780489,PCT/US2013/047153,2013-06-21,NST
14780490,PCT/EP2013/059028,2013-04-30,NST
14780491,PCT/JP2014/058378,2014-03-25,NST
14780492,61805740,2013-03-27,PRO
14780492,PCT/US14/32058,2014-03-27,NST
14780493,PCT/JP2013/085096,2013-12-27,NST
14780494,PCT/US2014/032273,2014-03-28,NST
14780495,PCT/US2014/031689,2014-03-25,NST
14780496,PCT/JP2014/057680,2014-03-20,NST
14780497,PCT/JP2014/058574,2014-03-26,NST
14780498,PCT/JP2013/059825,2013-04-01,NST
14780499,PCT/EP2014/056220,2014-03-27,NST
14780500,PCT/GB2014/050935,2014-03-25,NST
14780502,PCT/JP2014/056328,2014-03-11,NST
14780503,PCT/KR2014/003080,2014-04-09,NST
14780504,PCT/US2014/032276,2014-03-28,NST
14780505,PCT/KR2014/000846,2014-01-29,NST
14780506,PCT/CN2013/086501,2013-11-04,NST
14780507,PCT/SG2013/000120,2013-03-27,NST
14780508,PCT/CN2015/075464,2015-03-31,NST
14780509,PCT/EP2014/056070,2014-03-26,NST
14780510,PCT/KR2013/012334,2013-12-27,NST
14780511,PCT/BR2014/000445,2014-12-17,NST
14780512,PCT/EP2014/054459,2014-03-07,NST
14780513,PCT/KR2014/000847,2014-01-29,NST
14780514,PCT/JP2013/059153,2013-03-27,NST
14780515,PCT/CN2015/075482,2015-03-31,NST
14780516,PCT/JP2014/001454,2014-03-14,NST
14780517,PCT/JP2014/001624,2014-03-20,NST
14780518,PCT/JP2014/058465,2014-03-26,NST
14780519,PCT/CN2013/088522,2013-12-04,NST
14780520,PCT/US2013/033914,2013-03-26,NST
14780521,PCT/US2013/033910,2013-03-26,NST
14780522,PCT/JP2013/074786,2013-09-13,NST
14780523,PCT/US2013/033917,2013-03-26,NST
14780524,PCT/JP2014/057727,2014-03-20,NST
14780525,PCT/JP2014/054906,2014-02-27,NST
14780526,PCT/JP2014/058581,2014-03-26,NST
14780527,PCT/EP2014/056297,2014-03-28,NST
14780529,PCT/JP2014/055292,2014-03-03,NST
14780531,PCT/US2014/038759,2014-05-20,NST
14780533,61884356,2013-09-30,PRO
14780533,PCT/US13/74953,2013-12-13,NST
14780535,PCT/US2014/043698,2014-06-23,NST
14780537,PCT/IB2014/000352,2014-03-13,NST
14780538,PCT/EP2014/051187,2014-01-22,NST
14780539,PCT/US2014/035052,2014-04-22,NST
14780540,PCT/IB2014/061014,2014-04-25,NST
14780541,PCT/KR2014/002695,2014-03-28,NST
14780543,61806311,2013-03-28,PRO
14780543,PCT/US14/32172,2014-03-28,NST
14780544,PCT/US2013/034261,2013-03-28,NST
14780545,PCT/EP2014/056330,2014-03-28,NST
14780546,PCT/EP2014/056193,2014-03-27,NST
14780547,PCT/JP2014/055112,2014-02-28,NST
14780548,PCT/AU2013/000443,2013-04-30,NST
14780549,PCT/EP2014/056098,2014-03-26,NST
14780550,PCT/IB2014/060180,2014-03-26,NST
14780551,PCT/AU2014/000493,2014-05-02,NST
14780552,PCT/EP2013/056715,2013-03-28,NST
14780553,PCT/EP2014/055415,2014-03-18,NST
14780554,PCT/EP2014/055278,2014-03-17,NST
14780555,PCT/EP2014/056187,2014-03-27,NST
14780556,PCT/CN2013/082199,2013-08-23,NST
14780557,PCT/JP2014/056996,2014-03-14,NST
14780558,PCT/JP2014/056997,2014-03-14,NST
14780559,PCT/CN2013/081261,2013-08-12,NST
14780560,PCT/EP2014/056746,2014-04-03,NST
14780561,PCT/IB2013/052468,2013-03-27,NST
14780562,PCT/US2014/031930,2014-03-27,NST
14780563,PCT/GB2014/050992,2014-03-27,NST
14780564,PCT/CA2013/050611,2013-08-09,NST
14780565,PCT/JP2013/007021,2013-11-29,NST
14780566,PCT/CN2014/074385,2014-03-31,NST
14780567,61806652,2013-03-29,PRO
14780567,PCT/US14/31789,2014-03-26,NST
14780568,PCT/EP2014/054845,2014-03-12,NST
14780569,PCT/EP2014/056024,2014-03-26,NST
14780571,PCT/EP2014/054847,2014-03-12,NST
14780573,PCT/US2014/033148,2014-04-07,NST
14780574,PCT/CN2014/074393,2014-03-31,NST
14780575,PCT/EP2014/054849,2014-03-12,NST
14780577,PCT/JP2014/052043,2014-01-30,NST
14780578,PCT/JP2013/059900,2013-04-01,NST
14780579,PCT/JP2014/002772,2014-05-27,NST
14780580,PCT/US2013/042638,2013-05-24,NST
14780581,PCT/EP2014/056018,2014-03-26,NST
14780582,PCT/EP2014/055452,2014-03-18,NST
14780583,PCT/CN2014/074074,2014-03-26,NST
14780584,PCT/IB2014/000451,2014-03-28,NST
14780585,PCT/EP2014/056360,2014-03-28,NST
14780586,61794804,2013-03-15,PRO
14780586,PCT/US14/29874,2014-03-14,NST
14780587,PCT/IN2014/000262,2014-04-25,NST
14780588,PCT/JP2014/078164,2014-10-23,NST
14780589,PCT/JP2014/058237,2014-03-25,NST
14780591,PCT/EP2014/056124,2014-03-27,NST
14780592,PCT/IN2014/000198,2014-03-28,NST
14780594,PCT/EP2014/056069,2014-03-26,NST
14780595,PCT/IB2014/000447,2014-03-28,NST
14780596,PCT/IB2014/000437,2014-03-27,NST
14780597,PCT/JP2014/001845,2014-03-28,NST
14780598,PCT/JP2014/058736,2014-03-27,NST
14780599,PCT/JP2013/059606,2013-03-29,NST
14780600,PCT/US2014/031967,2014-03-27,NST
14780601,PCT/IB2014/058516,2014-01-24,NST
14780602,PCT/JP2013/083261,2013-12-11,NST
14780603,PCT/EP2014/056118,2014-03-27,NST
14780604,PCT/JP2014/053429,2014-02-14,NST
14780605,PCT/EP2014/056034,2014-03-26,NST
14780606,PCT/SE2013/050358,2013-03-28,NST
14780607,PCT/IB2014/060719,2014-04-15,NST
14780609,PCT/JP2014/057166,2014-03-17,NST
14780610,PCT/GB2014/050966,2014-03-26,NST
14780611,61813429,2013-04-18,PRO
14780611,PCT/US14/34467,2014-04-17,NST
14780612,PCT/JP2014/058433,2014-03-26,NST
14780613,PCT/EP2014/056380,2014-03-28,NST
14780614,PCT/JP2014/058449,2014-03-26,NST
14780615,PCT/JP2013/058843,2013-03-26,NST
14780616,PCT/JP2014/059312,2014-03-28,NST
14780617,PCT/EP2014/056383,2014-03-28,NST
14780618,PCT/EP2014/000958,2014-04-10,NST
14780619,PCT/EP2014/054659,2014-03-11,NST
14780620,PCT/US2014/014102,2014-01-31,NST
14780621,PCT/EP2014/053928,2014-02-28,NST
14780622,PCT/JP2014/053424,2014-02-14,NST
14780624,PCT/EP2014/058331,2014-04-24,NST
14780625,PCT/JP2014/059083,2014-03-28,NST
14780626,PCT/JP2014/055897,2014-03-07,NST
14780627,PCT/EP2014/000804,2014-03-25,NST
14780628,PCT/JP2014/058225,2014-03-25,NST
14780629,PCT/JP2014/001562,2014-03-18,NST
14780630,PCT/EP2014/053569,2014-02-25,NST
14780631,PCT/JP2014/060224,2014-04-08,NST
14780632,PCT/EP14/56182,2014-03-27,NST
14780633,PCT/JP2014/052062,2014-01-30,NST
14780634,PCT/EP2014/056911,2014-04-07,NST
14780635,PCT/PL2014/050026,2014-05-17,NST
14780636,61805558,2013-03-27,PRO
14780636,PCT/US14/31876,2014-03-26,NST
14780637,PCT/JP2014/053446,2014-02-14,NST
14780638,PCT/JP2014/051937,2014-01-29,NST
14780639,PCT/JP2014/054205,2014-02-21,NST
14780640,PCT/JP2014/001805,2014-03-27,NST
14780641,PCT/US2013/034541,2013-03-29,NST
14780642,PCT/JP2014/001832,2014-03-28,NST
14780643,PCT/CN2013/075433,2013-05-10,NST
14780644,PCT/IB2014/000440,2014-03-27,NST
14780645,PCT/EP2014/056306,2014-03-28,NST
14780646,PCT/EP2014/053582,2014-02-25,NST
14780647,PCT/EP2014/055911,2014-03-25,NST
14780648,PCT/BE2014/000015,2014-03-28,NST
14780649,PCT/EP2014/056196,2014-03-27,NST
14780650,PCT/KR2014/002665,2014-03-28,NST
14780651,PCT/IB2014/060323,2014-03-31,NST
14780652,PCT/EP2014/056381,2014-03-28,NST
14780653,PCT/IB2014/060186,2014-03-26,NST
14780654,PCT/GB2014/050968,2014-03-27,NST
14780655,PCT/JP2014/001990,2014-04-07,NST
14780656,PCT/JP2014/057328,2014-03-18,NST
14780657,PCT/JP2014/054527,2014-02-25,NST
14780658,PCT/JP2014/051193,2014-01-22,NST
14780659,PCT/KR2014/004080,2014-05-08,NST
14780660,PCT/JP2014/058753,2014-03-27,NST
14780661,PCT/AU2014/000332,2014-03-28,NST
14780662,PCT/EP2014/054658,2014-03-11,NST
14780663,PCT/JP2014/058783,2014-03-27,NST
14780664,PCT/EP2013/057221,2013-04-05,NST
14780665,PCT/JP2014/060233,2014-04-02,NST
14780666,PCT/IB2014/060261,2014-03-28,NST
14780667,PCT/US2013/035497,2013-04-05,NST
14780668,PCT/JP2014/002023,2014-04-09,NST
14780669,PCT/CN2014/074512,2014-04-01,NST
14780670,PCT/IB2014/059983,2014-03-20,NST
14780671,PCT/IB2014/000438,2014-03-28,NST
14780672,PCT/US14/32458,2014-04-01,NST
14780673,PCT/JP2014/056401,2014-03-12,NST
14780674,PCT/JP2013/059725,2013-03-29,NST
14780675,PCT/IB2013/052617,2014-04-02,NST
14780676,PCT/JP2014/056140,2014-03-10,NST
14780677,PCT/IB2014/060143,2014-03-25,NST
14780678,PCT/SG2014/000145,2014-03-28,NST
14780679,PCT/JP2013/085364,2013-12-27,NST
14780680,PCT/JP2013/083927,2013-12-18,NST
14780682,PCT/KR2014/002691,2014-03-28,NST
14780683,PCT/EP2014/053594,2014-02-25,NST
14780684,PCT/EP2014/056670,2014-04-03,NST
14780685,PCT/GB2014/000121,2014-03-27,NST
14780686,PCT/US13/34272,2013-03-28,NST
14780687,PCT/US2014/032107,2014-03-28,NST
14780688,PCT/CN2013/080193,2013-07-26,NST
14780689,PCT/GB2014/050963,2014-03-26,NST
14780690,PCT/EP2014/055953,2014-03-25,NST
14780691,PCT/EP2014/055893,2014-03-25,NST
14780692,PCT/US2014/032025,2014-03-27,NST
14780693,PCT/JP2014/059047,2014-03-27,NST
14780694,PCT/JP2014/056771,2014-03-13,NST
14780695,PCT/JP2014/056403,2014-03-12,NST
14780696,PCT/JP2013/060334,2013-04-04,NST
14780697,PCT/EP2014/053584,2014-02-25,NST
14780698,PCT/JP2014/059965,2014-04-04,NST
14780699,PCT/GB2014/000118,2014-03-27,NST
14780700,PCT/AU2014/000337,2014-03-28,NST
14780702,PCT/JP2014/000191,2014-01-16,NST
14780703,PCT/CA2014/000309,2014-04-01,NST
14780704,PCT/GB2014/000119,2014-03-27,NST
14780705,PCT/IB2014/060133,2014-03-25,NST
14780706,PCT/JP2014/059734,2014-04-02,NST
14780707,PCT/US13/34400,2013-03-28,NST
14780708,PCT/GB2014/000124,2014-03-27,NST
14780709,PCT/JP2014/058718,2014-03-27,NST
14780710,PCT/JP2014/058297,2014-03-25,NST
14780711,PCT/US2014/033833,2014-04-11,NST
14780713,PCT/DE2014/100102,2014-03-26,NST
14780714,61856754,2013-07-21,PRO
14780714,PCT/US14/34788,2014-04-21,NST
14780715,PCT/JP2014/057394,2014-03-18,NST
14780716,PCT/KR2013/011723,2013-12-17,NST
14780717,PCT/JP2014/056402,2014-03-12,NST
14780718,PCT/CN2014/074268,2014-03-28,NST
14780719,PCT/IB2014/060243,2014-03-28,NST
14780720,PCT/JP2014/059046,2014-03-27,NST
14780721,PCT/FR2014/050622,2014-03-18,NST
14780723,PCT/JP2014/057593,2014-03-19,NST
14780724,PCT/US14/31769,2014-03-25,NST
14780725,PCT/GB2014/000120,2014-03-27,NST
14780726,PCT/JP2014/056153,2014-03-10,NST
14780727,PCT/EP2014/056087,2014-03-26,NST
14780728,PCT/JP2014/052926,2014-02-07,NST
14780729,PCT/SG2014/000146,2014-03-28,NST
14780730,PCT/EP2014/053590,2014-02-25,NST
14780731,PCT/SE2014/050355,2014-03-24,NST
14780732,PCT/GB2014/050983,2014-03-27,NST
14780733,PCT/JP2014/055293,2014-03-03,NST
14780734,PCT/CN2013/073467,2013-03-29,NST
14780735,PCT/US2013/069428,2013-11-11,NST
14780736,PCT/EP2013/072735,2013-10-30,NST
14780737,PCT/JP2014/058100,2014-03-24,NST
14780738,PCT/JP2014/055750,2014-03-06,NST
14780739,PCT/JP2014/055655,2014-03-05,NST
14780740,PCT/EP2014/053578,2014-02-25,NST
14780741,PCT/US2014/033212,2014-04-07,NST
14780742,PCT/JP2013/059572,2013-03-29,NST
14780743,PCT/JP2014/059308,2014-03-28,NST
14780744,PCT/EP2014/053277,2014-02-20,NST
14780745,PCT/EP2014/056273,2014-03-28,NST
14780746,PCT/EP2014/056318,2014-03-28,NST
14780747,PCT/JP2014/052503,2014-02-04,NST
14780748,PCT/FR14/50481,2014-03-04,NST
14780749,PCT/EP2014/053581,2014-02-25,NST
14780750,PCT/EP2014/053790,2014-02-27,NST
14780751,PCT/JP2014/058102,2014-03-24,NST
14780752,PCT/EP2014/056091,2014-03-26,NST
14780753,PCT/JP2014/001980,2014-04-07,NST
14780754,PCT/JP2014/063728,2014-05-23,NST
14780755,PCT/JP2014/052928,2014-02-07,NST
14780756,PCT/EP2014/056183,2014-03-27,NST
14780757,PCT/JP2014/059044,2014-03-27,NST
14780758,PCT/JP2014/058735,2014-03-27,NST
14780759,PCT/EP2014/055991,2014-03-25,NST
14780760,PCT/JP2014/059311,2014-03-28,NST
14780761,PCT/EP2014/053567,2014-02-25,NST
14780762,PCT/NZ2014/000052,2014-03-27,NST
14780763,PCT/SE2013/050352,2013-03-28,NST
14780764,PCT/EP2014/056610,2014-04-02,NST
14780765,PCT/JP2014/059190,2014-03-28,NST
14780766,PCT/US2014/035627,2014-04-28,NST
14780767,PCT/GB2014/000109,2014-03-24,NST
14780768,PCT/JP2014/058598,2014-03-26,NST
14780769,PCT/JP2014/001801,2014-03-27,NST
14780770,PCT/CA2014/050315,2014-03-28,NST
14780771,PCT/EP2014/053595,2014-02-25,NST
14780772,PCT/EP2013/058329,2013-04-22,NST
14780773,PCT/EP2014/053778,2014-02-27,NST
14780774,PCT/JP2014/054498,2014-02-25,NST
14780775,PCT/US2013/034412,2013-03-28,NST
14780776,PCT/JP2014/052927,2014-02-07,NST
14780777,PCT/EP2014/053942,2014-02-28,NST
14780778,PCT/SE2013/050489,2013-05-03,NST
14780779,PCT/JP2014/057336,2014-03-18,NST
14780781,PCT/KR2014/003078,2014-04-09,NST
14780782,PCT/EP2014/053571,2014-02-25,NST
14780783,PCT/IB2014/060264,2014-03-28,NST
14780784,PCT/EP2014/054153,2014-03-04,NST
14780785,PCT/EP2013/056541,2013-03-27,NST
14780786,PCT/JP2014/059309,2014-03-28,NST
14780787,PCT/IB2014/060265,2014-03-28,NST
14780788,PCT/US2014/031873,2014-03-26,NST
14780789,PCT/EP2014/056265,2014-03-28,NST
14780790,PCT/EP2014/000382,2014-02-12,NST
14780791,PCT/JP2014/052984,2014-02-04,NST
14780792,PCT/JP2014/058503,2014-03-26,NST
14780793,PCT/EP2014/000881,2014-04-02,NST
14780794,PCT/JP2014/059039,2014-03-27,NST
14780795,PCT/IB2014/060295,2014-03-29,NST
14780796,PCT/IB2014/060273,2014-03-28,NST
14780797,PCT/JP2014/058570,2014-03-26,NST
14780798,PCT/JP2014/056618,2014-03-13,NST
14780799,61806017,2013-03-28,PRO
14780799,PCT/US14/32173,2014-03-28,NST
14780800,PCT/EP2014/055424,2014-03-18,NST
14780801,PCT/JP2014/051807,2014-01-28,NST
14780802,PCT/JP2014/058194,2014-03-25,NST
14780803,PCT/EP2014/052521,2014-02-10,NST
14780804,PCT/DE2014/000174,2014-04-02,NST
14780805,PCT/JP2014/059327,2014-03-28,NST
14780806,PCT/EP2013/056965,2013-04-02,NST
14780807,PCT/JP2014/059051,2014-03-27,NST
14780808,PCT/KR2014/005333,2014-06-18,NST
14780809,PCT/IB2014/000572,2014-03-26,NST
14780811,PCT/EP2014/053895,2014-02-28,NST
14780812,PCT/JP2013/059607,2013-03-29,NST
14780813,PCT/EP2014/056725,2014-04-03,NST
14780814,PCT/KR2014/002659,2014-03-28,NST
14780815,PCT/FI2014/050188,2014-03-14,NST
14780816,PCT/JP2014/057908,2014-03-20,NST
14780817,PCT/JP2014/059326,2014-03-28,NST
14780818,PCT/JP2014/001833,2014-03-28,NST
14780819,PCT/IB2014/060203,2014-03-27,NST
14780820,PCT/US13/34344,2013-03-28,NST
14780821,PCT/CA2014/050324,2014-03-28,NST
14780822,PCT/CN2014/077860,2014-05-20,NST
14780823,PCT/EP2014/000135,2014-01-20,NST
14780824,PCT/EP2014/056307,2014-03-28,NST
14780825,PCT/IB2014/059876,2014-03-17,NST
14780826,PCT/JP2013/058731,2013-03-26,NST
14780827,PCT/JP2014/052659,2014-02-05,NST
14780828,PCT/JP2014/058761,2014-03-27,NST
14780829,PCT/EP2013/076502,2013-12-13,NST
14780830,PCT/JP2014/065078,2014-06-06,NST
14780831,PCT/JP2014/053169,2014-02-12,NST
14780832,PCT/US2014/032279,2014-03-28,NST
14780833,PCT/JP2014/057122,2014-03-17,NST
14780834,PCT/JP2014/054899,2014-02-27,NST
14780835,PCT/JP2014/051440,2014-01-24,NST
14780836,PCT/EP2013/056805,2013-03-28,NST
14780837,PCT/JP2014/001935,2014-04-03,NST
14780838,61811546,2013-04-12,PRO
14780838,PCT/US14/15063,2014-02-06,NST
14780839,PCT/CN2013/073475,2013-03-29,NST
14780840,PCT/EP2014/055980,2014-03-25,NST
14780841,PCT/JP2014/056062,2014-03-07,NST
14780842,PCT/JP14/64107,2014-05-28,NST
14780843,PCT/EP2014/055906,2014-03-25,NST
14780844,PCT/EP2014/056218,2014-03-27,NST
14780845,PCT/EP2014/056267,2014-03-28,NST
14780846,PCT/EP2014/055913,2014-03-25,NST
14780847,PCT/GB2014/050702,2014-03-10,NST
14780848,PCT/CN2013/001487,2013-12-02,NST
14780849,PCT/JP2014/058336,2014-03-25,NST
14780850,PCT/EP2014/058175,2014-04-23,NST
14780851,PCT/EP2014/057994,2014-04-18,NST
14780852,PCT/GB2014/000052,2014-02-14,NST
14780853,PCT/FR2014/050728,2014-03-27,NST
14780854,PCT/US2014/015067,2014-02-06,NST
14780855,PCT/JP2013/063817,2013-05-17,NST
14780856,PCT/JP2013/067807,2013-06-28,NST
14780857,PCT/US2014/032250,2014-03-28,NST
14780858,PCT/EP2014/053822,2013-04-04,NST
14780859,PCT/EP2014/053624,2014-02-25,NST
14780860,PCT/JP2014/058741,2014-03-27,NST
14780861,PCT/CN2013/090061,2013-12-20,NST
14780862,PCT/FR2014/050737,2013-03-28,NST
14780863,PCT/KR2014/002574,2014-03-26,NST
14780864,PCT/JP2014/051045,2014-01-21,NST
14780865,PCT/JP2014/059118,2014-03-28,NST
14780866,PCT/JP2014/058525,2014-03-26,NST
14780867,PCT/JP2014/001795,2014-03-27,NST
14780868,PCT/KR2014/002774,2014-04-01,NST
14780869,PCT/EP2014/056268,2014-03-28,NST
14780870,61806229,2013-03-28,PRO
14780870,PCT/US14/32132,2014-03-28,NST
14780871,PCT/JP2014/058333,2014-03-25,NST
14780872,61811513,2013-04-12,PRO
14780872,PCT/US14/15070,2014-02-06,NST
14780873,PCT/SE2014/050373,2014-03-27,NST
14780874,PCT/JP2013/059557,2013-03-29,NST
14780875,PCT/EP2014/056171,2014-03-27,NST
14780876,PCT/IB2014/000573,2014-03-18,NST
14780877,PCT/EP14/56150,2014-03-27,NST
14780878,PCT/JP2014/057303,2014-03-18,NST
14780879,PCT/EP2014/056664,2014-04-03,NST
14780880,PCT/JP2014/001632,2014-03-20,NST
14780881,PCT/FR2014/050693,2014-03-25,NST
14780882,PCT/EP2014/057881,2014-04-17,NST
14780883,PCT/JP2014/001854,2014-03-28,NST
14780884,PCT/JP2014/000977,2014-02-25,NST
14780885,PCT/EP2014/056333,2014-03-28,NST
14780886,PCT/JP2014/057820,2014-03-20,NST
14780887,PCT/JP2014/057621,2014-03-19,NST
14780888,PCT/EP2014/056298,2014-03-28,NST
14780889,PCT/JP2014/058488,2014-03-26,NST
14780890,PCT/FR2014/050561,2014-03-12,NST
14780891,PCT/US2014/033502,2014-04-09,NST
14780892,PCT/US2013/037735,2013-04-23,NST
14780893,PCT/US2014/016178,2014-02-13,NST
14780894,PCT/JP2013/059382,2013-03-28,NST
14780895,PCT/GR2014/000021,2014-03-27,NST
14780897,PCT/EP2014/056159,2014-03-27,NST
14780898,PCT/EP2014/056243,2014-03-28,NST
14780899,PCT/GB2014/050849,2014-03-18,NST
14780900,PCT/EP2014/056344,2014-03-28,NST
14780901,PCT/KR2013/002628,2013-03-29,NST
14780902,61805886,2013-03-27,PRO
14780902,PCT/US14/32062,2014-03-27,NST
14780903,PCT/JP2013/060739,2013-04-09,NST
14780904,PCT/JP2014/059314,2014-03-28,NST
14780905,PCT/NL2014/050195,2014-03-28,NST
14780906,PCT/FR2014/050197,2014-02-04,NST
14780907,61809066,2013-04-05,PRO
14780907,PCT/US14/33075,2014-04-04,NST
14780908,PCT/IB2014/058852,2014-02-07,NST
14780909,PCT/JP2014/057740,2014-03-20,NST
14780910,PCT/JP2014/058214,2014-03-25,NST
14780911,PCT/JP2014/055436,2014-03-04,NST
14780912,PCT/EP2014/000142,2014-01-20,NST
14780913,PCT/US2014/031248,2014-03-19,NST
14780914,PCT/JP2014/056483,2014-03-12,NST
14780915,61805889,2013-03-27,CON
14780915,PCT/US14/32065,2014-03-27,NST
14780916,PCT/JP14/58968,2014-03-27,NST
14780917,PCT/US14/33590,2014-04-10,NST
14780918,PCT/JP2013/063709,2013-05-16,NST
14780919,PCT/JP2014/001699,2014-03-25,NST
14780920,PCT/IB2014/059804,2014-03-14,NST
14780921,PCT/JP2014/056230,2014-03-11,NST
14780922,PCT/PT2014/000021,2014-04-04,NST
14780923,PCT/JP2014/058450,2014-03-26,NST
14780924,PCT/EP2013/056739,2013-03-28,NST
14780925,PCT/EP2014/056135,2014-03-27,NST
14780927,PCT/JP2014/059351,2014-03-28,NST
14780928,PCT/JP2014/058457,2014-03-26,NST
14780929,PCT/US2013/037725,2013-04-23,NST
14780930,PCT/JP2014/058738,2014-03-27,NST
14780931,PCT/US2014/031802,2014-03-26,NST
14780932,PCT/GB2014/000092,2014-03-12,NST
14780933,PCT/FR2014/050713,2014-03-26,NST
14780934,PCT/SE2014/050366,2014-03-27,NST
14780935,PCT/EP2014/056377,2014-03-28,NST
14780936,PCT/JP2014/056512,2014-03-12,NST
14780937,61806581,2013-03-29,PRO
14780937,PCT/US14/31895,2014-03-26,NST
14780938,PCT/EP2013/062493,2013-06-17,NST
14780939,PCT/EP2014/000140,2014-01-20,NST
14780940,PCT/NL2013/050231,2013-03-28,NST
14780941,PCT/JP2014/001626,2014-03-20,NST
14780942,PCT/JP2014/058533,2014-03-26,NST
14780943,PCT/JP2013/059729,2013-03-29,NST
14780944,61840418,2013-06-27,PRO
14780944,PCT/US14/42222,2014-06-13,NST
14780945,PCT/EP2014/052623,2014-02-11,NST
14780946,PCT/KR2014/003804,2014-04-29,NST
14780947,PCT/IB2014/000430,2014-03-28,NST
14780948,PCT/GB2014/000091,2014-03-12,NST
14780949,PCT/JP2014/059153,2014-03-28,NST
14780950,PCT/US2014/032186,2014-03-28,NST
14780951,PCT/JP2014/058890,2014-03-27,NST
14780952,PCT/KR2014/002640,2014-03-28,NST
14780953,PCT/DE2014/200130,2014-03-19,NST
14780954,PCT/IT2014/000085,2014-03-28,NST
14780955,61806813,2013-03-29,PRO
14780955,PCT/US14/31539,2014-03-24,NST
14780956,PCT/JP2014/001771,2014-03-27,NST
14780957,PCT/KR2014/002614,2014-03-27,NST
14780958,PCT/EP2013/056741,2013-03-28,NST
14780959,PCT/GB2014/000090,2014-03-12,NST
14780960,PCT/EP2014/000141,2014-01-20,NST
14780961,PCT/JP2014/057091,2014-03-17,NST
14780962,PCT/JP2014/058654,2014-03-26,NST
14780963,PCT/JP2014/056484,2014-03-12,NST
14780964,PCT/EP2014/056700,2014-04-03,NST
14780965,PCT/JP2014/058047,2014-03-24,NST
14780966,PCT/CA2013/050252,2013-03-28,NST
14780967,PCT/US2013/037724,2013-04-23,NST
14780968,PCT/SE2014/050361,2014-03-25,NST
14780969,PCT/EP2014/055820,2014-03-24,NST
14780970,PCT/US2014/010402,2014-01-07,NST
14780971,PCT/KR2015/002698,2015-03-19,NST
14780972,PCT/JP2013/078090,2013-10-16,NST
14780973,PCT/JP2014/001775,2014-03-27,NST
14780974,PCT/JP2014/058023,2014-03-24,NST
14780975,PCT/CN2014/074622,2014-04-02,NST
14780976,PCT/US2013/034277,2013-03-28,NST
14780977,PCT/US2013/037733,2013-04-23,NST
14780978,PCT/CN2013/078677,2013-07-02,NST
14780979,PCT/US2013/038228,2013-04-25,NST
14780980,PCT/JP2014/000748,2014-02-14,NST
14780981,PCT/US2013/037729,2013-04-23,NST
14780982,PCT/EP2014/056328,2014-03-28,NST
14780983,PCT/JP2014/058375,2014-03-25,NST
14780984,PCT/JP2014/001777,2014-03-27,NST
14780986,PCT/EP2014/056450,2014-03-31,NST
14780987,PCT/JP2014/001849,2014-03-28,NST
14780988,PCT/EP2014/056354,2014-03-28,NST
14780989,PCT/US2013/037727,2013-04-23,NST
14780990,PCT/GB2014/000123,2014-03-27,NST
14780991,PCT/JP2014/001488,2014-03-17,NST
14780992,PCT/KR2014/001625,2014-02-27,NST
14780993,PCT/US2014/032422,2014-03-31,NST
14780994,PCT/JP2014/001778,2014-03-27,NST
14780995,PCT/JP2014/058528,2014-03-26,NST
14780996,PCT/IB14/60217,2014-03-27,NST
14780997,PCT/EP2014/056215,2014-03-27,NST
14780998,PCT/JP2014/052236,2014-01-31,NST
14780999,PCT/JP2014/056330,2014-03-11,NST
14781000,PCT/JP2014/000101,2014-01-13,NST
14781001,PCT/FR2014/050661,2014-03-21,NST
14781002,PCT/IT2014/000084,2014-03-28,NST
14781003,PCT/JP2014/058151,2014-03-18,NST
14781004,PCT/CA2014/050321,2014-03-28,NST
14781005,PCT/GB2014/000122,2014-03-27,NST
14781006,PCT/KR2014/002615,2014-03-27,NST
14781007,PCT/KR2014/002611,2014-03-27,NST
14781008,PCT/US2014/032567,2014-04-01,NST
14781009,PCT/CA2014/050322,2014-03-28,NST
14781010,PCT/JP2014/054440,2014-02-25,NST
14781011,PCT/CA2014/050306,2014-03-25,NST
14781012,PCT/IB2014/060256,2014-03-28,NST
14781013,PCT/NL2014/050193,2014-03-28,NST
14781014,PCT/US2013/034202,2013-03-28,NST
14781015,PCT/JP2014/078884,2014-10-30,NST
14781016,PCT/IB2014/059377,2014-03-03,NST
14781017,PCT/JP2014/057053,2014-03-17,NST
14781018,PCT/US2014/031990,2014-03-27,NST
14781019,PCT/EP2014/056272,2014-03-28,NST
14781020,PCT/FR2014/050851,2014-04-09,NST
14781021,PCT/JP2014/058150,2014-03-18,NST
14781022,PCT/US2013/034236,2013-03-28,NST
14781023,PCT/KR2013/008767,2013-09-30,NST
14781024,PCT/US2013/034333,2013-03-28,NST
14781026,PCT/EP2013/056385,2013-03-26,NST
14781028,PCT/JP2015/000571,2015-02-09,NST
14781029,PCT/JP2014/050952,2014-01-20,NST
14781030,PCT/JP2013/059771,2013-03-29,NST
14781031,PCT/JP2013/059731,2013-03-29,NST
14781032,PCT/JP2013/059765,2013-03-29,NST
14781033,PCT/JP2013/059748,2013-03-29,NST
14781034,PCT/JP2013/059770,2013-03-29,NST
14781035,PCT/JP2013/059772,2013-03-29,NST
14781036,PCT/CN2014/000370,2014-04-04,NST
14781037,PCT/CN2013/079418,2013-07-15,NST
14781038,PCT/JP2014/059664,2014-04-01,NST
14781039,PCT/CN2013/080538,2013-07-31,NST
14781040,PCT/CN2014/074477,2014-03-31,NST
14781041,PCT/GB2014/051350,2014-04-30,NST
14781042,PCT/EP2014/056574,2014-04-02,NST
14781044,PCT/CN2014/074277,2014-03-28,NST
14781045,PCT/KR2014/002407,2014-03-21,NST
14781046,61808852,2013-04-05,PRO
14781046,PCT/US14/32496,2014-04-01,NST
14781048,PCT/SE2014/050375,2014-03-27,NST
14781049,PCT/JP2014/057732,2014-03-20,NST
14781050,PCT/JP2013/060149,2013-04-03,NST
14781051,PCT/JP2014/053772,2014-02-18,NST
14781052,PCT/JP2014/059621,2014-04-01,NST
14781054,PCT/JP2013/060574,2013-04-08,NST
14781055,PCT/JP2013/060799,2013-04-10,NST
14781056,PCT/EP2014/056489,2014-03-31,NST
14781057,PCT/IB2014/060294,2014-03-29,NST
14781058,PCT/IB2014/059774,2014-03-14,NST
14781059,PCT/IB2014/060004,2014-03-20,NST
14781060,PCT/GB2014/051015,2014-04-01,NST
14781061,PCT/JP2014/050223,2014-01-09,NST
14781062,PCT/FR2014/000067,2014-03-28,NST
14781063,PCT/EP2013/001012,2013-04-05,NST
14781064,PCT/JP2013/060619,2013-04-08,NST
14781065,PCT/CA2014/050165,2014-03-04,NST
14781066,PCT/MY2013/000074,2013-04-04,NST
14781067,PCT/JP2014/057791,2014-03-20,NST
14781068,PCT/IB2014/060001,2014-03-20,NST
14781069,PCT/JP2014/059706,2014-04-02,NST
14781071,PCT/KR14/02699,2014-03-28,NST
14781077,PCT/JP14/58241,2014-03-25,NST
14781089,PCT/JP2014/081866,2014-12-02,NST
14781090,PCT/JP14/59226,2014-03-28,NST
14781091,PCT/JP2014/052191,2014-01-31,NST
14781092,PCT/JP2013/059837,2013-04-01,NST
14781093,PCT/JP2014/057860,2014-03-20,NST
14781094,PCT/IB2014/059887,2014-03-17,NST
14781095,PCT/FI2013/050480,2013-04-30,NST
14781096,PCT/FR2014/000070,2014-04-01,NST
14781097,PCT/FR2014/000069,2014-04-01,NST
14781098,PCT/JP2014/002113,2014-04-15,NST
14781099,PCT/US13/34638,2013-03-29,NST
14781100,PCT/EP2014/056352,2014-03-28,NST
14781102,PCT/CA2014/000291,2014-03-24,NST
14781103,PCT/JP2014/051435,2014-01-24,NST
14781104,PCT/IB2014/060249,2014-03-28,NST
14781105,PCT/JP14/58791,2014-03-27,NST
14781106,61813220,2013-04-18,PRO
14781106,PCT/US13/63379,2013-10-04,NST
14781107,PCT/JP2014/060906,2014-04-17,NST
14781108,PCT/EP2014/056867,2014-04-04,NST
14781109,PCT/JP2014/061188,2014-04-21,NST
14781110,PCT/JP2014/058950,2014-03-27,NST
14781111,PCT/CN2013/091033,2013-12-31,NST
14781112,PCT/IB2014/000446,2014-03-28,NST
14781113,PCT/US2014/032140,2014-03-28,NST
14781114,PCT/JP2014/001028,2014-02-26,NST
14781115,PCT/KR2014/002437,2014-03-24,NST
14781116,PCT/HU2014/000030,2014-04-14,NST
14781117,PCT/JP2013/078829,2013-10-24,NST
14781118,PCT/US14/32290,2014-03-29,NST
14781119,PCT/JP2014/057135,2014-03-17,NST
14781120,PCT/BR2014/000121,2014-04-09,NST
14781121,PCT/JP2014/059613,2014-04-01,NST
14781122,PCT/JP2014/058021,2014-03-24,NST
14781123,PCT/JP2014/060121,2014-04-07,NST
14781124,PCT/FR2014/050704,2014-03-26,NST
14781125,PCT/US2014/031892,2014-03-26,NST
14781126,PCT/US2014/025426,2014-03-13,NST
14781127,61808664,2013-04-05,PRO
14781127,PCT/US14/33175,2014-04-07,NST
14781128,PCT/JP2014/067835,2014-07-03,NST
14781129,PCT/IB2014/000449,2014-03-28,NST
14781130,PCT/JP2014/054575,2014-02-25,NST
14781131,PCT/JP2014/058635,2014-03-26,NST
14781132,PCT/JP2014/059340,2014-03-28,NST
14781134,PCT/CN2013/080136,2013-07-25,NST
14781135,PCT/EP2014/000811,2014-03-26,NST
14781138,PCT/US2014/032102,2014-03-28,NST
14781139,PCT/EP2014/056724,2014-04-03,NST
14781141,PCT/JP2014/060016,2014-04-04,NST
14781142,PCT/JP2014/059863,2014-04-03,NST
14781143,PCT/EP2014/056375,2014-03-28,NST
14781144,PCT/US2014/041455,2014-06-09,NST
14781145,PCT/FR2014/050816,2014-04-04,NST
14781146,PCT/KR2014/002612,2014-03-27,NST
14781147,PCT/JP2014/059192,2014-03-28,NST
14781148,PCT/SE2014/050034,2014-01-14,NST
14781149,PCT/JP2014/058420,2014-03-26,NST
14781150,PCT/JP2014/054947,2014-02-27,NST
14781151,PCT/IB14/00533,2014-04-01,NST
14781152,PCT/JP2014/059671,2014-04-01,NST
14781153,PCT/SE2014/050411,2014-04-03,NST
14781154,PCT/JP2014/059545,2014-03-31,NST
14781155,PCT/JP2014/059345,2014-03-28,NST
14781156,PCT/AU2014/000348,2014-04-02,NST
14781157,PCT/CN2014/077023,2014-05-08,NST
14781158,PCT/JP2014/059178,2014-03-28,NST
14781159,PCT/CN2014/077129,2014-05-09,NST
14781160,PCT/KR2014/002886,2014-04-03,NST
14781161,PCT/GB2014/050784,2014-03-14,NST
14781162,PCT/JP2014/059451,2014-03-31,NST
14781163,PCT/GB2014/000129,2014-03-31,NST
14781164,PCT/EP2014/056581,2014-04-02,NST
14781168,PCT/US14/15074,2014-02-06,NST
14781169,PCT/US14/66599,2014-11-20,NST
14781173,PCT/CN2014/081660,2014-07-04,NST
14781176,PCT/JP2014/060065,2014-04-07,NST
14781177,PCT/JP2013/060396,2013-04-04,NST
14781178,PCT/JP2014/058860,2014-03-27,NST
14781179,PCT/US14/15080,2014-02-06,NST
14781181,PCT/FR2014/050730,2014-03-27,NST
14781183,61806670,2013-03-29,PRO
14781183,61833865,2013-06-11,PRO
14781183,61943073,2014-02-21,PRO
14781183,PCT/US14/32157,2014-03-28,NST
14781184,PCT/JP2014/059050,2014-03-27,NST
14781185,PCT/GB2014/000130,2014-03-31,NST
14781186,PCT/EP2014/001068,2014-04-22,NST
14781187,PCT/JP2014/055805,2014-03-06,NST
14781188,PCT/JP2014/062583,2014-05-12,NST
14781189,PCT/IB2014/060207,2014-03-27,NST
14781190,PCT/EP2014/055986,2014-03-25,NST
14781191,61813260,2013-04-18,PRO
14781191,PCT/US14/32852,2014-04-03,NST
14781192,PCT/JP2014/059187,2014-03-28,NST
14781193,PCT/JP2014/059454,2014-03-31,NST
14781194,PCT/IB2014/060126,2014-03-25,NST
14781195,PCT/AU2014/000353,2014-04-02,NST
14781196,61806679,2013-03-29,PRO
14781196,61892207,2013-10-17,PRO
14781196,PCT/US14/32185,2014-03-28,NST
14781197,PCT/JP2014/057249,2014-03-18,NST
14781198,61807804,2013-04-03,PRO
14781198,PCT/US14/31849,2014-03-26,NST
14781199,PCT/AU2013/000648,2013-06-17,NST
14781200,PCT/JP2014/058829,2014-03-27,NST
14781201,PCT/KR2014/002682,2014-03-28,NST
14781202,PCT/JP2014/059401,2014-03-31,NST
14781204,PCT/EP2014/055869,2014-03-24,NST
14781205,PCT/EP2014/056726,2014-04-03,NST
14781206,PCT/EP2014/059873,2014-05-14,NST
14781207,PCT/KR2014/007406,2014-08-08,NST
14781208,PCT/JP2014/058706,2014-03-19,NST
14781209,PCT/JP2013/083824,2013-12-18,NST
14781210,PCT/JP2013/002453,2013-04-10,NST
14781211,PCT/EP2014/056864,2014-04-04,NST
14781212,PCT/GB2014/000141,2014-04-11,NST
14781213,PCT/EP2014/056271,2014-03-28,NST
14781214,PCT/KR2014/001497,2014-02-25,NST
14781215,PCT/JP2014/000669,2014-02-07,NST
14781216,PCT/EP2014/056980,2014-04-08,NST
14781217,PCT/JP2014/060925,2014-04-17,NST
14781218,PCT/IB2014/060758,2014-04-16,NST
14781219,PCT/EP2014/056851,2014-04-04,NST
14781220,PCT/EP2014/055087,2014-03-14,NST
14781221,PCT/JP2014/059321,2014-03-28,NST
14781222,PCT/CN14/74289,2014-03-28,NST
14781223,PCT/CN2015/070721,2015-01-15,NST
14781224,PCT/EP2014/056768,2014-04-04,NST
14781225,PCT/EP2014/059465,2014-05-08,NST
14781226,61806558,2013-03-29,PRO
14781226,PCT/US14/32412,2014-03-31,NST
14781227,PCT/US13/34751,2013-03-31,NST
14781228,PCT/PL2014/050015,2014-03-26,NST
14781229,PCT/EP2014/056285,2014-03-28,NST
14781231,PCT/KR2014/004406,2014-05-16,NST
14781232,PCT/EP2014/056857,2014-04-04,NST
14781233,PCT/US2013/034752,2013-03-31,NST
14781234,PCT/EP2014/056618,2014-04-02,NST
14781235,PCT/KR2014/002643,2014-03-28,NST
14781236,PCT/US2013/034753,2013-03-31,NST
14781237,PCT/JP2014/060023,2014-04-04,NST
14781238,PCT/CN2014/072015,2014-02-13,NST
14781239,PCT/JP2014/001843,2014-03-28,NST
14781240,PCT/CN2015/070724,2015-01-15,NST
14781241,PCT/JP2014/056159,2014-03-10,NST
14781242,PCT/CN2014/075698,2014-04-18,NST
14781244,PCT/JP2014/003022,2014-06-06,NST
14781245,PCT/JP2014/059346,2014-03-28,NST
14781246,PCT/EP2014/056619,2014-04-02,NST
14781247,PCT/EP2014/056278,2014-03-28,NST
14781248,PCT/EP2013/062399,2013-06-14,NST
14781249,PCT/JP2014/057783,2014-03-20,NST
14781250,PCT/IB2014/000571,2014-03-26,NST
14781252,PCT/CN2013/082466,2013-08-28,NST
14781253,PCT/IB2014/000427,2014-03-27,NST
14781254,PCT/DE2014/000196,2014-04-16,NST
14781255,PCT/JP2014/057372,2014-03-18,NST
14781257,PCT/JP2014/057750,2014-03-20,NST
14781259,61815139,2013-04-23,PRO
14781259,PCT/US14/34610,2014-04-18,NST
14781260,PCT/EP2014/000890,2014-04-03,NST
14781261,PCT/KR2014/002670,2014-03-28,NST
14781262,PCT/EP2014/054221,2014-03-05,NST
14781263,61813423,2013-04-18,PRO
14781263,PCT/US14/33149,2014-04-07,NST
14781264,PCT/CN2014/075696,2014-04-18,NST
14781265,PCT/KR2013/000973,2013-02-07,NST
14781266,PCT/CN2014/076205,2014-04-25,NST
14781267,PCT/ES2014/070250,2014-04-01,NST
14781268,PCT/CN2013/082347,2013-08-27,NST
14781269,PCT/KR2013/008765,2013-09-30,NST
14781270,61806484,2013-03-29,PRO
14781270,PCT/US14/32224,2014-03-28,NST
14781271,PCT/JP2014/058042,2014-03-24,NST
14781272,PCT/CN2013/083593,2013-09-16,NST
14781273,61806497,2013-03-29,PRO
14781273,PCT/US14/32196,2014-03-28,NST
14781274,PCT/EP2014/000470,2014-02-22,NST
14781275,PCT/JP2014/052092,2014-01-30,NST
14781276,PCT/IB2014/058166,2014-01-10,NST
14781277,PCT/JP2014/059254,2014-03-28,NST
14781278,61806623,2013-03-29,PRO
14781278,PCT/US14/32252,2014-03-28,NST
14781280,61806703,2013-03-29,PRO
14781280,PCT/US14/32171,2014-03-28,NST
14781290,PCT/CN2013/073589,2013-04-01,NST
14781294,PCT/EP2014/057440,2014-04-11,NST
14781295,PCT/US2014/035536,2014-04-25,NST
14781296,61904753,2013-11-15,PRO
14781296,PCT/US14/35569,2014-04-25,NST
14781297,PCT/CN2013/073455,2013-03-29,NST
14781298,PCT/US2014/035574,2014-04-25,NST
14781299,PCT/US13/34532,2013-03-29,NST
14781300,PCT/KR2013/008662,2013-09-27,NST
14781301,PCT/US2013/034663,2013-03-29,NST
14781302,PCT/EP2014/055778,2014-03-23,NST
14781303,PCT/JP2014/001759,2014-03-27,NST
14781304,PCT/JP2014/000853,2014-02-19,NST
14781305,PCT/JP2014/001631,2014-03-20,NST
14781306,PCT/CN2013/088544,2013-12-04,NST
14781312,PCT/DE2014/000110,2014-03-11,NST
14781315,PCT/IB2014/065846,2014-11-06,NST
14781316,PCT/IL2014/050343,2014-04-09,NST
14781317,PCT/SE2014/050330,2014-03-19,NST
14781318,PCT/RU2013/000275,2013-04-01,NST
14781319,PCT/CA2014/000311,2014-04-03,NST
14781320,PCT/EP2014/056614,2014-04-02,NST
14781321,PCT/AU2014/000389,2014-04-11,NST
14781322,PCT/US2014/039640,2014-05-28,NST
14781323,PCT/JP2014/001979,2014-04-07,NST
14781324,PCT/JP2014/050196,2014-01-09,NST
14781325,PCT/JP2014/060807,2014-04-16,NST
14781326,PCT/JP2014/062715,2014-05-13,NST
14781327,PCT/US2014/032242,2014-03-28,NST
14781328,61811169,2013-04-12,PRO
14781328,PCT/US14/32779,2014-04-03,NST
14781329,PCT/IB2014/060362,2014-04-01,NST
14781330,PCT/JP2013/063563,2013-05-15,NST
14781331,PCT/JP2013/059978,2013-04-01,NST
14781332,PCT/JP2014/059716,2014-04-02,NST
14781333,PCT/GB2014/051895,2014-06-20,NST
14781334,PCT/IB2014/060377,2014-04-02,NST
14781335,PCT/JP2014/059170,2014-03-28,NST
14781336,PCT/JP2014/058610,2014-03-26,NST
14781337,PCT/JP2014/001720,2014-03-25,NST
14781338,PCT/JP2014/001741,2014-03-26,NST
14781339,PCT/JP2014/055612,2014-03-05,NST
14781340,PCT/JP2013/063150,2013-05-10,NST
14781341,PCT/JP2014/059826,2014-04-03,NST
14781343,PCT/US2014/031801,2014-03-26,NST
14781344,PCT/CN2013/074808,2013-04-26,NST
14781345,PCT/JP2013/059975,2013-04-01,NST
14781346,PCT/JP2014/059717,2014-04-02,NST
14781347,PCT/EP2014/057616,2014-04-15,NST
14781350,PCT/CN2014/073988,2014-03-24,NST
14781351,61806875,2013-03-30,PRO
14781351,PCT/US14/31719,2014-03-25,NST
14781352,PCT/EP2014/054588,2014-03-10,NST
14781353,PCT/EP2014/057895,2014-04-17,NST
14781354,PCT/CN2014/074520,2014-04-01,NST
14781355,PCT/JP2014/056194,2014-03-10,NST
14781356,PCT/KR2014/002902,2014-04-04,NST
14781357,PCT/JP2015/050882,2015-01-15,NST
14781358,PCT/US2014/032187,2014-03-28,NST
14781359,61810610,2013-04-10,PRO
14781359,PCT/US14/33577,2014-04-10,NST
14781360,PCT/KR2014/001965,2014-03-10,NST
14781361,PCT/CN2014/071334,2014-01-24,NST
14781362,61833951,2013-06-12,PRO
14781362,PCT/US14/37049,2014-05-07,NST
14781363,PCT/JP2013/059966,2013-04-01,NST
14781364,61833951,2013-06-12,PRO
14781364,PCT/US14/37047,2014-05-07,NST
14781365,PCT/CN2014/074203,2014-03-27,NST
14781366,PCT/JP2014/060143,2014-04-08,NST
14781367,PCT/JP2014/062564,2014-05-12,NST
14781368,PCT/JP2013/059976,2013-04-01,NST
14781370,PCT/JP2013/059965,2013-04-01,NST
14781371,PCT/JP2013/065813,2013-06-07,NST
14781372,PCT/PL13/00055,2013-04-19,NST
14781373,PCT/EP2014/055671,2014-03-21,NST
14781374,PCT/EP2014/056431,2014-03-31,NST
14781375,PCT/JP2014/059316,2014-03-28,NST
14781376,PCT/JP2013/060076,2013-04-02,NST
14781377,PCT/US2014/032500,2014-04-01,NST
14781378,PCT/JP2014/060144,2014-04-08,NST
14781379,PCT/IB2014/059890,2014-03-17,NST
14781380,PCT/JP2014/058673,2014-03-26,NST
14781381,61811171,2013-04-12,PRO
14781381,61811172,2013-04-12,PRO
14781381,PCT/US14/33147,2014-04-07,NST
14781382,61807677,2013-04-02,PRO
14781382,61870916,2013-08-28,PRO
14781382,PCT/US14/32511,2014-04-01,NST
14781383,PCT/DE2014/000151,2014-03-26,NST
14781384,PCT/US2014/032771,2014-04-03,NST
14781385,PCT/DE2014/000152,2014-03-26,NST
14781386,PCT/EP2014/056663,2014-04-03,NST
14781388,PCT/EP2014/056140,2014-03-27,NST
14781389,PCT/JP2014/001861,2014-03-28,NST
14781390,PCT/SE2014/050364,2014-03-26,NST
14781391,PCT/CN2014/074612,2014-04-02,NST
14781392,PCT/JP2014/060815,2014-04-16,NST
14781393,PCT/JP13/60007,2013-04-01,NST
14781394,PCT/FI2013/050415,2013-04-16,NST
14781395,PCT/CN2013/082818,2013-09-02,NST
14781396,61807132,2013-04-01,PRO
14781396,PCT/US14/32539,2014-04-01,NST
14781397,PCT/EP2014/000837,2014-03-27,NST
14781398,PCT/IB2014/060769,2014-04-16,NST
14781399,PCT/JP2013/061112,2013-04-12,NST
14781401,PCT/JP2014/001779,2014-03-27,NST
14781402,PCT/IB2014/060221,2014-03-27,NST
14781403,PCT/CN2014/070187,2014-01-06,NST
14781404,PCT/DE2014/000160,2014-04-02,NST
14781405,PCT/SE2013/000171,2013-11-07,NST
14781407,PCT/JP2014/058402,2014-03-26,NST
14781408,61806998,2013-04-01,PRO
14781408,PCT/US14/32115,2014-03-28,NST
14781409,PCT/EP2014/056142,2014-10-09,NST
14781410,PCT/FI2014/050089,2014-02-07,NST
14781411,PCT/EP2014/000857,2014-03-31,NST
14781412,PCT/EP2014/056392,2014-03-31,NST
14781413,PCT/JP2014/069561,2014-07-24,NST
14781414,PCT/US2014/034774,2014-04-21,NST
14781415,PCT/EP2013/075223,2013-12-02,NST
14781416,PCT/EP2014/058157,2014-04-22,NST
14781418,PCT/JP2014/001905,2014-04-01,NST
14781419,PCT/US2014/044374,2014-06-26,NST
14781420,PCT/JP2014/056755,2014-03-13,NST
14781421,PCT/JP2013/073773,2013-09-04,NST
14781422,PCT/GB2014/051045,2014-04-03,NST
14781424,61808260,2013-04-04,PRO
14781424,PCT/US14/32742,2014-04-03,NST
14781425,PCT/IB2014/000450,2014-03-31,NST
14781426,PCT/EP2014/060448,2014-05-21,NST
14781427,PCT/EP2014/055586,2014-03-20,NST
14781428,PCT/JP2014/059803,2014-04-03,NST
14781429,PCT/JP2014/055613,2014-03-05,NST
14781430,61808540,2013-04-04,PRO
14781430,PCT/US14/32928,2014-04-04,NST
14781431,PCT/CN2013/074346,2013-04-18,NST
14781432,PCT/EP2014/057885,2014-04-17,NST
14781433,61808389,2013-04-04,PRO
14781433,PCT/US14/32957,2014-04-04,NST
14781435,PCT/FI2014/050224,2014-03-27,NST
14781436,PCT/EP2014/056681,2014-04-03,NST
14781437,61808345,2013-04-04,PRO
14781437,61808902,2013-04-05,PRO
14781437,PCT/US14/33063,2014-04-04,NST
14781438,PCT/FI2014/050237,2014-04-04,NST
14781439,PCT/JP2013/002664,2013-04-19,NST
14781440,PCT/JP2014/001603,2014-03-20,NST
14781441,PCT/US14/33003,2014-04-04,NST
14781442,PCT/JP2013/066607,2013-06-17,NST
14781443,PCT/EP2014/057802,2014-04-16,NST
14781444,PCT/JP2014/059787,2014-04-03,NST
14781445,PCT/EP2014/000839,2014-03-28,NST
14781446,PCT/EP2014/056264,2014-03-28,NST
14781447,PCT/KR2014/002885,2014-04-03,NST
14781449,PCT/JP2014/058946,2014-03-27,NST
14781450,PCT/KR2014/008492,2014-09-11,NST
14781451,PCT/JP2013/077477,2013-10-09,NST
14781452,PCT/EP2013/057408,2013-04-09,NST
14781453,61808459,2013-04-04,PRO
14781453,PCT/US14/31863,2014-03-26,NST
14781454,PCT/CN2013/086319,2013-10-31,NST
14781455,PCT/JP2014/002064,2014-04-10,NST
14781456,61811533,2013-04-12,PRO
14781456,PCT/US14/15083,2014-02-06,NST
14781457,PCT/US2014/027980,2014-03-14,NST
14781458,PCT/JP2014/071518,2014-08-12,NST
14781459,61816680,2013-04-26,PRO
14781459,PCT/US14/35413,2014-04-25,NST
14781460,PCT/CN2014/074354,2014-03-31,NST
14781461,PCT/JP2014/061374,2014-04-23,NST
14781462,PCT/JP2014/055183,2014-02-28,NST
14781463,PCT/EP2014/056949,2014-04-07,NST
14781464,PCT/US2014/036335,2014-05-01,NST
14781465,PCT/US14/13289,2014-01-28,NST
14781466,61811501,2013-04-12,PRO
14781466,PCT/US14/33657,2014-04-10,NST
14781467,PCT/DE2014/200094,2014-02-27,NST
14781468,PCT/US2014/033208,2014-04-07,NST
14781469,PCT/JP2014/001784,2014-03-27,NST
14781470,PCT/KR2014/002647,2014-03-28,NST
14781471,PCT/EP2014/056499,2014-04-01,NST
14781472,PCT/EP2014/056680,2014-04-03,NST
14781473,PCT/CN2013/079828,2013-07-22,NST
14781474,PCT/JP2014/059315,2014-03-28,NST
14781475,PCT/JP2014/057523,2014-03-19,NST
14781477,PCT/DE2014/000210,2014-04-22,NST
14781478,PCT/JP2014/001682,2014-03-25,NST
14781479,PCT/CN2014/074332,2014-03-28,NST
14781480,PCT/US2014/035895,2013-04-29,NST
14781481,61807111,2013-04-01,PRO
14781481,PCT/US14/32531,2014-04-01,NST
14781483,PCT/JP2014/053666,2014-02-17,NST
14781484,PCT/FR2014/050756,2014-03-31,NST
14781485,PCT/FR2014/000059,2014-03-24,NST
14781486,PCT/JP2015/051535,2015-01-21,NST
14781487,PCT/JP2014/052169,2014-01-30,NST
14781488,PCT/AU2014/000331,2014-03-28,NST
14781489,PCT/JP2014/060448,2014-04-04,NST
14781490,PCT/JP2013/059905,2013-04-01,NST
14781491,PCT/CA2014/000325,2014-04-04,NST
14781492,PCT/US2014/032700,2014-04-02,NST
14781493,PCT/CN2013/087708,2013-11-22,NST
14781494,PCT/US2014/032908,2014-04-04,NST
14781495,PCT/KR2014/002754,2014-04-01,NST
14781496,PCT/JP2014/059830,2014-04-03,NST
14781497,PCT/US2014/032251,2014-03-28,NST
14781498,PCT/JP2014/059663,2014-04-01,NST
14781499,PCT/US2014/033050,2014-04-04,NST
14781500,PCT/GB2014/051057,2014-04-04,NST
14781501,PCT/JP2014/058459,2014-03-26,NST
14781502,PCT/CN2014/074832,2014-04-04,NST
14781503,PCT/FR2014/000060,2014-03-24,NST
14781504,PCT/CN2014/074557,2014-04-01,NST
14781505,PCT/JP2014/059417,2014-03-31,NST
14781506,PCT/IB2014/060356,2014-04-01,NST
14781507,PCT/KR2014/012283,2014-12-12,NST
14781508,PCT/AU2014/000350,2014-04-02,NST
14781509,PCT/GB2014/051182,2014-04-15,NST
14781510,PCT/EP2014/056202,2014-03-27,NST
14781511,61823130,2013-05-14,PRO
14781511,PCT/US14/37990,2014-05-14,NST
14781512,PCT/IB2014/060804,2014-04-17,NST
14781513,PCT/JP2014/059832,2014-04-03,NST
14781514,PCT/EP2013/057360,2013-04-09,NST
14781515,61812395,2013-04-16,PRO
14781515,PCT/US14/33904,2014-04-13,NST
14781516,PCT/CN2014/074854,2014-04-04,NST
14781517,PCT/CN2014/073802,2014-03-20,NST
14781518,PCT/JP2014/061212,2014-04-22,NST
14781519,PCT/FR2014/050811,2014-04-03,NST
14781520,PCT/US2014/041136,2014-06-05,NST
14781521,PCT/EP2013/058308,2013-04-22,NST
14781522,PCT/JP2014/059648,2014-04-01,NST
14781523,PCT/US2014/032440,2014-04-01,NST
14781524,PCT/US2014/031933,2014-03-27,NST
14781525,PCT/GB2014/050910,2014-03-24,NST
14781526,PCT/JP2014/084036,2014-12-24,NST
14781527,PCT/US2014/033054,2014-04-04,NST
14781528,PCT/JP2014/059831,2014-04-03,NST
14781530,PCT/US2014/032685,2014-04-02,NST
14781531,PCT/CN2014/075153,2014-04-11,NST
14781532,PCT/JP2014/059708,2014-04-02,NST
14781533,PCT/JP2014/002501,2014-05-12,NST
14781534,PCT/EP2014/054710,2014-03-11,NST
14781537,PCT/KR2014/012981,2014-12-29,NST
14781538,PCT/IB2014/060431,2014-04-04,NST
14781539,PCT/JP2013/083808,2013-12-11,NST
14781540,PCT/EP2014/056715,2014-04-03,NST
14781541,PCT/US2014/032670,2014-04-02,NST
14781542,PCT/CN2013/084747,2013-09-30,NST
14781543,PCT/CN2014/074415,2014-03-31,NST
14781544,PCT/US2014/032808,2014-04-03,NST
14781545,61914561,2013-12-11,PRO
14781545,PCT/US14/69540,2014-12-10,NST
14781546,PCT/JP2014/065898,2014-06-16,NST
14781547,PCT/US2014/032863,2014-04-03,NST
14781548,PCT/ES2014/070166,2014-03-06,NST
14781549,PCT/US2014/025979,2014-03-13,NST
14781550,PCT/EP2014/056874,2014-04-04,NST
14781551,PCT/US13/35034,2013-04-02,NST
14781552,PCT/JP2014/001903,2014-03-31,NST
14781553,PCT/JP2013/063549,2013-05-15,NST
14781554,PCT/CN2014/074328,2014-03-28,NST
14781555,PCT/KR2014/004514,2014-05-21,NST
14781556,PCT/JP2013/059835,2013-04-01,NST
14781557,PCT/IB2014/060348,2014-04-01,NST
14781558,PCT/CN2014/074882,2014-04-08,NST
14781559,PCT/JP2013/059836,2013-04-01,NST
14781560,PCT/US2014/030588,2014-03-17,NST
14781561,PCT/KR2013/000974,2013-02-07,NST
14781562,PCT/US14/32813,2014-04-03,NST
14781563,61487900,2011-05-19,PRO
14781563,61572619,2011-07-19,PRO
14781563,PCT/US12/38397,2012-05-17,NST
14781564,PCT/JP2014/073274,2014-09-04,NST
14781565,PCT/CN2014/074836,2014-04-04,NST
14781566,PCT/CN2014/081694,2014-07-04,NST
14781567,PCT/CN2014/075457,2014-04-16,NST
14781568,PCT/IB2014/060313,2014-03-31,NST
14781569,PCT/EP2014/056533,2014-04-01,NST
14781570,PCT/AU2014/000335,2014-03-28,NST
14781571,PCT/JP2014/057600,2014-03-19,NST
14781572,PCT/US14/34609,2014-04-18,NST
14781573,PCT/JP2014/001836,2014-03-28,NST
14781574,PCT/JP2014/059207,2014-03-28,NST
14781575,PCT/KR2013/008668,2013-09-27,NST
14781576,PCT/US2014/042388,2014-06-13,NST
14781577,PCT/EP2014/056493,2014-04-01,NST
14781578,PCT/CN2013/088547,2013-12-04,NST
14781580,PCT/EP2014/055924,2014-03-25,NST
14781581,PCT/CN2013/088553,2013-12-04,NST
14781582,PCT/KR2014/005726,2014-06-27,NST
14781585,PCT/CN2013/088934,2013-12-10,NST
14781590,PCT/IB2014/000679,2014-04-01,NST
14781594,PCT/EP2014/057099,2014-04-08,NST
14781595,PCT/JP2013/060424,2013-04-05,NST
14781596,PCT/EP2014/056145,2014-03-27,NST
14781597,PCT/DE2014/100119,2014-04-03,NST
14781598,PCT/EP2014/056831,2014-04-04,NST
14781599,PCT/DE2014/100118,2014-04-03,NST
14781600,PCT/EP2014/056953,2014-04-07,NST
14781601,PCT/EP2014/057360,2014-04-11,NST
14781602,PCT/EP2014/055569,2014-03-20,NST
14781603,PCT/EP2014/051843,2014-01-30,NST
14781604,PCT/US2013/037728,2013-04-23,NST
14781605,PCT/JP2014/001966,2014-04-04,NST
14781606,PCT/JP2013/060092,2013-04-02,NST
14781607,PCT/IB2014/058142,2014-01-09,NST
14781608,PCT/IB2014/060015,2014-03-21,NST
14781609,PCT/JP2014/060356,2014-04-04,NST
14781610,PCT/US2013/038583,2013-04-29,NST
14781611,PCT/JP2014/053773,2014-02-18,NST
14781612,PCT/JP2013/062126,2013-04-24,NST
14781613,PCT/EP2014/056720,2014-04-03,NST
14781614,PCT/CN2014/072531,2014-02-25,NST
14781615,61809256,2013-04-05,PRO
14781615,61824127,2013-05-16,PRO
14781615,PCT/US14/32748,2014-04-03,NST
14781616,PCT/JP2013/084910,2013-12-26,NST
14781617,PCT/EP2014/055942,2014-03-25,NST
14781618,PCT/IB2014/060441,2014-04-04,NST
14781619,PCT/US2014/033487,2014-04-09,NST
14781620,PCT/KR2014/005476,2014-06-20,NST
14781621,PCT/EP2013/000967,2013-04-02,NST
14781622,PCT/EP2014/057720,2014-04-16,NST
14781623,PCT/EP2014/057066,2014-04-08,NST
14781624,PCT/US2014/034160,2014-04-15,NST
14781625,PCT/JP2014/059883,2014-04-03,NST
14781626,PCT/JP2013/062128,2013-04-24,NST
14781627,PCT/US2014/032672,2014-04-02,NST
14781628,PCT/EP2014/056632,2014-04-03,NST
14781629,PCT/GB2014/051037,2014-04-02,NST
14781630,13860019,2013-04-10,CIP
14781630,PCT/US2014/033142,2014-04-07,NST
14781631,PCT/JP2014/061207,2014-04-21,NST
14781632,PCT/FR2014/050786,2014-04-02,NST
14781633,PCT/EP2013/001004,2013-04-05,NST
14781634,PCT/JP2014/057874,2014-03-20,NST
14781635,PCT/GB2014/051069,2014-04-04,NST
14781636,PCT/SE2014/050414,2014-04-04,NST
14781637,PCT/US2014/032766,2014-04-03,NST
14781638,PCT/KR2013/002789,2013-04-04,NST
14781639,PCT/US2014/032585,2014-04-01,NST
14781640,PCT/JP2014/001909,2014-04-01,NST
14781641,PCT/JP2014/053782,2014-02-18,NST
14781642,PCT/JP2013/060303,2013-04-04,NST
14781643,61807992,2013-04-03,PRO
14781643,PCT/US14/32769,2014-04-03,NST
14781644,PCT/CN2014/075163,2014-04-11,NST
14781645,PCT/JP2014/059650,2014-04-01,NST
14781646,PCT/JP2014/058120,2014-03-24,NST
14781647,PCT/JP2014/053783,2014-02-18,NST
14781648,PCT/RU2013/000516,2013-06-18,NST
14781649,PCT/JP2015/059789,2015-03-27,NST
14781650,PCT/CN2013/074363,2013-04-18,NST
14781652,PCT/RU2013/000513,2013-06-18,NST
14781653,PCT/JP2014/059281,2014-03-28,NST
14781654,PCT/JP2014/057862,2014-03-20,NST
14781655,PCT/EP2013/058319,2013-04-22,NST
14781656,PCT/RU2013/000515,2013-06-18,NST
14781657,PCT/RU2013/000514,2013-06-18,NST
14781658,PCT/EP2014/000912,2014-04-04,NST
14781659,PCT/US2014/032508,2014-04-01,NST
14781660,PCT/EP2014/056327,2014-03-28,NST
14781661,PCT/GB2014/051019,2014-04-01,NST
14781663,PCT/JP2014/059360,2014-03-28,NST
14781664,PCT/IB2014/001677,2014-04-01,NST
14781665,PCT/JP2014/059893,2014-04-03,NST
14781666,61807921,2013-04-03,PRO
14781666,PCT/US14/32709,2014-04-02,NST
14781667,PCT/US2014/032490,2014-04-01,NST
14781668,PCT/IB2014/000469,2014-04-01,NST
14781669,PCT/JP2014/001880,2014-03-31,NST
14781670,PCT/EP2014/000423,2014-02-15,NST
14781671,PCT/US2014/032609,2014-04-02,NST
14781672,PCT/JP2014/058848,2014-03-27,NST
14781673,PCT/IB2013/052737,2013-04-05,NST
14781674,PCT/KR2014/002675,2014-03-28,NST
14781675,PCT/EP2013/059494,2013-05-07,NST
14781676,PCT/JP2013/060575,2013-04-08,NST
14781677,PCT/US2014/033297,2014-04-08,NST
14781678,PCT/BR2014/000112,2014-04-07,NST
14781679,PCT/EP2013/056866,2013-04-02,NST
14781680,PCT/JP2013/059918,2013-04-01,NST
14781681,PCT/EP2014/057883,2014-04-17,NST
14781682,PCT/JP2013/060801,2013-04-10,NST
14781683,PCT/US2014/033290,2014-04-08,NST
14781684,PCT/JP2013/059954,2013-04-01,NST
14781686,PCT/EP2014/056472,2014-03-31,NST
14781687,PCT/JP2014/082706,2014-12-10,NST
14781688,PCT/EP2014/056594,2014-04-02,NST
14781689,PCT/CN2013/081368,2013-08-13,NST
14781690,PCT/JP2014/057966,2014-03-24,NST
14781691,PCT/JP2013/082626,2013-12-04,NST
14781692,PCT/EP2014/056737,2014-04-03,NST
14781693,PCT/JP2014/058793,2014-03-27,NST
14781694,PCT/EP2014/056597,2014-04-02,NST
14781695,PCT/JP2014/052049,2014-01-30,NST
14781696,PCT/EP2014/056491,2014-04-01,NST
14781697,PCT/EP2014/057890,2014-04-17,NST
14781698,PCT/JP2014/058797,2014-03-27,NST
14781699,PCT/JP2013/082627,2013-12-04,NST
14781700,PCT/EP2014/056855,2014-04-04,NST
14781701,PCT/EP2014/056589,2014-04-02,NST
14781702,PCT/JP2014/059117,2014-03-28,NST
14781703,PCT/JP2014/059307,2014-03-28,NST
14781704,PCT/CN2014/074862,2014-04-04,NST
14781705,PCT/JP14/59631,2014-04-01,NST
14781706,61808962,2013-04-05,PRO
14781706,PCT/US14/32800,2014-04-03,NST
14781707,PCT/JP2014/060625,2014-04-14,NST
14781708,PCT/DE2014/200132,2014-03-19,NST
14781709,PCT/JP2013/006021,2013-10-09,NST
14781710,PCT/EP2014/056590,2014-04-02,NST
14781711,PCT/JP2014/055609,2014-03-05,NST
14781712,PCT/EP2014/056854,2014-04-04,NST
14781713,PCT/JP2014/056701,2014-03-13,NST
14781714,PCT/JP2013/082625,2013-12-04,NST
14781715,PCT/JP2014/055610,2014-03-05,NST
14781716,PCT/EP2014/056769,2014-04-04,NST
14781717,PCT/EP2014/056288,2014-03-28,NST
14781718,PCT/IB2014/000566,2014-03-21,NST
14781719,61808441,2013-04-04,PRO
14781719,61832639,2013-06-07,PRO
14781719,61946604,2014-02-28,PRO
14781719,PCT/US14/33025,2014-04-04,NST
14781720,PCT/EP2014/056780,2014-04-04,NST
14781721,PCT/JP2014/059306,2014-03-28,NST
14781722,PCT/JP2013/060512,2015-04-05,NST
14781723,PCT/US2014/032960,2014-04-04,NST
14781724,PCT/AT2014/050066,2014-03-17,NST
14781725,PCT/JP2014/055402,2014-03-04,NST
14781726,PCT/JP2014/053456,2014-02-14,NST
14781727,PCT/EP2014/056257,2014-03-28,NST
14781728,PCT/US2014/032605,2014-04-02,NST
14781729,PCT/FR2014/050773,2014-04-01,NST
14781730,PCT/US2013/035133,2013-04-03,NST
14781731,PCT/BR2014/000104,2014-03-31,NST
14781732,PCT/US2014/031472,2014-03-21,NST
14781733,PCT/ES2014/070263,2014-04-03,NST
14781734,PCT/IT2014/000121,2014-05-08,NST
14781735,PCT/EP2014/056536,2014-04-01,NST
14781736,PCT/JP2014/059538,2014-03-31,NST
14781737,PCT/IN2013/000455,2013-07-22,NST
14781738,PCT/US2014/031949,2014-03-27,NST
14781739,PCT/JP2014/055855,2014-03-06,NST
14781740,PCT/JP2014/059343,2014-03-28,NST
14781741,PCT/KR2014/005528,2014-06-23,NST
14781742,PCT/JP2014/059344,2014-03-28,NST
14781743,PCT/EP2014/056571,2014-04-02,NST
14781744,PCT/JP2014/001877,2014-03-31,NST
14781745,PCT/JP2013/059883,2013-04-01,NST
14781746,PCT/JP2014/059021,2014-03-27,NST
14781747,PCT/JP2014/001735,2014-03-26,NST
14781748,PCT/IB14/60397,2014-04-03,NST
14781749,PCT/IB2014/060393,2014-04-03,NST
14781750,PCT/GB2014/050973,2014-03-27,NST
14781751,PCT/JP2014/054222,2014-02-21,NST
14781752,PCT/EP2012/061692,2012-06-19,NST
14781753,61814529,2013-04-22,PRO
14781753,PCT/US14/34813,2014-04-21,NST
14781754,PCT/JP2014/060001,2014-04-04,NST
14781755,PCT/EP2013/057205,2013-04-05,NST
14781756,PCT/EP2014/056524,2014-04-01,NST
14781757,PCT/JP2013/079477,2013-10-24,NST
14781758,PCT/KR2014/002685,2014-03-28,NST
14781759,PCT/IB2014/060558,2014-04-09,NST
14781760,PCT/EP2014/056688,2014-04-03,NST
14781761,PCT/SE2014/050380,2014-03-31,NST
14781762,PCT/JP2014/001610,2014-03-20,NST
14781763,PCT/JP2014/055294,2014-03-03,NST
14781764,61853359,2013-04-03,PRO
14781764,61847074,2013-07-16,PRO
14781764,PCT/US14/32807,2014-04-03,NST
14781765,61807706,2013-04-02,PRO
14781765,PCT/US14/32711,2014-04-02,NST
14781766,PCT/JP2014/060002,2014-04-04,NST
14781767,PCT/US2013/035008,2013-04-02,NST
14781768,PCT/IB2013/002615,2013-11-22,NST
14781769,PCT/US2014/034994,2014-04-22,NST
14781771,PCT/CN2013/073705,2013-04-03,NST
14781772,PCT/AT2014/000063,2014-03-27,NST
14781773,PCT/KR2014/002776,2014-04-01,NST
14781774,PCT/EP2013/057227,2013-04-05,NST
14781775,PCT/NZ2014/000058,2014-04-07,NST
14781776,PCT/AU2014/000525,2014-05-16,NST
14781777,PCT/JP2014/059641,2014-04-01,NST
14781778,PCT/US2014/032809,2014-04-03,NST
14781779,PCT/IN2013/000459,2013-07-23,NST
14781780,PCT/JP2014/059554,2014-03-31,NST
14781781,PCT/US2014/034973,2014-04-22,NST
14781782,PCT/EP2014/056704,2014-04-03,NST
14781783,PCT/JP2014/057568,2014-03-19,NST
14781784,PCT/JP2014/001490,2014-03-17,NST
14781785,PCT/JP2014/059894,2014-04-03,NST
14781786,PCT/CN2014/076462,2014-04-29,NST
14781787,PCT/IB2014/060360,2014-04-01,NST
14781788,PCT/IB2014/060654,2014-04-11,NST
14781789,PCT/JP2013/060649,2013-04-08,NST
14781790,PCT/IB2015/050777,2015-02-02,NST
14781792,PCT/JP14/59568,2014-03-31,NST
14781793,PCT/IB2014/000796,2014-04-03,NST
14781794,PCT/JP2014/060068,2014-04-07,NST
14781795,PCT/KR2014/002835,2014-04-02,NST
14781796,PCT/EP2013/057208,2013-04-05,NST
14781797,PCT/EP2014/054848,2014-03-12,NST
14781798,PCT/JP2014/057745,2014-03-20,NST
14781799,PCT/EP2014/056490,2014-04-01,NST
14781800,PCT/JP2014/001879,2014-03-31,NST
14781802,PCT/JP2014/059227,2014-03-28,NST
14781803,PCT/CN2014/073388,2014-03-13,NST
14781804,PCT/JP2014/059939,2014-04-04,NST
14781805,PCT/US2014/032904,2014-04-04,NST
14781806,PCT/EP2014/056133,2014-03-27,NST
14781807,PCT/PT2014/000020,2014-04-01,NST
14781808,PCT/EP2013/056942,2013-04-02,NST
14781809,PCT/JP2014/054812,2014-02-27,NST
14781810,PCT/EP2014/058011,2014-04-18,NST
14781811,PCT/KR2014/002839,2014-04-02,NST
14781812,PCT/JP2014/059662,2014-04-01,NST
14781813,PCT/CA2014/050354,2014-04-08,NST
14781814,PCT/JP2013/062032,2013-04-24,NST
14781815,PCT/CN2013/090970,2013-12-30,NST
14781816,PCT/IB14/00537,2014-04-01,NST
14781817,PCT/US2014/032702,2014-04-02,NST
14781819,PCT/EP2014/054304,2014-03-06,NST
14781820,PCT/US13/35430,2013-04-05,NST
14781821,PCT/JP2014/061565,2014-04-24,NST
14781822,PCT/CA2014/050347,2014-04-04,NST
14781823,PCT/KR2014/002803,2014-04-01,NST
14781824,PCT/EP2014/056609,2014-04-02,NST
14781825,PCT/CA2014/050351,2014-04-07,NST
14781826,PCT/EP2014/052917,2014-02-14,NST
14781827,PCT/CN2014/074387,2014-03-31,NST
14781828,PCT/JP2013/060395,2013-04-04,NST
14781829,PCT/KR2014/002733,2014-03-31,NST
14781830,PCT/CN2014/074766,2014-04-03,NST
14781831,PCT/CA2014/000351,2014-04-10,NST
14781832,PCT/US2014/020865,2014-03-05,NST
14781833,PCT/SE2014/050383,2014-03-31,NST
14781834,PCT/JP2013/061002,2013-04-05,NST
14781835,PCT/CN2014/074010,2014-03-25,NST
14781836,PCT/US2014/031404,2014-03-21,NST
14781837,PCT/EP2014/056531,2014-04-01,NST
14781838,PCT/FR2013/050725,2013-04-02,NST
14781839,PCT/EP2014/056630,2014-04-02,NST
14781840,PCT/JP2014/059624,2014-04-01,NST
14781841,PCT/JP2014/002040,2014-04-09,NST
14781842,PCT/JP2014/059781,2014-04-02,NST
14781843,PCT/US2014/033078,2014-04-04,NST
14781844,PCT/GB2014/051017,2014-04-01,NST
14781845,PCT/KR2014/002719,2014-03-31,NST
14781846,PCT/EP2014/056442,2014-03-31,NST
14781847,PCT/SE2014/050391,2014-04-02,NST
14781848,PCT/US2014/032580,2014-04-01,NST
14781849,PCT/FR2014/050777,2014-04-01,NST
14781850,61955398,2014-03-19,PRO
14781850,61955430,2014-03-19,PRO
14781850,61981875,2014-04-21,PRO
14781850,61993480,2014-05-15,PRO
14781850,62064755,2014-10-16,CON
14781850,PCT/US15/21593,2015-03-19,NST
14781851,PCT/JP14/56898,2014-03-14,NST
14781852,PCT/JP2014/054817,2014-02-27,NST
14781853,PCT/CN2014/075166,2014-04-11,NST
14781854,PCT/EP2014/056727,2014-04-03,NST
14781855,PCT/JP2014/053237,2014-02-13,NST
14781856,PCT/JP2014/059901,2014-04-03,NST
14781857,PCT/EP2014/056498,2014-04-01,NST
14781858,PCT/SE2013/050361,2013-04-02,NST
14781859,PCT/US2014/032620,2014-04-02,NST
14781860,PCT/NZ2014/000059,2014-04-07,NST
14781861,PCT/EP2014/056186,2014-03-27,NST
14781862,PCT/KR2013/011879,2013-12-19,NST
14781863,PCT/NZ2014/000060,2014-04-07,NST
14781864,PCT/SE2014/050065,2014-01-22,NST
14781865,PCT/US2013/034909,2013-04-02,NST
14781866,PCT/EP2014/056878,2014-04-04,NST
14781867,PCT/CN2014/072534,2014-02-26,NST
14781868,PCT/JP2014/059747,2014-04-02,NST
14781869,PCT/GB2014/050957,2014-03-26,NST
14781870,PCT/JP2013/081722,2013-11-26,NST
14781871,PCT/JP2014/001781,2014-03-27,NST
14781872,PCT/IB2015/052215,2015-03-25,NST
14781873,PCT/JP2014/001842,2014-03-28,NST
14781874,PCT/KR2014/003348,2014-04-17,NST
14781875,PCT/JP2014/068029,2014-07-07,NST
14781876,PCT/EP2014/056027,2014-03-24,NST
14781877,PCT/CN2014/074574,2014-04-01,NST
14781878,PCT/EP2014/056470,2014-03-31,NST
14781879,PCT/EP2013/070716,2013-10-04,NST
14781880,PCT/JP2014/059703,2014-04-02,NST
14781881,PCT/US2014/032497,2014-04-01,NST
14781882,PCT/US2014/031246,2014-03-19,NST
14781883,PCT/CN2014/070946,2014-01-21,NST
14781884,PCT/US2013/037403,2013-04-19,NST
14781885,61808528,2013-04-04,PRO
14781885,PCT/US14/33057,2014-04-04,NST
14781886,PCT/IB2014/060949,2014-04-23,NST
14781887,PCT/EP2014/056466,2014-03-31,NST
14781889,PCT/US2014/031151,2014-03-19,NST
14781890,PCT/EP2014/056696,2014-04-03,NST
14781891,PCT/EP2014/056856,2014-04-04,NST
14781892,PCT/JP2014/059628,2014-04-01,NST
14781893,PCT/AU2014/000435,2014-04-16,NST
14781894,PCT/FR2014/050775,2014-04-01,NST
14781895,PCT/JP2014/056238,2014-03-11,NST
14781896,PCT/US2013/034995,2013-04-02,NST
14781897,PCT/JP2014/001919,2014-04-02,NST
14781898,61807605,2013-04-02,PRO
14781898,PCT/US14/32483,2014-04-01,NST
14781899,PCT/US2013/035080,2013-04-03,NST
14781900,PCT/EP2014/056717,2014-04-03,NST
14781901,PCT/IN2014/000208,2014-04-02,NST
14781902,PCT/JP2014/001331,2014-04-10,NST
14781903,PCT/KR2013/011412,2013-12-10,NST
14781904,PCT/AU2014/000164,2014-02-24,NST
14781905,PCT/JP2014/059403,2014-03-31,NST
14781906,PCT/BR2013/000283,2013-08-02,NST
14781907,PCT/US2013/040694,2013-05-13,NST
14781908,PCT/EP2014/000206,2014-01-27,NST
14781909,PCT/JP2014/060040,2014-04-04,NST
14781910,PCT/CN2014/074570,2014-04-01,NST
14781911,PCT/KR2014/002913,2014-04-04,NST
14781912,PCT/EP2014/056645,2014-04-03,NST
14781913,PCT/EP2014/057244,2014-04-10,NST
14781914,PCT/EP2014/057169,2014-04-09,NST
14781915,PCT/US2014/032064,2014-03-27,NST
14781916,PCT/US2014/034122,2014-04-15,NST
14781917,PCT/US2014/033257,2014-04-08,NST
14781918,PCT/EP2014/057270,2014-04-10,NST
14781919,PCT/EP2014/056238,2014-03-27,NST
14781920,PCT/EP2014/056368,2014-03-28,NST
14781921,PCT/EP2014/056772,2014-04-04,NST
14781922,PCT/EP2013/058226,2013-04-19,NST
14781923,PCT/EP2014/057606,2014-04-15,NST
14781924,PCT/EP2014/055651,2014-03-20,NST
14781926,PCT/JP2013/060776,2013-04-10,NST
14781927,PCT/JP2014/001912,2014-04-01,NST
14781928,PCT/FI2014/050238,2014-04-04,NST
14781929,PCT/EP2013/057173,2013-04-05,NST
14781930,PCT/EP2014/056859,2014-04-04,NST
14781931,PCT/JP2014/001911,2014-04-01,NST
14781932,PCT/EP2013/057176,2013-04-05,NST
14781933,PCT/CN2013/073747,2013-04-03,NST
14781934,PCT/CL2013/000081,2013-11-05,NST
14781935,PCT/JP2014/056066,2014-03-07,NST
14781937,PCT/EP2014/056860,2014-04-04,NST
14781938,PCT/EP2014/056349,2014-03-28,NST
14781939,PCT/US2014/036114,2014-04-30,NST
14781940,PCT/JP2014/001780,2014-03-27,NST
14781941,PCT/CN2014/000152,2014-02-12,NST
14781942,PCT/JP2014/059657,2014-04-01,NST
14781943,61807972,2013-04-03,PRO
14781943,PCT/US14/32300,2014-03-31,NST
14781944,PCT/JP2014/059819,2014-04-03,NST
14781945,PCT/US2013/035211,2013-04-04,NST
14781946,PCT/US2014/035132,2014-04-23,NST
14781947,PCT/EP2014/056030,2014-03-26,NST
14781948,PCT/EP2013/060945,2013-05-28,NST
14781949,PCT/EP2014/056512,2014-04-01,NST
14781950,PCT/JP2014/059946,2014-04-04,NST
14781951,PCT/IB2014/000434,2014-03-28,NST
14781952,PCT/US2014/032745,2014-04-03,NST
14781953,PCT/KR2014/002784,2014-04-01,NST
14781954,PCT/JP2014/060003,2014-04-04,NST
14781955,PCT/KR2014/002870,2014-04-03,NST
14781956,PCT/EP2013/057065,2013-04-04,NST
14781957,PCT/US13/40693,2013-05-13,NST
14781958,PCT/EP2014/054773,2014-03-12,NST
14781959,61807676,2013-04-02,PRO
14781959,61859767,2013-07-29,PRO
14781959,PCT/US14/32735,2014-04-02,NST
14781960,PCT/EP2014/056304,2014-03-28,NST
14781961,PCT/JP2014/060007,2014-04-04,NST
14781962,61809064,2013-04-05,PRO
14781962,PCT/US14/32959,2014-04-04,NST
14781963,PCT/JP2014/059892,2014-04-03,NST
14781964,PCT/JP2014/058995,2014-03-27,NST
14781965,PCT/DE2014/000163,2014-04-03,NST
14781966,PCT/EP2013/057220,2013-04-05,NST
14781968,PCT/KR2014/004317,2014-05-14,NST
14781969,PCT/PE2014/000002,2014-03-12,NST
14781970,PCT/JP2014/060019,2014-04-04,NST
14781971,PCT/EP2014/053499,2014-02-24,NST
14781972,PCT/JP2014/056544,2014-03-12,NST
14781973,PCT/EP2014/055826,2014-03-24,NST
14781974,PCT/ES2014/070260,2014-04-02,NST
14781976,PCT/IB2014/059577,2014-03-10,NST
14781977,PCT/EP2015/056759,2015-03-27,NST
14781978,PCT/KR2014/002979,2014-04-07,NST
14781979,PCT/DE2014/000162,2014-04-03,NST
14781980,PCT/EP2014/056495,2014-04-01,NST
14781981,61810178,2013-04-09,PRO
14781981,PCT/US14/33538,2014-04-09,NST
14781982,PCT/US2013/039559,2013-05-03,NST
14781983,PCT/EP2013/057154,2013-04-05,NST
14781984,PCT/CA2014/050345,2014-04-04,NST
14781985,61807514,2013-04-02,PRO
14781985,PCT/US14/32525,2014-04-01,NST
14781986,PCT/EP2014/053292,2014-02-20,NST
14781988,PCT/CN2013/073739,2013-04-03,NST
14781989,PCT/EP2014/055828,2014-03-24,NST
14781990,PCT/JP2014/059282,2014-03-28,NST
14781991,PCT/KR2014/003619,2014-04-24,NST
14781992,PCT/IB2014/060359,2014-04-01,NST
14781993,PCT/NL2014/050211,2014-04-04,NST
14781994,PCT/JP2014/059729,2014-04-02,NST
14781995,PCT/US2014/032615,2014-04-02,NST
14781997,PCT/EP2014/050731,2014-01-15,NST
14781998,PCT/CH2014/000043,2014-04-03,NST
14781999,PCT/CN2014/074535,2014-04-01,NST
14782000,PCT/JP2014/057670,2014-03-20,NST
14782001,PCT/JP2013/062262,2013-04-25,NST
14782002,PCT/KR2014/002830,2014-04-02,NST
14782004,PCT/US2014/033096,2014-04-04,NST
14782005,PCT/JP2014/058289,2014-03-25,NST
14782006,PCT/JP2014/058542,2014-03-26,NST
14782007,PCT/KR2014/002883,2014-04-03,NST
14782008,PCT/NL2014/050199,2014-04-02,NST
14782009,PCT/JP2014/059849,2014-04-03,NST
14782010,PCT/EP2014/057122,2014-04-09,NST
14782011,PCT/IB2013/060102,2013-11-13,NST
14782012,PCT/FR2014/051094,2014-05-12,NST
14782013,PCT/EP2014/057547,2014-04-14,NST
14782014,PCT/US2014/032453,2014-04-01,NST
14782015,PCT/JP2014/058277,2014-03-25,NST
14782016,PCT/JP2014/059094,2014-03-28,NST
14782017,PCT/IB2014/000458,2014-04-01,NST
14782018,PCT/EP2014/055678,2014-03-21,NST
14782019,PCT/EP2014/056516,2014-04-01,NST
14782020,PCT/FI2014/000003,2014-04-03,NST
14782021,PCT/JP2014/058290,2014-03-25,NST
14782022,PCT/JP2014/059148,2014-03-28,NST
14782023,PCT/US2014/032891,2014-04-03,NST
14782024,PCT/EP2014/056083,2014-03-26,NST
14782025,PCT/GB2014/051074,2014-04-07,NST
14782026,PCT/IB2014/000231,2014-02-25,NST
14782027,PCT/JP2014/060005,2014-04-04,NST
14782028,PCT/JP2013/062045,2013-04-24,NST
14782029,PCT/CN2014/074616,2014-04-02,NST
14782030,PCT/EP2014/056517,2014-04-01,NST
14782031,PCT/JP2014/056848,2014-03-14,NST
14782032,PCT/IB2014/060343,2014-04-01,NST
14782034,PCT/AU2014/050026,2014-05-01,NST
14782035,PCT/EP2013/075810,2013-12-06,NST
14782036,PCT/EP2014/056317,2014-03-28,NST
14782038,PCT/US2013/075984,2013-12-18,NST
14782039,PCT/JP2014/059572,2014-03-31,NST
14782040,PCT/US2014/032753,2014-04-03,NST
14782041,PCT/JP2013/060212,2013-04-03,NST
14782042,PCT/AU2014/000346,2014-04-01,NST
14782043,PCT/EP2014/056858,2014-04-04,NST
14782044,PCT/EP2014/057521,2014-04-14,NST
14782045,PCT/EP2014/058182,2014-04-23,NST
14782046,PCT/BE2014/000012,2014-03-17,NST
14782047,PCT/SE2013/051123,2013-09-27,NST
14782048,PCT/JP2014/054077,2014-02-20,NST
14782049,PCT/JP2014/058339,2014-03-25,NST
14782050,PCT/JP2014/060116,2014-04-07,NST
14782051,PCT/JP2014/002021,2014-04-09,NST
14782052,PCT/AU2013/000550,2013-05-24,NST
14782053,PCT/FR2014/050772,2014-04-01,NST
14782054,PCT/JP2014/058605,2014-03-26,NST
14782055,PCT/US2014/032694,2014-04-02,NST
14782056,PCT/EP2014/062339,2014-06-13,NST
14782057,PCT/EP2014/056627,2014-04-02,NST
14782058,PCT/JP2013/061113,2013-04-12,NST
14782059,PCT/SE2014/050359,2014-03-25,NST
14782060,PCT/IB2014/000399,2014-03-20,NST
14782061,PCT/SE2013/051122,2013-09-27,NST
14782062,PCT/FR2014/050809,2014-04-03,NST
14782063,PCT/JP2014/059718,2014-04-02,NST
14782064,PCT/SE2014/050416,2014-04-04,NST
14782065,PCT/IB2014/060394,2014-04-03,NST
14782066,PCT/GB14/51072,2014-04-04,NST
14782067,61807581,2013-04-02,PRO
14782067,PCT/US14/32305,2014-03-31,NST
14782068,PCT/EP2014/056022,2014-03-26,NST
14782069,PCT/EP2014/056693,2014-04-03,NST
14782070,PCT/CA2014/000312,2014-04-02,NST
14782071,PCT/EP2014/058384,2014-04-24,NST
14782072,PCT/JP2014/054435,2014-02-25,NST
14782073,PCT/FR2014/050668,2014-03-21,NST
14782074,PCT/CN2014/070883,2014-01-20,NST
14782075,PCT/DK2014/050071,2014-03-24,NST
14782076,PCT/EP2014/057186,2014-04-09,NST
14782077,PCT/IB2014/060380,2014-04-02,NST
14782078,PCT/EP14/56588,2014-04-02,NST
14782080,PCT/KR2014/004460,2014-05-19,NST
14782081,PCT/JP2013/060038,2013-04-02,NST
14782082,PCT/CN13/73750,2013-04-03,NST
14782083,PCT/EP2014/056535,2014-04-01,NST
14782084,PCT/ZA2014/000016,2014-04-04,NST
14782085,PCT/GB2014/051063,2014-04-04,NST
14782086,PCT/EP2014/056838,2014-04-04,NST
14782087,PCT/SG2014/000118,2014-03-12,NST
14782088,61807571,2013-04-02,PRO
14782088,PCT/US14/32713,2014-04-02,NST
14782090,61808620,2013-04-04,PRO
14782090,PCT/US14/33097,2014-04-04,NST
14782091,PCT/EP2014/056430,2014-03-31,NST
14782092,PCT/EP2014/055952,2014-03-25,NST
14782093,PCT/JP2014/059618,2014-04-01,NST
14782094,PCT/EP2014/056434,2014-03-31,NST
14782095,PCT/CN2013/073710,2013-04-03,NST
14782096,PCT/GB2014/051374,2014-05-02,NST
14782097,PCT/EP2014/054618,2014-03-11,NST
14782098,PCT/EP2014/056494,2014-04-01,NST
14782099,PCT/EP2014/053943,2014-02-28,NST
14782100,PCT/JP2014/059899,2014-04-03,NST
14782101,PCT/EP2014/000708,2014-03-14,NST
14782102,PCT/US2014/035246,2014-04-24,NST
14782104,PCT/FI2014/050053,2014-01-23,NST
14782105,PCT/EP2014/000703,2014-03-14,NST
14782107,PCT/CH2014/000041,2014-03-27,NST
14782108,PCT/EP2014/056626,2014-04-02,NST
14782109,PCT/EP2014/053918,2014-02-28,NST
14782110,PCT/JP2014/059651,2014-04-01,NST
14782111,PCT/NL2013/050255,2013-04-04,NST
14782112,PCT/JP2014/059786,2014-04-02,NST
14782113,PCT/IB2014/060386,2014-04-02,NST
14782114,PCT/EP2014/056629,2014-04-02,NST
14782115,61808097,2013-04-03,PRO
14782115,PCT/US14/32832,2014-04-03,NST
14782116,61808878,2013-04-05,PRO
14782116,61937215,2014-02-07,PRO
14782116,PCT/US14/32966,2014-04-04,NST
14782117,PCT/US2014/032810,2014-04-03,NST
14782118,61808861,2013-04-05,PRO
14782118,PCT/US14/33009,2014-04-04,NST
14782119,PCT/US2014/032991,2014-04-04,NST
14782120,PCT/EP2014/056744,2014-04-03,NST
14782121,PCT/US14/33006,2014-04-04,NST
14782122,PCT/EP2014/056544,2014-04-01,NST
14782124,PCT/FR2014/050721,2014-03-27,NST
14782125,61829332,2013-05-31,PRO
14782125,PCT/US14/33933,2014-04-14,NST
14782127,PCT/TR2014/000104,2014-04-07,NST
14782128,PCT/JP2013/062042,2013-04-24,NST
14782129,PCT/JP2014/063868,2014-05-26,NST
14782130,PCT/NL2014/050202,2014-04-03,NST
14782131,PCT/GB2014/051025,2014-04-01,NST
14782132,PCT/JP2014/063263,2014-05-19,NST
14782134,PCT/US2014/037160,2014-05-07,NST
14782135,61816221,2013-04-26,PRO
14782135,PCT/US13/43568,2013-05-31,NST
14782136,PCT/EP2013/076849,2013-12-17,NST
14782137,PCT/JP2014/058083,2014-03-24,NST
14782138,PCT/SE2014/050399,2014-04-03,NST
14782139,PCT/EP2014/055630,2014-03-20,NST
14782140,PCT/NL2014/050203,2014-04-03,NST
14782141,PCT/CA2014/050349,2014-04-04,NST
14782142,PCT/JP2014/059902,2014-04-03,NST
14782143,PCT/EP2014/056596,2014-04-02,NST
14782144,PCT/EP2014/056521,2014-04-01,NST
14782145,PCT/JP2014/060158,2014-04-08,NST
14782146,PCT/IB2014/060436,2014-04-04,NST
14782147,PCT/US2014/032688,2014-04-02,NST
14782148,PCT/AT2014/000072,2014-04-04,NST
14782149,PCT/US2014/032651,2014-04-02,NST
14782150,PCT/JP2014/059923,2014-04-04,NST
14782151,61809198,2013-04-05,PRO
14782151,PCT/US14/33001,2014-04-04,NST
14782152,PCT/EP2014/052938,2014-02-14,NST
14782153,PCT/US2014/032710,2014-04-02,NST
14782154,PCT/KR2014/002810,2014-04-02,NST
14782156,PCT/IB2014/000473,2014-04-02,NST
14782157,PCT/JP2014/057674,2014-03-20,NST
14782158,PCT/JP2014/060098,2014-04-07,NST
14782159,PCT/EP2014/056631,2014-04-02,NST
14782160,PCT/EP2014/055832,2014-03-24,NST
14782161,PCT/US2014/032743,2014-04-03,NST
14782162,PCT/EP2014/056829,2014-04-04,NST
14782163,PCT/JP2014/058360,2014-03-25,NST
14782164,PCT/JP2014/059972,2014-04-04,NST
14782165,PCT/JP2014/056627,2014-03-13,NST
14782166,PCT/EP2014/056134,2014-03-27,NST
14782167,PCT/EP2014/056486,2014-03-31,NST
14782168,PCT/AT2014/000076,2014-04-10,NST
14782169,PCT/EP2014/055751,2014-03-21,NST
14782170,PCT/JP2013/060468,2013-04-05,NST
14782171,PCT/IB2014/060322,2014-03-31,NST
14782172,PCT/JP2014/060015,2014-04-04,NST
14782173,PCT/FR2014/050729,2014-03-27,NST
14782174,PCT/EP2013/057014,2013-04-03,NST
14782175,PCT/KR2014/006355,2014-07-15,NST
14782176,PCT/EP2014/057635,2014-04-15,NST
14782177,PCT/JP2014/060151,2014-04-08,NST
14782178,PCT/EP2014/056732,2014-04-03,NST
14782179,PCT/JP2014/060075,2014-04-07,NST
14782180,PCT/JP2014/055716,2014-03-06,NST
14782181,PCT/CN2013/073751,2013-04-03,NST
14782182,PCT/JP2014/061655,2014-04-25,NST
14782183,PCT/EP2014/052127,2014-02-04,NST
14782184,PCT/KR2014/003803,2014-04-29,NST
14782185,PCT/JP2014/002242,2014-04-21,NST
14782186,PCT/JP2014/076655,2014-10-06,NST
14782188,PCT/CN2015/071294,2015-01-22,NST
14782189,PCT/CN2013/073753,2013-04-03,NST
14782190,PCT/IB2013/001017,2013-04-03,NST
14782191,PCT/EP2014/056669,2014-04-03,NST
14782192,PCT/CN2015/071288,2015-01-22,NST
14782193,PCT/CN2014/000264,2014-03-13,NST
14782194,PCT/EP2013/057213,2013-04-05,NST
14782197,PCT/CN2015/071078,2015-01-20,NST
14782199,PCT/CA2014/050331,2014-04-02,NST
14782200,PCT/KR2014/012284,2014-12-12,NST
14782201,61817221,2013-04-29,PRO
14782201,PCT/US14/35900,2014-04-29,NST
14782202,PCT/IB2014/001674,2014-04-07,NST
14782203,PCT/FR2014/050755,2014-03-31,NST
14782204,PCT/JP2014/055534,2014-03-05,NST
14782206,PCT/US13/35163,2013-04-03,NST
14782208,61807482,2013-04-02,PRO
14782208,PCT/US14/31963,2014-03-27,NST
14782209,PCT/NO2014/050048,2014-04-04,NST
14782210,PCT/IB2014/060371,2014-04-02,NST
14782211,PCT/US2014/037624,2014-05-12,NST
14782212,PCT/EP2014/056557,2014-04-02,NST
14782213,PCT/KR2014/002899,2014-04-03,NST
14782214,PCT/EP2014/057078,2014-04-08,NST
14782215,61808102,2013-04-03,PRO
14782215,PCT/US14/32799,2014-04-03,NST
14782216,PCT/JP2014/002204,2014-04-18,NST
14782217,PCT/US2014/032923,2014-04-04,NST
14782219,PCT/EP2014/052907,2014-02-14,NST
14782220,PCT/EP2014/056877,2014-04-04,NST
14782221,PCT/JP2014/059607,2014-04-01,NST
14782222,PCT/JP2013/003993,2013-06-26,NST
14782224,PCT/FI2013/050376,2013-04-05,NST
14782226,PCT/JP2014/055682,2014-03-05,NST
14782227,PCT/JP2014/059943,2014-04-04,NST
14782228,PCT/KR2014/002923,2014-04-04,NST
14782229,PCT/JP2013/061401,2013-04-17,NST
14782231,PCT/EP2014/051758,2014-01-30,NST
14782232,PCT/EP2014/056326,2014-03-28,NST
14782233,PCT/EP2014/056338,2014-03-28,NST
14782234,PCT/KR2014/003240,2014-04-15,NST
14782235,PCT/US2014/032899,2014-04-04,NST
14782236,PCT/EP2014/056507,2014-04-01,NST
14782237,PCT/JP2013/060712,2013-04-09,NST
14782238,PCT/EP14/56467,2014-03-31,NST
14782239,PCT/EP2014/055029,2014-03-13,NST
14782240,PCT/IB2014/059928,2014-03-18,NST
14782242,PCT/EP2014/055522,2014-03-19,NST
14782243,PCT/JP2013/003995,2013-06-26,NST
14782244,PCT/JP2014/053999,2014-02-20,NST
14782245,PCT/EP2014/056775,2014-04-04,NST
14782246,PCT/KR2014/002940,2014-04-04,NST
14782247,PCT/EP2014/053920,2014-02-28,NST
14782248,PCT/FR2014/050572,2014-03-13,NST
14782249,PCT/EP2014/052681,2014-12-12,NST
14782250,PCT/EP2014/057093,2014-04-08,NST
14782251,PCT/US2014/032833,2014-04-03,NST
14782252,PCT/DE2014/100111,2014-04-01,NST
14782253,PCT/JP2014/059828,2014-04-03,NST
14782254,PCT/EP2014/058179,2014-04-23,NST
14782255,PCT/JP2014/001644,2014-03-20,NST
14782256,PCT/EP2014/056797,2014-04-04,NST
14782257,PCT/US2014/032342,2014-03-31,NST
14782258,PCT/US13/35130,2013-04-03,NST
14782259,PCT/EP2014/056761,2014-04-03,NST
14782260,PCT/US2014/032762,2014-04-03,NST
14782261,PCT/SG2013/000138,2013-04-05,NST
14782262,PCT/AU2014/000192,2014-03-03,NST
14782263,PCT/US2014/033948,2014-04-14,NST
14782264,PCT/CA2013/050266,2013-04-02,NST
14782265,PCT/EP2014/056741,2014-04-03,NST
14782266,PCT/US2014/032521,2014-04-01,NST
14782268,PCT/AU2014/000367,2014-04-04,NST
14782269,PCT/US2014/032893,2014-04-03,NST
14782270,PCT/SG2013/000137,2013-04-05,NST
14782271,PCT/EP2014/056628,2014-04-02,NST
14782272,PCT/DK2014/050104,2014-04-22,NST
14782273,PCT/EP2014/000946,2014-04-09,NST
14782274,PCT/EP2014/056591,2014-04-02,NST
14782275,PCT/JP2014/059805,2014-04-03,NST
14782276,PCT/KR2014/002844,2014-04-02,NST
14782277,PCT/JP2014/001946,2014-04-03,NST
14782278,PCT/EP2014/056502,2014-04-01,NST
14782279,PCT/AU2014/000093,2014-02-07,NST
14782280,PCT/SG2013/000136,2013-04-05,NST
14782281,PCT/CH2014/000031,2014-03-17,NST
14782282,PCT/US2014/033032,2014-04-04,NST
14782283,PCT/EP2014/000882,2014-04-02,NST
14782284,PCT/CN2014/074368,2014-03-31,NST
14782285,61808118,2013-04-03,PRO
14782285,PCT/US14/32838,2014-04-03,NST
14782286,PCT/SG2014/000155,2014-04-08,NST
14782287,PCT/EP2014/056642,2014-04-03,NST
14782288,61808897,2013-04-05,PRO
14782288,61914362,2013-12-10,PRO
14782288,61930331,2014-01-22,PRO
14782288,PCT/US14/32815,2014-04-03,NST
14782289,PCT/JP2014/058849,2014-03-27,NST
14782290,PCT/JP2014/059552,2014-03-31,NST
14782291,PCT/EP2014/000884,2014-04-02,NST
14782292,PCT/JP2014/058851,2014-03-27,NST
14782294,PCT/US2014/032936,2014-04-04,NST
14782295,PCT/EP2014/000904,2014-04-04,NST
14782296,PCT/SG2013/000139,2013-04-05,NST
14782297,61808437,2013-04-04,PRO
14782297,PCT/US14/31674,2014-03-25,NST
14782298,PCT/EP2014/055446,2014-03-18,NST
14782300,PCT/CN13/73976,2013-04-09,NST
14782301,PCT/EP2014/055863,2014-03-24,NST
14782302,PCT/IB2014/060395,2014-04-03,NST
14782303,PCT/EP2014/055862,2014-03-24,NST
14782304,61809148,2013-04-05,PRO
14782304,PCT/US14/33080,2014-04-04,NST
14782305,PCT/SG2013/000140,2013-04-05,NST
14782306,PCT/JP2014/054357,2014-02-24,NST
14782307,61801052,2013-03-15,PRO
14782307,PCT/US14/30649,2014-03-17,NST
14782308,PCT/EP2014/056601,2014-04-02,NST
14782309,PCT/JP2014/080838,2014-11-21,NST
14782311,PCT/KR2014/003850,2014-04-30,NST
14782312,PCT/KR2014/005051,2014-06-09,NST
14782313,PCT/UA2014/000040,2013-04-03,NST
14782314,PCT/US2013/035166,2013-04-03,NST
14782315,PCT/AU2014/000366,2014-04-04,NST
14782316,PCT/EP2014/055442,2014-03-18,NST
14782317,PCT/US2013/035172,2013-04-03,NST
14782318,PCT/SG2014/000218,2013-05-19,NST
14782319,PCT/EP2014/056756,2014-04-03,NST
14782320,PCT/IB2014/060754,2014-04-16,NST
14782321,61778384,2013-03-12,PRO
14782321,PCT/US14/23674,2014-03-11,NST
14782323,PCT/US2013/035147,2013-04-03,NST
14782324,PCT/IB2013/052916,2013-04-12,NST
14782325,PCT/US2014/033056,2014-04-04,NST
14782326,PCT/IB2014/060547,2014-04-09,NST
14782327,PCT/EP2014/057531,2014-04-14,NST
14782328,PCT/JP2014/059375,2014-03-28,NST
14782329,PCT/KR2014/001622,2014-02-27,NST
14782330,PCT/KR2014/001623,2014-02-27,NST
14782331,PCT/CN2014/079100,2014-06-03,NST
14782332,PCT/JP2013/082633,2013-12-04,NST
14782333,PCT/IB2014/060419,2014-04-04,NST
14782334,PCT/US2014/032955,2014-04-04,NST
14782335,61808709,2013-04-05,PRO
14782335,PCT/US13/51929,2013-07-25,NST
14782336,PCT/JP2014/057663,2014-03-20,NST
14782337,PCT/JP2014/060792,2014-04-16,NST
14782338,PCT/JP2014/059645,2014-04-01,NST
14782339,61808672,2013-04-05,PRO
14782339,PCT/US14/33004,2014-04-04,NST
14782340,PCT/KR2014/002918,2014-04-04,NST
14782341,PCT/CA2014/000310,2014-04-03,NST
14782342,PCT/EP2014/056504,2014-04-01,NST
14782343,PCT/US2014/034158,2014-04-15,NST
14782344,PCT/EP2014/000662,2014-03-12,NST
14782345,PCT/CN2013/073768,2013-04-05,NST
14782346,61808447,2013-04-04,PRO
14782346,PCT/US14/33062,2014-04-04,NST
14782347,PCT/US2014/032464,2014-04-01,NST
14782348,PCT/EP2014/053342,2014-02-20,NST
14782349,61812515,2013-04-16,PRO
14782349,PCT/US14/32068,2014-03-27,NST
14782350,PCT/IB14/60646,2014-04-11,NST
14782351,PCT/JP2015/055881,2015-02-27,NST
14782352,PCT/CN2014/074961,2014-04-09,NST
14782353,PCT/EP2014/000661,2014-03-12,NST
14782355,PCT/EP2014/056901,2014-04-07,NST
14782356,PCT/EP2014/057932,2014-04-17,NST
14782357,61829366,2013-05-31,PRO
14782357,PCT/US14/37628,2014-05-12,NST
14782358,PCT/KR2014/003009,2014-04-07,NST
14782359,61815042,2013-04-23,PRO
14782359,PCT/US14/20193,2014-03-04,NST
14782360,PCT/EP2014/056904,2014-04-07,NST
14782361,PCT/EP2014/056481,2014-03-31,NST
14782362,PCT/IB2014/060418,2014-04-04,NST
14782363,PCT/EP2013/057017,2013-04-03,NST
14782364,PCT/EP2013/057175,2013-04-05,NST
14782366,PCT/EP2013/057177,2013-04-05,NST
14782368,PCT/SE2014/050412,2014-04-04,NST
14782369,PCT/JP2014/057738,2014-03-20,NST
14782370,PCT/EP2014/056045,2014-03-26,NST
14782371,PCT/JP2014/057233,2014-03-18,NST
14782372,PCT/EP2013/057178,2013-04-05,NST
14782374,PCT/JP2014/002127,2014-04-15,NST
14782375,PCT/JP2014/057586,2014-03-19,NST
14782376,PCT/GB2014/051050,2014-04-04,NST
14782377,PCT/US13/35743,2013-04-09,NST
14782378,PCT/EP2014/055288,2014-03-17,NST
14782379,PCT/SE2014/000034,2014-04-03,NST
14782380,PCT/US13/48944,2013-07-01,NST
14782381,PCT/EP2014/056563,2014-04-02,NST
14782382,PCT/EP2014/056635,2014-04-03,NST
14782384,PCT/EP2015/000316,2015-02-13,NST
14782385,PCT/DK2014/050079,2014-04-02,NST
14782386,13857312,2013-04-05,CON
14782386,PCT/US14/33110,2014-04-05,NST
14782387,PCT/EP2014/000657,2014-03-12,NST
14782388,PCT/KR2014/000009,2014-01-02,NST
14782389,PCT/JP2014/057536,2014-03-19,NST
14782390,61808938,2013-04-05,PRO
14782390,PCT/US14/33189,2014-04-07,NST
14782391,PCT/EP2014/000641,2014-03-11,NST
14782392,61810222,2013-04-09,PRO
14782392,61823865,2013-05-15,PRO
14782392,PCT/US14/33560,2014-04-09,NST
14782394,PCT/KR2014/002997,2014-04-07,NST
14782395,PCT/JP2013/062031,2013-04-24,NST
14782397,PCT/US14/31838,2014-03-26,NST
14782398,PCT/JP2014/053535,2014-02-14,NST
14782399,PCT/KR2014/003105,2014-04-10,NST
14782400,PCT/EP2014/056777,2014-04-04,NST
14782401,61809195,2013-04-05,PRO
14782401,PCT/US14/33176,2014-04-07,NST
14782402,61809262,2013-04-05,PRO
14782402,PCT/US14/33227,2014-04-07,NST
14782404,PCT/GB2014/051010,2014-03-31,NST
14782405,PCT/EP2014/056998,2014-04-08,NST
14782406,PCT/KR2014/003008,2014-04-07,NST
14782407,PCT/US2014/020140,2014-03-04,NST
14782408,PCT/GB2014/051011,2014-03-31,NST
14782409,PCT/FI2013/050381,2013-04-08,NST
14782410,PCT/FR2014/050800,2014-04-03,NST
14782411,PCT/IB2014/060437,2014-04-04,NST
14782412,PCT/IB2014/060435,2014-04-04,NST
14782413,PCT/EP2014/056132,2014-03-27,NST
14782414,PCT/EP2014/000737,2014-03-18,NST
14782415,61808939,2013-04-05,PRO
14782415,PCT/US14/33065,2014-04-04,NST
14782416,PCT/KR2014/003001,2013-04-07,NST
14782417,PCT/EP2014/059448,2014-05-08,NST
14782418,PCT/KR2014/002999,2014-04-07,NST
14782419,PCT/KR2014/003097,2014-04-10,NST
14782420,61808967,2013-04-05,PRO
14782420,PCT/US14/32951,2014-04-04,NST
14782421,PCT/JP2014/059758,2014-04-02,NST
14782422,PCT/US2014/033012,2014-04-04,NST
14782423,PCT/JP2014/060133,2014-04-08,NST
14782424,PCT/JP2014/060397,2014-04-10,NST
14782425,PCT/EP2014/055798,2014-03-24,NST
14782426,PCT/EP2014/055692,2014-03-21,NST
14782427,PCT/JP2013/061032,2013-04-12,NST
14782428,PCT/JP2014/002131,2014-04-15,NST
14782429,PCT/CA13/00317,2013-04-03,NST
14782430,PCT/MY2014/000041,2014-03-27,NST
14782432,PCT/GB2014/051032,2014-04-02,NST
14782433,PCT/EP2014/053916,2014-02-28,NST
14782434,PCT/JP2014/059483,2014-03-31,NST
14782435,PCT/US2014/030954,2014-03-18,NST
14782437,PCT/EP2014/056822,2014-04-04,NST
14782438,PCT/KR2014/003013,2014-04-07,NST
14782439,PCT/JP2013/063275,2013-05-13,NST
14782440,PCT/KR14/03134,2014-04-11,NST
14782441,PCT/KR14/03007,2014-04-07,NST
14782442,PCT/JP13/61767,2013-04-22,NST
14782444,PCT/JP2014/057564,2014-03-19,NST
14782449,61809071,2013-04-05,PRO
14782449,61840300,2013-06-27,PRO
14782449,PCT/US14/33055,2014-04-04,NST
14782450,PCT/IB2014/060246,2014-03-28,NST
14782451,PCT/EP2013/076455,2013-12-12,NST
14782452,PCT/JP2013/060346,2013-04-04,NST
14782453,PCT/KR2014/003171,2014-04-14,NST
14782454,PCT/JP2014/001938,2014-04-03,NST
14782458,PCT/EP2014/056881,2014-04-04,NST
14782459,PCT/IB2014/060530,2014-04-08,NST
14782460,PCT/EP2014/056526,2014-04-01,NST
14782462,61808608,2013-04-04,PRO
14782462,61819743,2013-05-06,PRO
14782462,PCT/US14/33086,2014-04-04,NST
14782464,PCT/IB14/60420,2014-04-04,NST
14782467,PCT/KR2014/002951,2014-04-07,NST
14782468,PCT/KR2014/002542,2014-03-26,NST
14782469,PCT/JP2014/061229,2014-04-22,NST
14782470,PCT/EP14/54116,2014-03-04,NST
14782472,PCT/US14/32990,2014-04-04,NST
14782474,61808361,2013-04-04,PRO
14782474,PCT/US14/33028,2014-04-04,NST
14782476,61826162,2013-05-22,PRO
14782476,PCT/US14/38027,2014-05-15,NST
14782477,PCT/JP2014/001418,2014-03-13,NST
14782478,PCT/IB2014/060164,2014-03-26,NST
14782479,61810475,2013-04-10,PRO
14782479,PCT/US14/33619,2014-04-10,NST
14782481,PCT/KR2013/002846,2013-04-05,NST
14782482,PCT/JP2013/060199,2013-04-03,NST
14782487,61813726,2013-04-19,PRO
14782487,PCT/US14/30140,2014-03-17,NST
14782488,PCT/JP2014/059953,2014-04-04,NST
14782489,PCT/EP2014/056166,2014-03-27,NST
14782490,PCT/EP2014/058278,2014-04-23,NST
14782491,PCT/EP2014/054352,2014-03-06,NST
14782492,PCT/JP2014/061474,2014-04-23,NST
14782493,PCT/US2014/033008,2014-04-04,NST
14782494,61818109,2013-05-01,PRO
14782494,61821975,2013-05-10,PRO
14782494,PCT/US14/36414,2014-05-01,NST
14782495,PCT/EP2014/056677,2014-04-03,NST
14782496,PCT/EP2014/056765,2014-04-04,NST
14782497,PCT/EP2014/052624,2014-02-11,NST
14782498,PCT/JP2014/058709,2014-03-27,NST
14782499,PCT/EP2014/056871,2014-04-04,NST
14782500,PCT/US2014/034799,2014-04-21,NST
14782501,PCT/EP2014/056792,2014-04-04,NST
14782502,PCT/US14/25250,2014-03-13,NST
14782504,PCT/KR2014/003006,2014-04-07,NST
14782505,PCT/JP2014/060167,2014-04-08,NST
14782506,PCT/KR2014/003003,2014-04-07,NST
14782507,PCT/JP2014/059952,2014-04-04,NST
14782508,PCT/KR2014/003005,2014-04-07,NST
14782509,PCT/JP2014/054783,2014-02-20,NST
14782510,PCT/KR2014/002998,2014-04-07,NST
14782511,PCT/EP2014/056800,2014-04-04,NST
14782512,PCT/IB2013/002444,2013-11-05,NST
14782513,PCT/JP14/60864,2014-04-16,NST
14782514,PCT/EP2014/053922,2014-02-28,NST
14782516,PCT/IB2014/060381,2014-04-02,NST
14782517,PCT/GB2014/051033,2014-04-02,NST
14782518,PCT/JP14/59955,2014-04-04,NST
14782519,PCT/KR2014/002959,2014-04-07,NST
14782520,PCT/EP2014/056572,2014-04-02,NST
14782521,61809110,2013-04-05,PRO
14782521,PCT/US14/32942,2014-04-04,NST
14782522,PCT/EP2014/055243,2014-03-17,NST
14782523,61809684,2013-04-08,PRO
14782523,PCT/US14/33153,2014-04-07,NST
14782524,PCT/AU2015/050030,2015-01-30,NST
14782525,PCT/JP2013/076437,2013-09-27,NST
14782526,PCT/GB2014/051083,2014-04-07,NST
14782527,PCT/SE2014/050376,2014-03-28,NST
14782528,PCT/GB2014/050974,2014-03-27,NST
14782529,PCT/US2014/033002,2014-04-04,NST
14782531,PCT/CA2014/050346,2014-04-04,NST
14782532,PCT/GB2014/051146,2014-04-11,NST
14782534,PCT/KR2014/002939,2014-04-04,NST
14782535,PCT/KR2014/002995,2014-04-07,NST
14782536,PCT/KR2014/002996,2014-04-07,NST
14782537,PCT/US2014/033016,2014-04-04,NST
14782538,PCT/EP2014/056784,2014-04-04,NST
14782539,PCT/KR2013/009957,2013-11-05,NST
14782540,PCT/GB2014/051075,2014-04-07,NST
14782541,PCT/EP2014/052993,2014-02-17,NST
14782542,PCT/JP2014/061153,2014-04-21,NST
14782543,61808628,2013-04-05,PRO
14782543,PCT/US14/33163,2014-04-07,NST
14782544,PCT/KR2014/010335,2014-10-31,NST
14782545,PCT/EP2014/054127,2014-03-04,NST
14782546,PCT/SG2014/000152,2014-04-04,NST
14782547,PCT/US2014/032665,2014-04-02,NST
14782548,PCT/EP2014/055746,2014-03-21,NST
14782549,PCT/KR2014/003011,2014-04-07,NST
14782550,PCT/JP2014/060722,2014-04-15,NST
14782551,PCT/KR2014/002988,2014-04-07,NST
14782552,PCT/KR2013/002847,2013-04-05,NST
14782556,PCT/IB2014/060489,2014-04-07,NST
14782557,PCT/GB2014/050950,2014-03-26,NST
14782558,PCT/CA14/50341,2014-04-04,NST
14782559,PCT/KR2014/003012,2014-04-07,NST
14782560,PCT/FR2014/050375,2014-02-24,NST
14782561,PCT/KR2014/003318,2014-04-16,NST
14782562,PCT/JP2014/060022,2014-04-04,NST
14782563,PCT/JP2014/001782,2014-03-27,NST
14782564,PCT/AU2014/000362,2014-04-04,NST
14782565,PCT/EP2014/057405,2014-04-11,NST
14782566,PCT/KR2013/010619,2013-11-21,NST
14782567,PCT/KR2013/006874,2013-07-31,NST
14782568,PCT/JP2014/059774,2014-04-02,NST
14782569,PCT/FI2014/050241,2014-04-07,NST
14782570,PCT/EP2014/056959,2014-04-07,NST
14782571,PCT/EP2013/076886,2013-12-17,NST
14782572,PCT/DK2014/050080,2014-04-04,NST
14782573,PCT/EP2014/056625,2014-04-02,NST
14782574,PCT/IB2014/000457,2014-04-01,NST
14782575,PCT/AU2014/000370,2014-04-04,NST
14782577,PCT/JP2014/001951,2014-04-03,NST
14782578,PCT/EP2014/056674,2014-04-03,NST
14782579,PCT/JP2014/059824,2014-04-03,NST
14782580,PCT/KR2014/002331,2014-03-20,NST
14782584,PCT/JP2014/001667,2014-03-24,NST
14782585,61808575,2013-04-04,PRO
14782585,PCT/US14/33093,2014-04-04,NST
14782587,PCT/SG2013/000446,2013-10-17,NST
14782588,PCT/EP2014/057797,2014-04-16,NST
14782590,PCT/US2014/032876,2014-04-03,NST
14782591,61808606,2013-04-04,PRO
14782591,PCT/US14/32930,2014-04-04,NST
14782592,PCT/KR2014/002932,2014-04-04,NST
14782594,PCT/EP2014/056348,2014-03-28,NST
14782598,PCT/JP2014/002036,2014-04-09,NST
14782599,PCT/AU2014/050008,2014-03-31,NST
14782600,PCT/IB2014/060398,2014-04-03,NST
14782601,61809375,2013-04-07,PRO
14782601,PCT/IB14/60461,2014-04-06,NST
14782602,PCT/JP2014/002005,2014-04-08,NST
14782604,PCT/JP2014/054325,2014-02-24,NST
14782607,PCT/EP2014/056028,2014-03-26,NST
14782608,PCT/JP2013/061088,2013-04-12,NST
14782609,PCT/IN2013/000391,2013-06-25,NST
14782610,PCT/US2014/038703,2014-05-20,NST
14782611,PCT/EP2013/057694,2013-04-12,NST
14782612,PCT/EP2014/057191,2014-04-09,NST
14782613,PCT/US13/36376,2013-04-12,NST
14782614,PCT/JP2014/081169,2014-11-26,NST
14782615,61812479,2013-04-16,PRO
14782615,PCT/US14/34197,2014-04-15,NST
14782617,PCT/JP2014/065302,2014-06-10,NST
14782618,PCT/US2014/033431,2014-04-09,NST
14782619,PCT/JP2014/081168,2014-11-26,NST
14782620,PCT/JP2013/061063,2013-04-12,NST
14782621,PCT/EP2014/000742,2014-03-18,NST
14782622,PCT/EP2014/056983,2014-04-08,NST
14782624,PCT/EP2014/056038,2014-03-26,NST
14782626,PCT/AU2014/000383,2014-04-10,NST
14782627,PCT/CN2013/081710,2013-08-17,NST
14782628,PCT/JP13/63271,2013-05-13,NST
14782629,PCT/JP2014/060134,2014-04-08,NST
14782630,61813378,2013-04-18,PRO
14782630,61857490,2013-07-23,PRO
14782630,PCT/US14/34559,2014-04-17,NST
14782631,PCT/EP2014/057050,2014-04-08,NST
14782632,PCT/EP2013/057624,2013-04-11,NST
14782634,PCT/JP2014/060235,2014-04-02,NST
14782636,61809549,2013-04-08,PRO
14782636,PCT/US14/32443,2014-04-01,NST
14782637,PCT/JP2013/072292,2013-08-21,NST
14782638,PCT/JP2014/055352,2014-03-04,NST
14782640,PCT/US2014/033620,2014-04-10,NST
14782641,PCT/KR2014/003233,2014-04-15,NST
14782642,PCT/US2014/033660,2014-04-10,NST
14782643,PCT/FI2013/050396,2013-04-11,NST
14782644,PCT/RU2014/000257,2014-04-08,NST
14782647,PCT/US2014/033335,2014-04-08,NST
14782648,PCT/IB2014/060620,2014-04-10,NST
14782649,PCT/EP2014/054726,2014-03-11,NST
14782650,PCT/GB2014/051106,2014-04-09,NST
14782651,PCT/EP2014/057223,2014-04-10,NST
14782652,PCT/US2014/031974,2014-03-27,NST
14782654,PCT/GB2014/051105,2014-04-09,NST
14782655,PCT/EP14/56970,2014-04-08,NST
14782656,PCT/CN14/76219,2014-04-25,NST
14782657,PCT/EP2014/056996,2014-04-08,NST
14782659,PCT/EP2014/057257,2014-04-10,NST
14782660,PCT/IB2014/060507,2014-04-07,NST
14782661,PCT/FR2014/050808,2014-04-03,NST
14782664,PCT/EP2014/056971,2014-04-08,NST
14782667,PCT/EP2014/056967,2014-04-08,NST
14782668,PCT/EP2014/056969,2014-04-08,NST
14782669,PCT/US2013/049230,2013-07-03,NST
14782670,PCT/EP2014/057147,2014-04-09,NST
14782673,PCT/EP2014/056505,2014-04-01,NST
14782674,PCT/JP2014/001958,2014-04-04,NST
14782677,61814141,2013-04-19,PRO
14782677,PCT/US14/34691,2014-04-18,NST
14782679,PCT/FR2014/050820,2014-04-04,NST
14782680,PCT/IT2013/000100,2013-04-08,NST
14782682,PCT/NL2014/050221,2014-04-08,NST
14782684,PCT/EP2014/057366,2014-04-11,NST
14782687,PCT/JP2014/061226,2014-04-22,NST
14782688,PCT/JP2014/061155,2014-04-21,NST
14782689,PCT/EP2014/057889,2014-04-17,NST
14782690,PCT/IB2014/060253,2014-03-28,NST
14782691,PCT/JP2013/060746,2013-04-09,NST
14782692,PCT/EP2013/077653,2013-12-20,NST
14782693,PCT/JP2014/060739,2014-04-15,NST
14782694,PCT/US2013/069382,2013-11-11,NST
14782697,PCT/JP2013/007482,2013-12-19,NST
14782698,PCT/EP2014/056661,2014-04-03,NST
14782699,61810149,2013-04-09,PRO
14782699,61942175,2014-02-20,PRO
14782699,PCT/US14/33528,2014-04-09,NST
14782700,PCT/JP2013/061013,2013-04-12,NST
14782701,PCT/EP2014/057269,2014-04-10,NST
14782702,PCT/JP2013/061065,2013-04-12,NST
14782704,PCT/GB2014/000134,2014-04-07,NST
14782707,PCT/NO2014/050047,2014-04-03,NST
14782708,PCT/IB2014/000448,2014-03-31,NST
14782709,PCT/JP2014/059681,2014-04-01,NST
14782710,PCT/US2013/039896,2013-05-07,NST
14782711,PCT/JP2014/001875,2014-03-31,NST
14782712,61811037,2013-04-11,PRO
14782712,PCT/US14/33816,2014-04-11,NST
14782713,PCT/JP14/61154,2014-04-21,NST
14782714,PCT/JP2014/001965,2014-04-04,NST
14782715,61810690,2013-04-10,PRO
14782715,PCT/US14/33690,2014-04-10,NST
14782717,PCT/SE2014/050442,2014-04-10,NST
14782718,PCT/JP2014/059768,2014-04-02,NST
14782719,PCT/GB2014/051148,2014-04-11,NST
14782720,PCT/EP2014/056158,2014-03-27,NST
14782721,PCT/EP2014/057193,2014-04-09,NST
14782722,PCT/EP2014/000741,2014-03-18,NST
14782724,PCT/CN2014/076183,2014-04-25,NST
14782727,PCT/IB2014/060401,2014-04-03,NST
14782728,PCT/JP2014/059820,2014-04-03,NST
14782729,PCT/GB2014/051149,2014-04-11,NST
14782730,PCT/EP2014/058532,2014-04-28,NST
14782731,PCT/CA2014/000341,2014-04-09,NST
14782732,PCT/EP2014/077463,2014-12-11,NST
14782734,PCT/IB2014/060609,2014-04-10,NST
14782735,PCT/JP2014/064229,2014-05-29,NST
14782736,PCT/KR2014/001803,2014-03-05,NST
14782737,PCT/EP2014/001069,2014-04-22,NST
14782738,PCT/FR2014/050726,2014-03-27,NST
14782739,PCT/JP2014/059112,2014-03-28,NST
14782740,PCT/JP2015/053181,2015-02-05,NST
14782741,PCT/AU2014/000374,2014-04-08,NST
14782742,PCT/EP2014/057002,2014-04-08,NST
14782744,PCT/JP2014/060401,2014-04-10,NST
14782746,PCT/US2014/032407,2014-03-31,NST
14782747,PCT/JP2014/062903,2014-05-15,NST
14782748,61811310,2013-04-12,PRO
14782748,PCT/US14/33831,2014-04-11,NST
14782750,PCT/KR2014/003461,2014-04-21,NST
14782751,PCT/EP2014/055501,2014-03-19,NST
14782752,PCT/EP2014/057069,2014-04-08,NST
14782754,PCT/EP2014/056204,2014-03-27,NST
14782755,PCT/EP2014/056946,2014-04-07,NST
14782757,PCT/FR2014/050973,2014-04-22,NST
14782758,PCT/EP2014/051047,2014-01-20,NST
14782759,PCT/FR2014/050938,2014-04-17,NST
14782760,PCT/EP2013/057472,2013-04-10,NST
14782761,PCT/JP2014/001984,2014-04-07,NST
14782762,PCT/IB2014/060553,2014-04-09,NST
14782764,PCT/JP2014/061814,2014-04-28,NST
14782765,PCT/JP2014/061156,2014-04-21,NST
14782766,PCT/CN2014/072599,2014-02-27,NST
14782767,PCT/EP2014/056873,2014-04-04,NST
14782768,PCT/JP2013/060874,2013-04-10,NST
14782769,PCT/CA2014/050309,2014-03-25,NST
14782770,PCT/EP2014/056876,2014-04-04,NST
14782771,PCT/EP2014/056653,2014-04-03,NST
14782772,PCT/US2014/033870,2014-04-11,NST
14782774,PCT/IB14/60366,2014-04-02,NST
14782775,PCT/JP2013/060738,2013-04-09,NST
14782776,PCT/JP2013/060626,2013-04-08,NST
14782777,PCT/EP2014/056206,2014-03-27,NST
14782778,PCT/JP2014/056681,2014-03-13,NST
14782779,PCT/EP2014/057061,2014-04-08,NST
14782780,61821635,2013-05-09,PRO
14782780,PCT/US14/37084,2014-05-07,NST
14782781,61821635,2013-05-09,PRO
14782781,PCT/US13/75462,2013-12-16,NST
14782782,PCT/KR2014/004506,2014-05-20,NST
14782783,PCT/US2013/075474,2013-12-16,NST
14782784,61821635,2013-05-09,PRO
14782784,PCT/US13/75470,2013-12-16,NST
14782785,PCT/EP2014/053160,2014-02-18,NST
14782786,PCT/FR2014/050886,2014-04-11,NST
14782787,PCT/US2014/019653,2014-02-28,NST
14782788,PCT/JP2014/055545,2014-03-05,NST
14782789,PCT/JP2014/068348,2014-07-09,NST
14782790,PCT/AU2014/000445,2014-04-22,NST
14782791,PCT/IB2014/060577,2014-04-09,NST
14782792,PCT/EP2014/057316,2014-04-10,NST
14782793,PCT/IB2014/060619,2014-04-10,NST
14782798,PCT/US2014/033981,2014-04-14,NST
14782799,PCT/TR2014/000035,2014-02-17,NST
14782800,PCT/EP2014/052992,2014-02-17,NST
14782801,PCT/EP2014/057174,2014-04-09,NST
14782802,PCT/JP2014/055434,2014-03-04,NST
14782803,PCT/US2014/033987,2014-04-14,NST
14782813,PCT/EP2014/058298,2014-04-24,NST
14782814,PCT/IB2014/060368,2014-04-02,NST
14782815,PCT/EP2014/057042,2014-04-08,NST
14782816,PCT/EP2014/000613,2014-03-10,NST
14782817,PCT/EP2014/055126,2014-03-14,NST
14782818,PCT/CN2013/000401,2013-04-07,NST
14782819,PCT/JP2013/065884,2013-06-07,NST
14782820,PCT/JP2015/056779,2015-03-09,NST
14782821,PCT/EP2014/000243,2014-01-29,NST
14782822,PCT/JP2014/001976,2014-04-07,NST
14782823,PCT/FI2014/050269,2014-04-14,NST
14782824,PCT/EP2014/057014,2014-04-08,NST
14782825,PCT/GB2014/050911,2014-03-24,NST
14782826,PCT/CA2014/000340,2014-04-09,NST
14782827,PCT/EP2014/053821,2014-02-27,NST
14782828,PCT/JP2013/060724,2013-04-09,NST
14782829,PCT/EP2014/056937,2014-04-07,NST
14782830,PCT/JP2014/060463,2014-04-11,NST
14782831,PCT/JP2013/002412,2013-04-09,NST
14782832,PCT/JP2014/059742,2014-04-02,NST
14782833,PCT/IB2013/059811,2013-10-31,NST
14782834,PCT/EP2014/055686,2014-03-21,NST
14782835,PCT/JP2014/059171,2014-03-28,NST
14782836,PCT/EP2013/067659,2013-08-27,NST
14782837,PCT/JP2014/052561,2014-02-04,NST
14782838,PCT/JP2014/053853,2014-02-19,NST
14782839,PCT/JP2014/060048,2014-04-07,NST
14782840,61809563,2013-04-08,PRO
14782840,PCT/US14/32938,2014-04-04,NST
14782841,PCT/US2014/036593,2014-05-02,NST
14782842,PCT/EP2013/057491,2013-04-10,NST
14782843,PCT/KR2013/010545,2013-11-20,NST
14782844,PCT/US2014/033841,2014-04-11,NST
14782845,PCT/JP2014/059250,2014-03-28,NST
14782846,PCT/JP2014/060324,2014-04-09,NST
14782847,PCT/EP2014/057076,2014-04-08,NST
14782848,PCT/JP2014/079527,2014-11-07,NST
14782850,PCT/IB2013/052798,2013-04-08,NST
14782851,PCT/IB2014/000534,2014-04-04,NST
14782852,PCT/IB2014/000506,2014-04-09,NST
14782853,PCT/JP2014/001392,2014-03-12,NST
14782854,PCT/AT2014/050094,2014-04-16,NST
14782855,PCT/EP2014/055472,2014-03-19,NST
14782856,PCT/US2013/036498,2013-04-12,NST
14782857,PCT/EP2014/056976,2014-04-08,NST
14782858,PCT/EP2014/000409,2014-02-14,NST
14782859,PCT/JP2014/057928,2014-03-21,NST
14782860,PCT/CN13/77505,2013-06-19,NST
14782861,PCT/JP2015/052038,2015-01-26,NST
14782863,PCT/FR2014/050743,2014-03-28,NST
14782864,PCT/GB2013/000156,2013-04-08,NST
14782865,PCT/EP2014/055604,2014-03-20,NST
14782866,PCT/AU2014/000235,2014-03-11,NST
14782867,PCT/US2014/034899,2014-04-22,NST
14782868,PCT/JP2014/060109,2014-04-07,NST
14782869,PCT/DE2014/200389,2014-08-07,NST
14782870,PCT/EP2014/054678,2014-03-11,NST
14782871,PCT/US2014/033435,2014-04-09,NST
14782872,PCT/EP2014/057128,2014-04-09,NST
14782873,PCT/JP2014/060189,2014-04-08,NST
14782874,PCT/CN2013/074000,2013-04-10,NST
14782875,PCT/EP2014/055902,2014-03-25,NST
14782876,61809702,2013-04-08,PRO
14782876,PCT/US14/33343,2014-04-08,NST
14782877,PCT/GB2014/051077,2014-04-07,NST
14782878,PCT/US2014/033714,2014-04-11,NST
14782879,PCT/FI2014/050251,2014-04-08,NST
14782880,PCT/US2015/029594,2015-05-07,NST
14782882,PCT/JP2013/060646,2013-04-08,NST
14782883,61814005,2013-04-19,PRO
14782883,PCT/US14/34806,2014-04-21,NST
14782884,PCT/JP2014/002601,2014-05-16,NST
14782885,PCT/JP2014/062363,2014-05-08,NST
14782886,PCT/EP2014/056699,2014-04-03,NST
14782887,61809606,2013-04-08,PRO
14782887,61843286,2013-07-05,PRO
14782887,61901237,2013-11-07,PRO
14782887,PCT/US14/33365,2014-04-08,NST
14782888,PCT/IB2014/060538,2014-04-08,NST
14782889,PCT/FR2014/050817,2014-04-04,NST
14782890,PCT/JP2015/052339,2015-01-28,NST
14782891,PCT/JP2013/060772,2013-04-10,NST
14782892,PCT/JP2014/001971,2014-04-04,NST
14782893,PCT/JP2014/055521,2014-03-04,NST
14782894,PCT/JP2014/081167,2014-11-26,NST
14782895,PCT/EP2014/056933,2014-04-07,NST
14782896,PCT/JP2014/051336,2014-01-23,NST
14782897,PCT/EP2014/057452,2014-04-11,NST
14782901,PCT/EP2014/057087,2014-04-08,NST
14782902,PCT/EP2014/056986,2014-04-08,NST
14782904,PCT/GB2014/051190,2014-04-16,NST
14782906,PCT/EP2013/057296,2013-04-08,NST
14782908,PCT/US2014/034164,2014-04-15,NST
14782909,PCT/EP2014/056902,2014-04-07,NST
14782910,PCT/JP2014/001967,2014-04-04,NST
14782911,PCT/EP2014/055857,2014-03-24,NST
14782912,PCT/DK2014/050086,2014-04-10,NST
14782913,PCT/KR2014/003165,2014-04-14,NST
14782914,PCT/JP2014/058873,2014-03-27,NST
14782915,PCT/SE2013/050379,2013-04-08,NST
14782916,PCT/JP2014/062362,2014-05-08,NST
14782917,PCT/EP2014/056667,2014-04-03,NST
14782918,PCT/EP2013/057351,2013-04-09,NST
14782919,PCT/JP2013/060573,2013-04-08,NST
14782920,PCT/JP2014/060293,2014-04-09,NST
14782921,PCT/RU2014/000245,2014-04-03,NST
14782922,PCT/KR2013/005652,2013-06-26,NST
14782923,PCT/JP2014/051534,2014-01-24,NST
14782924,PCT/NL2014/050189,2014-03-27,NST
14782925,PCT/FR2014/050815,2014-04-04,NST
14782926,PCT/EP2014/057116,2014-04-09,NST
14782927,PCT/IB2014/000499,2014-04-08,NST
14782928,PCT/JP2014/058962,2014-03-27,NST
14782929,PCT/GB2014/051096,2014-04-09,NST
14782930,PCT/JP2014/060242,2014-04-09,NST
14782931,PCT/KR2013/009700,2013-10-30,NST
14782932,PCT/JP2014/058961,2014-03-27,NST
14782933,PCT/JP2013/061329,2013-04-16,NST
14782934,PCT/IB2014/060209,2014-03-27,NST
14782935,61810056,2013-04-09,PRO
14782935,61941820,2014-02-19,PRO
14782935,PCT/US14/33568,2014-04-09,NST
14782936,PCT/US2014/033268,2014-04-08,NST
14782937,PCT/JP2015/065958,2015-06-02,NST
14782939,PCT/EP2013/057312,2013-04-08,NST
14782940,PCT/EP2013/057298,2013-04-08,NST
14782941,PCT/JP2014/056354,2014-03-11,NST
14782942,PCT/US2013/038713,2013-04-30,NST
14782943,PCT/JP2014/060474,2014-04-11,NST
14782945,PCT/CA2014/050163,2014-03-03,NST
14782946,PCT/EP2014/056815,2014-04-04,NST
14782948,PCT/EP2014/056691,2014-04-03,NST
14782949,PCT/JP2014/062177,2014-05-02,NST
14782950,PCT/EP2014/057265,2014-04-10,NST
14782951,PCT/EP2014/052766,2014-02-13,NST
14782952,PCT/AT2014/000094,2014-04-28,NST
14782953,PCT/EP2014/000846,2014-03-29,NST
14782954,PCT/EP2014/059707,2014-05-13,NST
14782955,PCT/JP2014/059881,2014-04-03,NST
14782956,PCT/EP2014/057703,2014-04-16,NST
14782957,PCT/KR2014/003043,2014-04-08,NST
14782958,PCT/US14/35856,2014-04-29,NST
14782959,PCT/JP2013/060630,2013-04-08,NST
14782960,PCT/FR2014/050863,2014-04-10,NST
14782962,PCT/JP2014/057778,2014-03-20,NST
14782963,PCT/JP2014/065492,2014-06-11,NST
14782964,PCT/EP2014/057018,2014-04-08,NST
14782965,PCT/CN2014/072890,2014-03-05,NST
14782966,PCT/SE2014/050295,2014-03-11,NST
14782967,PCT/CN2013/077556,2013-06-20,NST
14782969,PCT/JP2014/061894,2014-04-28,NST
14782970,PCT/JP2014/059938,2014-04-04,NST
14782971,PCT/JP2014/001924,2014-04-02,NST
14782975,PCT/GB2014/051109,2014-04-09,NST
14782981,PCT/EP2013/058025,2013-04-17,NST
14782983,PCT/CH2014/000040,2014-03-27,NST
14782991,PCT/KR2014/009061,2014-09-26,NST
14782994,PCT/EP2014/056455,2014-03-31,NST
14782997,PCT/EP2014/056947,2014-04-07,NST
14782998,PCT/KR2014/004008,2014-05-07,NST
14782999,PCT/CN2014/000420,2014-04-17,NST
14783000,PCT/JP2014/055904,2014-03-07,NST
14783001,PCT/KR2014/002974,2014-04-07,NST
14783002,PCT/EP2014/070228,2014-09-23,NST
14783003,PCT/EP2014/058422,2014-04-25,NST
14783004,PCT/JP2014/002011,2014-04-08,NST
14783005,PCT/IB2014/060444,2014-04-04,NST
14783006,PCT/CN2014/077853,2014-05-20,NST
14783007,PCT/US2013/046739,2013-06-20,NST
14783008,PCT/JP2013/061008,2013-04-12,NST
14783009,PCT/GB2014/051058,2014-04-04,NST
14783010,PCT/EP2014/057003,2014-04-08,NST
14783011,61817400,2013-04-30,PRO
14783011,PCT/US14/35864,2014-04-29,NST
14783013,PCT/EP2014/000975,2014-04-11,NST
14783014,PCT/EP2014/057817,2014-04-16,NST
14783015,PCT/IB2014/000493,2014-04-08,NST
14783016,PCT/JP2013/060641,2013-04-08,NST
14783017,PCT/GB2014/000153,2014-04-25,NST
14783018,PCT/CN2014/074784,2014-04-04,NST
14783019,PCT/SE2014/050429,2014-04-07,NST
14783020,PCT/EP2014/001127,2014-04-28,NST
14783021,PCT/KR2013/010890,2013-11-28,NST
14783022,PCT/RU2013/000306,2013-10-10,NST
14783023,PCT/EP2013/061484,2013-06-04,NST
14783027,PCT/JP2013/004326,2013-07-16,NST
14783031,PCT/IB2013/052854,2013-04-10,NST
14783032,PCT/JP2013/068464,2013-07-05,NST
14783033,PCT/EP2013/057306,2013-04-08,NST
14783034,61810628,2013-04-10,PRO
14783034,PCT/US14/33585,2014-04-10,NST
14783035,61853472,2013-04-08,PRO
14783035,PCT/US14/32996,2014-04-04,NST
14783036,PCT/FR2014/051251,2014-05-28,NST
14783037,PCT/EP2014/053182,2014-02-19,NST
14783038,PCT/GB2014/051108,2014-04-09,NST
14783039,PCT/EP2014/057120,2014-04-09,NST
14783040,PCT/GB2014/051081,2014-04-07,NST
14783041,PCT/IB2014/060612,2014-04-10,NST
14783042,PCT/CN2014/071596,2014-01-27,NST
14783043,PCT/US2014/039116,2014-05-22,NST
14783044,PCT/JP2014/059012,2014-03-27,NST
14783045,PCT/JP2014/001901,2014-03-31,NST
14783046,PCT/JP2014/001948,2014-04-03,NST
14783047,PCT/JP2014/058683,2014-03-26,NST
14783048,PCT/US2014/033649,2014-04-10,NST
14783049,PCT/EP2014/057523,2014-04-14,NST
14783050,PCT/JP2014/059780,2014-04-02,NST
14783051,61811502,2013-04-12,PRO
14783051,PCT/US14/33642,2014-04-10,NST
14783052,PCT/JP2014/002018,2014-04-09,NST
14783053,PCT/EP2014/057104,2014-04-09,NST
14783054,PCT/US2014/033770,2014-04-11,NST
14783055,61809660,2013-04-08,PRO
14783055,14146922,2014-01-03,CIP
14783055,PCT/US14/11291,2014-01-13,NST
14783056,PCT/EP2013/057278,2013-04-08,NST
14783058,PCT/EP2014/057105,2014-04-09,NST
14783060,PCT/JP2014/059967,2014-04-04,NST
14783061,PCT/JP2014/001623,2014-03-20,NST
14783062,PCT/EP2014/055333,2014-03-17,NST
14783063,PCT/NL2014/050210,2014-04-04,NST
14783064,PCT/EP2014/054571,2014-03-10,NST
14783065,PCT/GB2014/051091,2014-04-08,NST
14783066,PCT/JP2014/060190,2014-04-08,NST
14783067,PCT/US2013/040244,2013-05-09,NST
14783068,PCT/NO2014/050049,2014-04-07,NST
14783069,PCT/FR2014/050845,2014-04-09,NST
14783070,PCT/AU2014/000420,2014-04-11,NST
14783071,61853607,2013-04-09,PRO
14783071,PCT/US14/33381,2014-04-08,NST
14783072,PCT/EP2014/057008,2014-04-08,NST
14783073,PCT/JP2014/059630,2014-04-01,NST
14783074,PCT/AU2014/000349,2014-04-02,NST
14783075,PCT/JP2014/060252,2014-04-09,NST
14783076,PCT/US2014/033060,2014-04-04,NST
14783077,PCT/IN2013/000376,2013-06-18,NST
14783078,61811365,2013-04-12,PRO
14783078,PCT/US14/34056,2014-04-14,NST
14783079,PCT/CN2014/076601,2014-04-30,NST
14783080,PCT/EP2014/001002,2014-04-15,NST
14783081,PCT/TR2014/000136,2014-04-08,NST
14783082,PCT/CN2013/088927,2013-12-10,NST
14783083,PCT/JP2015/052337,2015-01-28,NST
14783084,PCT/EP2013/057719,2013-04-12,NST
14783085,PCT/KR2015/005890,2015-06-11,NST
14783086,PCT/IN2014/000187,2014-03-25,NST
14783088,PCT/US2014/032625,2014-04-02,NST
14783089,PCT/EP2014/057271,2014-04-10,NST
14783090,PCT/EP2014/057293,2014-04-10,NST
14783091,PCT/FI2014/050252,2014-04-08,NST
14783092,PCT/EP2014/057774,2014-04-16,NST
14783093,PCT/IB2014/060723,2014-04-15,NST
14783094,PCT/JP2014/001257,2014-03-06,NST
14783096,PCT/US2013/037354,2013-04-19,NST
14783097,PCT/JP2014/060059,2014-04-07,NST
14783098,PCT/JP2014/060584,2014-04-14,NST
14783099,61810928,2013-04-11,PRO
14783099,PCT/US14/33801,2014-04-11,NST
14783101,PCT/FR2014/050878,2014-04-10,NST
14783102,PCT/KR2014/002648,2014-03-28,NST
14783103,PCT/EP2013/057314,2013-04-08,NST
14783104,PCT/JP2013/069737,2013-07-22,NST
14783105,61815839,2013-04-25,PRO
14783105,PCT/US14/20175,2014-03-04,NST
14783106,PCT/US2013/038833,2013-04-30,NST
14783107,PCT/EP2014/000852,2014-03-27,NST
14783108,PCT/IB2013/001157,2013-04-09,NST
14783109,PCT/EP2014/000851,2014-03-27,NST
14783110,PCT/JP2014/061069,2014-04-18,NST
14783111,PCT/DE2014/100127,2014-04-10,NST
14783112,PCT/JP2014/054662,2014-02-26,NST
14783113,PCT/JP2014/054760,2014-02-26,NST
14783114,PCT/IB2014/060338,2014-04-01,NST
14783115,PCT/EP2014/056812,2014-04-04,NST
14783116,PCT/JP2013/062188,2013-04-25,NST
14783117,PCT/EP2014/057287,2014-04-10,NST
14783118,PCT/JP2014/055079,2014-02-28,NST
14783119,PCT/IB2014/060462,2014-04-06,NST
14783120,PCT/EP2014/057205,2014-04-09,NST
14783121,PCT/EP2014/057004,2014-04-08,NST
14783122,PCT/JP2014/060744,2014-04-15,NST
14783123,PCT/CN2013/083483,2013-09-13,NST
14783124,PCT/JP2013/079381,2013-10-30,NST
14783125,PCT/EP2014/054638,2014-03-11,NST
14783126,PCT/JP2014/071137,2014-08-05,NST
14783127,PCT/IB2014/000080,2014-01-28,NST
14783128,PCT/EP2014/052709,2014-02-12,NST
14783129,PCT/IL2014/050335,2014-04-07,NST
14783130,PCT/EP2014/054637,2014-03-11,NST
14783131,PCT/JP2014/054144,2014-02-21,NST
14783132,PCT/KR2013/006612,2013-07-24,NST
14783133,PCT/IN2014/000223,2014-08-04,NST
14783134,PCT/EP2014/057439,2014-04-11,NST
14783135,PCT/JP2014/059503,2014-03-31,NST
14783136,PCT/JP2014/060437,2014-04-10,NST
14783137,61809627,2013-04-08,PRO
14783137,PCT/US14/33391,2014-04-08,NST
14783138,PCT/DK2014/050082,2014-04-04,NST
14783139,PCT/CN2013/086911,2013-11-12,NST
14783140,PCT/EP2014/000843,2014-03-28,NST
14783141,PCT/SE2013/050383,2013-04-10,NST
14783142,PCT/EP2014/056637,2014-04-03,NST
14783143,PCT/EP2014/057294,2014-04-10,NST
14783144,PCT/EP2014/056290,2014-03-28,NST
14783146,PCT/JP2014/061984,2014-04-30,NST
14783147,PCT/JP2014/059769,2014-04-02,NST
14783148,PCT/FR2014/050831,2014-04-07,NST
14783149,PCT/JP2014/059776,2014-04-02,NST
14783150,PCT/GB2014/050981,2014-03-27,NST
14783151,PCT/EP2014/000844,2014-03-28,NST
14783152,PCT/US2014/033407,2014-04-09,NST
14783153,PCT/CA2014/050334,2014-04-03,NST
14783154,PCT/IB2014/064589,2014-09-17,NST
14783155,PCT/NL2014/050228,2014-04-10,NST
14783156,PCT/EP2014/056995,2014-04-08,NST
14783157,PCT/EP14/57166,2014-04-09,NST
14783158,PCT/US2014/033612,2014-04-10,NST
14783159,PCT/JP2014/058106,2014-03-24,NST
14783160,PCT/EP2014/056987,2014-04-08,NST
14783161,PCT/JP2014/057330,2014-03-18,NST
14783163,PCT/EP2014/056979,2014-04-08,NST
14783164,PCT/EP2014/056056,2014-03-26,NST
14783165,PCT/CN2013/083568,2013-09-16,NST
14783166,PCT/EP2014/057237,2014-04-10,NST
14783167,PCT/IB2013/000639,2013-04-10,NST
14783168,PCT/EP2014/000927,2014-04-07,NST
14783169,PCT/EP2014/057777,2014-04-16,NST
14783170,PCT/EP2014/057785,2014-04-16,NST
14783171,PCT/EP2014/057786,2014-04-16,NST
14783172,PCT/EP2014/057787,2014-04-16,NST
14783173,PCT/JP2014/062380,2014-05-08,NST
14783174,PCT/EP2014/058969,2014-05-02,NST
14783175,PCT/US2013/036796,2013-04-16,NST
14783176,PCT/GB2014/050984,2014-03-27,NST
14783177,PCT/JP2014/059369,2014-03-28,NST
14783178,PCT/EP2014/000749,2014-03-19,NST
14783179,PCT/US2013/036502,2013-04-12,NST
14783180,PCT/GB2014/050872,2014-03-20,NST
14783181,PCT/EP2014/057082,2014-04-08,NST
14783182,PCT/US2014/033670,2014-04-10,NST
14783183,PCT/EP2014/056730,2014-04-03,NST
14783184,PCT/US2014/033566,2014-04-09,NST
14783185,PCT/JP2013/002456,2013-04-10,NST
14783186,PCT/DK2014/050089,2014-04-10,NST
14783188,PCT/JP2014/074321,2014-09-12,NST
14783189,PCT/EP2014/057930,2014-04-17,NST
14783190,PCT/EP2014/056982,2014-04-08,NST
14783191,PCT/EP2014/056934,2014-04-07,NST
14783192,PCT/CA2014/050355,2014-04-08,NST
14783193,PCT/US2014/033441,2014-04-09,NST
14783194,PCT/JP2014/058366,2014-03-25,NST
14783195,PCT/EP2014/054779,2014-03-12,NST
14783196,PCT/IB2014/060532,2014-04-08,NST
14783197,PCT/US2013/036501,2013-04-12,NST
14783198,PCT/JP2014/060328,2014-04-09,NST
14783199,61786501,2013-03-15,PRO
14783199,PCT/US14/29929,2014-03-15,NST
14783200,PCT/DE2014/100121,2014-04-08,NST
14783201,PCT/EP2014/056104,2014-03-26,NST
14783202,PCT/JP2014/060202,2014-04-08,NST
14783203,PCT/CN2014/072369,2014-02-21,NST
14783204,PCT/JP2014/060118,2014-04-07,NST
14783205,PCT/EP2014/000876,2014-04-02,NST
14783206,PCT/EP2014/053779,2014-02-27,NST
14783207,PCT/EP2014/057172,2014-04-09,NST
14783208,PCT/CN2014/072376,2014-02-21,NST
14783209,PCT/CN2013/083485,2013-09-13,NST
14783210,PCT/JP13/60637,2013-04-08,NST
14783211,PCT/CN2013/077049,2013-06-09,NST
14783212,PCT/JP2014/057452,2014-03-19,NST
14783213,PCT/EP2014/057395,2014-04-11,NST
14783214,PCT/JP2014/058117,2014-03-24,NST
14783215,PCT/EP2014/058079,2014-04-22,NST
14783216,PCT/EP2014/057173,2014-04-09,NST
14783218,PCT/IB2014/060498,2014-04-07,NST
14783219,PCT/GB2014/051112,2014-04-09,NST
14783220,PCT/EP2014/056005,2014-03-25,NST
14783221,PCT/KR2013/003047,2013-04-11,NST
14783222,PCT/EP2014/056607,2014-04-02,NST
14783223,PCT/US2014/016415,2014-02-14,NST
14783224,PCT/EP2014/055157,2014-03-14,NST
14783225,PCT/US2014/033154,2014-04-07,NST
14783226,PCT/EP2014/057094,2014-04-08,NST
14783227,PCT/US2013/036183,2013-04-11,NST
14783228,PCT/KR2015/002537,2015-03-16,NST
14783229,PCT/EP2014/057651,2014-04-15,NST
14783230,PCT/JP2014/059195,2014-03-28,NST
14783232,PCT/JP2014/062149,2014-05-02,NST
14783233,PCT/IB2014/060638,2014-04-11,NST
14783234,PCT/IB2014/060800,2014-04-17,NST
14783235,PCT/JP13/60672,2013-04-09,NST
14783236,PCT/JP2014/059673,2014-04-01,NST
14783237,PCT/GB2014/051118,2014-04-10,NST
14783238,61853994,2013-04-15,PRO
14783238,PCT/US14/33945,2014-04-14,NST
14783239,PCT/JP2014/000220,2014-01-17,NST
14783240,PCT/EP2014/057148,2014-04-09,NST
14783241,PCT/US2014/034886,2014-04-22,NST
14783242,PCT/KR2014/003103,2014-04-10,NST
14783243,PCT/US2014/033500,2014-04-09,NST
14783244,PCT/US2014/033354,2014-04-08,NST
14783245,PCT/DK2014/050092,2014-04-10,NST
14783246,PCT/FR2014/050612,2014-03-17,NST
14783247,PCT/EP2014/057200,2014-04-09,NST
14783248,PCT/GB2014/051023,2014-04-01,NST
14783250,PCT/JP2013/062934,2013-05-08,NST
14783251,PCT/EP2013/057382,2013-04-09,NST
14783252,PCT/EP2013/057359,2013-04-09,NST
14783253,PCT/JP2014/060902,2014-04-17,NST
14783254,PCT/IB2014/060523,2014-04-08,NST
14783255,PCT/EP2014/057196,2014-04-09,NST
14783256,PCT/CN2013/073986,2013-04-09,NST
14783257,PCT/JP2014/057252,2014-03-18,NST
14783258,61824590,2013-05-17,PRO
14783258,PCT/US14/37195,2014-05-07,NST
14783259,PCT/JP2014/001661,2014-03-21,NST
14783260,PCT/CA2014/050358,2014-04-08,NST
14783261,PCT/CA2014/000269,2014-03-19,NST
14783262,PCT/EP2014/056958,2014-04-07,NST
14783263,PCT/FR14/50883,2014-04-11,NST
14783264,PCT/EP2014/056973,2014-04-08,NST
14783265,PCT/AU2014/000393,2014-04-11,NST
14783266,PCT/EP2014/057744,2014-04-16,NST
14783267,PCT/JP2014/001660,2014-03-21,NST
14783268,PCT/JP2013/002482,2013-04-11,NST
14783269,PCT/JP2014/059196,2014-03-28,NST
14783270,PCT/EP2014/057432,2014-04-11,NST
14783271,PCT/DE2014/200153,2014-04-01,NST
14783272,PCT/KR2013/003028,2013-04-11,NST
14783273,PCT/DK2014/050087,2014-04-10,NST
14783274,PCT/JP2014/002029,2014-04-09,NST
14783275,PCT/EP2013/059690,2013-05-09,NST
14783276,PCT/EP2014/057588,2014-04-15,NST
14783277,PCT/SE2013/050380,2013-04-09,NST
14783278,PCT/EP2014/057126,2014-04-09,NST
14783279,PCT/IL2014/050345,2014-04-09,NST
14783280,PCT/DK2014/050090,2014-04-10,NST
14783282,PCT/EP2014/057092,2014-04-08,NST
14783283,PCT/EP2014/057309,2014-04-10,NST
14783284,PCT/EP2014/000680,2014-03-13,NST
14783285,PCT/JP2014/060212,2014-04-08,NST
14783286,PCT/DK2014/050091,2014-04-10,NST
14783287,PCT/JP2014/060886,2014-04-10,NST
14783288,PCT/JP2014/060046,2014-04-07,NST
14783289,PCT/US2014/034781,2014-04-21,NST
14783290,61810439,2013-04-10,PRO
14783290,PCT/US14/33424,2014-04-09,NST
14783291,PCT/JP2014/061664,2014-04-25,NST
14783292,PCT/JP2014/060800,2014-04-16,NST
14783294,PCT/EP2014/056387,2014-03-30,NST
14783295,PCT/JP2014/060561,2014-04-08,NST
14783296,PCT/FR2014/000079,2014-04-09,NST
14783297,PCT/JP2014/001786,2014-03-27,NST
14783298,PCT/EP2014/057506,2014-04-14,NST
14783299,PCT/KR2014/002722,2014-03-31,NST
14783300,PCT/EP2014/000903,2014-04-04,NST
14783301,PCT/JP2014/059963,2014-04-04,NST
14783302,PCT/JP2014/060885,2014-04-10,NST
14783303,PCT/EP2014/056190,2014-03-27,NST
14783304,PCT/JP2014/059715,2014-04-02,NST
14783305,PCT/JP2013/063766,2013-05-17,NST
14783306,PCT/EP2014/057007,2014-04-08,NST
14783307,PCT/AT2014/000033,2014-02-18,NST
14783308,PCT/JP2014/060882,2014-04-10,NST
14783309,PCT/US13/38899,2013-04-30,NST
14783310,PCT/JP2014/001668,2014-03-24,NST
14783311,PCT/JP2014/001856,2014-03-28,NST
14783312,PCT/JP2013/064254,2013-05-22,NST
14783313,PCT/EP2014/000888,2014-04-03,NST
14783314,PCT/EP2014/057112,2014-04-09,NST
14783315,PCT/EP2014/056586,2014-04-02,NST
14783316,PCT/JP2014/060910,2014-04-17,NST
14783317,PCT/JP2013/061572,2013-04-19,NST
14783318,PCT/JP2014/060257,2014-04-09,NST
14783319,PCT/FR2014/050848,2014-04-09,NST
14783321,PCT/EP2014/056707,2014-04-03,NST
14783322,PCT/IB2014/060831,2014-04-18,NST
14783323,61812354,2013-04-16,PRO
14783323,PCT/US14/33305,2014-04-08,NST
14783324,PCT/EP2014/057250,2014-04-10,NST
14783325,PCT/EP2014/057288,2014-04-10,NST
14783326,PCT/IB2014/000491,2014-04-07,NST
14783327,PCT/JP2015/054098,2015-02-16,NST
14783328,PCT/IB2014/060517,2014-04-08,NST
14783329,PCT/JP2014/063786,2014-05-26,NST
14783330,PCT/JP2014/060047,2014-04-07,NST
14783331,PCT/JP2014/059961,2014-04-04,NST
14783332,PCT/JP2014/059971,2014-04-04,NST
14783333,PCT/JP2014/061516,2014-04-24,NST
14783334,PCT/FR2014/050847,2014-04-09,NST
14783335,PCT/EP2014/056452,2014-03-31,NST
14783336,PCT/IN2014/000445,2014-07-04,NST
14783337,PCT/JP2014/060260,2014-04-09,NST
14783338,PCT/IT2014/000109,2014-04-14,NST
14783339,PCT/JP2014/059875,2014-04-03,NST
14783340,PCT/JP2014/059798,2014-04-03,NST
14783341,PCT/IB2014/060565,2014-04-09,NST
14783342,PCT/KR2015/001716,2015-02-23,NST
14783343,PCT/KR2014/002990,2014-04-07,NST
14783344,PCT/US2014/033400,2014-04-08,NST
14783345,PCT/KR2014/003133,2014-04-11,NST
14783346,PCT/GB2014/051114,2014-04-09,NST
14783347,PCT/IB2014/060531,2014-04-08,NST
14783348,PCT/EP2014/055901,2014-03-25,NST
14783349,PCT/US2013/046840,2013-06-20,NST
14783350,PCT/IB2014/060481,2014-04-07,NST
14783351,PCT/FR2014/050488,2014-03-05,NST
14783352,PCT/GB2014/051141,2014-04-11,NST
14783353,PCT/JP2014/059841,2014-04-03,NST
14783354,PCT/JP2014/055535,2014-03-05,NST
14783355,PCT/JP2014/060489,2014-04-11,NST
14783356,PCT/JP2014/002032,2014-04-09,NST
14783357,PCT/EP2014/056573,2014-04-02,NST
14783358,PCT/JP2014/001942,2014-04-03,NST
14783359,PCT/CH2014/000030,2014-03-17,NST
14783360,61810053,2013-04-09,PRO
14783360,PCT/US14/33317,2014-04-08,NST
14783361,PCT/EP2014/056139,2014-03-27,NST
14783362,PCT/GB2014/051143,2014-04-11,NST
14783363,PCT/JP2014/060053,2014-04-07,NST
14783364,PCT/AU2014/000439,2014-04-11,NST
14783365,PCT/AU2014/000440,2014-04-11,NST
14783366,PCT/EP2013/061161,2013-05-30,NST
14783367,PCT/EP2014/056991,2014-04-08,NST
14783368,PCT/AT2014/050096,2014-04-17,NST
14783369,PCT/GB2014/051115,2014-04-09,NST
14783370,PCT/JP2014/059416,2014-03-31,NST
14783371,PCT/EP2014/058835,2014-04-30,NST
14783372,61811335,2013-04-12,PRO
14783372,PCT/US14/33850,2014-04-11,NST
14783373,PCT/SE2013/050391,2013-04-11,NST
14783374,PCT/EP2014/056564,2014-04-02,NST
14783375,61813354,2013-04-18,PRO
14783375,61866233,2013-08-15,PRO
14783375,PCT/US14/34588,2014-04-18,NST
14783376,61812841,2013-04-17,PRO
14783376,PCT/US14/34419,2014-04-16,NST
14783377,PCT/AT2014/000050,2014-03-25,NST
14783379,PCT/IB2014/060534,2014-04-08,NST
14783380,PCT/CN2014/073980,2014-03-24,NST
14783381,PCT/EP2014/057030,2014-04-08,NST
14783382,PCT/JP2014/061106,2014-04-14,NST
14783383,PCT/EP2014/000928,2014-04-07,NST
14783384,PCT/JP2013/065026,2013-05-30,NST
14783385,PCT/GB2014/051086,2014-04-08,NST
14783386,PCT/CA2014/000316,2014-04-08,NST
14783387,PCT/US2013/056764,2013-08-27,NST
14783388,PCT/EP2014/056065,2014-03-26,NST
14783389,PCT/IN2014/000238,2014-04-16,NST
14783390,PCT/IL2014/050332,2014-04-06,NST
14783391,PCT/US2014/033688,2014-04-10,NST
14783392,PCT/SG2014/000150,2014-04-04,NST
14783393,PCT/IB2014/000527,2014-04-10,NST
14783394,PCT/IB2014/060482,2014-04-07,NST
14783395,PCT/EP2014/000699,2014-03-15,NST
14783396,PCT/SE2014/050431,2014-04-08,NST
14783397,PCT/GB2014/051107,2014-04-09,NST
14783398,PCT/JP2014/061361,2014-04-23,NST
14783399,PCT/EP2014/000926,2014-04-07,NST
14783400,PCT/KR2014/003034,2014-04-08,NST
14783401,PCT/IB2014/001261,2014-04-02,NST
14783402,PCT/JP2014/059559,2014-03-31,NST
14783403,PCT/US13/36876,2013-04-17,NST
14783404,PCT/EP2014/057208,2014-04-09,NST
14783405,PCT/DE2014/000169,2014-04-04,NST
14783406,61811012,2013-04-11,PRO
14783406,PCT/US14/15862,2014-02-11,NST
14783408,PCT/JP2014/060209,2014-04-08,NST
14783409,PCT/EP2014/057081,2014-04-08,NST
14783410,PCT/EP2014/057135,2014-04-09,NST
14783411,PCT/JP2014/059807,2014-04-03,NST
14783412,PCT/EP2014/056781,2014-04-04,NST
14783418,PCT/FI2013/050403,2013-04-12,NST
14783419,PCT/DE2014/000170,2014-04-04,NST
14783420,PCT/EP2014/053766,2014-02-26,NST
14783422,PCT/IB2013/052824,2013-04-09,NST
14783424,PCT/CN2014/074982,2014-04-09,NST
14783427,PCT/AU2014/050012,2014-04-11,NST
14783428,PCT/TR2014/000105,2014-04-07,NST
14783429,PCT/EP2014/056209,2014-03-27,NST
14783430,PCT/EP2014/056207,2014-03-27,NST
14783431,PCT/IB2014/000078,2014-01-28,NST
14783432,PCT/EP2013/001045,2013-04-09,NST
14783434,PCT/EP2014/001001,2014-04-15,NST
14783435,PCT/JP2014/060444,2014-04-10,NST
14783436,PCT/JP2014/059775,2014-04-02,NST
14783437,PCT/PL2014/000039,2014-04-16,NST
14783438,PCT/IB2014/059095,2014-02-19,NST
14783439,PCT/US2013/057284,2013-08-29,NST
14783440,PCT/EP2014/057773,2014-04-16,NST
14783441,PCT/CN2013/074911,2013-04-27,NST
14783442,PCT/EP2014/057363,2014-04-11,NST
14783443,PCT/US2014/033494,2014-04-09,NST
14783444,PCT/US2014/034339,2014-04-16,NST
14783447,PCT/JP2014/060760,2014-04-15,NST
14783450,PCT/US2014/023945,2014-03-12,NST
14783451,PCT/EP2014/057498,2014-04-14,NST
14783454,PCT/EP2014/000948,2014-04-09,NST
14783456,61816291,2013-04-26,PRO
14783456,PCT/US14/35673,2014-04-28,NST
14783457,PCT/EP2014/056964,2014-04-08,NST
14783458,PCT/EP2014/057079,2014-04-08,NST
14783459,PCT/US2014/031942,2014-03-27,NST
14783461,PCT/JP2014/060803,2014-04-16,NST
14783462,PCT/EP2014/056993,2014-04-08,NST
14783464,PCT/EP2014/055361,2014-03-18,NST
14783467,PCT/CN2013/074140,2013-04-12,NST
14783468,PCT/GB2014/051179,2014-04-15,NST
14783469,PCT/EP2013/057670,2013-04-12,NST
14783470,PCT/US2014/033791,2014-04-11,NST
14783471,PCT/JP2014/060327,2014-04-09,NST
14783472,PCT/US13/43406,2013-05-30,NST
14783474,PCT/CN2014/075781,2014-04-21,NST
14783477,PCT/US2013/038738,2013-04-30,NST
14783478,PCT/EP2014/056985,2014-04-08,NST
14783480,PCT/FR2014/050546,2014-03-11,NST
14783481,PCT/EP2014/056992,2014-04-08,NST
14783482,PCT/FR2014/050840,2014-04-08,NST
14783484,PCT/EP2014/057006,2014-04-08,NST
14783486,PCT/US2013/040913,2013-05-14,NST
14783487,PCT/FI2013/050413,2013-04-15,NST
14783488,PCT/EP2014/057621,2014-04-15,NST
14783489,PCT/US2014/026662,2014-03-13,NST
14783490,PCT/IB2014/060655,2014-04-11,NST
14783491,PCT/FR2014/050853,2014-04-09,NST
14783492,PCT/JP2013/060977,2013-04-11,NST
14783494,PCT/CA2014/050371,2014-04-11,NST
14783497,PCT/GB2014/051073,2014-04-07,NST
14783498,PCT/EP2014/053981,2014-02-28,NST
14783499,PCT/KR2013/009896,2013-11-04,NST
14783500,PCT/JP2014/059816,2014-04-03,NST
14783501,PCT/EP2014/057441,2014-04-11,NST
14783502,PCT/EP2014/053724,2014-02-26,NST
14783507,PCT/EP2014/056989,2014-04-08,NST
14783508,PCT/CN2013/074359,2013-04-18,NST
14783509,PCT/EP2013/070274,2013-09-27,NST
14783510,PCT/US2014/032449,2014-04-01,NST
14783511,PCT/CL2014/000017,2014-04-11,NST
14783512,PCT/JP2013/073650,2013-09-03,NST
14783513,PCT/JP2013/072072,2013-08-19,NST
14783514,PCT/EP2014/056977,2014-04-08,NST
14783517,PCT/JP2014/058055,2014-03-24,NST
14783518,PCT/NL2014/050230,2014-04-11,NST
14783519,PCT/JP2013/061031,2013-04-12,NST
14783520,PCT/EP2014/055227,2014-03-17,NST
14783521,PCT/EP2014/057013,2014-04-08,NST
14783524,PCT/US2013/038857,2013-04-30,NST
14783527,PCT/JP2014/060413,2014-04-10,NST
14783528,PCT/JP2014/068957,2014-07-16,NST
14783529,PCT/CA2014/000337,2014-04-10,NST
14783530,PCT/US2014/041843,2014-06-11,NST
14783531,PCT/EP14/56920,2014-04-07,NST
14783532,PCT/IB2013/001067,2013-04-09,NST
14783534,PCT/FR2013/050789,2013-04-11,NST
14783535,PCT/EP2014/057001,2014-04-08,NST
14783537,PCT/JP2014/060375,2014-04-10,NST
14783538,61853820,2013-04-12,PRO
14783538,PCT/US14/33856,2014-04-11,NST
14783539,PCT/EP2013/059132,2013-05-02,NST
14783540,PCT/US2013/035810,2013-04-09,NST
14783541,PCT/JP2015/065675,2015-05-29,NST
14783542,PCT/EP2014/000421,2014-02-15,NST
14783543,PCT/JP2014/060670,2014-04-15,NST
14783544,61817830,2013-04-30,PRO
14783544,PCT/US14/35983,2014-04-30,NST
14783546,PCT/AU2014/000338,2014-03-28,NST
14783547,PCT/US13/35816,2013-04-09,NST
14783548,PCT/JP2014/054555,2014-02-25,NST
14783549,PCT/EP2014/000830,2014-03-27,NST
14783550,PCT/IT2014/000079,2014-03-26,NST
14783551,PCT/DE2014/000180,2014-04-04,NST
14783552,PCT/EP2014/056981,2014-04-08,NST
14783557,61812878,2013-04-17,PRO
14783557,PCT/US14/33120,2014-04-07,NST
14783558,PCT/IB2014/000508,2014-04-08,NST
14783559,61810854,2013-04-11,PRO
14783559,PCT/US14/33867,2014-04-11,NST
14783560,PCT/NL2013/000022,2013-04-11,NST
14783561,PCT/JP2014/060660,2014-04-15,NST
14783562,PCT/CN2014/074987,2014-04-09,NST
14783564,PCT/US13/35819,2013-04-09,NST
14783565,PCT/JP2014/058959,2014-03-27,NST
14783567,PCT/JP2014/056444,2014-03-12,NST
14783568,PCT/KR2013/011414,2013-12-10,NST
14783569,PCT/EP2014/000931,2014-04-08,NST
14783570,PCT/FI2013/050388,2013-04-09,NST
14783571,61948967,2014-03-06,PRO
14783571,PCT/US15/19222,2015-03-06,NST
14783572,PCT/JP2013/065208,2013-05-31,NST
14783573,61841230,2013-06-28,PRO
14783573,61986492,2014-04-30,PRO
14783573,PCT/US14/44235,2014-06-26,NST
14783574,PCT/AU2014/000384,2014-04-10,NST
14783577,PCT/EP2014/005672,2014-04-03,NST
14783578,PCT/FR2014/050903,2014-04-14,NST
14783579,PCT/DE2014/000178,2014-04-08,NST
14783580,PCT/JP2014/060856,2014-04-16,NST
14783581,PCT/JP14/61066,2014-04-18,NST
14783582,PCT/EP2014/057412,2014-04-11,NST
14783584,PCT/FR2014/050779,2014-04-01,NST
14783586,PCT/EP2014/057500,2014-04-14,NST
14783587,PCT/AU2014/000397,2014-04-10,NST
14783588,PCT/NZ2014/000063,2014-04-10,NST
14783589,PCT/JP2013/061057,2013-04-12,NST
14783590,PCT/EP2014/000922,2014-04-05,NST
14783591,PCT/EP2014/056965,2014-04-08,NST
14783592,PCT/US2014/040703,2014-06-03,NST
14783594,PCT/FR2014/050902,2014-04-14,NST
14783597,PCT/IB2014/060721,2014-04-15,NST
14783598,PCT/EP2014/057434,2014-04-11,NST
14783599,PCT/EP2014/057261,2014-04-10,NST
14783600,PCT/EP2014/057344,2014-04-11,NST
14783601,PCT/JP2014/058556,2014-03-26,NST
14783602,PCT/EP14/57118,2014-04-09,NST
14783604,PCT/JP2014/060819,2014-04-16,NST
14783607,61810781,2013-04-11,PRO
14783607,PCT/US14/33864,2014-04-11,NST
14783608,PCT/JP2014/002013,2014-04-08,NST
14783609,PCT/FI2014/050258,2014-04-10,NST
14783610,PCT/EP2014/057445,2014-04-11,NST
14783611,PCT/FR2014/050711,2014-03-26,NST
14783612,PCT/KR2013/002995,2013-04-10,NST
14783613,PCT/JP2014/062052,2014-05-01,NST
14783614,PCT/EP2014/057812,2014-04-16,NST
14783615,PCT/EP2014/057153,2014-04-09,NST
14783617,PCT/JP2014/002110,2014-04-14,NST
14783618,61813386,2013-04-18,PRO
14783618,61845180,2013-07-11,PRO
14783618,PCT/US14/34636,2014-04-18,NST
14783619,PCT/US20/33548,2014-04-09,NST
14783620,PCT/EP2014/055471,2014-03-19,NST
14783621,PCT/IB2013/052938,2013-04-12,NST
14783622,61811907,2013-04-15,PRO
14783622,PCT/US14/33752,2014-04-11,NST
14783623,PCT/NL2014/050201,2014-04-02,NST
14783624,PCT/NZ2014/000057,2014-04-04,NST
14783626,61811381,2013-04-12,PRO
14783626,PCT/US14/33743,2014-04-11,NST
14783627,PCT/KR2014/005490,2014-06-20,NST
14783629,61810907,2013-04-11,PRO
14783629,PCT/US14/33794,2014-04-11,NST
14783631,PCT/CN2013/074357,2013-04-18,NST
14783633,PCT/US2014/034565,2014-04-17,NST
14783634,PCT/EP2014/056749,2014-04-03,NST
14783640,PCT/JP2014/057531,2014-03-19,NST
14783641,PCT/JP2014/064395,2014-05-30,NST
14783644,PCT/JP2014/057481,2014-03-19,NST
14783647,PCT/EP2013/063380,2013-06-26,NST
14783648,PCT/EP2014/055081,2014-03-14,NST
14783649,PCT/CN2013/080286,2013-07-29,NST
14783650,PCT/EP2014/057502,2014-04-14,NST
14783651,PCT/JP2013/061232,2013-04-15,NST
14783653,PCT/CN2013/080358,2013-07-29,NST
14783654,PCT/EP2014/056924,2014-04-07,NST
14783655,PCT/GB2014/051144,2014-04-11,NST
14783657,PCT/JP2014/060112,2014-04-07,NST
14783658,PCT/IB2014/060675,2014-04-12,NST
14783660,PCT/US20/33630,2014-04-10,NST
14783661,PCT/JP2014/061298,2014-04-22,NST
14783662,PCT/NO2014/050054,2014-04-10,NST
14783663,PCT/US13/35797,2013-04-09,NST
14783664,PCT/GB2014/051008,2014-03-31,NST
14783665,PCT/GB2014/051133,2014-04-11,NST
14783667,PCT/IB2014/060229,2014-03-27,NST
14783668,PCT/EP2014/058531,2014-04-28,NST
14783669,PCT/IB2014/060254,2014-03-28,NST
14783670,PCT/KR2014/003160,2014-04-11,NST
14783671,PCT/JP2014/059591,2014-03-31,NST
14783674,PCT/JP2014/058591,2014-03-26,NST
14783675,PCT/CA2014/050436,2014-05-08,NST
14783677,PCT/FI2013/050387,2013-04-09,NST
14783679,61853745,2013-04-11,PRO
14783679,PCT/US14/33872,2014-04-11,NST
14783680,PCT/EP2014/057179,2014-04-09,NST
14783681,PCT/EP2014/055321,2014-03-17,NST
14783682,PCT/JP2014/056486,2014-03-12,NST
14783683,PCT/IB2014/060434,2014-04-04,NST
14783684,61912832,2013-12-06,PRO
14783684,61920498,2013-12-24,PRO
14783684,PCT/US14/52685,2014-08-26,NST
14783685,PCT/SE2014/050451,2014-04-11,NST
14783686,PCT/US2014/033997,2014-04-14,NST
14783687,PCT/AT2014/050086,2014-04-09,NST
14783688,PCT/JP2014/060883,2014-04-10,NST
14783689,PCT/EP2014/057672,2014-04-15,NST
14783690,PCT/JP2014/001944,2014-04-03,NST
14783691,PCT/EP2013/057377,2013-04-09,NST
14783693,PCT/FR2014/050807,2014-04-03,NST
14783694,PCT/JP2014/059667,2014-04-01,NST
14783696,PCT/GB2014/051132,2014-04-10,NST
14783697,61811404,2013-04-12,PRO
14783697,PCT/US14/33729,2014-04-11,NST
14783698,PCT/JP2014/061551,2014-04-24,NST
14783699,PCT/IB2014/001972,2014-05-05,NST
14783700,PCT/EP2014/057340,2014-04-11,NST
14783701,PCT/IB2014/060567,2014-04-09,NST
14783702,PCT/EP2014/057071,2014-04-08,NST
14783703,PCT/IB2014/060560,2014-04-09,NST
14783704,PCT/JP2013/060803,2013-04-10,NST
14783705,PCT/CA2014/050139,2014-02-27,NST
14783706,PCT/JP2014/059731,2014-04-02,NST
14783707,PCT/EP2014/057411,2014-04-11,NST
14783708,PCT/IS2014/050004,2014-04-14,NST
14783709,PCT/CL2014/000016,2014-04-11,NST
14783710,PCT/JP2014/060873,2014-04-16,NST
14783711,PCT/US2014/034000,2014-04-14,NST
14783712,PCT/JP2013/060804,2013-04-10,NST
14783714,PCT/IB2014/060555,2014-04-09,NST
14783716,PCT/KR2014/003093,2014-04-09,NST
14783717,PCT/US2014/033518,2014-04-09,NST
14783718,PCT/JP2014/060362,2014-04-10,NST
14783719,PCT/AU2014/000412,2014-04-11,NST
14783720,PCT/CN2014/074220,2014-03-27,NST
14783721,PCT/AU2014/000428,2014-04-14,NST
14783723,PCT/JP2013/060805,2013-04-10,NST
14783733,PCT/ES2014/070249,2014-04-01,NST
14783734,PCT/EP2014/057286,2014-04-10,NST
14783741,61810950,2013-04-11,PRO
14783741,PCT/US14/33765,2014-04-11,NST
14783744,PCT/JP2014/055637,2014-03-05,NST
14783745,61811005,2013-04-11,PRO
14783745,61849839,2013-08-05,PRO
14783745,PCT/US14/33628,2014-04-10,NST
14783747,PCT/GB2014/051139,2014-04-11,NST
14783748,PCT/GB2014/051142,2014-04-11,NST
14783749,PCT/JP2014/002047,2014-04-09,NST
14783750,PCT/JP2014/054930,2014-02-27,NST
14783751,PCT/SE2014/050437,2014-04-09,NST
14783752,PCT/GB2014/051136,2014-04-11,NST
14783754,PCT/EP2014/056712,2014-04-03,NST
14783755,PCT/FR2014/050819,2014-04-04,NST
14783756,PCT/FR2014/000086,2014-04-17,NST
14783757,PCT/JP2013/060802,2013-04-10,NST
14783758,PCT/EP2013/057657,2013-04-12,NST
14783759,PCT/CN2013/083836,2013-09-18,NST
14783760,PCT/EP2014/056839,2014-04-04,NST
14783761,PCT/CN2013/075309,2013-05-08,NST
14783762,PCT/JP2014/058592,2014-03-26,NST
14783764,PCT/US2014/036601,2014-05-02,NST
14783765,61810983,2013-04-11,PRO
14783765,PCT/US14/33888,2014-04-11,NST
14783766,61811256,2013-04-12,PRO
14783766,61811374,2013-04-12,PRO
14783766,61886142,2013-10-03,PRO
14783766,PCT/US14/33830,2014-04-11,NST
14783767,PCT/KR2014/003126,2014-04-10,NST
14783769,PCT/AU2014/000398,2014-04-11,NST
14783770,61810946,2013-04-11,PRO
14783770,PCT/US14/33190,2014-04-07,NST
14783772,PCT/EP2014/050685,2014-01-15,NST
14783780,PCT/IB14/60310,2014-03-31,NST
14783783,PCT/IB2014/060648,2014-04-11,NST
14783784,PCT/SE2014/050438,2014-04-09,NST
14783785,PCT/KR2014/007509,2014-08-12,NST
14783786,PCT/EP2014/057310,2014-04-10,NST
14783787,PCT/GB2014/051176,2014-04-15,NST
14783788,PCT/US2014/035867,2014-04-29,NST
14783789,61811556,2013-04-12,PRO
14783789,PCT/US14/33659,2014-04-10,NST
14783790,61810429,2013-04-10,PRO
14783790,PCT/US14/33693,2014-04-10,NST
14783791,PCT/CA2014/050387,2014-04-17,NST
14783792,PCT/EP2014/056892,2014-04-07,NST
14783793,PCT/IB2014/060512,2014-04-08,NST
14783794,PCT/EP2014/057442,2014-04-11,NST
14783795,PCT/EP2014/056955,2014-04-07,NST
14783796,PCT/JP2014/001956,2014-04-03,NST
14783797,PCT/JP2014/060174,2014-04-08,NST
14783798,PCT/US2014/038190,2014-05-15,NST
14783799,PCT/JP2014/002282,2014-04-23,NST
14783800,PCT/KR2014/003143,2014-04-11,NST
14783801,PCT/EP2014/057372,2014-04-11,NST
14783803,PCT/EP2014/057614,2014-04-15,NST
14783804,PCT/EP2014/052707,2014-02-12,NST
14783805,PCT/KR2014/002786,2014-04-01,NST
14783806,PCT/GB2014/051098,2014-04-09,NST
14783807,PCT/GB2014/051138,2014-04-11,NST
14783808,PCT/US2014/033855,2014-04-11,NST
14783811,PCT/IB2014/060545,2014-04-09,NST
14783812,PCT/EP2014/000907,2014-04-04,NST
14783813,PCT/CN2014/075168,2014-04-11,NST
14783814,PCT/JP2014/060402,2014-04-10,NST
14783816,PCT/EP2014/057034,2014-04-08,NST
14783817,PCT/JP2014/001538,2014-03-18,NST
14783819,PCT/EP2014/056820,2014-04-04,NST
14783820,61825978,2013-05-21,PRO
14783820,PCT/US14/38237,2014-05-15,NST
14783822,PCT/EP2014/054782,2014-03-12,NST
14783824,PCT/US2014/033966,2014-04-14,NST
14783826,PCT/GB2014/050736,2014-03-12,NST
14783827,PCT/GB2014/051134,2014-04-11,NST
14783828,PCT/JP2013/064927,2013-05-29,NST
14783829,PCT/IB2014/000489,2014-04-04,NST
14783830,PCT/IB2013/052918,2013-04-12,NST
14783831,PCT/IB2014/000509,2014-04-08,NST
14783832,PCT/CA2014/050369,2014-04-11,NST
14783834,PCT/CN2013/001378,2013-11-13,NST
14783835,PCT/IB2014/060667,2014-04-11,NST
14783836,PCT/KR2013/011554,2013-12-12,NST
14783838,PCT/AU2014/000391,2014-04-10,NST
14783840,PCT/EP2013/001044,2013-04-09,NST
14783841,PCT/JP2014/059977,2014-04-04,NST
14783842,PCT/JP2014/057775,2014-03-20,NST
14783843,PCT/JP2014/057770,2014-03-20,NST
14783845,PCT/CN2015/071614,2015-01-27,NST
14783846,PCT/JP2013/063933,2013-05-20,NST
14783847,PCT/CN2014/073566,2014-03-18,NST
14783848,PCT/CN2014/075030,2014-04-10,NST
14783849,PCT/EP2014/056668,2014-04-03,NST
14783850,PCT/EP2014/057143,2014-04-09,NST
14783851,PCT/JP2013/060967,2013-04-11,NST
14783852,PCT/CN2014/074050,2014-03-25,NST
14783853,PCT/EP2014/058354,2014-04-24,NST
14783854,PCT/EP2014/057810,2014-04-16,NST
14783855,PCT/EP2014/058224,2014-04-23,NST
14783856,PCT/EP2014/057778,2014-04-16,NST
14783857,PCT/EP2014/057807,2014-04-16,NST
14783858,PCT/EP2014/055605,2014-03-20,NST
14783860,PCT/EP2014/057927,2014-04-17,NST
14783867,PCT/EP2014/000965,2014-04-10,NST
14783868,PCT/IB2014/060625,2014-04-10,NST
14783869,PCT/IL2014/050509,2014-06-05,NST
14783871,PCT/US2014/033787,2014-04-11,NST
14783872,PCT/EP2014/057401,2014-04-11,NST
14783873,PCT/US2013/036338,2013-04-12,NST
14783874,PCT/AU2014/000395,2014-04-11,NST
14783875,PCT/GB2014/051163,2014-04-14,NST
14783876,PCT/NL2014/050200,2014-04-02,NST
14783877,PCT/JP2014/057241,2014-03-18,NST
14783878,PCT/IN2014/000201,2014-03-31,NST
14783879,PCT/EP2014/057383,2014-04-11,NST
14783881,PCT/US2014/036180,2014-04-30,NST
14783882,PCT/IB2014/060614,2014-04-10,NST
14783883,PCT/AU2014/000359,2014-04-03,NST
14783884,PCT/AU2014/050014,2014-04-15,NST
14783885,PCT/GB2014/051140,2014-04-11,NST
14783886,PCT/AT2014/050087,2014-04-09,NST
14783887,PCT/EP2014/057358,2014-04-11,NST
14783889,PCT/KR2014/004005,2014-05-07,NST
14783890,PCT/FI2014/050256,2014-04-09,NST
14783891,61811999,2013-04-15,PRO
14783891,PCT/US14/34028,2014-04-14,NST
14783892,PCT/US2014/033967,2014-04-14,NST
14783894,PCT/IB2014/001279,2014-04-09,NST
14783895,61811574,2013-04-12,PRO
14783895,PCT/US14/34027,2014-04-14,NST
14783896,PCT/JP2014/058969,2014-03-27,NST
14783897,61825256,2013-05-20,PRO
14783897,PCT/US14/38597,2014-05-19,NST
14783898,PCT/JP2014/060543,2014-04-11,NST
14783899,PCT/EP2014/057418,2014-04-11,NST
14783900,PCT/DE2014/100155,2014-05-02,NST
14783901,PCT/JP2014/060503,2014-04-11,NST
14783902,PCT/JP2014/057924,2014-03-21,NST
14783903,PCT/US2014/033727,2014-04-11,NST
14783904,PCT/DK2014/050085,2014-04-10,NST
14783905,PCT/FR2014/000080,2014-04-10,NST
14783906,PCT/CN2014/075216,2014-04-11,NST
14783907,PCT/JP2014/060378,2014-04-10,NST
14783908,61811437,2013-04-12,PRO
14783908,PCT/US14/34019,2014-04-14,NST
14783909,PCT/EP2014/058315,2014-04-24,NST
14783910,PCT/NL2014/000015,2014-04-15,NST
14783911,PCT/RU2014/000264,2014-04-10,NST
14783912,61810508,2013-04-10,PRO
14783912,PCT/US14/33339,2014-04-08,NST
14783913,PCT/US2014/034070,2014-04-15,NST
14783914,PCT/SE2014/050472,2014-04-16,NST
14783915,PCT/GB2014/051155,2014-04-14,NST
14783916,PCT/US2014/034073,2014-04-15,NST
14783917,PCT/JP2014/061820,2014-04-28,NST
14783918,PCT/EP2014/000994,2014-04-14,NST
14783919,PCT/SE2013/050419,2013-04-17,NST
14783920,61811371,2013-04-12,PRO
14783920,PCT/US14/33774,2014-04-11,NST
14783921,PCT/AU2014/000404,2014-04-11,NST
14783922,61828220,2013-05-29,PRO
14783922,PCT/US14/37623,2014-05-12,NST
14783923,61810966,2013-04-11,PRO
14783923,PCT/US14/33633,2014-04-10,NST
14783924,PCT/EP2014/056890,2014-04-07,NST
14783925,PCT/US2014/031163,2013-04-12,NST
14783926,PCT/EP2014/057154,2014-04-09,NST
14783928,PCT/EP2014/058727,2014-04-29,NST
14783929,PCT/JP2014/002092,2014-04-11,NST
14783930,PCT/KR2014/003085,2014-04-09,NST
14783931,PCT/JP14/60511,2014-04-11,NST
14783932,PCT/EP2014/057365,2014-04-11,NST
14783933,PCT/EP2014/001037,2014-04-17,NST
14783934,PCT/SE2014/050455,2014-04-14,NST
14783936,PCT/EP2014/056824,2014-04-04,NST
14783937,PCT/EP2014/057700,2014-04-16,NST
14783938,PCT/GB2014/051137,2014-04-11,NST
14783939,PCT/EP2014/057477,2014-04-14,NST
14783940,PCT/JP2014/056589,2014-03-06,NST
14783941,PCT/AU2014/000379,2014-04-09,NST
14783942,PCT/IB2014/060385,2014-04-02,NST
14783943,61811567,2013-04-12,PRO
14783943,61858874,2013-07-26,PRO
14783943,61871045,2013-08-28,PRO
14783943,PCT/US14/34003,2014-04-14,NST
14783945,PCT/JP2014/062211,2014-04-25,NST
14783946,PCT/US2014/033775,2014-04-11,NST
14783947,PCT/EP2014/000973,2014-04-11,NST
14783948,PCT/GB14/00157,2014-04-25,NST
14783949,PCT/CN2013/088762,2013-12-06,NST
14783950,61811085,2013-04-11,PRO
14783950,PCT/US14/33837,2014-04-11,NST
14783951,PCT/JP2014/002392,2014-05-01,NST
14783952,PCT/JP2014/061713,2014-04-25,NST
14783953,PCT/CN2013/074128,2013-04-12,NST
14783954,PCT/FR2014/050900,2014-04-14,NST
14783955,PCT/JP2014/001456,2014-03-14,NST
14783956,PCT/JP2014/060376,2014-04-10,NST
14783957,61812090,2013-04-15,PRO
14783957,61843081,2013-07-05,PRO
14783957,61844126,2013-07-09,PRO
14783957,PCT/US14/34119,2014-04-15,NST
14783958,PCT/KR2014/003210,2014-04-14,NST
14783959,PCT/JP2014/001665,2014-03-21,NST
14783960,PCT/IL2013/050995,2013-12-04,NST
14783961,PCT/US2014/034379,2014-04-16,NST
14783962,PCT/DK2014/050093,2014-04-11,NST
14783963,PCT/JP2014/002026,2014-04-09,NST
14783964,PCT/GB2014/050514,2014-02-21,NST
14783965,PCT/US2014/033719,2014-04-11,NST
14783966,PCT/JP2014/002004,2014-04-08,NST
14783967,PCT/EP2014/057422,2014-04-11,NST
14783968,PCT/JP2014/001664,2014-03-21,NST
14783969,PCT/EP2014/001017,2014-04-15,NST
14783970,PCT/JP2014/055153,2014-02-28,NST
14783971,PCT/EP2014/000738,2014-03-18,NST
14783972,61811912,2013-04-15,PRO
14783972,PCT/US14/34124,2014-04-15,NST
14783973,PCT/EP2014/057517,2014-04-14,NST
14783974,PCT/NL2014/050248,2014-04-17,NST
14783975,PCT/JP2014/061449,2014-04-23,NST
14783976,PCT/EP2014/058134,2014-04-22,NST
14783977,PCT/CN2013/075153,2013-05-03,NST
14783978,PCT/JP2013/060919,2013-04-11,NST
14783979,PCT/US2013/060673,2013-09-19,NST
14783980,PCT/IN2014/000224,2014-04-09,NST
14783981,PCT/JP2014/062184,2014-05-02,NST
14783982,61812925,2013-04-17,PRO
14783982,PCT/US14/34448,2014-04-17,NST
14783983,PCT/US2014/033603,2014-04-10,NST
14783984,PCT/EP2014/000472,2014-02-22,NST
14783985,PCT/IT2013/000115,2013-04-22,NST
14783986,PCT/GB2014/050515,2014-02-21,NST
14783987,PCT/SE2014/050446,2014-04-11,NST
14783988,PCT/EP2014/057062,2014-04-08,NST
14783990,PCT/JP2013/061330,2013-04-16,NST
14783991,PCT/EP2014/056329,2014-03-28,NST
14783992,61811094,2013-04-11,PRO
14783992,PCT/US14/33778,2014-04-11,NST
14783993,61811379,2013-04-12,PRO
14783993,PCT/US14/33821,2014-04-11,NST
14783994,PCT/CA2014/050373,2014-04-14,NST
14783995,PCT/AU2014/000392,2014-04-10,NST
14783996,PCT/EP2014/059614,2014-05-12,NST
14783997,61813063,2013-04-17,PRO
14783997,61847380,2013-07-17,PRO
14783997,PCT/US14/34485,2014-04-17,NST
14783998,PCT/EP2014/057164,2014-04-09,NST
14783999,PCT/CN2013/074356,2013-04-18,NST
14784000,PCT/CN2013/074212,2013-04-15,NST
14784001,PCT/EP2014/057255,2014-04-10,NST
14784002,PCT/JP2014/054367,2014-02-24,NST
14784003,PCT/ES2014/070270,2014-04-07,NST
14784004,PCT/KR2014/003145,2014-04-11,NST
14784005,PCT/CN2014/075415,2014-04-15,NST
14784006,PCT/DK2014/000018,2014-04-11,NST
14784007,PCT/KR2014/001879,2014-03-07,NST
14784008,PCT/KR2014/004041,2014-05-07,NST
14784009,PCT/RU2013/000316,2013-04-12,NST
14784012,PCT/IB2014/060665,2014-04-11,NST
14784013,PCT/CA2014/050300,2014-03-21,NST
14784014,PCT/US13/40254,2013-05-09,NST
14784015,PCT/SE2014/000047,2014-04-10,NST
14784016,PCT/EP2014/000854,2014-03-31,NST
14784017,61811078,2013-04-11,PRO
14784017,PCT/US14/33873,2014-04-11,NST
14784018,PCT/CN2014/075197,2014-04-11,NST
14784019,61811355,2013-04-12,PRO
14784019,PCT/US14/33843,2014-04-11,NST
14784020,PCT/US2014/034049,2014-04-14,NST
14784021,PCT/IB2014/060095,2014-03-24,NST
14784022,PCT/JP2014/060210,2014-04-08,NST
14784023,PCT/GB2014/051280,2014-04-24,NST
14784024,PCT/DK2014/050096,2014-04-11,NST
14784025,PCT/SE2013/050404,2013-04-12,NST
14784026,PCT/EP2014/055425,2014-03-18,NST
14784027,PCT/KR2013/003243,2013-04-17,NST
14784028,PCT/CN2013/089866,2013-12-18,NST
14784029,PCT/US2014/053603,2014-08-29,NST
14784030,PCT/IB2013/052922,2013-04-12,NST
14784031,PCT/JP2014/002162,2014-04-16,NST
14784032,PCT/EP2014/055932,2014-03-25,NST
14784033,PCT/CN2013/075247,2013-05-07,NST
14784034,PCT/AU2014/000422,2014-04-14,NST
14784035,61820748,2013-05-08,PRO
14784035,PCT/US14/35600,2014-04-28,NST
14784036,PCT/CN2013/070654,2013-01-18,NST
14784037,PCT/CN2015/074222,2015-03-13,NST
14784038,PCT/IB2013/053385,2013-04-29,NST
14784039,PCT/AU2014/000449,2014-04-17,NST
14784040,PCT/IB2013/053405,2013-04-30,NST
14784041,PCT/AU2014/000415,2014-04-12,NST
14784042,PCT/CN2013/074527,2013-04-22,NST
14784043,PCT/US2014/034336,2014-04-16,NST
14784044,PCT/EP2014/057623,2014-04-15,NST
14784045,PCT/EP2014/057781,2014-04-16,NST
14784046,PCT/JP2014/061875,2014-04-28,NST
14784047,PCT/EP2014/057667,2014-04-15,NST
14784048,PCT/ES2014/070128,2014-02-20,NST
14784049,61811976,2013-04-15,PRO
14784049,PCT/US14/33989,2014-04-14,NST
14784050,PCT/US2013/038909,2013-04-30,NST
14784051,PCT/IB2014/060412,2014-04-04,NST
14784052,PCT/IB2014/000505,2014-04-09,NST
14784055,PCT/KR2014/003177,2014-04-14,NST
14784056,PCT/DK2014/050083,2014-04-09,NST
14784057,PCT/JP2014/054818,2014-02-27,NST
14784058,PCT/EP2014/061654,2014-06-05,NST
14784059,PCT/JP2014/071199,2014-08-11,NST
14784060,PCT/DE2014/000179,2014-04-08,NST
14784061,PCT/IB2014/060544,2014-04-09,NST
14784062,PCT/CA2014/000344,2014-04-11,NST
14784063,PCT/EP2014/000717,2014-03-17,NST
14784064,PCT/JP2014/060812,2014-04-16,NST
14784065,PCT/JP2014/055283,2014-03-03,NST
14784066,PCT/JP2014/061105,2014-04-14,NST
14784067,PCT/IB2014/060495,2014-04-07,NST
14784068,PCT/JP2014/060714,2014-04-15,NST
14784069,PCT/JP2014/001205,2014-03-05,NST
14784070,PCT/EP2014/057409,2014-04-11,NST
14784071,PCT/KR2014/001122,2014-02-11,NST
14784072,PCT/DK2014/050088,2014-04-10,NST
14784073,PCT/EP2014/061655,2014-06-05,NST
14784074,PCT/JP2014/057165,2014-03-17,NST
14784075,PCT/EP2014/057536,2014-04-14,NST
14784076,PCT/JP2014/002099,2014-04-14,NST
14784077,61823280,2013-05-14,PRO
14784077,PCT/US14/38001,2014-05-14,NST
14784078,PCT/US2014/034118,2014-04-15,NST
14784079,61815333,2013-04-24,PRO
14784079,PCT/US14/35225,2014-04-24,NST
14784080,PCT/JP2014/001954,2014-04-03,NST
14784081,PCT/JP14/02408,2014-05-02,NST
14784082,PCT/EP2014/000783,2014-03-22,NST
14784083,PCT/IB2013/000981,2013-05-20,NST
14784084,PCT/IN2014/000228,2014-04-09,NST
14784085,PCT/IB2014/000510,2014-04-09,NST
14784086,PCT/CN2013/086000,2013-10-25,NST
14784087,PCT/US13/36745,2013-04-16,NST
14784088,PCT/JP2013/062790,2013-05-02,NST
14784089,61811425,2013-04-12,PRO
14784089,PCT/US14/33744,2014-04-11,NST
14784090,PCT/FR2014/050788,2014-04-02,NST
14784091,PCT/EP2014/056935,2014-04-07,NST
14784092,PCT/KR2015/002817,2015-03-25,NST
14784093,PCT/JP2014/062691,2014-05-13,NST
14784094,PCT/EP2014/057131,2014-04-09,NST
14784095,PCT/JP2014/061108,2014-04-14,NST
14784096,PCT/EP2014/057796,2014-04-16,NST
14784097,PCT/IB2014/062831,2014-07-03,NST
14784098,PCT/JP2014/062291,2014-04-28,NST
14784099,PCT/EP2014/000996,2014-04-14,NST
14784100,PCT/JP2014/063787,2014-05-26,NST
14784101,PCT/RU2015/000052,2015-01-30,NST
14784102,PCT/JP2014/060668,2014-04-15,NST
14784103,PCT/JP2014/061398,2014-04-23,NST
14784104,PCT/JP2014/081016,2014-11-25,NST
14784105,PCT/US2014/042705,2014-06-17,NST
14784106,PCT/EP2013/057815,2013-04-15,NST
14784107,PCT/CN2013/084150,2013-09-25,NST
14784108,PCT/JP2013/076413,2013-09-27,NST
14784109,PCT/EP2013/001149,2013-04-18,NST
14784110,PCT/EP2013/057814,2013-04-15,NST
14784111,PCT/US13/78254,2013-12-30,NST
14784112,PCT/EP2014/059161,2014-05-06,NST
14784113,PCT/GB2014/051210,2014-04-17,NST
14784115,PCT/JP2013/061518,2013-04-18,NST
14784116,PCT/EP2014/053059,2014-02-18,NST
14784118,PCT/EP2014/056155,2014-03-27,NST
14784119,PCT/AU2014/000425,2014-04-14,NST
14784120,PCT/KR2014/002145,2014-03-13,NST
14784122,PCT/AU2014/050011,2014-04-10,NST
14784123,PCT/JP2013/084942,2013-12-26,NST
14784124,PCT/JP2014/061349,2014-04-23,NST
14784125,PCT/IB2014/059725,2014-03-13,NST
14784126,PCT/EP2014/057573,2014-04-15,NST
14784127,PCT/JP14/58852,2014-03-27,NST
14784128,PCT/JP2014/065938,2014-06-16,NST
14784129,PCT/JP2013/063062,2013-05-09,NST
14784130,PCT/EP2014/056813,2014-04-04,NST
14784132,PCT/FR2014/051439,2014-06-12,NST
14784133,PCT/JP2013/077691,2013-10-11,NST
14784134,PCT/EP2014/057745,2014-04-16,NST
14784135,PCT/EP2014/057947,2014-04-17,NST
14784136,PCT/US2013/037971,2013-04-24,NST
14784137,PCT/JP2014/060330,2014-04-09,NST
14784138,PCT/FR2014/050613,2014-03-17,NST
14784139,PCT/EP2014/057130,2014-04-09,NST
14784140,PCT/NL2014/000014,2014-04-14,NST
14784141,PCT/JP2013/061187,2013-04-15,NST
14784142,PCT/EP2014/057759,2014-04-16,NST
14784143,PCT/CA2014/000345,2014-04-10,NST
14784144,PCT/EP2014/057970,2014-04-17,NST
14784145,PCT/JP2015/052009,2015-01-26,NST
14784147,PCT/JP2014/064372,2014-05-30,NST
14784148,PCT/JP2014/063471,2014-05-21,NST
14784149,PCT/EP2014/057040,2014-04-08,NST
14784150,PCT/EP2014/053612,2014-02-25,NST
14784151,PCT/JP2014/060582,2014-04-14,NST
14784152,PCT/EP2014/057779,2014-04-16,NST
14784153,PCT/GB2014/000143,2014-04-11,NST
14784154,PCT/US13/38875,2013-04-30,NST
14784155,61812468,2013-04-16,PRO
14784155,PCT/US14/34409,2014-04-16,NST
14784156,PCT/JP2015/056797,2015-03-09,NST
14784157,PCT/EP2014/057733,2014-04-16,NST
14784159,PCT/EP2013/059180,2013-05-02,NST
14784160,PCT/EP2014/053809,2014-02-27,NST
14784161,61811731,2013-04-13,PRO
14784161,61812112,2013-04-15,PRO
14784161,PCT/US14/33715,2014-04-11,NST
14784162,PCT/EP2014/058372,2014-04-24,NST
14784163,PCT/EP2014/058427,2014-04-25,NST
14784164,PCT/JP2014/000873,2014-02-20,NST
14784165,PCT/CN2013/085162,2013-10-14,NST
14784166,PCT/JP2014/057943,2014-03-14,NST
14784167,61810408,2013-04-10,PRO
14784167,PCT/US14/33666,2014-04-10,NST
14784168,PCT/JP2015/053623,2015-02-10,NST
14784169,PCT/EP14/00977,2014-04-11,NST
14784170,PCT/JP2013/066228,2013-06-12,NST
14784171,PCT/EP2014/060350,2014-05-20,NST
14784172,PCT/US2014/033766,2014-04-11,NST
14784173,PCT/KR2014/003213,2014-04-14,NST
14784174,PCT/AU2014/000424,2014-04-14,NST
14784175,PCT/EP2014/065736,2014-07-22,NST
14784176,PCT/DK2013/050115,2013-04-19,NST
14784177,PCT/CN2013/085885,2013-10-24,NST
14784178,PCT/EP2014/057189,2014-04-09,NST
14784179,PCT/EP2014/055467,2014-03-19,NST
14784180,PCT/EP2014/077934,2014-12-16,NST
14784182,PCT/EP2014/057953,2014-04-17,NST
14784183,PCT/JP2014/057945,2014-03-14,NST
14784184,PCT/CN2013/084641,2013-09-29,NST
14784185,PCT/JP2014/061152,2014-04-21,NST
14784186,PCT/JP2013/002985,2013-05-09,NST
14784187,PCT/JP2014/061390,2014-04-23,NST
14784188,PCT/JP2014/060505,2014-04-11,NST
14784189,PCT/JP2014/057946,2014-03-14,NST
14784190,PCT/AU2014/000441,2014-04-15,NST
14784191,PCT/FR2014/050718,2014-03-26,NST
14784192,61811427,2013-04-12,PRO
14784192,PCT/US14/33990,2014-06-06,NST
14784193,PCT/IB2013/053048,2013-04-17,NST
14784194,PCT/FR2014/050942,2014-04-17,NST
14784195,PCT/EP14/58373,2014-04-24,NST
14784197,PCT/EP14/57190,2014-04-09,NST
14784198,PCT/DE2014/000189,2014-04-10,NST
14784199,61812073,2013-04-15,PRO
14784199,PCT/US14/34071,2014-04-15,NST
14784200,PCT/US2014/035161,2014-04-23,NST
14784201,PCT/EP2014/057627,2014-04-15,NST
14784202,PCT/JP2014/060386,2014-04-10,NST
14784203,PCT/ES2014/070288,2014-04-10,NST
14784204,PCT/EP2014/056941,2014-04-07,NST
14784206,PCT/JP2013/081151,2013-11-19,NST
14784207,61810404,2013-04-10,PRO
14784207,PCT/US14/33485,2014-04-09,NST
14784208,PCT/AU2014/000430,2014-04-14,NST
14784209,PCT/JP2014/068177,2014-07-08,NST
14784210,PCT/JP2014/062272,2014-05-07,NST
14784211,PCT/JP2014/057516,2014-03-19,NST
14784212,PCT/JP2014/057838,2014-03-20,NST
14784213,PCT/EP2014/055495,2014-03-19,NST
14784214,PCT/KR2014/003491,2014-04-22,NST
14784215,PCT/KR2014/003194,2014-04-14,NST
14784216,PCT/EP2014/058864,2014-04-30,NST
14784217,PCT/AU2014/000400,2014-04-11,NST
14784218,PCT/EP2014/057576,2014-04-15,NST
14784219,PCT/JP2014/062413,2014-05-08,NST
14784220,PCT/EP2014/058387,2014-04-24,NST
14784221,61811420,2013-04-12,PRO
14784221,PCT/US14/16040,2014-02-12,NST
14784222,PCT/CN2014/075067,2014-04-10,NST
14784223,PCT/EP2014/057578,2014-04-15,NST
14784224,PCT/JP2014/052833,2014-02-07,NST
14784225,PCT/EP2014/057125,2014-04-09,NST
14784226,PCT/EP2014/057277,2014-04-10,NST
14784228,PCT/GB2014/051277,2014-04-24,NST
14784229,PCT/EP2014/057127,2014-04-09,NST
14784230,PCT/FI2014/050352,2014-05-13,NST
14784231,PCT/JP2014/057665,2014-03-20,NST
14784232,PCT/EP2014/058946,2014-05-01,NST
14784233,PCT/AU2014/000431,2014-04-15,NST
14784234,PCT/JP2014/062896,2014-05-14,NST
14784235,61872499,2013-08-30,PRO
14784235,PCT/US14/53353,2014-08-29,NST
14784236,PCT/JP2013/062612,2013-04-30,NST
14784237,PCT/EP2014/001014,2014-04-15,NST
14784239,PCT/JP14/71158,2014-08-11,NST
14784240,PCT/AU2014/000432,2014-04-15,NST
14784241,PCT/FR2014/050891,2014-04-11,NST
14784242,PCT/US2013/036644,2013-04-15,NST
14784243,PCT/US2014/034234,2014-04-15,NST
14784244,PCT/US13/37926,2013-04-24,NST
14784245,PCT/US2013/038937,2013-04-30,NST
14784246,PCT/US2014/055047,2014-09-11,NST
14784247,PCT/EP2014/057446,2014-04-11,NST
14784248,PCT/AU2014/000416,2014-04-13,NST
14784249,PCT/FR2014/050888,2014-04-11,NST
14784250,61826728,2013-05-23,PRO
14784250,PCT/US14/38825,2014-05-20,NST
14784251,PCT/US2014/036128,2014-04-30,NST
14784252,PCT/EP2014/058328,2014-04-24,NST
14784253,61811934,2013-04-15,PRO
14784253,61869981,2013-08-26,PRO
14784253,PCT/IL2014/050354,2014-04-10,NST
14784254,61810352,2013-04-10,PRO
14784254,PCT/US14/33507,2014-04-09,NST
14784255,PCT/IL2014/050367,2014-04-18,NST
14784256,PCT/US2013/074747,2013-12-12,NST
14784257,61821635,2013-05-09,PRO
14784257,PCT/US14/31972,2014-03-27,NST
14784258,61821635,2013-05-09,PRO
14784258,PCT/US14/31970,2014-03-27,NST
14784260,PCT/SG2014/000309,2014-06-27,NST
14784261,PCT/JP2014/070514,2014-08-04,NST
14784263,PCT/FR2014/050882,2014-04-11,NST
14784264,PCT/EP2014/057158,2014-04-09,NST
14784265,PCT/EP2013/075416,2013-12-03,NST
14784266,PCT/EP2013/075415,2013-12-03,NST
14784267,PCT/EP2013/075400,2013-12-03,NST
14784268,PCT/EP2013/057790,2013-04-15,NST
14784269,PCT/AU2014/000403,2014-04-11,NST
14784271,PCT/SE2014/050456,2014-04-14,NST
14784272,PCT/JP2014/055566,2014-03-05,NST
14784273,PCT/EP2014/001059,2014-04-22,NST
14784274,PCT/SE2013/050417,2013-04-17,NST
14784275,PCT/FI2013/050424,2013-04-17,NST
14784276,PCT/US2014/035358,2014-04-24,NST
14784277,PCT/IL2013/050348,2013-04-23,NST
14784278,PCT/EP2013/056933,2013-04-02,NST
14784279,61812239,2013-04-15,PRO
14784279,61816551,2013-04-26,PRO
14784279,61816592,2013-04-26,PRO
14784279,PCT/US14/33974,2014-04-14,NST
14784280,PCT/US2013/036604,2013-04-15,NST
14784281,PCT/FI2014/050594,2014-07-28,NST
14784283,PCT/KR2014/003217,2014-04-15,NST
14784284,PCT/CN2014/075154,2014-04-11,NST
14784285,PCT/JP2014/060752,2014-04-15,NST
14784286,PCT/EP2014/058690,2014-04-29,NST
14784287,PCT/CN2014/074903,2014-04-08,NST
14784288,PCT/KR2013/005941,2013-07-04,NST
14784289,PCT/CN2014/083313,2014-07-30,NST
14784290,PCT/JP2014/002421,2014-05-07,NST
14784291,PCT/EP2014/058691,2014-04-29,NST
14784295,PCT/JP2014/072529,2014-08-28,NST
14784296,PCT/US2014/033940,2014-04-14,NST
14784297,PCT/JP2014/058792,2014-03-27,NST
14784298,PCT/CA2014/000349,2014-04-15,NST
14784299,PCT/EP2014/057827,2014-04-16,NST
14784300,PCT/IL2014/050327,2014-04-03,NST
14784301,PCT/EP2014/057716,2014-04-16,NST
14784302,PCT/EP2014/057194,2014-04-09,NST
14784303,PCT/IB2014/060774,2014-04-16,NST
14784304,PCT/KR2013/003590,2013-04-25,NST
14784305,PCT/EP2014/056891,2014-04-07,NST
14784306,PCT/CN2013/074188,2013-04-15,NST
14784307,PCT/CN2013/074189,2013-04-15,NST
14784308,PCT/EP2014/057472,2014-04-14,NST
14784310,PCT/CN2014/080298,2014-06-19,NST
14784311,PCT/US2014/034094,2014-04-15,NST
14784312,PCT/IL2014/050358,2014-04-13,NST
14784313,PCT/KR2014/002702,2014-03-31,NST
14784314,PCT/IL2014/050355,2014-04-13,NST
14784315,61813732,2013-04-19,PRO
14784315,PCT/US14/34592,2014-04-18,NST
14784316,PCT/IB2014/060652,2014-04-11,NST
14784317,PCT/EP2014/057204,2014-04-09,NST
14784318,PCT/IB2014/060744,2014-04-15,NST
14784319,PCT/EP2014/056943,2014-04-07,NST
14784320,PCT/EP2014/057380,2014-04-11,NST
14784321,PCT/CN2014/087559,2014-09-26,NST
14784322,PCT/US2013/057931,2013-09-04,NST
14784323,PCT/JP2015/050170,2015-01-06,NST
14784324,PCT/KR2014/003345,2014-04-17,NST
14784325,PCT/JP2014/001419,2014-03-13,NST
14784326,PCT/EP2014/054792,2014-03-12,NST
14784327,PCT/JP2013/061284,2013-04-16,NST
14784328,PCT/CN2014/074879,2014-04-08,NST
14784329,PCT/JP2014/001908,2014-04-01,NST
14784330,PCT/JP2013/061652,2013-04-19,NST
14784331,PCT/IB2014/000500,2014-04-08,NST
14784332,PCT/JP2014/060314,2014-04-09,NST
14784333,PCT/JP2015/000444,2015-02-02,NST
14784334,PCT/EP2014/057319,2014-04-10,NST
14784335,PCT/EP2014/057041,2014-04-08,NST
14784336,PCT/JP2014/060612,2014-04-14,NST
14784337,PCT/JP2014/060470,2014-04-11,NST
14784338,PCT/SE2014/050419,2014-04-04,NST
14784339,PCT/EP2014/057524,2014-04-14,NST
14784340,PCT/KR2014/003509,2014-04-22,NST
14784341,PCT/JP2014/001380,2014-03-11,NST
14784342,PCT/ZA2014/000019,2014-04-14,NST
14784343,PCT/EP2014/056837,2014-04-04,NST
14784344,PCT/DE2014/100132,2014-04-16,NST
14784345,PCT/JP2014/060811,2014-04-16,NST
14784346,PCT/SE2013/050475,2013-04-29,NST
14784347,PCT/SE2014/050483,2014-04-23,NST
14784348,PCT/EP2014/057795,2014-04-16,NST
14784349,PCT/KR2014/003250,2014-04-15,NST
14784350,PCT/DE2014/200105,2014-03-04,NST
14784351,PCT/EP2013/060776,2013-05-24,NST
14784352,PCT/EP2014/057563,2014-04-15,NST
14784353,PCT/JP2014/060877,2014-04-16,NST
14784354,PCT/EP2014/057598,2014-04-15,NST
14784355,PCT/EP2014/057710,2014-04-16,NST
14784356,PCT/JP2014/054900,2014-02-27,NST
14784357,PCT/EP2014/057624,2014-04-15,NST
14784358,PCT/EP2014/057493,2014-04-14,NST
14784359,PCT/JP2014/059889,2014-04-03,NST
14784360,PCT/EP2014/057492,2014-04-14,NST
14784361,PCT/US2014/033520,2014-04-09,NST
14784362,PCT/IN2014/000235,2014-04-15,NST
14784363,PCT/DE2014/200050,2014-02-11,NST
14784364,PCT/IB2014/000578,2014-04-18,NST
14784365,PCT/SE2014/050397,2014-04-03,NST
14784366,PCT/JP2013/072349,2013-08-22,NST
14784367,PCT/JP2014/054705,2014-02-26,NST
14784368,PCT/EP2014/057978,2014-04-17,NST
14784369,PCT/GR2013/000019,2013-04-15,NST
14784370,PCT/US2014/041652,2014-06-10,NST
14784372,PCT/JP2014/061091,2014-04-18,NST
14784373,PCT/EP2014/051579,2014-01-28,NST
14784374,PCT/EP2014/057955,2014-04-17,NST
14784375,PCT/JP2014/060405,2014-04-10,NST
14784376,PCT/EP2013/057847,2013-04-15,NST
14784377,PCT/JP2014/056676,2014-03-13,NST
14784378,PCT/JP2014/057743,2014-03-20,NST
14784379,PCT/IN2014/000236,2014-04-15,NST
14784380,PCT/JP14/60832,2014-04-16,NST
14784381,PCT/EP2014/057945,2014-04-17,NST
14784382,PCT/AU2014/000436,2014-04-16,NST
14784383,PCT/US13/38754,2013-04-30,NST
14784384,PCT/JP2014/055893,2014-03-07,NST
14784385,PCT/CH2014/000047,2014-04-14,NST
14784386,PCT/IL2014/050339,2014-04-08,NST
14784387,PCT/EP2014/055954,2014-03-25,NST
14784388,PCT/EP2014/058487,2014-04-25,NST
14784389,PCT/EP2014/057438,2014-04-11,NST
14784390,PCT/IB2014/060761,2014-04-16,NST
14784391,PCT/JP2014/055492,2014-03-04,NST
14784392,PCT/IN2014/000237,2014-04-15,NST
14784393,PCT/EP2013/001093,2013-04-15,NST
14784394,PCT/JP2014/053124,2014-02-12,NST
14784395,PCT/JP2014/002050,2014-04-09,NST
14784396,PCT/IB2014/061049,2014-04-28,NST
14784397,PCT/EP2014/057373,2014-04-11,NST
14784398,PCT/IB2014/060324,2014-03-31,NST
14784399,PCT/GB2014/051171,2014-04-15,NST
14784400,PCT/JP2014/059205,2014-03-28,NST
14784401,PCT/JP2014/058260,2014-03-25,NST
14784402,PCT/EP2014/057507,2014-04-14,NST
14784406,PCT/IB2014/060796,2014-04-17,NST
14784407,61813160,2013-04-17,PRO
14784407,PCT/US14/34291,2014-04-16,NST
14784410,PCT/IB2013/001049,2013-04-17,NST
14784411,PCT/EP2014/057504,2014-04-14,NST
14784414,PCT/EP2014/057705,2014-04-16,NST
14784415,61813578,2013-04-18,PRO
14784415,PCT/US14/34642,2014-04-18,NST
14784416,PCT/JP2014/002431,2014-05-08,NST
14784418,PCT/EP2014/057450,2014-04-11,NST
14784422,PCT/KR2014/003795,2014-04-29,NST
14784423,PCT/DK2014/050103,2014-04-16,NST
14784424,PCT/JP2014/059688,2014-04-01,NST
14784433,PCT/SE2013/000064,2013-05-07,NST
14784434,PCT/CN2014/073355,2014-03-13,NST
14784435,PCT/CN2013/083690,2013-09-17,NST
14784437,PCT/EP2014/055565,2014-03-20,NST
14784443,PCT/EP2014/057591,2014-04-15,NST
14784444,PCT/JP2014/059495,2014-03-31,NST
14784445,PCT/CN2013/079236,2013-07-11,NST
14784446,PCT/CN2013/084875,2013-10-09,NST
14784448,PCT/CN2013/084876,2013-10-09,NST
14784450,PCT/JP2014/001508,2014-03-17,NST
14784451,PCT/EP2014/058447,2014-04-25,NST
14784452,PCT/DE2014/000187,2014-04-10,NST
14784454,PCT/CN2014/075427,2014-04-15,NST
14784455,PCT/JP2014/001509,2014-03-17,NST
14784456,PCT/SE2013/051229,2013-10-23,NST
14784457,PCT/FI2014/050273,2014-04-15,NST
14784458,PCT/JP2014/001515,2014-03-17,NST
14784459,61811952,2013-04-15,PRO
14784459,PCT/US14/33975,2014-04-14,NST
14784460,61812345,2013-04-16,PRO
14784460,PCT/US14/33972,2014-04-14,NST
14784461,PCT/CN2014/075405,2014-04-15,NST
14784462,PCT/IB2014/060930,2014-04-23,NST
14784463,PCT/EP2014/057747,2014-04-16,NST
14784464,PCT/DK2013/000073,2013-10-25,NST
14784465,PCT/JP2014/061317,2014-04-22,NST
14784466,PCT/EP2014/058013,2014-04-18,NST
14784467,PCT/KR2014/003261,2014-04-15,NST
14784468,PCT/GB2014/051119,2014-04-10,NST
14784469,PCT/KR2014/003253,2014-04-15,NST
14784470,PCT/EP2014/058118,2014-04-22,NST
14784472,PCT/FR2014/050920,2014-04-15,NST
14784473,PCT/IB2014/060137,2014-03-25,NST
14784474,PCT/JP2013/061331,2013-04-16,NST
14784475,PCT/KR2014/009240,2014-09-30,NST
14784476,PCT/SE2013/050448,2013-04-24,NST
14784477,61972592,2014-03-31,PRO
14784477,PCT/IB15/52374,2015-03-31,NST
14784478,PCT/US2014/034097,2014-04-15,NST
14784479,PCT/US14/34325,2014-04-16,NST
14784480,61812661,2013-04-16,PRO
14784480,PCT/US14/34295,2014-04-16,NST
14784482,PCT/US2013/041069,2013-05-15,NST
14784483,PCT/EP2014/058280,2014-04-23,NST
14784484,PCT/EP2014/058021,2014-04-18,NST
14784485,PCT/FI2013/050411,2013-04-15,NST
14784486,PCT/EP2013/057776,2013-04-15,NST
14784488,PCT/EP2014/057370,2014-04-11,NST
14784489,PCT/IN2014/000239,2014-04-16,NST
14784490,PCT/EP2014/056513,2014-04-01,NST
14784491,PCT/KR2014/002718,2014-03-31,NST
14784492,PCT/GB2014/051177,2014-04-15,NST
14784493,PCT/IB2014/000539,2014-04-11,NST
14784494,PCT/EP2014/058518,2014-04-25,NST
14784495,PCT/SE2014/050632,2014-05-22,NST
14784496,PCT/US2014/034126,2014-04-15,NST
14784497,PCT/GB2014/051175,2014-04-15,NST
14784498,PCT/ES2014/070264,2014-04-03,NST
14784499,PCT/CN2013/074712,2013-04-25,NST
14784500,PCT/IB2014/060794,2014-04-17,NST
14784501,PCT/US2014/034189,2014-04-15,NST
14784502,PCT/US2013/044221,2013-06-05,NST
14784503,PCT/US2014/036743,2014-05-05,NST
14784504,PCT/FR2014/050787,2014-04-02,NST
14784505,PCT/EP2014/056602,2014-04-02,NST
14784506,61814971,2013-04-23,PRO
14784506,PCT/US14/34792,2014-04-21,NST
14784507,61825606,2013-05-21,PRO
14784507,PCT/US14/38142,2014-05-15,NST
14784508,PCT/IB2014/060527,2014-04-08,NST
14784509,61812114,2013-04-15,PRO
14784509,61817775,2013-04-30,PRO
14784509,61823347,2013-05-14,PRO
14784509,PCT/US14/34255,2014-04-15,NST
14784510,PCT/US13/36623,2013-04-15,NST
14784511,PCT/US2014/036397,2014-05-01,NST
14784512,PCT/EP2014/057597,2014-04-15,NST
14784513,61811789,2013-04-14,PRO
14784513,61811827,2013-04-15,PRO
14784513,PCT/US14/31330,2014-03-20,NST
14784514,PCT/US13/41430,2013-05-16,NST
14784515,PCT/CA2014/050381,2014-04-16,NST
14784516,PCT/EP2013/067660,2013-08-27,NST
14784517,61817955,2013-05-01,PRO
14784517,PCT/US14/36377,2014-05-01,NST
14784518,PCT/EP2014/054701,2014-03-11,NST
14784519,PCT/IB2014/060772,2014-04-16,NST
14784520,PCT/JP2015/050141,2015-01-06,NST
14784521,PCT/KR2014/008582,2014-09-15,NST
14784522,PCT/JP2014/002337,2014-04-25,NST
14784523,61815015,2013-04-23,PRO
14784523,61863015,2013-08-07,PRO
14784523,PCT/US14/34757,2014-04-21,NST
14784524,PCT/GB2014/051196,2014-04-16,NST
14784525,61813434,2013-04-18,PRO
14784525,PCT/US14/34470,2014-04-17,NST
14784526,PCT/AT2015/000010,2015-01-26,NST
14784527,PCT/IB2014/000703,2014-04-25,NST
14784528,PCT/JP2013/002830,2013-04-25,NST
14784529,PCT/IL2013/050485,2013-06-05,NST
14784530,PCT/JP2014/060845,2014-04-16,NST
14784531,61816070,2013-04-25,PRO
14784531,61936826,2014-02-06,PRO
14784531,PCT/US14/35578,2014-04-25,NST
14784532,PCT/EP2014/055359,2014-03-18,NST
14784533,PCT/JP2014/059792,2014-03-27,NST
14784534,PCT/GB2014/051197,2014-04-16,NST
14784535,PCT/US2013/036812,2013-04-16,NST
14784536,61812401,2013-04-16,PRO
14784536,PCT/US14/34354,2014-04-16,NST
14784537,PCT/JP2014/067033,2014-06-26,NST
14784538,PCT/CN2014/073698,2014-03-19,NST
14784539,PCT/US13/36597,2013-04-15,NST
14784540,PCT/EP2014/054038,2014-03-03,NST
14784541,PCT/KR2014/003589,2014-04-24,NST
14784542,PCT/US2011/019024,2014-02-27,NST
14784543,PCT/GB2014/051201,2014-04-16,NST
14784544,PCT/JP2014/058052,2014-03-24,NST
14784545,PCT/EP2013/057748,2013-04-14,NST
14784546,PCT/EP2014/057731,2014-04-16,NST
14784547,PCT/EP2014/057549,2014-04-14,NST
14784548,PCT/JP2014/060299,2014-04-08,NST
14784549,PCT/EP2014/054027,2014-03-03,NST
14784550,PCT/KR2014/003300,2014-04-16,NST
14784551,PCT/SE2014/050045,2014-01-16,NST
14784553,PCT/EP2014/057527,2014-04-14,NST
14784554,PCT/EP2014/000807,2014-03-25,NST
14784555,PCT/EP2014/057123,2014-04-09,NST
14784556,PCT/JP2014/056714,2014-03-13,NST
14784557,PCT/EP2014/000398,2014-02-13,NST
14784558,PCT/JP2014/056711,2014-03-13,NST
14784559,PCT/JP2014/055280,2014-03-03,NST
14784560,PCT/JP2014/055565,2014-03-05,NST
14784561,PCT/NL2014/050232,2014-04-14,NST
14784562,PCT/KR2014/003309,2014-04-16,NST
14784563,PCT/KR2014/003071,2014-04-09,NST
14784565,PCT/AU2014/000426,2014-04-14,NST
14784566,PCT/SE2014/050465,2014-04-15,NST
14784567,PCT/JP2014/060313,2014-04-09,NST
14784568,PCT/IB2014/060816,2014-04-17,NST
14784569,PCT/KR2013/008182,2013-09-10,NST
14784570,PCT/EP2014/057615,2014-04-15,NST
14784571,PCT/JP2014/002090,2014-04-11,NST
14784572,PCT/GB2014/051266,2014-04-23,NST
14784573,PCT/JP2015/065478,2015-05-28,NST
14784574,PCT/FR2014/050935,2014-04-17,NST
14784575,PCT/JP2014/002124,2014-04-15,NST
14784576,PCT/EP2014/056990,2014-04-08,NST
14784577,PCT/IB2014/001678,2014-04-15,NST
14784578,PCT/KR2013/012267,2013-12-27,NST
14784579,PCT/EP2014/057048,2014-04-08,NST
14784580,PCT/JP2014/060977,2014-04-17,NST
14784581,PCT/JP2014/060641,2014-04-14,NST
14784582,PCT/JP2014/060548,2014-04-11,NST
14784583,PCT/KR2014/003273,2014-04-15,NST
14784585,PCT/JP2014/060642,2014-04-14,NST
14784586,PCT/CN2013/083188,2013-09-10,NST
14784587,PCT/IN2014/000241,2014-04-16,NST
14784588,PCT/US2014/033889,2014-04-12,NST
14784589,PCT/EP2014/000950,2014-04-09,NST
14784590,PCT/GB2013/050059,2013-01-14,NST
14784591,PCT/EP2014/057421,2014-04-11,NST
14784592,PCT/CN2014/075734,2014-04-18,NST
14784593,PCT/KR2013/010984,2013-11-29,NST
14784594,PCT/IB2014/060750,2014-04-16,NST
14784595,PCT/US14/32922,2014-04-04,NST
14784596,PCT/IB2014/001201,2014-04-16,NST
14784597,PCT/US14/34063,2014-04-15,NST
14784598,61813554,2013-04-18,PRO
14784598,61880416,2013-09-20,PRO
14784598,PCT/US14/33157,2014-04-07,NST
14784599,PCT/EP2013/002031,2013-07-10,NST
14784600,PCT/JP2014/054826,2014-02-27,NST
14784601,PCT/JP2014/061024,2014-04-18,NST
14784602,PCT/IB2014/060724,2014-04-15,NST
14784603,PCT/EP2013/067658,2013-08-27,NST
14784604,PCT/JP2014/061899,2014-04-28,NST
14784605,PCT/SG2014/000172,2014-04-17,NST
14784606,PCT/CN2014/075354,2014-04-15,NST
14784607,PCT/FI2014/050380,2014-05-20,NST
14784608,PCT/EP2013/057829,2013-04-15,NST
14784609,PCT/FR2014/050865,2014-04-10,NST
14784610,PCT/IN2014/000240,2014-04-16,NST
14784611,PCT/JP2014/060645,2014-04-14,NST
14784612,PCT/EP2014/057674,2014-04-15,NST
14784614,PCT/KR2014/003282,2014-04-16,NST
14784615,PCT/EP2014/057717,2014-04-16,NST
14784616,PCT/DE2014/100134,2014-04-16,NST
14784617,PCT/US13/36706,2013-04-16,NST
14784618,PCT/CN2013/074722,2013-04-25,NST
14784619,PCT/EP2014/001036,2014-04-17,NST
14784620,PCT/EP2014/057676,2014-04-15,NST
14784621,PCT/KR2014/003327,2014-04-16,NST
14784622,PCT/AU2014/000442,2014-04-15,NST
14784624,PCT/CN2014/075412,2014-04-15,NST
14784625,PCT/EP2014/000277,2014-02-03,NST
14784626,PCT/JP2014/060565,2014-04-14,NST
14784627,PCT/EP2014/057658,2014-04-15,NST
14784628,PCT/IN2014/000242,2014-04-16,NST
14784629,PCT/EP2014/001007,2014-04-15,NST
14784630,PCT/US14/34883,2014-04-22,NST
14784633,PCT/EP2014/059139,2014-05-05,NST
14784634,61813682,2013-04-19,PRO
14784634,PCT/US14/34076,2014-04-15,NST
14784635,PCT/EP2014/058009,2014-04-18,NST
14784636,PCT/SE2014/000049,2014-04-14,NST
14784637,PCT/JP2014/056137,2014-03-10,NST
14784638,PCT/IN2013/000563,2013-09-18,NST
14784639,PCT/JP2014/059218,2014-03-28,NST
14784641,PCT/FR2014/050945,2014-04-17,NST
14784642,PCT/EP2014/056471,2014-03-31,NST
14784643,PCT/JP2014/065850,2014-06-16,NST
14784644,PCT/JP2014/002094,2014-04-14,NST
14784646,PCT/CA2014/000350,2014-04-15,NST
14784647,PCT/EP2014/001012,2014-04-15,NST
14784648,PCT/EP2014/058569,2014-04-28,NST
14784650,PCT/EP2014/056033,2014-03-26,NST
14784651,PCT/CN2013/091246,2013-12-31,NST
14784652,PCT/JP2014/062390,2014-05-08,NST
14784653,PCT/JP2014/055903,2014-03-07,NST
14784654,PCT/SG2014/000176,2014-04-21,NST
14784655,PCT/EP2014/057824,2014-04-16,NST
14784656,PCT/GB14/50972,2014-03-27,NST
14784657,PCT/JP2014/059154,2014-03-28,NST
14784659,PCT/NL2014/050239,2014-04-16,NST
14784660,PCT/EP2014/057823,2014-04-16,NST
14784662,PCT/GB2014/051202,2014-04-16,NST
14784663,PCT/EP2014/001008,2014-04-15,NST
14784664,PCT/JP2014/058526,2014-03-26,NST
14784665,PCT/CN2014/074236,2014-03-28,NST
14784666,PCT/EP2014/056510,2014-04-01,NST
14784667,PCT/US13/38023,2013-04-24,NST
14784668,PCT/US2014/034544,2014-04-17,NST
14784669,PCT/JP2014/060598,2014-04-14,NST
14784670,PCT/US13/38473,2013-04-26,NST
14784671,PCT/JP2014/058576,2014-03-26,NST
14784672,PCT/IB14/00513,2014-04-10,NST
14784673,PCT/IB2014/060762,2014-04-16,NST
14784674,PCT/GB2014/051174,2014-04-15,NST
14784675,PCT/CN2014/080997,2014-06-27,NST
14784676,PCT/EP2014/057346,2014-04-11,NST
14784677,PCT/IB2014/060542,2014-04-09,NST
14784678,PCT/EP2014/054940,2014-03-13,NST
14784679,PCT/JP2014/051198,2014-01-22,NST
14784680,61812367,2013-04-16,PRO
14784680,PCT/US14/34363,2014-04-16,NST
14784681,PCT/IB2013/001041,2013-04-15,NST
14784682,PCT/JP2014/057795,2014-03-20,NST
14784683,PCT/IB2014/000507,2014-04-07,NST
14784684,61813915,2013-04-19,PRO
14784684,PCT/US14/34621,2014-04-18,NST
14784685,PCT/EP2014/055058,2014-03-14,NST
14784686,PCT/EP2014/001035,2014-04-17,NST
14784687,PCT/JP2013/006179,2013-10-17,NST
14784688,PCT/JP2014/061878,2014-04-28,NST
14784689,PCT/KR2014/003307,2014-04-16,NST
14784690,PCT/FR2014/050962,2014-04-22,NST
14784691,PCT/JP2014/060588,2014-04-14,NST
14784692,PCT/GB2014/051151,2014-04-11,NST
14784693,PCT/EP2014/057114,2014-04-09,NST
14784694,61841464,2013-07-01,PRO
14784694,PCT/US14/34513,2014-04-17,NST
14784695,PCT/JP2014/062460,2014-05-09,NST
14784696,PCT/JP2013/002721,2013-04-23,NST
14784697,61813564,2013-04-18,PRO
14784697,PCT/US14/34556,2014-04-17,NST
14784698,PCT/EP2014/057758,2014-04-16,NST
14784700,61813701,2013-04-19,PRO
14784700,PCT/US14/34641,2014-04-18,NST
14784701,PCT/EP2013/060877,2013-05-27,NST
14784702,PCT/JP2013/066333,2013-06-13,NST
14784703,PCT/JP2013/063608,2013-05-15,NST
14784704,PCT/EP2014/000945,2014-04-09,NST
14784705,PCT/IB2014/060739,2014-04-15,NST
14784707,PCT/EP2014/056763,2014-04-04,NST
14784709,PCT/FR2014/050907,2014-04-14,NST
14784710,PCT/AU2014/000433,2014-04-15,NST
14784711,PCT/JP2014/059477,2014-03-31,NST
14784712,PCT/GB2014/050830,2014-03-17,NST
14784713,PCT/JP2013/063830,2013-05-17,NST
14784714,PCT/US2014/034298,2014-04-16,NST
14784715,PCT/IB2014/060644,2014-04-11,NST
14784716,PCT/JP2014/061528,2014-04-24,NST
14784717,61813473,2013-04-18,PRO
14784717,PCT/US14/34645,2014-04-18,NST
14784718,PCT/US2014/038172,2014-05-15,NST
14784719,PCT/JP2014/059478,2014-03-31,NST
14784720,PCT/US2014/034319,2014-04-16,NST
14784721,61814059,2013-04-19,PRO
14784721,PCT/US14/34603,2014-04-18,NST
14784722,PCT/EP2014/000842,2014-03-28,NST
14784723,PCT/EP2014/057678,2014-04-16,NST
14784724,PCT/US13/36937,2013-04-17,NST
14784725,PCT/JP2013/002645,2013-04-18,NST
14784726,PCT/EP2014/001010,2014-04-15,NST
14784728,PCT/EP2014/057551,2014-04-14,NST
14784729,PCT/US2014/016696,2014-02-17,NST
14784730,PCT/US2013/070451,2013-11-16,NST
14784731,PCT/US2014/038006,2014-05-14,NST
14784732,PCT/EP2014/001171,2014-05-02,NST
14784733,PCT/CA2014/050375,2014-04-15,NST
14784734,PCT/EP2014/057201,2014-04-09,NST
14784735,PCT/EP2014/001072,2014-04-22,NST
14784736,PCT/EP2014/057608,2014-04-15,NST
14784737,PCT/EP2014/057679,2014-04-16,NST
14784738,PCT/US13/36959,2013-04-17,NST
14784739,PCT/JP2013/083420,2013-12-13,NST
14784740,PCT/CA2014/050377,2014-04-15,NST
14784741,PCT/JP2014/060761,2014-04-15,NST
14784742,PCT/IN2014/000254,2014-04-21,NST
14784743,PCT/JP2014/002170,2014-04-16,NST
14784744,PCT/JP2014/057701,2014-03-20,NST
14784745,PCT/EP2014/057203,2014-04-09,NST
14784746,PCT/IB2014/060344,2014-04-01,NST
14784747,61813542,2013-04-18,PRO
14784747,PCT/US14/34551,2014-04-17,NST
14784748,PCT/US2013/044047,2013-06-04,NST
14784749,PCT/EP2014/001011,2014-04-15,NST
14784751,PCT/EP2014/053828,2014-02-27,NST
14784752,PCT/KR2014/001583,2014-02-26,NST
14784753,PCT/JP2014/061712,2014-04-25,NST
14784754,PCT/SG2014/000160,2014-04-11,NST
14784755,PCT/GB2014/051264,2014-04-23,NST
14784756,PCT/JP2014/061004,2014-04-18,NST
14784757,61813700,2013-04-19,PRO
14784757,PCT/US14/33415,2014-04-09,NST
14784758,PCT/US2013/044460,2013-06-06,NST
14784759,PCT/IN2014/000233,2014-04-15,NST
14784760,PCT/IB2014/060841,2014-04-18,NST
14784761,PCT/GB2014/051180,2014-04-15,NST
14784762,PCT/AT2014/000077,2014-04-14,NST
14784763,PCT/CN2014/075526,2014-04-16,NST
14784764,PCT/EP2014/001009,2014-04-15,NST
14784765,PCT/JP2014/052735,2014-02-06,NST
14784766,PCT/EP2014/001006,2014-04-15,NST
14784767,PCT/JP2014/058953,2014-03-27,NST
14784768,PCT/FI2014/050246,2014-04-08,NST
14784769,61825800,2013-05-21,PRO
14784769,PCT/US14/38232,2014-05-15,NST
14784770,PCT/KR2014/003376,2014-04-17,NST
14784771,PCT/JP2014/054917,2014-02-27,NST
14784772,PCT/KR2014/006774,2014-07-25,NST
14784773,PCT/FR2014/050954,2014-04-18,NST
14784774,PCT/KR2014/003378,2014-04-17,NST
14784775,PCT/EP2014/001020,2014-04-16,NST
14784776,PCT/IN2014/000232,2014-04-11,NST
14784777,PCT/JP2013/068980,2013-07-11,NST
14784778,PCT/JP2014/059942,2014-04-04,NST
14784779,PCT/EP2014/057644,2014-04-15,NST
14784780,PCT/EP2014/057494,2014-04-14,NST
14784781,PCT/EP2014/054855,2014-03-12,NST
14784782,PCT/IB2014/060867,2014-04-20,NST
14784783,PCT/EP2014/057348,2014-04-11,NST
14784784,PCT/EP2014/057390,2014-04-11,NST
14784785,PCT/FR2014/050745,2014-03-28,NST
14784786,PCT/IB2014/000515,2014-04-08,NST
14784787,PCT/EP2013/058196,2013-04-19,NST
14784789,PCT/US13/37036,2013-04-17,NST
14784790,PCT/GB2014/051183,2014-04-15,NST
14784791,PCT/EP2014/057748,2014-04-16,NST
14784792,PCT/US2013/060876,2013-09-20,NST
14784793,PCT/EP2014/053015,2014-02-17,NST
14784794,PCT/EP2014/056803,2014-04-04,NST
14784795,PCT/EP2014/056359,2014-03-28,NST
14784796,PCT/JP2013/061566,2013-04-19,NST
14784797,PCT/JP2014/060836,2014-04-16,NST
14784798,PCT/GB2014/051221,2014-04-17,NST
14784799,PCT/EP2014/057474,2014-04-14,NST
14784800,PCT/FR2013/050819,2013-04-15,NST
14784801,PCT/EP2014/057936,2014-04-17,NST
14784802,PCT/KR2014/003442,2014-04-21,NST
14784803,61813125,2013-04-17,PRO
14784803,PCT/US14/34561,2014-04-17,NST
14784804,PCT/IB2014/060807,2014-04-17,NST
14784805,PCT/GB2014/051236,2014-04-22,NST
14784806,PCT/EP2014/000770,2014-03-21,NST
14784807,PCT/JP2013/061743,2013-04-22,NST
14784808,PCT/KR2014/003272,2014-04-15,NST
14784809,PCT/EP2014/055829,2014-03-24,NST
14784810,PCT/AU2014/000468,2014-04-24,NST
14784811,PCT/EP2014/057009,2014-04-08,NST
14784812,PCT/EP2014/056771,2014-04-04,NST
14784813,PCT/KR2014/005530,2014-06-23,NST
14784814,PCT/AT2014/050093,2014-04-15,NST
14784815,PCT/JP2014/060536,2014-04-11,NST
14784816,PCT/FR2014/050914,2014-04-15,NST
14784817,PCT/JP2014/060775,2014-04-16,NST
14784818,PCT/EP2014/057849,2014-04-17,NST
14784819,PCT/EP2014/057977,2014-04-17,NST
14784820,PCT/FR2014/050862,2014-04-10,NST
14784821,PCT/JP2014/060329,2014-04-09,NST
14784822,PCT/EP2014/057749,2014-04-16,NST
14784823,PCT/EP2014/057589,2014-04-15,NST
14784825,PCT/JP2014/078550,2014-10-28,NST
14784826,61812642,2013-04-16,PRO
14784826,61864969,2013-08-12,PRO
14784826,PCT/US14/34176,2014-04-15,NST
14784827,PCT/IB2014/060840,2014-04-18,NST
14784828,PCT/EP2014/056893,2014-04-07,NST
14784830,PCT/NL2014/050204,2014-04-03,NST
14784831,PCT/EP2013/057860,2013-04-16,NST
14784832,PCT/JP2014/064259,2014-05-29,NST
14784833,61813194,2013-04-18,PRO
14784833,PCT/US14/34553,2014-04-17,NST
14784834,13835066,2013-03-15,CON
14784834,61829631,2013-05-31,PRO
14784834,PCT/US14/27493,2014-03-14,NST
14784835,PCT/EP2014/057607,2014-04-15,NST
14784836,PCT/EP2014/057798,2014-04-16,NST
14784837,PCT/EP2014/057995,2014-04-18,NST
14784838,PCT/NL2014/050245,2014-04-17,NST
14784839,PCT/EP2014/000934,2014-04-08,NST
14784840,61817545,2013-04-30,PRO
14784840,PCT/US14/35844,2014-04-29,NST
14784841,PCT/CN2014/075595,2014-04-17,NST
14784842,PCT/EP2014/053185,2014-02-19,NST
14784843,PCT/JP2014/060829,2014-04-16,NST
14784844,61812450,2013-04-16,PRO
14784844,PCT/US14/34431,2014-04-16,NST
14784845,PCT/EP2014/057855,2014-04-17,NST
14784847,PCT/JP2014/059402,2014-03-31,NST
14784848,PCT/CN2015/072266,2015-02-05,NST
14784849,PCT/US2014/034453,2014-04-17,NST
14784850,PCT/IB2014/060940,2014-04-23,NST
14784851,PCT/FI2014/050277,2014-04-16,NST
14784852,61817371,2013-04-30,PRO
14784852,PCT/US14/36276,2014-04-30,NST
14784853,PCT/EP2014/000991,2014-04-14,NST
14784854,PCT/JP2013/084781,2013-12-26,NST
14784855,61815992,2013-04-25,PRO
14784855,PCT/US14/35464,2014-04-25,NST
14784856,PCT/IB2014/060731,2014-04-15,NST
14784857,PCT/US2014/034455,2014-04-17,NST
14784858,PCT/SE2014/050379,2014-03-28,NST
14784859,PCT/SG2014/000163,2014-04-14,NST
14784860,61904813,2013-11-15,PRO
14784860,PCT/US14/35564,2014-04-25,NST
14784861,PCT/JP2014/060165,2014-04-08,NST
14784862,PCT/JP2014/060731,2014-04-15,NST
14784863,61812297,2013-04-16,PRO
14784863,PCT/US14/34107,2014-04-15,NST
14784864,PCT/FR2014/050918,2014-04-15,NST
14784865,PCT/EP2014/057550,2014-04-14,NST
14784866,PCT/GB2014/000150,2014-04-16,NST
14784867,PCT/JP2014/059652,2014-04-01,NST
14784868,61794403,2013-03-15,PRO
14784868,PCT/US14/29488,2014-03-14,NST
14784869,PCT/FR2014/050837,2014-04-08,NST
14784870,PCT/EP2014/056894,2014-04-07,NST
14784871,PCT/FR2014/050913,2014-04-15,NST
14784872,PCT/RU2013/000332,2013-04-18,NST
14784873,PCT/KR2014/003783,2014-04-29,NST
14784874,PCT/US2013/043157,2013-05-29,NST
14784875,PCT/IB2014/060738,2014-04-15,NST
14784876,PCT/US2014/035015,2014-04-22,NST
14784877,PCT/EP2014/057140,2014-04-09,NST
14784878,PCT/KR2014/003310,2014-04-16,NST
14784879,PCT/EP2014/056809,2014-04-04,NST
14784881,PCT/CN2014/070314,2014-01-08,NST
14784882,PCT/EP2013/067656,2013-08-27,NST
14784883,PCT/EP2014/001055,2014-04-17,NST
14784884,PCT/JP2014/002043,2014-04-09,NST
14784885,PCT/JP2014/055221,2014-03-03,NST
14784886,61812691,2013-04-16,PRO
14784886,PCT/US14/34397,2014-04-16,NST
14784887,PCT/AU2014/000429,2014-04-14,NST
14784888,PCT/JP2014/002130,2014-04-15,NST
14784889,PCT/AU2014/000452,2014-04-17,NST
14784890,PCT/EP2013/057854,2013-04-16,NST
14784891,PCT/JP2014/060727,2014-04-15,NST
14784892,PCT/JP2014/060477,2014-04-11,NST
14784893,PCT/EP2014/057629,2014-04-15,NST
14784894,PCT/GB2014/050994,2014-03-28,NST
14784895,PCT/EP2014/057673,2014-04-15,NST
14784896,PCT/FR2014/050912,2014-04-15,NST
14784897,PCT/EP2014/057469,2014-04-14,NST
14784898,61812057,2013-04-15,PRO
14784898,PCT/US14/34183,2014-04-15,NST
14784899,PCT/KR2014/003251,2014-04-15,NST
14784900,PCT/IB2014/060825,2014-04-18,NST
14784901,PCT/IB2014/061008,2014-04-25,NST
14784902,PCT/EP2013/067655,2013-08-27,NST
14784903,PCT/EP2014/058012,2014-04-18,NST
14784904,61814106,2013-04-19,PRO
14784904,PCT/US14/34422,2014-04-16,NST
14784905,PCT/GB2014/051172,2014-04-15,NST
14784906,PCT/KR2014/003255,2014-04-15,NST
14784907,PCT/AU2014/000443,2014-04-17,NST
14784908,PCT/US2013/038421,2013-04-26,NST
14784909,PCT/KR2014/001831,2014-03-06,NST
14784910,PCT/EP2014/057653,2014-04-15,NST
14784912,PCT/KR2014/002386,2014-03-21,NST
14784913,PCT/KR2014/003303,2014-04-16,NST
14784914,PCT/EP2014/057515,2014-04-14,NST
14784915,PCT/KR2014/003500,2014-04-22,NST
14784916,PCT/FI2014/050279,2014-04-16,NST
14784917,PCT/EP2014/056397,2014-03-31,NST
14784918,PCT/EP2014/057997,2014-04-18,NST
14784919,PCT/JP2013/069287,2013-07-16,NST
14784920,PCT/FR2014/050934,2014-04-16,NST
14784921,PCT/KR2014/002832,2014-04-02,NST
14784922,PCT/US13/41944,2013-05-21,NST
14784923,PCT/JP2014/060946,2014-04-17,NST
14784924,PCT/KR2014/003292,2014-04-16,NST
14784925,PCT/CN2013/083272,2013-09-11,NST
14784926,PCT/EP2014/058010,2014-04-18,NST
14784927,61813524,2013-04-18,PRO
14784927,PCT/US14/34569,2014-04-17,NST
14784928,PCT/US2014/034310,2014-04-16,NST
14784929,PCT/FR2014/051207,2014-05-22,NST
14784930,61812671,2013-04-16,PRO
14784930,61884584,2013-09-30,PRO
14784930,PCT/US14/34159,2014-04-15,NST
14784931,PCT/CA2014/050374,2014-04-14,NST
14784933,PCT/CN2014/090007,2014-10-31,NST
14784934,PCT/CN2014/072036,2014-02-13,NST
14784935,PCT/DK2014/050154,2014-06-02,NST
14784936,PCT/JP2014/060763,2014-04-15,NST
14784937,PCT/EP2014/057499,2014-04-14,NST
14784938,PCT/EP2014/057501,2014-04-14,NST
14784939,PCT/SG2014/000175,2014-04-21,NST
14784941,PCT/EP2014/057792,2014-04-16,NST
14784942,PCT/EP2014/057134,2014-04-09,NST
14784943,PCT/US2014/038250,2014-05-15,NST
14784945,PCT/EP2014/057300,2014-04-10,NST
14784946,PCT/JP2014/000829,2014-02-18,NST
14784948,PCT/GB2014/051204,2014-04-16,NST
14784949,PCT/GB2014/051200,2014-04-16,NST
14784950,PCT/EP2014/057058,2014-04-08,NST
14784952,PCT/KR2014/003374,2014-04-17,NST
14784953,PCT/KR2014/003373,2014-04-17,NST
14784954,PCT/KR2014/006043,2014-07-07,NST
14784955,PCT/CN2013/090868,2013-12-30,NST
14784956,PCT/KR2014/003329,2014-04-17,NST
14784957,PCT/KR2014/003450,2014-04-21,NST
14784958,PCT/JP2014/058240,2014-03-25,NST
14784959,PCT/GB2014/051227,2014-04-17,NST
14784960,PCT/GB2014/051228,2014-04-17,NST
14784962,PCT/JP2014/055614,2014-03-05,NST
14784963,PCT/US2014/034115,2014-04-15,NST
14784964,PCT/EP2014/057512,2014-04-14,NST
14784965,PCT/EP2013/058614,2013-04-25,NST
14784966,PCT/US2014/034783,2014-04-21,NST
14784967,PCT/IB2014/059723,2014-03-13,NST
14784968,PCT/EP2014/058117,2014-04-22,NST
14784969,PCT/JP2014/060789,2014-04-16,NST
14784970,PCT/JP2013/063609,2013-05-15,NST
14784971,PCT/JP2014/060697,2014-04-15,NST
14784973,PCT/EP2014/056984,2014-04-08,NST
14784974,PCT/US2014/034624,2014-04-18,NST
14784975,PCT/US2014/034283,2014-04-16,NST
14784977,PCT/GB2014/051226,2014-04-17,NST
14784978,PCT/CA2014/000357,2014-04-17,NST
14784979,PCT/EP2014/057907,2014-04-17,NST
14784980,PCT/IB2013/053000,2013-04-16,NST
14784981,PCT/JP2014/059739,2014-04-02,NST
14784982,PCT/EP2014/055240,2014-03-17,NST
14784983,PCT/JP2014/060060,2014-04-07,NST
14784984,PCT/EP2014/057704,2014-04-16,NST
14784985,PCT/AU2014/050015,2014-04-16,NST
14784986,PCT/AU2014/050016,2014-04-16,NST
14784987,PCT/SE2013/050459,2013-04-25,NST
14784988,PCT/US2014/034371,2014-04-16,NST
14784989,PCT/EP2014/000999,2014-04-15,NST
14784990,PCT/JP2014/060978,2014-04-17,NST
14784992,PCT/JP2014/001646,2014-03-20,NST
14784993,PCT/EP2014/056633,2014-04-03,NST
14784994,PCT/KR2014/003322,2014-04-16,NST
14784995,PCT/US2013/042147,2013-05-22,NST
14784996,PCT/JP2014/061090,2014-04-18,NST
14784997,PCT/GB2014/051127,2014-04-10,NST
14784999,PCT/CN14/74848,2014-04-04,NST
14785000,PCT/CN2014/082528,2014-07-18,NST
14785002,PCT/EP2014/057693,2014-04-16,NST
14785003,PCT/EP2014/058078,2014-04-22,NST
14785004,61813489,2013-04-18,PRO
14785004,PCT/US14/34289,2014-04-16,NST
14785005,PCT/EP2014/058116,2014-04-22,NST
14785006,PCT/US2014/033942,2014-04-14,NST
14785007,61812595,2013-04-16,PRO
14785007,PCT/US14/33479,2014-04-09,NST
14785009,61812507,2013-04-16,PRO
14785009,PCT/US14/33604,2014-04-10,NST
14785010,PCT/JP2014/061008,2014-04-18,NST
14785011,PCT/CN2014/080601,2014-06-24,NST
14785012,PCT/US2014/034361,2014-04-16,NST
14785014,PCT/KR2014/003367,2014-04-17,NST
14785015,PCT/KR2014/004045,2014-05-07,NST
14785016,PCT/EP2014/000924,2014-04-07,NST
14785017,PCT/EP2014/058377,2014-04-24,NST
14785018,PCT/CA2014/050607,2014-06-25,NST
14785019,PCT/AU2014/000444,2014-04-17,NST
14785020,PCT/FI2014/050276,2014-04-16,NST
14785021,PCT/CN2013/074410,2013-04-19,NST
14785022,PCT/US2014/035232,2014-04-24,NST
14785023,PCT/US2013/036899,2013-04-17,NST
14785024,PCT/JP2013/066989,2013-06-20,NST
14785025,PCT/KR2014/001584,2014-02-26,NST
14785026,PCT/EP2014/058126,2014-04-22,NST
14785027,PCT/JP2014/058530,2014-03-26,NST
14785028,PCT/JP2014/060691,2014-04-15,NST
14785029,PCT/US2014/035687,2014-04-28,NST
14785030,PCT/JP2014/001818,2014-03-28,NST
14785031,PCT/US2014/034387,2014-04-16,NST
14785032,PCT/EP2014/058836,2014-04-30,NST
14785033,PCT/JP2014/059640,2014-04-01,NST
14785034,PCT/JP2014/062036,2014-04-23,NST
14785035,PCT/JP2014/056841,2014-03-14,NST
14785036,PCT/FR2014/050836,2014-04-08,NST
14785037,PCT/EP2014/057698,2014-04-16,NST
14785038,PCT/IB2014/060414,2014-04-04,NST
14785039,PCT/CN2013/084851,2013-10-08,NST
14785040,PCT/IB2014/060432,2014-04-04,NST
14785041,PCT/EP2014/057311,2014-04-10,NST
14785042,PCT/KR2014/001507,2014-02-25,NST
14785044,PCT/JP2013/062243,2013-04-25,NST
14785045,PCT/EP2014/067056,2014-08-08,NST
14785046,PCT/ES2014/070326,2014-04-16,NST
14785047,61815551,2013-04-24,PRO
14785047,PCT/US14/35361,2014-04-24,NST
14785048,PCT/BR2014/000125,2014-04-16,NST
14785049,PCT/JP2014/059319,2014-03-28,NST
14785050,PCT/JP2014/084225,2014-12-25,NST
14785051,PCT/EP2014/057272,2014-04-10,NST
14785053,PCT/JP2014/054451,2014-02-25,NST
14785054,PCT/IB2014/000625,2014-04-24,NST
14785055,PCT/GB2014/051159,2014-04-14,NST
14785056,PCT/JP2014/070614,2014-08-05,NST
14785058,PCT/US2014/034078,2014-04-15,NST
14785059,PCT/AU2014/050017,2014-04-16,NST
14785060,PCT/EP2014/058016,2014-04-18,NST
14785061,PCT/FR2014/050846,2014-04-09,NST
14785062,PCT/EP2014/056197,2014-03-27,NST
14785063,PCT/JP2013/061676,2013-04-19,NST
14785065,PCT/CN2013/091099,2013-12-31,NST
14785066,PCT/EP2014/058122,2014-04-22,NST
14785067,61812371,2013-04-16,PRO
14785067,PCT/US14/34343,2014-04-16,NST
14785068,PCT/EP2014/057725,2014-04-16,NST
14785069,PCT/JP2014/060677,2014-04-15,NST
14785070,PCT/FI2014/050282,2014-04-17,NST
14785071,PCT/US2013/042980,2013-05-29,NST
14785072,PCT/JP2014/054890,2014-02-27,NST
14785073,PCT/US2014/000867,2014-01-29,NST
14785074,PCT/EP2014/057806,2014-04-16,NST
14785075,PCT/CN2014/000432,2014-04-21,NST
14785076,PCT/GB2014/051206,2014-04-17,NST
14785077,PCT/EP2014/057613,2014-04-15,NST
14785078,PCT/CN2014/093585,2014-12-11,NST
14785079,PCT/JP2014/062958,2014-05-15,NST
14785080,PCT/JP2013/061862,2013-04-23,NST
14785081,PCT/IB2014/060751,2014-04-16,NST
14785083,PCT/JP2014/078757,2014-10-29,NST
14785084,PCT/EP2014/000750,2014-03-19,NST
14785085,PCT/JP2014/059172,2014-03-28,NST
14785086,PCT/IL14/50364,2014-04-16,NST
14785087,PCT/IB2014/060801,2014-04-17,NST
14785088,PCT/EP2014/057267,2014-04-10,NST
14785089,PCT/EP2014/059054,2014-05-05,NST
14785090,PCT/EP2014/057933,2014-04-17,NST
14785091,PCT/JP2014/060236,2014-04-09,NST
14785093,PCT/EP2014/056798,2014-04-04,NST
14785094,PCT/US2014/034843,2014-04-21,NST
14785095,PCT/EP2014/057605,2014-04-15,NST
14785096,PCT/KR2013/003162,2013-04-16,NST
14785097,PCT/KR2014/003382,2014-04-18,NST
14785098,PCT/EP2014/059885,2014-05-14,NST
14785099,PCT/EP2014/057543,2014-04-14,NST
14785100,PCT/EP2014/057529,2014-04-14,NST
14785101,PCT/EP2013/058763,2013-04-26,NST
14785102,PCT/EP2014/057647,2014-04-15,NST
14785103,PCT/US2014/034845,2014-04-21,NST
14785104,61815519,2013-04-24,PRO
14785104,PCT/US14/35348,2014-04-24,NST
14785106,PCT/JP2014/002086,2014-04-11,NST
14785107,PCT/GB2014/050951,2014-03-26,NST
14785108,PCT/EP2014/000465,2014-02-21,NST
14785109,PCT/EP2014/052448,2014-02-07,NST
14785110,PCT/EP2014/057375,2014-04-11,NST
14785111,PCT/GR2013/000022,2013-04-19,NST
14785112,PCT/JP2014/052067,2014-01-30,NST
14785113,PCT/GB2014/053588,2014-12-02,NST
14785114,PCT/GB2014/051229,2014-04-17,NST
14785115,PCT/EP2014/062636,2014-06-17,NST
14785116,PCT/US2013/074861,2013-12-13,NST
14785117,PCT/GB2014/051041,2014-04-03,NST
14785118,PCT/CN2014/071468,2014-01-26,NST
14785119,PCT/US2014/034933,2014-04-22,NST
14785120,PCT/US2013/043237,2013-05-30,NST
14785121,PCT/KR2014/003697,2014-04-26,NST
14785122,61812352,2013-04-16,PRO
14785122,61883526,2013-09-27,PRO
14785122,PCT/US14/34142,2014-04-15,NST
14785123,PCT/GB2014/051187,2014-04-16,NST
14785124,PCT/FR2014/050977,2014-04-22,NST
14785126,PCT/CN2013/074327,2013-04-17,NST
14785127,PCT/AU2014/050018,2014-04-17,NST
14785128,PCT/EP2014/058036,2014-04-21,NST
14785129,PCT/EP2014/001065,2014-04-22,NST
14785130,PCT/EP2014/057489,2014-04-14,NST
14785131,PCT/JP2014/060985,2014-04-17,NST
14785132,PCT/EP2013/058153,2013-04-19,NST
14785133,61815302,2013-04-24,PRO
14785133,PCT/US14/30287,2014-03-17,NST
14785134,61813297,2013-04-18,PRO
14785134,PCT/US14/34334,2014-04-16,NST
14785135,PCT/JP2014/057415,2014-03-18,NST
14785136,PCT/EP2014/001046,2014-04-17,NST
14785137,PCT/JP2014/061028,2014-04-18,NST
14785138,PCT/IB2014/060813,2014-04-17,NST
14785139,13865671,2013-04-18,CON
14785139,PCT/US14/34579,2014-04-18,NST
14785141,PCT/FR2014/050955,2014-04-18,NST
14785143,PCT/EP2014/000941,2014-04-09,NST
14785144,PCT/JP2014/061640,2014-04-24,NST
14785145,PCT/US2013/038935,2013-04-30,NST
14785146,PCT/US2013/077460,2013-12-23,NST
14785147,PCT/IN2014/000248,2014-04-17,NST
14785149,PCT/FR2014/050946,2014-04-18,NST
14785150,PCT/CN2014/000415,2014-04-16,NST
14785151,PCT/KR2014/003317,2014-04-16,NST
14785152,PCT/EP2014/057185,2014-04-09,NST
14785153,61813539,2013-04-18,PRO
14785153,PCT/US14/34618,2014-04-18,NST
14785154,PCT/IB2014/000552,2014-04-16,NST
14785155,PCT/EP2014/057471,2014-04-14,NST
14785156,PCT/EP2013/058024,2013-04-17,NST
14785157,PCT/IB2014/000547,2014-04-15,NST
14785158,PCT/CN2014/075391,2014-04-15,NST
14785159,PCT/US2014/034538,2014-04-17,NST
14785160,PCT/KR2014/001964,2014-03-10,NST
14785161,PCT/EP2014/056845,2014-04-04,NST
14785162,PCT/CN2014/075600,2014-04-17,NST
14785163,PCT/EP2014/001021,2014-04-16,NST
14785164,PCT/FR2014/050932,2014-04-16,NST
14785165,PCT/JP2014/059090,2014-03-28,NST
14785166,PCT/KR2014/003299,2014-04-16,NST
14785169,PCT/FR2014/050574,2014-03-13,NST
14785171,PCT/CN2014/075594,2014-04-17,NST
14785172,PCT/EP2014/056641,2014-04-03,NST
14785173,PCT/JP2014/060891,2014-04-17,NST
14785174,PCT/GB2014/050976,2014-03-27,NST
14785175,PCT/CN2014/075585,2014-04-17,NST
14785176,61813328,2013-04-18,PRO
14785176,PCT/US14/34655,2014-04-18,NST
14785177,PCT/CH2014/000046,2014-04-10,NST
14785178,PCT/FI2014/050285,2014-04-17,NST
14785179,PCT/JP2013/061531,2013-04-18,NST
14785180,PCT/EP2014/057969,2014-04-17,NST
14785181,PCT/EP2014/052295,2014-02-06,NST
14785182,PCT/JP14/61269,2014-04-22,NST
14785183,61814020,2013-04-19,PRO
14785183,61866872,2013-08-16,PRO
14785183,61871657,2013-08-29,PRO
14785183,PCT/US14/34605,2014-04-18,NST
14785184,PCT/IB2014/060755,2014-04-16,NST
14785185,PCT/IL2014/050356,2014-04-13,NST
14785186,PCT/CN2014/071357,2014-01-24,NST
14785187,PCT/JP2014/060848,2014-04-16,NST
14785188,PCT/EP2014/057984,2014-04-17,NST
14785189,PCT/EP2014/001144,2014-04-29,NST
14785190,PCT/EP2014/068761,2014-09-03,NST
14785191,PCT/JP2014/061082,2014-04-18,NST
14785192,PCT/CN2014/075593,2014-04-17,NST
14785193,PCT/CN2014/075903,2014-04-22,NST
14785195,PCT/IB2014/060814,2014-04-17,NST
14785196,61814020,2013-04-19,PRO
14785196,61866872,2013-08-16,PRO
14785196,61871657,2013-08-29,PRO
14785196,PCT/US14/34604,2014-04-18,NST
14785197,PCT/GB2014/051192,2014-04-16,NST
14785198,PCT/EP2014/053083,2014-02-18,NST
14785199,PCT/DK2014/050099,2014-04-15,NST
14785200,PCT/JP2013/061486,2013-04-18,NST
14785201,PCT/IL2014/050357,2014-04-13,NST
14785202,PCT/EP2014/057722,2014-04-16,NST
14785203,PCT/JP2014/053067,2014-02-10,NST
14785204,PCT/JP2014/060665,2014-04-15,NST
14785205,PCT/CN2014/075664,2014-04-18,NST
14785206,PCT/FR2014/051384,2014-06-10,NST
14785207,PCT/EP2014/058130,2014-04-22,NST
14785208,PCT/EP2014/057972,2014-04-17,NST
14785209,PCT/JP2013/075670,2013-09-24,NST
14785210,PCT/FR2014/050925,2014-04-16,NST
14785211,PCT/JP2014/053293,2014-02-13,NST
14785213,PCT/IB2014/060778,2014-04-16,NST
14785214,PCT/IB2014/060899,2014-04-22,NST
14785215,PCT/EP14/58223,2014-04-23,NST
14785216,PCT/EP2014/057887,2014-04-17,NST
14785217,PCT/EP2014/000997,2014-04-14,NST
14785218,PCT/EP2014/057490,2014-04-14,NST
14785219,PCT/KR2014/003183,2014-04-14,NST
14785220,PCT/CA2014/050390,2014-04-17,NST
14785221,PCT/CN2013/074399,2013-04-19,NST
14785222,PCT/JP2014/060988,2014-04-17,NST
14785223,PCT/GB2014/051219,2014-04-17,NST
14785224,PCT/JP2014/002212,2014-04-18,NST
14785225,PCT/JP2013/082955,2013-12-09,NST
14785226,61813390,2013-04-18,PRO
14785226,PCT/US14/34663,2014-04-18,NST
14785227,PCT/JP14/60930,2014-04-17,NST
14785228,PCT/SE2013/050422,2013-04-18,NST
14785229,PCT/EP2014/058000,2014-04-18,NST
14785230,61813892,2013-04-19,PRO
14785230,PCT/US14/34793,2014-04-21,NST
14785231,PCT/NL2014/050238,2014-04-16,NST
14785232,PCT/CN2013/087188,2013-11-15,NST
14785233,PCT/JP2013/061504,2014-04-18,NST
14785234,PCT/FR2014/051028,2014-04-29,NST
14785236,PCT/DE2014/200138,2014-03-24,NST
14785237,PCT/EP2014/057886,2014-04-17,NST
14785239,PCT/EP2014/057836,2014-04-16,NST
14785240,PCT/KR2014/003495,2014-04-22,NST
14785241,PCT/US2014/036938,2014-05-06,NST
14785242,PCT/FI2014/050271,2014-04-15,NST
14785243,PCT/KR2014/003237,2014-04-15,NST
14785244,PCT/JP2013/061429,2013-04-17,NST
14785245,PCT/JP2014/056956,2014-03-14,NST
14785246,61919678,2013-12-20,PRO
14785246,PCT/US14/70117,2014-12-12,NST
14785247,PCT/IB2014/061456,2014-05-15,NST
14785248,PCT/US2014/034570,2014-04-17,NST
14785249,PCT/JP2014/053217,2014-02-12,NST
14785250,PCT/JP2014/056342,2014-03-11,NST
14785252,PCT/GB2014/051194,2014-04-16,NST
14785253,PCT/EP2013/058116,2013-04-18,NST
14785254,PCT/JP2014/002115,2014-04-15,NST
14785255,PCT/KR2014/003324,2014-04-16,NST
14785256,PCT/EP2014/059709,2014-05-13,NST
14785257,PCT/EP2014/057940,2014-04-17,NST
14785258,PCT/EP2014/057901,2014-04-17,NST
14785259,PCT/US2014/034258,2014-04-16,NST
14785260,PCT/JP2013/061317,2013-04-16,NST
14785261,PCT/US2014/011880,2014-01-16,NST
14785262,61813399,2013-04-18,PRO
14785262,PCT/US14/34282,2014-04-16,NST
14785263,PCT/JP2014/054640,2014-02-26,NST
14785264,61812312,2013-04-16,PRO
14785264,PCT/US14/34378,2014-04-16,NST
14785265,PCT/KR2013/007769,2013-08-29,NST
14785266,PCT/EP2014/057770,2014-04-16,NST
14785267,PCT/CN2014/000280,2014-03-17,NST
14785268,PCT/US2014/034684,2014-04-18,NST
14785269,PCT/EP2014/054455,2014-03-07,NST
14785270,PCT/KR2014/003212,2014-04-14,NST
14785271,PCT/CN2014/074068,2014-03-26,NST
14785272,PCT/EP2014/056059,2014-03-26,NST
14785273,PCT/JP2014/060974,2014-04-17,NST
14785274,PCT/KR2014/003425,2014-04-18,NST
14785275,PCT/US2014/034006,2014-04-14,NST
14785276,PCT/JP2014/054573,2014-02-25,NST
14785277,PCT/GB2014/051265,2014-04-23,NST
14785278,PCT/EP2014/058040,2014-04-22,NST
14785279,PCT/EP2014/057376,2014-04-11,NST
14785280,PCT/CN2015/072860,2015-02-12,NST
14785281,PCT/KR2014/003438,2014-04-18,NST
14785282,PCT/KR2014/003238,2014-04-15,NST
14785283,PCT/US2014/035272,2014-04-24,NST
14785284,PCT/IB2014/060827,2014-04-18,NST
14785285,PCT/GB2014/051156,2014-04-14,NST
14785286,PCT/IN2014/000247,2014-04-17,NST
14785287,PCT/CN2013/074353,2013-04-18,NST
14785288,PCT/JP2014/060496,2014-04-11,NST
14785289,PCT/EP2014/057231,2014-04-10,NST
14785290,PCT/JP2014/058853,2014-03-27,NST
14785291,PCT/IB2014/060787,2014-04-17,NST
14785292,PCT/CN2013/074360,2013-04-18,NST
14785293,PCT/FR2014/050929,2014-04-16,NST
14785294,PCT/EP2014/057882,2014-04-17,NST
14785295,PCT/EP2014/057996,2014-04-18,NST
14785296,PCT/EP2014/057345,2014-04-11,NST
14785299,PCT/CN2014/075929,2014-04-22,NST
14785300,PCT/KR2014/003437,2014-04-18,NST
14785301,PCT/KR13/12110,2013-12-24,NST
14785302,PCT/JP2014/060703,2014-04-15,NST
14785303,PCT/KR2014/003320,2014-04-16,NST
14785305,PCT/EP2014/001003,2014-04-15,NST
14785306,PCT/IN2014/000234,2014-04-15,NST
14785307,PCT/KR2014/003064,2014-04-09,NST
14785308,PCT/EP2014/057750,2014-04-16,NST
14785310,PCT/EP2014/057891,2014-04-17,NST
14785311,PCT/EP2014/057609,2014-04-15,NST
14785312,PCT/KR2013/005301,2013-06-17,NST
14785313,PCT/EP2014/057652,2014-04-15,NST
14785314,PCT/JP2013/068408,2013-07-04,NST
14785315,PCT/US2014/036129,2014-04-30,NST
14785316,PCT/JP2014/060950,2014-04-17,NST
14785317,61813352,2013-04-18,PRO
14785317,PCT/US14/34562,2014-04-17,NST
14785318,PCT/JP2014/001813,2014-03-28,NST
14785321,PCT/KR2014/003756,2014-04-29,NST
14785323,PCT/US13/36906,2013-04-17,NST
14785324,PCT/US13/42254,2013-05-22,NST
14785325,PCT/US2013/042153,2013-05-22,NST
14785326,PCT/IN2014/000249,2014-04-17,NST
14785328,PCT/US13/43377,2013-05-30,NST
14785331,PCT/JP2014/062862,2014-05-14,NST
14785332,PCT/JP2013/083024,2013-12-10,NST
14785333,PCT/SE2014/050450,2014-04-11,NST
14785335,61818538,2013-05-02,PRO
14785335,PCT/US14/35643,2014-04-28,NST
14785338,PCT/CA2014/050363,2014-04-09,NST
14785340,PCT/GR2014/000035,2014-06-06,NST
14785341,PCT/EP2013/001189,2013-04-22,NST
14785342,PCT/SE2013/000056,2013-04-25,NST
14785343,PCT/JP2014/053348,2014-02-13,NST
14785345,PCT/JP2014/053351,2014-02-13,NST
14785348,PCT/CN2014/072019,2014-02-13,NST
14785350,PCT/CN2015/075211,2015-03-27,NST
14785351,PCT/IL2014/050374,2014-04-23,NST
14785352,PCT/CN2014/076294,2014-04-25,NST
14785353,PCT/US2014/034496,2014-04-17,NST
14785354,PCT/EP2014/057981,2014-04-17,NST
14785355,PCT/US2014/038026,2014-05-15,NST
14785356,PCT/EP2014/057980,2014-04-17,NST
14785357,PCT/EP2014/000989,2014-04-14,NST
14785358,PCT/SE2014/050521,2014-04-29,NST
14785359,PCT/CN2013/074444,2013-04-19,NST
14785360,PCT/EP2014/057979,2014-04-17,NST
14785363,PCT/EP2014/057989,2014-04-17,NST
14785364,PCT/JP2014/061099,2014-04-18,NST
14785365,PCT/JP2014/061492,2014-04-23,NST
14785366,61814516,2013-04-22,PRO
14785366,PCT/US14/34950,2014-04-22,NST
14785368,PCT/EP2014/057229,2014-04-10,NST
14785371,PCT/SE2013/050571,2013-05-21,NST
14785372,PCT/KR2014/002808,2014-04-02,NST
14785373,PCT/CN2013/076270,2013-05-27,NST
14785376,PCT/IB2013/053413,2013-04-30,NST
14785377,PCT/AT2014/000003,2014-01-09,NST
14785378,PCT/AU2014/000456,2014-04-20,NST
14785379,PCT/JP2014/060213,2014-04-08,NST
14785380,PCT/US2014/033848,2014-04-11,NST
14785381,61814028,2013-04-19,PRO
14785381,61866878,2013-08-16,PRO
14785381,61901710,2013-11-08,PRO
14785381,PCT/US14/34185,2014-04-15,NST
14785382,PCT/AU2014/000460,2014-04-19,NST
14785383,PCT/SE2014/050599,2011-05-16,NST
14785384,PCT/JP13/63331,2013-05-13,NST
14785385,PCT/CN2013/074426,2013-04-19,NST
14785386,PCT/JP2014/056228,2014-03-11,NST
14785388,PCT/JP2014/054809,2014-02-27,NST
14785389,PCT/IB2014/000580,2014-04-17,NST
14785390,PCT/FR2014/050923,2014-04-16,NST
14785391,PCT/JP2014/059513,2014-03-31,NST
14785392,PCT/JP2014/063505,2014-05-21,NST
14785393,PCT/EP2014/057987,2014-04-17,NST
14785394,PCT/CN2014/075410,2014-04-15,NST
14785395,PCT/EP2014/058454,2014-04-25,NST
14785396,PCT/SE2013/050430,2013-04-22,NST
14785398,PCT/IB2014/000545,2014-04-15,NST
14785399,PCT/US2014/036159,2014-04-30,NST
14785400,PCT/EP2014/058326,2014-04-24,NST
14785401,PCT/EP14/57898,2014-04-17,NST
14785402,PCT/EP2014/056235,2014-03-27,NST
14785403,PCT/EP2014/057274,2014-04-10,NST
14785404,PCT/CN2013/081618,2013-08-16,NST
14785405,PCT/EP2014/057282,2014-04-10,NST
14785407,PCT/JP2014/000514,2014-01-31,NST
14785409,PCT/EP2014/057922,2014-04-17,NST
14785410,PCT/KR2014/003343,2014-04-17,NST
14785411,PCT/US2014/034768,2014-04-21,NST
14785412,PCT/EP2014/059701,2014-05-13,NST
14785413,PCT/GB2014/051267,2013-04-23,NST
14785414,PCT/FI2013/050454,2013-04-23,NST
14785415,PCT/AT2014/050095,2014-04-17,NST
14785416,PCT/JP2014/060460,2014-04-11,NST
14785417,PCT/JP2014/061470,2014-04-23,NST
14785418,61813790,2013-04-19,PRO
14785418,PCT/US14/34754,2014-04-21,NST
14785419,PCT/US2013/046842,2013-06-20,NST
14785420,PCT/IB2014/060615,2014-04-10,NST
14785421,PCT/US2013/053098,2013-07-31,NST
14785422,PCT/JP2014/002233,2014-04-21,NST
14785423,PCT/JP2014/059719,2014-04-02,NST
14785424,PCT/EP2014/057869,2014-04-17,NST
14785425,PCT/CN2013/078330,2013-06-28,NST
14785426,PCT/US2014/034032,2014-04-14,NST
14785427,PCT/IB2014/060728,2014-04-15,NST
14785429,PCT/US2014/033947,2014-04-14,NST
14785430,PCT/US13/52343,2013-07-26,NST
14785431,PCT/JP2013/062438,2013-04-26,NST
14785432,PCT/US2014/035227,2014-04-24,NST
14785433,PCT/US2013/038017,2013-04-24,NST
14785434,PCT/DE2014/000214,2014-04-17,NST
14785435,PCT/EP2014/001322,2014-05-15,NST
14785436,PCT/JP2014/060825,2014-04-16,NST
14785437,PCT/IB2014/000634,2014-04-16,NST
14785438,PCT/IB2014/061288,2014-05-08,NST
14785439,PCT/EP2014/056398,2014-03-31,NST
14785440,PCT/EP2014/053767,2014-02-26,NST
14785441,PCT/FI2014/050289,2014-04-22,NST
14785442,PCT/US2014/034620,2014-04-18,NST
14785443,PCT/CN2013/087246,2013-11-15,NST
14785444,PCT/FR2014/000082,2014-04-09,NST
14785445,PCT/KR2014/003757,2014-04-29,NST
14785447,PCT/EP2014/057852,2014-04-17,NST
14785448,PCT/US2013/051855,2013-07-24,NST
14785449,PCT/EP2013/058213,2013-04-19,NST
14785450,PCT/CN2013/089355,2013-12-13,NST
14785451,PCT/FR2014/050615,2014-03-17,NST
14785452,PCT/NL2014/050247,2014-04-17,NST
14785453,PCT/JP2014/057717,2014-03-20,NST
14785454,PCT/JP2014/062306,2014-05-08,NST
14785455,PCT/JP2013/063068,2013-05-09,NST
14785456,PCT/IL2014/050359,2014-04-13,NST
14785457,61813718,2013-04-19,PRO
14785457,PCT/US14/33925,2014-04-14,NST
14785458,PCT/KR2014/003392,2014-04-18,NST
14785460,PCT/EP2014/057235,2014-04-10,NST
14785461,PCT/EP2014/058240,2014-04-23,NST
14785462,PCT/DK2014/050107,2014-04-22,NST
14785464,61813670,2013-04-19,PRO
14785464,PCT/US14/34443,2014-04-17,NST
14785465,PCT/FR2014/050950,2014-04-18,NST
14785466,PCT/EP2014/057544,2014-04-14,NST
14785467,PCT/KR2013/010894,2013-11-28,NST
14785468,PCT/SG2014/000167,2014-04-17,NST
14785469,PCT/JP2013/063392,2013-05-14,NST
14785470,PCT/EP2014/057835,2014-04-16,NST
14785471,PCT/JP2014/002549,2014-05-14,NST
14785472,PCT/CN2013/074475,2013-04-19,NST
14785474,PCT/KR2013/008697,2013-09-27,NST
14785475,PCT/JP2013/063440,2013-05-14,NST
14785476,PCT/EP2014/058534,2014-04-28,NST
14785477,PCT/US13/37123,2013-04-18,NST
14785478,PCT/FR2014/050895,2014-04-11,NST
14785479,PCT/IB2014/060871,2014-04-21,NST
14785480,PCT/US2014/034728,2014-04-18,NST
14785481,PCT/CA2014/050384,2014-04-17,NST
14785482,PCT/AU2013/000775,2013-07-12,NST
14785483,PCT/IL2014/000037,2014-08-11,NST
14785484,PCT/JP2014/060018,2014-04-04,NST
14785485,PCT/NZ2014/000069,2014-04-17,NST
14785486,PCT/US2014/034671,2014-04-18,NST
14785487,PCT/EP2014/001067,2014-04-22,NST
14785488,PCT/JP2014/060990,2014-04-11,NST
14785489,PCT/EP2014/057897,2014-04-17,NST
14785490,PCT/JP2013/061640,2013-04-19,NST
14785491,PCT/EP2013/062819,2013-06-19,NST
14785492,PCT/JP2014/060695,2014-04-15,NST
14785493,PCT/EP2014/058974,2014-05-02,NST
14785494,PCT/EP2014/058490,2014-04-25,NST
14785495,PCT/US2014/034181,2014-04-15,NST
14785496,PCT/EP2014/056731,2014-04-03,NST
14785497,PCT/JP2014/060459,2014-04-11,NST
14785498,PCT/EP2014/058044,2014-04-22,NST
14785499,PCT/JP2014/060926,2014-04-17,NST
14785500,PCT/EP2014/000764,2014-03-21,NST
14785501,PCT/KR2013/005135,2013-06-11,NST
14785502,PCT/EP2014/000798,2014-03-21,NST
14785503,PCT/KR2014/004347,2014-05-15,NST
14785504,PCT/JP2014/055016,2014-02-28,NST
14785505,PCT/IB2014/060784,2014-04-17,NST
14785506,PCT/JP2014/063454,2014-05-21,NST
14785507,PCT/IN2014/000330,2014-05-15,NST
14785508,PCT/FR2014/050609,2014-03-17,NST
14785510,PCT/CN2014/079131,2014-06-04,NST
14785511,PCT/AU2014/050019,2014-04-22,NST
14785512,PCT/US2014/054796,2014-09-09,NST
14785513,PCT/EP14/57793,2014-04-16,NST
14785514,61813899,2013-04-19,PRO
14785514,PCT/US14/34479,2014-04-17,NST
14785515,PCT/CN2014/077460,2014-05-14,NST
14785517,PCT/EP2014/055534,2014-03-19,NST
14785518,PCT/IB2013/053324,2013-04-26,NST
14785519,PCT/JP2014/081860,2014-12-02,NST
14785520,61813964,2013-04-19,PRO
14785520,PCT/US14/34797,2014-04-21,NST
14785521,PCT/PL2013/000071,2013-05-29,NST
14785522,PCT/CN2013/087543,2013-11-20,NST
14785524,PCT/CA2014/000367,2014-04-22,NST
14785525,PCT/FR2014/050880,2014-04-11,NST
14785527,PCT/AU2014/000447,2014-04-17,NST
14785528,PCT/JP2013/062164,2013-04-25,NST
14785529,PCT/EP2014/057633,2014-04-15,NST
14785530,PCT/JP2014/002790,2014-05-27,NST
14785531,61813830,2013-04-19,PRO
14785531,PCT/US14/33973,2014-04-14,NST
14785533,PCT/JP2014/058032,2014-03-24,NST
14785534,PCT/EP14/57575,2014-04-15,NST
14785535,PCT/EP2013/058133,2013-04-19,NST
14785536,PCT/EP2014/001057,2014-04-22,NST
14785538,61813929,2013-04-19,PRO
14785538,61818307,2013-05-01,PRO
14785538,PCT/US14/34615,2014-04-18,NST
14785539,PCT/JP2014/001989,2014-04-07,NST
14785540,PCT/US2013/038732,2013-04-30,NST
14785541,PCT/EP2014/058151,2014-04-22,NST
14785542,PCT/KR2014/003372,2014-04-17,NST
14785543,PCT/SE2014/050476,2014-04-17,NST
14785544,PCT/FR2014/050926,2014-04-16,NST
14785545,61813143,2013-04-17,PRO
14785545,PCT/US14/34398,2014-04-16,NST
14785547,PCT/CN2014/000192,2014-03-03,NST
14785549,61813822,2013-04-19,PRO
14785549,PCT/US14/33422,2014-04-09,NST
14785551,PCT/US2014/034403,2014-04-16,NST
14785552,PCT/JP2014/057798,2014-03-20,NST
14785553,PCT/US2014/034639,2014-04-18,NST
14785554,PCT/EP2014/058316,2014-04-24,NST
14785555,PCT/JP2014/002254,2014-04-22,NST
14785556,PCT/EP2014/058025,2014-04-18,NST
14785557,PCT/AU2014/000451,2014-04-17,NST
14785558,PCT/EP2014/054869,2014-03-12,NST
14785559,PCT/EP2014/057682,2014-04-16,NST
14785560,PCT/KR2013/008077,2013-09-06,NST
14785561,PCT/EP2014/001896,2013-07-10,NST
14785562,PCT/FR2014/050953,2014-04-18,NST
14785563,PCT/IB2014/060811,2014-04-17,NST
14785565,61812956,2013-04-17,PRO
14785565,PCT/US14/34549,2014-04-17,NST
14785566,PCT/US13/37144,2013-04-18,NST
14785567,61820852,2013-05-08,PRO
14785567,PCT/IB14/61310,2014-05-08,NST
14785568,PCT/GB2014/051168,2014-04-15,NST
14785569,PCT/CN2013/084591,2013-09-29,NST
14785570,PCT/IB2014/060974,2014-04-24,NST
14785571,PCT/EP2014/052777,2014-02-13,NST
14785572,PCT/JP2014/002161,2014-04-16,NST
14785573,PCT/KR2014/003414,2014-04-18,NST
14785574,PCT/KR2014/003351,2014-04-17,NST
14785575,PCT/JP2013/062081,2013-04-24,NST
14785577,PCT/EP2014/056313,2014-03-28,NST
14785578,PCT/GB2014/051170,2014-04-15,NST
14785579,PCT/GB2014/051421,2014-05-09,NST
14785580,PCT/KR2013/009782,2013-10-31,NST
14785581,61814367,2013-04-22,PRO
14785581,PCT/US14/33963,2014-04-14,NST
14785582,PCT/US13/74948,2013-12-13,NST
14785583,PCT/US2013/040636,2013-05-10,NST
14785584,PCT/EP2014/056308,2014-03-28,NST
14785586,61828379,2013-05-29,PRO
14785586,PCT/US14/39694,2014-05-28,NST
14785588,61813866,2013-04-19,PRO
14785588,61813896,2013-04-19,PRO
14785588,PCT/US14/34648,2014-04-18,NST
14785589,PCT/IB2014/060705,2014-04-14,NST
14785591,PCT/KR2014/003337,2014-04-17,NST
14785592,PCT/JP2014/002178,2014-04-17,NST
14785593,PCT/NL2013/050297,2013-04-19,NST
14785594,PCT/US2014/033786,2014-04-11,NST
14785595,61980470,2014-04-16,PRO
14785595,PCT/US15/26169,2015-04-16,NST
14785596,PCT/CN2013/074474,2013-04-19,NST
14785597,PCT/JP2014/061221,2014-04-22,NST
14785598,PCT/GB2014/051167,2014-04-15,NST
14785599,PCT/EP2014/001022,2014-04-16,NST
14785600,PCT/NL2014/050255,2014-04-18,NST
14785602,PCT/EP2014/000990,2014-04-14,NST
14785603,PCT/FI2014/050287,2014-04-17,NST
14785605,PCT/JP2014/002188,2014-04-17,NST
14785607,PCT/KR2014/000677,2014-01-23,NST
14785608,61815205,2013-04-23,PRO
14785608,PCT/US14/34810,2014-04-21,NST
14785609,PCT/US2014/034707,2014-04-18,NST
14785611,61813612,2013-04-18,PRO
14785611,PCT/US14/34723,2014-04-18,NST
14785612,PCT/KR2014/002738,2014-03-31,NST
14785614,61814160,2013-04-19,PRO
14785614,61982186,2014-04-21,PRO
14785614,PCT/US14/34825,2014-04-21,NST
14785615,61814201,2013-04-20,PRO
14785615,PCT/US14/34712,2014-04-18,NST
14785616,PCT/JP2014/002213,2014-04-18,NST
14785617,PCT/JP2013/064370,2013-05-23,NST
14785618,PCT/JP2014/002216,2014-04-18,NST
14785619,PCT/IB2014/061204,2014-05-05,NST
14785620,PCT/EP2014/057528,2014-04-14,NST
14785621,PCT/EP2014/057175,2014-04-09,NST
14785622,PCT/US2014/034726,2014-04-18,NST
14785623,PCT/AU2014/000505,2014-05-09,NST
14785624,PCT/EP2014/059307,2014-05-07,NST
14785625,PCT/JP2014/002179,2014-04-17,NST
14785626,PCT/EP2014/050949,2014-01-17,NST
14785627,PCT/US2014/034703,2014-04-18,NST
14785628,PCT/GB2014/051024,2014-04-01,NST
14785629,PCT/EP2014/001005,2014-04-15,NST
14785630,PCT/NO2014/050060,2014-04-15,NST
14785631,PCT/JP2014/060754,2014-04-15,NST
14785632,PCT/DE2014/100128,2014-04-14,NST
14785633,PCT/SE2014/050616,2014-05-20,NST
14785634,PCT/IB2013/053880,2013-05-13,NST
14785635,PCT/IB2013/001150,2013-04-22,NST
14785636,PCT/JP2014/062592,2014-05-12,NST
14785638,PCT/JP2014/059623,2014-04-01,NST
14785640,PCT/US2014/041456,2014-06-09,NST
14785642,PCT/CN2013/081283,2013-08-12,NST
14785645,PCT/JP2013/003016,2013-05-10,NST
14785647,PCT/US14/36065,2014-04-30,NST
14785648,PCT/EP2014/057870,2014-04-17,NST
14785650,PCT/US2014/036080,2014-04-30,NST
14785651,PCT/US2014/034858,2014-04-22,NST
14785652,PCT/CN2013/074528,2013-04-22,NST
14785653,PCT/IB2014/001706,2014-04-18,NST
14785654,PCT/JP2014/061481,2014-04-23,NST
14785655,PCT/US2014/034907,2014-04-22,NST
14785656,PCT/JP2014/051096,2014-01-21,NST
14785658,PCT/JP2014/060524,2014-04-11,NST
14785659,PCT/EP2014/058172,2014-04-23,NST
14785660,PCT/KR2015/000170,2015-01-08,NST
14785661,PCT/EP2014/056444,2014-03-31,NST
14785662,PCT/JP2014/060903,2014-04-17,NST
14785663,PCT/SE2013/050431,2013-04-22,NST
14785664,PCT/JP2014/061386,2014-04-23,NST
14785666,PCT/FR2014/050879,2014-04-10,NST
14785668,PCT/JP2014/056501,2014-03-12,NST
14785670,PCT/EP2014/056036,2014-03-26,NST
14785671,PCT/JP2014/061450,2014-04-23,NST
14785672,PCT/IB2013/053171,2013-04-22,NST
14785674,PCT/SE2013/050432,2013-04-22,NST
14785675,PCT/JP2014/061351,2014-04-23,NST
14785676,PCT/JP2015/051091,2015-01-16,NST
14785678,PCT/JP2014/059711,2014-04-02,NST
14785679,PCT/IB2013/001173,2013-04-30,NST
14785680,PCT/KR2014/003508,2014-04-22,NST
14785682,PCT/GB2013/053382,2013-12-20,NST
14785683,PCT/CN2014/070831,2014-01-17,NST
14785684,PCT/JP2014/001921,2014-04-02,NST
14785685,PCT/EP2014/057847,2014-04-17,NST
14785686,PCT/IB14/01192,2014-04-17,NST
14785687,PCT/EP2014/056168,2014-03-27,NST
14785688,PCT/FR2014/050771,2014-04-01,NST
14785690,PCT/AU2014/000450,2014-04-22,NST
14785691,PCT/US2014/036140,2014-04-30,NST
14785692,PCT/CN2014/081449,2014-07-02,NST
14785693,PCT/EP2014/000960,2014-04-10,NST
14785694,PCT/FI2014/050290,2014-04-22,NST
14785695,PCT/JP2014/060611,2014-04-14,NST
14785696,PCT/IN2014/000251,2014-04-21,NST
14785697,PCT/JP2014/062501,2014-05-09,NST
14785698,PCT/JP2014/059252,2014-03-28,NST
14785700,PCT/JP2014/060801,2014-04-16,NST
14785701,PCT/DE2014/200279,2014-06-24,NST
14785704,PCT/IB2014/000599,2014-04-23,NST
14785705,PCT/JP2013/063601,2013-05-15,NST
14785706,PCT/US13/38739,2013-04-30,NST
14785707,PCT/JP2014/061593,2014-04-24,NST
14785708,PCT/UA2013/000066,2013-07-01,NST
14785710,PCT/EP2014/000590,2014-03-07,NST
14785711,PCT/JP2014/060970,2014-04-17,NST
14785713,PCT/SE2014/050479,2014-04-22,NST
14785715,PCT/JP2014/062995,2014-05-15,NST
14785716,PCT/FI2013/050442,2013-04-22,NST
14785717,PCT/JP2014/054198,2014-02-21,NST
14785718,PCT/GR2014/000030,2014-04-25,NST
14785720,PCT/JP2014/001819,2014-03-28,NST
14785721,PCT/FR2014/000061,2014-03-24,NST
14785722,PCT/CA2013/050309,2013-04-22,NST
14785723,PCT/JP2014/064849,2014-06-04,NST
14785724,PCT/JP2014/061807,2014-04-21,NST
14785725,PCT/JP2013/069308,2013-07-16,NST
14785726,PCT/US2014/035258,2014-04-24,NST
14785727,PCT/US2014/034881,2014-04-22,NST
14785728,PCT/EP2014/052192,2014-02-05,NST
14785729,PCT/JP2014/061672,2014-04-25,NST
14785731,PCT/EP2014/056539,2014-04-01,NST
14785732,PCT/JP2014/062289,2014-04-28,NST
14785733,PCT/EP2014/059641,2014-05-12,NST
14785734,PCT/EP2014/058728,2014-04-29,NST
14785736,PCT/EP2013/059002,2013-04-30,NST
14785737,PCT/JP13/00316,2013-05-10,NST
14785738,PCT/EP2014/054448,2014-03-07,NST
14785739,PCT/JP2014/062893,2014-05-14,NST
14785740,PCT/EP2014/056198,2014-03-27,NST
14785741,PCT/FR2014/050694,2014-03-25,NST
14785742,PCT/JP2013/064535,2013-05-24,NST
14785743,PCT/EP2013/062383,2013-06-14,NST
14785744,PCT/US2013/038842,2013-04-30,NST
14785745,PCT/CN2013/078156,2013-06-27,NST
14785747,PCT/EP2014/058685,2014-04-29,NST
14785748,PCT/GB2014/051234,2014-04-22,NST
14785749,PCT/US2013/038591,2013-04-29,NST
14785750,PCT/JP2014/057263,2014-03-18,NST
14785751,PCT/IB2014/060785,2014-04-17,NST
14785752,PCT/EP2014/000374,2014-02-11,NST
14785753,PCT/EP2014/056832,2014-04-04,NST
14785754,PCT/JP2014/060967,2014-04-17,NST
14785755,PCT/EP2014/057857,2014-04-17,NST
14785756,PCT/JP2014/060721,2014-04-15,NST
14785757,61814569,2013-04-22,PRO
14785757,PCT/US14/33970,2014-04-14,NST
14785758,PCT/JP2013/002829,2013-04-25,NST
14785759,PCT/KR2014/003570,2014-04-23,NST
14785760,61822523,2013-05-13,PRO
14785760,PCT/US14/37652,2014-05-12,NST
14785763,PCT/EP2014/058345,2014-04-24,NST
14785764,PCT/JP2014/061243,2014-04-22,NST
14785765,PCT/US15/42176,2015-07-27,NST
14785766,61822633,2013-05-13,PRO
14785766,PCT/US14/37660,2014-05-12,NST
14785768,PCT/US2014/035412,2014-04-25,NST
14785769,PCT/US2014/034702,2014-04-18,NST
14785770,61822543,2013-05-13,PRO
14785770,PCT/US14/37668,2014-05-12,NST
14785771,PCT/SE2014/000003,2014-01-15,NST
14785773,PCT/EP2014/058189,2014-04-23,NST
14785774,PCT/JP2014/060808,2014-04-16,NST
14785775,PCT/CN2013/075127,2013-05-03,NST
14785778,61826057,2013-05-22,PRO
14785778,PCT/US14/38917,2014-05-21,NST
14785779,PCT/JP2014/059843,2014-04-03,NST
14785780,PCT/EP2014/058364,2014-04-24,NST
14785781,PCT/GB2014/000019,2014-01-21,NST
14785782,PCT/CN2013/001106,2013-09-18,NST
14785785,PCT/EP2014/059158,2014-05-06,NST
14785788,PCT/JP2014/061573,2014-04-24,NST
14785789,PCT/JP2014/002041,2014-04-09,NST
14785790,PCT/JP2014/070734,2014-08-06,NST
14785791,PCT/ES2013/070851,2013-12-05,NST
14785792,PCT/CN2014/076235,2014-04-25,NST
14785794,PCT/GB2014/053589,2014-12-02,NST
14785795,PCT/US2014/037237,2014-05-08,NST
14785796,PCT/JP2014/064257,2014-05-29,NST
14785797,PCT/JP2014/058406,2014-03-26,NST
14785798,PCT/JP2014/055486,2014-03-04,NST
14785799,PCT/JP2014/060785,2014-04-16,NST
14785800,PCT/EP2014/058445,2014-04-25,NST
14785801,PCT/JP2014/063663,2014-05-23,NST
14785802,PCT/AT2014/000113,2014-05-19,NST
14785803,PCT/IB2014/000558,2014-04-16,NST
14785805,PCT/JP2013/063560,2013-05-15,NST
14785806,PCT/JP2014/002289,2014-04-23,NST
14785807,PCT/US2014/034105,2014-04-15,NST
14785810,PCT/EP2014/057775,2014-04-16,NST
14785812,PCT/KR2014/003776,2014-04-29,NST
14785813,PCT/US2013/041219,2013-05-15,NST
14785814,PCT/IT2014/000120,2014-05-06,NST
14785815,PCT/JP2013/061877,2013-04-23,NST
14785817,PCT/GB2014/051248,2014-04-22,NST
14785818,PCT/CH2013/000068,2013-04-22,NST
14785819,PCT/US2014/035260,2014-04-24,NST
14785822,PCT/NL2014/050276,2014-04-28,NST
14785824,PCT/EP2014/057974,2014-04-17,NST
14785827,PCT/JP2014/061030,2014-04-18,NST
14785832,PCT/JP2013/066222,2013-06-12,NST
14785833,PCT/IB2014/060939,2014-04-23,NST
14785834,PCT/KR2014/004049,2014-05-07,NST
14785836,PCT/US2014/034901,2014-04-22,NST
14785839,PCT/JP2014/059844,2014-04-03,NST
14785840,61832127,2013-06-06,PRO
14785840,PCT/US14/41203,2014-06-06,NST
14785842,PCT/IB2014/059895,2014-03-17,NST
14785843,PCT/JP2014/065018,2014-06-05,NST
14785844,PCT/JP2013/078631,2013-10-22,NST
14785846,PCT/CN2014/075194,2014-04-11,NST
14785847,PCT/CN2014/075190,2014-04-11,NST
14785848,PCT/KR2013/003395,2013-04-22,NST
14785849,PCT/KR2014/001636,2014-02-27,NST
14785850,PCT/NO2014/050072,2014-05-06,NST
14785853,PCT/JP2014/060640,2014-04-14,NST
14785857,PCT/IL2014/050347,2014-04-10,NST
14785858,61814841,2013-04-23,PRO
14785858,PCT/IB14/60937,2014-04-23,NST
14785859,PCT/SE2014/050486,2014-04-23,NST
14785860,61831163,2013-06-05,PRO
14785860,61903998,2013-11-14,PRO
14785860,61931742,2014-01-27,PRO
14785860,PCT/IL14/50404,2014-05-05,NST
14785861,61816994,2013-04-29,PRO
14785861,PCT/US14/35599,2014-04-28,NST
14785862,PCT/DE2014/000204,2014-04-17,NST
14785864,PCT/EP2013/058273,2013-04-22,NST
14785865,PCT/EP2014/000936,2014-04-08,NST
14785867,61814706,2013-04-22,PRO
14785867,61814713,2013-04-22,PRO
14785867,61871284,2013-08-28,PRO
14785867,PCT/US14/34947,2014-04-22,NST
14785868,PCT/US2014/035033,2014-04-22,NST
14785869,PCT/EP2014/000970,2014-04-11,NST
14785870,PCT/EP2013/058242,2013-04-22,NST
14785871,PCT/EP2014/058374,2014-04-24,NST
14785872,PCT/US2014/035821,2014-04-29,NST
14785873,PCT/EP2013/058458,2013-04-24,NST
14785874,PCT/IL2014/050366,2014-04-17,NST
14785875,PCT/KR2015/002811,2015-03-23,NST
14785876,PCT/EP2014/057359,2014-04-11,NST
14785877,PCT/EP2014/057701,2014-04-16,NST
14785878,PCT/IL2014/050373,2014-04-23,NST
14785879,PCT/EP2014/058052,2014-04-22,NST
14785881,PCT/KR2014/003639,2014-04-25,NST
14785882,PCT/CN2014/077323,2014-05-13,NST
14785883,PCT/EP2014/058195,2014-04-23,NST
14785884,PCT/EP2014/058100,2014-04-22,NST
14785885,PCT/EP2014/056181,2014-03-27,NST
14785886,PCT/AT2014/050097,2014-04-22,NST
14785888,61828975,2013-05-30,PRO
14785888,PCT/US14/39001,2014-05-21,NST
14785889,PCT/EP2014/058197,2014-04-23,NST
14785890,PCT/EP2014/056184,2014-03-27,NST
14785891,PCT/AT2014/000085,2014-04-25,NST
14785892,PCT/EP2014/055259,2014-03-17,NST
14785893,PCT/EP2014/062440,2014-06-13,NST
14785894,PCT/IL2014/050365,2014-04-17,NST
14785895,PCT/JP2014/053690,2014-02-18,NST
14785896,PCT/IB2014/060906,2014-04-22,NST
14785897,PCT/EP2014/053865,2014-02-27,NST
14785898,PCT/EP2013/058774,2013-04-26,NST
14785899,PCT/US2014/035514,2014-04-25,NST
14785900,PCT/EP2014/058416,2014-04-25,NST
14785902,PCT/JP2014/061186,2014-08-21,NST
14785903,PCT/JP2014/001614,2014-03-20,NST
14785904,PCT/EP2014/001167,2014-04-30,NST
14785906,PCT/JP2013/081221,2013-11-13,NST
14785908,PCT/EP2013/058997,2013-04-30,NST
14785909,PCT/US2014/035048,2014-04-22,NST
14785910,PCT/EP2014/056567,2014-04-02,NST
14785911,PCT/FR2014/050781,2014-04-02,NST
14785912,PCT/JP2013/061946,2013-04-23,NST
14785913,PCT/FI2015/050340,2015-05-18,NST
14785914,PCT/EP2014/057680,2014-04-16,NST
14785915,PCT/US2014/035516,2014-04-25,NST
14785916,PCT/EP2014/058236,2014-04-23,NST
14785917,PCT/JP2014/061095,2014-04-18,NST
14785918,PCT/EP2014/055837,2014-03-24,NST
14785919,PCT/EP2014/058464,2014-04-25,NST
14785920,PCT/US2014/036164,2014-04-30,NST
14785921,PCT/JP2014/058802,2014-03-27,NST
14785922,PCT/JP2014/060794,2014-04-16,NST
14785923,PCT/EP2014/059396,2014-05-07,NST
14785924,PCT/EP2014/058051,2014-04-22,NST
14785925,PCT/FI2013/050476,2013-04-29,NST
14785926,PCT/JP2014/061570,2014-04-24,NST
14785927,PCT/US2013/038172,2013-04-25,NST
14785928,PCT/JP13/03441,2013-05-31,NST
14785929,PCT/JP2013/062113,2013-04-24,NST
14785930,PCT/JP2014/002603,2014-05-16,NST
14785931,PCT/EP2014/054089,2014-03-03,NST
14785933,PCT/JP2014/056227,2014-03-11,NST
14785934,PCT/IB2014/062584,2014-06-25,NST
14785935,PCT/EP2014/001205,2014-05-06,NST
14785938,PCT/JP2014/061161,2014-04-21,NST
14785939,PCT/JP2013/062977,2013-05-08,NST
14785940,PCT/EP2013/058995,2013-04-30,NST
14785941,PCT/JP2014/061200,2014-04-21,NST
14785943,PCT/JP2014/052537,2014-02-04,NST
14785944,PCT/EP2014/058019,2014-04-18,NST
14785945,PCT/NL2014/050259,2014-04-22,NST
14785946,PCT/EP2014/058074,2014-04-22,NST
14785947,PCT/AT2014/000084,2014-04-25,NST
14785948,PCT/ES2014/070343,2014-04-22,NST
14785949,PCT/EP2014/058600,2014-04-28,NST
14785951,PCT/NL2014/050256,2014-04-22,NST
14785952,PCT/JP2014/061329,2014-04-22,NST
14785953,PCT/CN2014/091830,2014-11-21,NST
14785955,PCT/EP2014/058399,2014-04-24,NST
14785956,PCT/EP2014/056475,2014-03-31,NST
14785957,PCT/CN2014/075486,2014-04-16,NST
14785958,PCT/EP2014/053701,2014-02-26,NST
14785959,PCT/IB2014/060524,2014-04-08,NST
14785960,PCT/IN2013/000278,2013-04-25,NST
14785961,PCT/EP2014/058147,2014-04-22,NST
14785962,PCT/EP2014/057485,2014-04-14,NST
14785963,PCT/EP2014/057951,2014-04-17,NST
14785965,PCT/JP2014/066399,2014-06-20,NST
14785967,PCT/JP2013/066160,2013-06-12,NST
14785968,PCT/US2014/035277,2014-04-24,NST
14785969,PCT/FR2014/050965,2014-04-22,NST
14785970,PCT/EP2014/058018,2014-04-18,NST
14785971,PCT/EP2014/058127,2014-04-22,NST
14785972,61814518,2013-04-22,PRO
14785972,PCT/US14/34872,2014-04-22,NST
14785973,PCT/JP2014/065423,2014-06-11,NST
14785974,PCT/JP2014/054024,2014-02-20,NST
14785975,PCT/EP2014/058276,2014-04-23,NST
14785976,PCT/GB2014/051249,2014-04-22,NST
14785979,PCT/EP2014/057876,2014-04-17,NST
14785980,61816227,2013-04-26,PRO
14785980,PCT/US14/35697,2014-04-28,NST
14785981,PCT/JP2013/066477,2013-06-14,NST
14785982,PCT/IB2014/001427,2014-04-22,NST
14785983,PCT/IB2014/060764,2014-04-16,NST
14785985,PCT/SI2014/000007,2014-02-07,NST
14785987,PCT/US2014/035313,2014-04-24,NST
14785990,PCT/AT2014/000086,2014-04-25,NST
14785991,PCT/IB14/60903,2014-04-22,NST
14785992,PCT/IB2014/001432,2014-04-22,NST
14785993,PCT/EP2014/057355,2014-04-11,NST
14785994,PCT/JP2014/002259,2014-04-22,NST
14785995,PCT/IB2014/061239,2014-05-06,NST
14785996,PCT/EP2014/057877,2014-04-17,NST
14785998,PCT/FR2014/050975,2014-04-22,NST
14786000,PCT/IB2014/001399,2014-04-22,NST
14786001,PCT/JP2014/003958,2014-07-28,NST
14786002,PCT/IB2014/060347,2014-04-01,NST
14786003,PCT/KR2014/003569,2014-04-23,NST
14786004,PCT/SE2014/050562,2014-05-07,NST
14786006,PCT/JP2014/060681,2014-04-15,NST
14786007,PCT/US2013/042068,2013-05-21,NST
14786008,PCT/JP2014/061805,2014-04-18,NST
14786009,PCT/US2014/040205,2014-05-30,NST
14786010,PCT/IB2014/001420,2014-04-22,NST
14786011,PCT/DE2014/200096,2014-02-27,NST
14786012,PCT/EP2014/057626,2014-04-15,NST
14786014,PCT/KR2014/003548,2014-04-23,NST
14786015,PCT/AT2014/050099,2014-04-22,NST
14786018,PCT/US2013/038062,2013-04-24,NST
14786019,PCT/EP2013/058893,2013-04-29,NST
14786020,PCT/EP2013/056681,2013-03-28,NST
14786021,PCT/JP2014/060585,2014-04-14,NST
14786022,PCT/IB2013/001153,2013-04-24,NST
14786024,PCT/IB2014/060902,2014-04-22,NST
14786025,PCT/JP2014/062934,2014-05-15,NST
14786026,PCT/EP2014/058404,2014-04-24,NST
14786027,PCT/EP2014/057784,2014-04-16,NST
14786029,61827047,2013-05-24,PRO
14786029,PCT/US14/39596,2014-05-27,NST
14786031,PCT/US2014/034745,2014-04-21,NST
14786032,PCT/JP2014/062538,2014-05-01,NST
14786034,61815005,2013-04-23,PRO
14786034,PCT/US14/34748,2014-04-21,NST
14786035,PCT/JP2014/003332,2014-06-20,NST
14786037,PCT/AT2014/050098,2014-04-22,NST
14786039,PCT/JP2014/060889,2014-04-17,NST
14786040,PCT/FR2014/050928,2014-04-16,NST
14786041,PCT/CN2014/077786,2014-05-19,NST
14786042,PCT/US2014/034752,2014-04-21,NST
14786044,PCT/JP2014/062352,2014-05-08,NST
14786045,PCT/JP2014/060523,2014-04-11,NST
14786047,PCT/EP2014/053685,2014-02-26,NST
14786048,PCT/JP2014/066061,2014-06-17,NST
14786050,PCT/SE2014/050196,2014-02-18,NST
14786052,PCT/IB2014/001039,2014-04-22,NST
14786056,PCT/JP2014/060634,2014-04-14,NST
14786057,PCT/JP2014/002306,2014-04-24,NST
14786058,PCT/FR2014/050864,2014-04-10,NST
14786059,PCT/FI2014/050248,2014-04-08,NST
14786060,PCT/IB2014/060905,2014-04-22,NST
14786061,PCT/JP2014/065603,2014-06-12,NST
14786062,PCT/EP2014/057768,2014-04-16,NST
14786063,PCT/JP2014/059825,2014-04-03,NST
14786064,PCT/JP2014/061635,2014-04-24,NST
14786065,PCT/EP2014/056023,2014-03-26,NST
14786066,PCT/JP2014/061230,2014-04-22,NST
14786067,PCT/CN2015/071658,2015-01-27,NST
14786068,PCT/JP2014/057520,2014-03-19,NST
14786069,PCT/CN2014/075958,2014-04-22,NST
14786073,PCT/JP2014/060802,2014-04-16,NST
14786074,PCT/EP2014/058251,2014-04-23,NST
14786075,PCT/GB2014/051245,2014-04-22,NST
14786076,PCT/IB2014/000586,2014-04-22,NST
14786077,PCT/JP2014/061362,2014-04-23,NST
14786078,PCT/JP2013/081222,2013-11-13,NST
14786079,PCT/KR2014/000454,2014-01-16,NST
14786080,61834682,2013-06-13,PRO
14786080,PCT/US14/42390,2014-06-13,NST
14786081,PCT/EP2014/058161,2014-04-22,NST
14786082,PCT/JP2014/061338,2014-04-22,NST
14786083,PCT/US2014/033137,2014-04-07,NST
14786084,PCT/JP2014/065349,2014-06-10,NST
14786085,PCT/IB2014/000805,2014-04-22,NST
14786086,PCT/EP2014/000967,2014-04-10,NST
14786087,PCT/JP2014/060583,2014-04-14,NST
14786089,PCT/JP2014/061264,2014-04-22,NST
14786092,PCT/IB2014/060900,2014-04-22,NST
14786093,PCT/JP2014/057386,2014-03-18,NST
14786094,61828745,2013-05-30,PRO
14786094,PCT/US14/39987,2014-05-29,NST
14786095,PCT/EP2014/057859,2014-04-17,NST
14786096,PCT/IB2014/000806,2014-04-22,NST
14786098,PCT/EP2014/057677,2014-04-16,NST
14786099,PCT/EP2014/058264,2014-04-23,NST
14786100,PCT/KR2014/002642,2014-03-28,NST
14786101,PCT/JP2014/061716,2014-04-25,NST
14786102,PCT/ES2014/070330,2014-04-16,NST
14786103,PCT/CN2014/080786,2014-06-26,NST
14786105,PCT/JP2013/080143,2013-11-07,NST
14786106,61814577,2013-04-22,PRO
14786106,61841368,2013-06-30,PRO
14786106,PCT/US14/34083,2014-04-15,NST
14786107,PCT/US14/48453,2014-07-28,NST
14786108,PCT/EP2013/058330,2013-04-22,NST
14786109,PCT/EP2014/055992,2014-03-25,NST
14786111,PCT/GB2014/051258,2014-04-23,NST
14786112,PCT/EP2014/001033,2014-04-17,NST
14786113,PCT/KR2014/005946,2014-07-03,NST
14786114,PCT/JP2014/061316,2014-04-22,NST
14786115,PCT/KR2014/003937,2014-05-02,NST
14786116,PCT/SE2014/050783,2014-06-25,NST
14786118,PCT/EP2014/053548,2014-02-24,NST
14786119,PCT/JP2014/061402,2014-04-23,NST
14786120,PCT/JP2014/061304,2014-04-22,NST
14786121,PCT/EP2014/057790,2014-04-16,NST
14786122,PCT/EP2014/001027,2014-04-15,NST
14786124,PCT/FI2014/050299,2014-04-25,NST
14786125,PCT/EP2013/058269,2013-04-22,NST
14786126,PCT/IB2014/060928,2014-04-23,NST
14786127,PCT/EP2014/058076,2014-04-22,NST
14786128,PCT/JP2014/002211,2014-04-18,NST
14786129,PCT/EP2014/058048,2014-04-22,NST
14786130,PCT/FR2014/050952,2014-04-18,NST
14786131,PCT/JP2013/062193,2013-04-25,NST
14786132,PCT/EP2014/058825,2014-04-30,NST
14786133,PCT/JP2014/060831,2014-04-16,NST
14786134,PCT/JP2013/062236,2013-04-25,NST
14786135,PCT/IT2014/000081,2014-03-26,NST
14786136,PCT/IB2014/000957,2014-05-16,NST
14786137,PCT/IB2014/061318,2014-05-09,NST
14786138,PCT/IB2015/052174,2015-03-25,NST
14786139,PCT/JP2014/061094,2014-04-18,NST
14786140,PCT/CN2014/075787,2014-04-21,NST
14786141,PCT/NO2014/050062,2014-04-22,NST
14786142,PCT/IB2014/000858,2014-05-16,NST
14786143,PCT/FR2014/000089,2014-04-22,NST
14786144,PCT/US2014/034736,2014-04-20,NST
14786145,PCT/US2014/032233,2014-03-28,NST
14786146,PCT/CA2014/000386,2014-04-23,NST
14786147,PCT/US2014/035325,2014-04-24,NST
14786148,PCT/JP2014/061804,2014-04-18,NST
14786149,PCT/AU2014/000507,2014-05-09,NST
14786150,PCT/EP2014/058890,2014-04-30,NST
14786151,PCT/IT2014/000082,2014-03-26,NST
14786152,PCT/IB2014/060942,2014-04-23,NST
14786153,PCT/US2014/035545,2014-04-25,NST
14786155,PCT/EP2014/058390,2014-04-24,NST
14786156,PCT/JP2014/060451,2014-04-11,NST
14786159,PCT/IB2014/060740,2014-04-15,NST
14786160,PCT/CN2014/076249,2014-04-25,NST
14786163,PCT/JP2014/060753,2014-04-15,NST
14786166,PCT/GR2014/000040,2014-07-17,NST
14786168,PCT/CN2013/082196,2013-08-23,NST
14786171,PCT/EP2014/058411,2014-04-24,NST
14786172,PCT/CN2014/080620,2014-06-24,NST
14786173,PCT/GB2014/051253,2014-04-23,NST
14786174,PCT/IB2014/060714,2014-04-14,NST
14786175,PCT/JP2014/061270,2014-04-22,NST
14786176,PCT/KR2014/004100,2014-05-08,NST
14786177,PCT/EP2014/057577,2014-04-15,NST
14786178,PCT/JP2014/062426,2014-05-09,NST
14786179,PCT/KR2014/006984,2014-07-30,NST
14786181,PCT/SE2013/050428,2013-04-22,NST
14786182,PCT/SE2014/050482,2014-04-23,NST
14786183,PCT/FI2014/050293,2014-04-23,NST
14786184,PCT/JP2014/060945,2014-04-17,NST
14786185,PCT/US2014/035177,2014-04-23,NST
14786186,PCT/JP2014/059482,2014-03-31,NST
14786188,PCT/GB2013/052540,2013-09-30,NST
14786189,PCT/JP2014/061258,2014-04-22,NST
14786190,PCT/EP2014/057632,2014-04-15,NST
14786191,PCT/GB2013/052541,2013-09-30,NST
14786192,PCT/EP2014/059393,2014-05-07,NST
14786193,PCT/EP2014/058500,2014-04-25,NST
14786194,PCT/EP2013/069754,2013-09-23,NST
14786195,PCT/US2014/035081,2014-04-23,NST
14786196,PCT/EP2014/057822,2014-04-16,NST
14786197,PCT/EP2014/058362,2014-04-24,NST
14786198,PCT/JP2014/054551,2014-02-25,NST
14786199,PCT/EP2014/058314,2014-04-24,NST
14786200,PCT/JP2014/061673,2014-04-25,NST
14786201,PCT/KR2014/005580,2014-06-24,NST
14786202,PCT/JP2014/054553,2014-02-25,NST
14786203,PCT/JP2014/061438,2014-04-23,NST
14786204,PCT/EP2014/058311,2014-04-24,NST
14786205,PCT/EP2014/057424,2014-04-11,NST
14786206,PCT/CN2013/074610,2013-04-24,NST
14786207,PCT/IB2014/061098,2014-04-30,NST
14786208,PCT/EP2014/058335,2014-04-24,NST
14786209,PCT/EP2014/058103,2014-04-22,NST
14786210,PCT/EP2014/058503,2014-04-25,NST
14786211,PCT/EP2014/057839,2014-04-16,NST
14786212,PCT/JP2014/062212,2014-04-25,NST
14786213,PCT/CN2014/076030,2014-04-23,NST
14786215,PCT/KR2014/004225,2014-05-12,NST
14786216,PCT/EP2014/057918,2014-04-17,NST
14786218,PCT/EP2014/058367,2014-04-24,NST
14786219,PCT/JP2014/060917,2014-04-17,NST
14786220,PCT/JP2014/061290,2014-04-22,NST
14786221,PCT/JP2014/062446,2014-05-09,NST
14786222,PCT/US2014/035647,2014-04-28,NST
14786224,PCT/JP2014/060654,2014-04-14,NST
14786225,PCT/KR2014/002914,2014-04-04,NST
14786226,PCT/AT2014/000078,2014-04-17,NST
14786227,PCT/EP2014/058716,2014-04-29,NST
14786228,PCT/EP2014/056767,2014-04-04,NST
14786231,PCT/EP2014/057863,2014-04-17,NST
14786232,61816892,2013-04-29,PRO
14786232,PCT/US14/32070,2014-03-27,NST
14786233,PCT/EP2014/056766,2014-04-04,NST
14786236,PCT/US2013/061683,2013-09-25,NST
14786238,PCT/DK2014/050105,2014-04-22,NST
14786239,PCT/KR2013/003452,2013-04-23,NST
14786240,PCT/IB2014/060889,2014-04-22,NST
14786241,PCT/EP2014/058145,2014-04-22,NST
14786242,PCT/EP2014/001064,2014-04-22,NST
14786243,PCT/EP2013/058239,2013-04-22,NST
14786244,61815462,2013-04-24,PRO
14786244,PCT/US14/35263,2014-04-24,NST
14786245,PCT/US2013/045343,2013-06-12,NST
14786246,PCT/JP2014/059957,2014-04-04,NST
14786247,PCT/NL2014/050258,2014-04-22,NST
14786248,PCT/JP2014/061578,2014-04-24,NST
14786250,PCT/SE2013/050483,2013-05-02,NST
14786251,PCT/JP2014/060899,2014-04-17,NST
14786252,PCT/JP2014/062649,2014-05-13,NST
14786253,PCT/JP2014/062366,2014-05-08,NST
14786254,PCT/EP2014/058703,2014-04-29,NST
14786255,PCT/JP2014/002105,2014-04-14,NST
14786256,PCT/US2014/036589,2014-05-02,NST
14786257,PCT/EP2014/058977,2014-05-02,NST
14786259,PCT/IB2014/060641,2014-04-11,NST
14786260,PCT/JP2013/002820,2013-04-25,NST
14786261,PCT/US2013/038791,2013-04-30,NST
14786262,PCT/JP2014/059467,2014-03-31,NST
14786263,61986415,2014-04-30,PRO
14786263,62079838,2014-11-14,PRO
14786263,PCT/US15/28561,2015-04-30,NST
14786264,PCT/JP2014/058903,2014-03-27,NST
14786265,PCT/JP2014/062403,2014-05-08,NST
14786266,PCT/US2014/036033,2014-04-30,NST
14786267,PCT/EP2014/058833,2014-04-30,NST
14786268,PCT/US2013/048901,2013-07-01,NST
14786269,PCT/EP2014/056055,2014-03-26,NST
14786270,PCT/JP2014/002118,2014-04-15,NST
14786271,PCT/US2013/043596,2013-05-31,NST
14786272,61814916,2013-04-23,PRO
14786272,PCT/US14/35073,2014-04-23,NST
14786274,PCT/KR2014/004226,2014-05-12,NST
14786275,PCT/CN2013/077325,2013-06-17,NST
14786276,PCT/US2013/043579,2013-05-31,NST
14786277,PCT/EP2014/058056,2014-04-22,NST
14786278,PCT/JP2014/060678,2014-04-15,NST
14786279,PCT/JP2014/055303,2014-03-03,NST
14786280,PCT/US2014/039203,2014-05-22,NST
14786281,PCT/JP2014/060638,2014-04-14,NST
14786282,PCT/JP2014/061157,2014-04-21,NST
14786283,PCT/US2014/033726,2014-04-11,NST
14786284,PCT/JP14/58334,2014-03-25,NST
14786285,PCT/EP2014/058330,2014-04-24,NST
14786287,PCT/EP2014/058139,2014-04-22,NST
14786288,PCT/CN2013/075021,2013-04-29,NST
14786289,PCT/JP2014/061141,2014-04-21,NST
14786290,PCT/US2014/035131,2014-04-23,NST
14786291,PCT/US2014/034906,2014-04-22,NST
14786292,PCT/US2014/034885,2014-04-22,NST
14786293,PCT/KR2014/003939,2014-05-02,NST
14786294,PCT/JP2014/002072,2014-04-10,NST
14786296,PCT/EP2014/058169,2014-04-23,NST
14786297,PCT/US2013/049942,2013-07-10,NST
14786298,PCT/EP2014/058007,2014-04-18,NST
14786299,61816664,2013-04-26,PRO
14786299,61941771,2014-02-19,PRO
14786299,PCT/US14/35469,2014-04-25,NST
14786300,PCT/EP2014/057764,2014-04-16,NST
14786301,PCT/EP2014/058192,2014-04-23,NST
14786302,PCT/IB2014/060926,2014-04-23,NST
14786303,PCT/JP2014/002290,2014-04-23,NST
14786304,61814908,2013-04-23,PRO
14786304,PCT/US14/35095,2014-04-23,NST
14786305,PCT/US2014/035664,2014-04-28,NST
14786306,PCT/EP2014/058273,2014-04-23,NST
14786308,PCT/CN2014/086823,2014-09-18,NST
14786309,PCT/EP14/59140,2014-05-05,NST
14786311,PCT/FR2014/050998,2014-04-24,NST
14786312,PCT/CN2013/074604,2013-04-24,NST
14786313,PCT/US2013/051052,2013-07-18,NST
14786314,PCT/IB2014/000946,2014-04-11,NST
14786316,PCT/US14/34606,2014-04-18,NST
14786317,PCT/US14/18784,2014-02-26,NST
14786318,PCT/GB2014/051259,2014-04-23,NST
14786319,61814773,2013-04-22,PRO
14786319,PCT/US14/35046,2014-04-22,NST
14786320,PCT/EP2014/057840,2014-04-16,NST
14786321,PCT/HU2014/000033,2014-04-23,NST
14786322,PCT/EP2014/061079,2014-05-28,NST
14786323,PCT/EP2014/057872,2014-04-17,NST
14786324,PCT/IB2014/060984,2014-04-24,NST
14786326,PCT/JP2014/061278,2014-04-22,NST
14786327,PCT/EP2013/070857,2013-10-07,NST
14786328,61819190,2013-05-03,PRO
14786328,PCT/US14/36638,2014-05-02,NST
14786329,PCT/KR2014/003542,2014-04-23,NST
14786330,PCT/US2014/034987,2014-04-22,NST
14786331,61815063,2013-04-23,PRO
14786331,61868879,2013-08-22,PRO
14786331,61901708,2013-11-08,PRO
14786331,61901715,2013-11-08,PRO
14786331,PCT/US14/35169,2014-04-23,NST
14786332,PCT/SE2014/050478,2014-04-17,NST
14786333,61814778,2013-04-22,PRO
14786333,PCT/US14/35031,2014-04-22,NST
14786335,PCT/JP2013/083500,2013-12-13,NST
14786336,PCT/EP2014/056888,2014-04-07,NST
14786337,PCT/US2013/051952,2013-07-25,NST
14786338,PCT/EP2014/058361,2014-04-24,NST
14786339,61814789,2013-04-22,PRO
14786339,PCT/US14/34834,2014-04-21,NST
14786340,PCT/RU2014/000291,2014-04-21,NST
14786341,PCT/IB2014/000596,2014-04-23,NST
14786342,PCT/GB2014/050908,2014-03-24,NST
14786343,PCT/JP2013/082886,2013-12-06,NST
14786344,PCT/JP2014/061491,2014-04-23,NST
14786345,PCT/US2014/034998,2014-04-22,NST
14786346,PCT/US2013/052586,2013-07-29,NST
14786347,PCT/NL2014/050270,2014-04-25,NST
14786349,PCT/JP2014/061665,2014-04-25,NST
14786350,PCT/US2013/052631,2013-07-30,NST
14786352,PCT/JP2013/062454,2013-04-26,NST
14786353,PCT/IB2014/061331,2014-05-09,NST
14786354,PCT/EP2014/057772,2014-04-16,NST
14786355,PCT/EP2014/057141,2014-04-09,NST
14786357,PCT/US2013/056687,2013-08-26,NST
14786360,PCT/CN2013/074769,2013-04-26,NST
14786361,PCT/JP2014/056198,2014-03-10,NST
14786362,PCT/US2013/054696,2013-08-13,NST
14786363,PCT/EP2014/057833,2014-04-16,NST
14786364,PCT/EP2014/058014,2014-04-18,NST
14786365,61816431,2013-04-26,PRO
14786365,PCT/US14/35730,2014-04-28,NST
14786366,61815209,2013-04-23,PRO
14786366,PCT/US14/35153,2014-04-23,NST
14786367,61814692,2013-04-22,PRO
14786367,61816316,2013-04-26,PRO
14786367,61836434,2013-06-18,PRO
14786367,61847684,2013-07-18,PRO
14786367,PCT/US14/34951,2014-04-22,NST
14786368,PCT/US2014/034980,2014-04-22,NST
14786369,PCT/US2014/043255,2014-06-19,NST
14786371,PCT/EP2014/058729,2014-04-29,NST
14786372,PCT/US2014/034929,2014-04-22,NST
14786374,PCT/JP2014/061272,2014-04-22,NST
14786375,PCT/IB2014/060946,2014-04-23,NST
14786376,PCT/JP2014/062035,2014-04-23,NST
14786377,PCT/EP2014/057756,2014-04-16,NST
14786378,PCT/JP2014/059408,2014-03-31,NST
14786379,PCT/KR2014/001391,2014-02-20,NST
14786381,PCT/JP2014/058410,2014-03-26,NST
14786382,PCT/EP2014/058279,2014-04-23,NST
14786383,PCT/US2013/038830,2013-04-30,NST
14786384,PCT/EP2014/058281,2014-04-23,NST
14786385,PCT/JP2014/054898,2014-02-27,NST
14786387,PCT/GB2014/051304,2014-04-25,NST
14786388,61816664,2013-04-26,PRO
14786388,PCT/US14/35467,2014-04-25,NST
14786389,PCT/IT2013/000124,2013-04-24,NST
14786390,PCT/CN2014/079132,2014-06-04,NST
14786391,PCT/EP14/59996,2014-05-15,NST
14786392,61854491,2013-04-25,PRO
14786392,PCT/US14/35510,2014-04-25,NST
14786393,PCT/JP2014/061587,2014-04-24,NST
14786394,PCT/JP2014/002308,2014-04-24,NST
14786396,PCT/JP2014/002291,2014-04-23,NST
14786397,PCT/JP2014/061256,2014-04-22,NST
14786398,PCT/JP2014/060918,2014-04-17,NST
14786399,PCT/GB2014/000155,2014-04-24,NST
14786400,PCT/IB2014/060803,2014-04-17,NST
14786401,PCT/US2014/045005,2014-07-01,NST
14786402,PCT/US2014/035043,2014-04-22,NST
14786403,PCT/US13/37529,2013-04-22,NST
14786404,PCT/US2014/035197,2014-04-23,NST
14786406,PCT/EP2014/058015,2014-04-18,NST
14786408,PCT/EP2014/058083,2014-04-22,NST
14786409,PCT/JP2014/061971,2014-04-30,NST
14786410,PCT/JP2014/060093,2014-04-07,NST
14786411,PCT/US13/37571,2013-04-22,NST
14786412,PCT/JP2014/002309,2014-04-24,NST
14786414,PCT/US2014/035199,2014-04-23,NST
14786415,61814740,2013-04-22,PRO
14786415,PCT/US14/35029,2014-04-22,NST
14786416,PCT/JP2014/061366,2014-04-23,NST
14786417,PCT/KR2014/003504,2014-04-22,NST
14786418,PCT/CN2014/071417,2014-01-24,NST
14786419,PCT/US2014/034623,2014-04-18,NST
14786420,PCT/JP2014/059782,2014-04-02,NST
14786421,PCT/US13/37549,2013-04-22,NST
14786423,PCT/EP2014/054203,2014-03-05,NST
14786424,61820763,2013-05-08,PRO
14786424,PCT/US14/36755,2014-05-05,NST
14786425,61814439,2013-04-22,PRO
14786425,PCT/US14/35000,2014-04-22,NST
14786426,PCT/JP2014/061719,2014-04-25,NST
14786427,PCT/IB2014/061010,2014-04-25,NST
14786428,PCT/US2014/039487,2014-05-27,NST
14786429,PCT/EP2014/052413,2014-02-07,NST
14786431,61816086,2013-04-25,PRO
14786431,PCT/US14/35321,2014-04-24,NST
14786432,PCT/JP2014/002317,2014-04-24,NST
14786433,PCT/JP2014/054368,2014-02-24,NST
14786434,PCT/KR2014/003293,2014-04-16,NST
14786435,PCT/IB2014/001731,2014-04-24,NST
14786436,PCT/JP2014/060920,2014-04-17,NST
14786437,PCT/EP2014/058834,2014-04-30,NST
14786439,61815570,2013-04-24,PRO
14786439,PCT/US14/35300,2014-04-24,NST
14786440,PCT/CN2014/075967,2014-04-22,NST
14786441,PCT/US2014/035003,2014-04-22,NST
14786442,PCT/EP2013/058780,2013-04-26,NST
14786443,PCT/JP2014/061324,2014-04-22,NST
14786444,PCT/EP2014/058102,2014-04-22,NST
14786445,PCT/IB2014/059654,2014-03-12,NST
14786446,PCT/JP2014/060457,2014-04-11,NST
14786447,PCT/JP2014/002292,2014-04-23,NST
14786448,PCT/JP2014/058517,2014-03-26,NST
14786449,PCT/IB2014/060890,2014-04-22,NST
14786450,PCT/EP2014/058521,2014-04-25,NST
14786451,PCT/SG2014/000182,2014-04-25,NST
14786452,PCT/EP2014/056143,2014-03-27,NST
14786454,PCT/US2014/035014,2014-04-22,NST
14786455,PCT/JP2014/061279,2014-04-22,NST
14786456,PCT/EP2014/057760,2014-04-16,NST
14786457,61787671,2013-03-15,PRO
14786457,PCT/US14/27563,2014-03-14,NST
14786458,PCT/CA2014/050391,2014-04-22,NST
14786460,PCT/EP2014/058613,2014-04-28,NST
14786461,PCT/JP2014/061307,2014-04-22,NST
14786462,PCT/KR2013/008522,2013-09-24,NST
14786463,PCT/FR2014/050951,2014-04-18,NST
14786464,PCT/US2014/034909,2014-04-22,NST
14786465,PCT/EP2014/057941,2014-04-17,NST
14786466,61816411,2013-04-26,PRO
14786466,PCT/US14/34917,2014-04-22,NST
14786467,PCT/EP2014/058249,2014-04-23,NST
14786468,PCT/KR2014/003466,2014-04-21,NST
14786469,PCT/MX2014/000061,2014-04-23,NST
14786470,PCT/JP2014/060646,2014-04-14,NST
14786471,PCT/EP2014/001075,2014-04-22,NST
14786472,PCT/JP2014/056188,2014-03-10,NST
14786473,PCT/US13/40158,2013-05-08,NST
14786474,PCT/US2013/047536,2013-06-25,NST
14786475,PCT/EP2014/058697,2014-04-29,NST
14786476,PCT/EP2014/057862,2014-04-17,NST
14786477,PCT/FR2014/050978,2014-04-22,NST
14786478,61818173,2013-05-01,PRO
14786478,PCT/US14/36172,2014-04-30,NST
14786479,PCT/JP2014/060635,2014-04-14,NST
14786481,PCT/EP2014/057753,2014-04-16,NST
14786482,PCT/EP2014/001073,2014-04-22,NST
14786483,PCT/JP2014/061144,2014-04-21,NST
14786484,PCT/JP2014/061692,2014-04-25,NST
14786485,PCT/KR2014/004351,2014-05-15,NST
14786486,PCT/EP2014/057982,2014-04-17,NST
14786487,PCT/FR2014/050963,2014-04-22,NST
14786488,PCT/JP2014/061693,2014-04-25,NST
14786489,PCT/JP2014/081580,2014-11-28,NST
14786490,PCT/FR2014/050911,2014-04-15,NST
14786491,61814691,2013-04-22,PRO
14786491,PCT/US14/35028,2014-04-22,NST
14786492,PCT/EP2014/057171,2014-04-09,NST
14786493,61815802,2013-04-25,PRO
14786493,PCT/US14/34943,2014-04-22,NST
14786495,PCT/IT2013/000122,2013-04-24,NST
14786496,PCT/IB2014/060892,2014-04-22,NST
14786497,PCT/IB2014/058131,2014-01-18,NST
14786499,PCT/NO2014/050061,2014-04-22,NST
14786500,PCT/FR2014/050999,2014-04-24,NST
14786501,PCT/US2014/035091,2014-04-23,NST
14786502,PCT/JP2014/054369,2014-02-24,NST
14786503,61815080,2013-04-23,PRO
14786503,PCT/US14/33129,2014-04-07,NST
14786504,PCT/JP2014/060568,2014-04-14,NST
14786505,61814810,2013-04-22,PRO
14786505,PCT/US14/35054,2014-04-22,NST
14786506,PCT/EP2014/001143,2014-04-29,NST
14786507,PCT/EP2014/058611,2014-04-28,NST
14786508,PCT/US14/34772,2014-04-21,NST
14786510,PCT/KR2014/003545,2014-04-23,NST
14786511,PCT/KR2014/003494,2014-04-22,NST
14786512,PCT/US2013/038162,2013-04-25,NST
14786513,PCT/IS2014/050005,2014-04-22,NST
14786514,PCT/SG2014/000180,2014-04-23,NST
14786515,PCT/JP2013/061714,2013-04-22,NST
14786516,PCT/CN14/78868,2014-05-30,NST
14786517,PCT/CN2014/073125,2014-03-10,NST
14786518,PCT/US2014/039444,2014-05-23,NST
14786519,PCT/CN2013/083833,2013-09-18,NST
14786520,PCT/IB2014/000852,2014-05-16,NST
14786521,PCT/IB2014/060923,2014-04-23,NST
14786522,PCT/IB14/60617,2014-04-10,NST
14786523,PCT/RU2014/000131,2014-02-28,NST
14786524,61816325,2013-04-26,PRO
14786524,PCT/US14/35522,2014-04-25,NST
14786525,PCT/IB2014/060922,2014-04-23,NST
14786526,PCT/SG2014/000181,2014-04-23,NST
14786527,PCT/EP2014/058029,2014-04-19,NST
14786529,PCT/JP2014/061332,2014-04-22,NST
14786530,PCT/JP2014/061318,2014-04-22,NST
14786531,PCT/KR2014/003323,2014-04-16,NST
14786532,PCT/AU2014/000474,2014-04-28,NST
14786533,PCT/JP2014/063438,2014-05-21,NST
14786534,PCT/CN2013/075593,2013-05-14,NST
14786535,PCT/JP2014/061343,2014-04-22,NST
14786536,PCT/US2013/046521,2013-06-19,NST
14786540,PCT/CN2014/080716,2014-06-25,NST
14786541,61854373,2013-04-23,PRO
14786541,PCT/US14/35116,2014-04-23,NST
14786542,PCT/CN2014/076486,2014-04-29,NST
14786543,PCT/US2014/035371,2014-04-24,NST
14786544,PCT/JP2014/059005,2014-03-27,NST
14786545,PCT/CN2014/075988,2014-04-22,NST
14786546,PCT/EP2014/001019,2014-04-16,NST
14786547,PCT/CN2014/072671,2014-02-28,NST
14786551,PCT/KR2014/010413,2014-11-03,NST
14786554,PCT/EP2014/000887,2014-04-03,NST
14786555,PCT/JP2014/056748,2014-03-13,NST
14786556,PCT/US2014/034927,2014-04-22,NST
14786557,PCT/JP2014/002245,2014-04-21,NST
14786559,PCT/EP2014/001088,2014-04-24,NST
14786560,PCT/GB2014/050946,2014-03-25,NST
14786561,PCT/US2014/035164,2014-04-23,NST
14786562,PCT/KR2013/010664,2013-11-22,NST
14786563,PCT/JP2013/003119,2013-05-16,NST
14786564,PCT/JP2013/003120,2013-05-16,NST
14786565,PCT/JP2013/003121,2013-05-16,NST
14786566,PCT/JP2014/061495,2014-04-23,NST
14786567,PCT/EP2014/060109,2014-05-16,NST
14786568,PCT/EP2014/058297,2014-04-24,NST
14786569,61815155,2013-04-23,PRO
14786569,61871170,2013-08-28,PRO
14786569,61973722,2014-04-01,PRO
14786569,PCT/US14/35158,2014-04-23,NST
14786570,PCT/JP2014/054864,2014-02-27,NST
14786571,PCT/IB2014/058966,2014-02-13,NST
14786572,PCT/KR2014/003746,2014-04-29,NST
14786573,PCT/EP2014/056925,2014-04-07,NST
14786574,PCT/JP2014/055987,2014-03-07,NST
14786576,PCT/JP2014/061180,2014-04-21,NST
14786577,PCT/EP2014/058423,2014-04-25,NST
14786578,PCT/US14/35524,2014-04-25,NST
14786580,61815877,2013-04-25,PRO
14786580,PCT/US14/35470,2014-04-25,NST
14786581,PCT/JP2014/061182,2014-04-21,NST
14786582,PCT/US2014/034612,2014-04-18,NST
14786583,PCT/EP2014/054707,2014-03-11,NST
14786584,PCT/GB2014/051306,2014-04-25,NST
14786585,PCT/EP2014/001357,2014-05-20,NST
14786586,PCT/EP2014/057132,2014-04-09,NST
14786588,PCT/JP2014/002221,2014-04-21,NST
14786589,PCT/GB2014/051307,2014-04-25,NST
14786590,PCT/JP2014/002614,2014-05-19,NST
14786591,PCT/GB2014/051225,2014-04-17,NST
14786592,PCT/IB14/60993,2014-04-24,NST
14786593,PCT/US2014/036883,2014-05-06,NST
14786595,PCT/JP2013/063606,2013-05-15,NST
14786596,PCT/GB2014/050779,2014-03-14,NST
14786597,PCT/JP2014/061793,2014-04-25,NST
14786598,PCT/RU2014/000337,2014-05-13,NST
14786600,PCT/NZ2014/000073,2014-04-24,NST
14786601,PCT/EP2013/058536,2013-04-24,NST
14786603,PCT/EP2014/058252,2014-04-23,NST
14786604,PCT/KR2014/003575,2014-04-24,NST
14786608,PCT/EP2014/058453,2014-04-25,NST
14786611,PCT/IB2013/001132,2013-04-23,NST
14786613,PCT/US2014/035739,2014-04-28,NST
14786614,PCT/JP2013/064177,2013-05-22,NST
14786615,PCT/US2013/038936,2013-04-30,NST
14786616,PCT/US2013/037750,2013-04-23,NST
14786617,PCT/GB2014/051099,2014-04-09,NST
14786618,PCT/DE2014/000209,2014-04-22,NST
14786619,PCT/US13/37698,2013-04-23,NST
14786620,61857811,2013-07-24,PRO
14786620,PCT/US14/47816,2014-07-23,NST
14786621,PCT/US2014/035435,2014-04-25,NST
14786622,PCT/KR2013/007930,2013-09-03,NST
14786623,PCT/RU2014/000339,2014-05-13,NST
14786625,PCT/EP2013/058938,2013-04-30,NST
14786626,PCT/JP2014/056775,2014-03-13,NST
14786627,PCT/EP2014/056909,2014-04-07,NST
14786628,PCT/US2014/038565,2014-05-19,NST
14786630,PCT/GB2014/051261,2014-04-23,NST
14786631,PCT/KR2014/007688,2014-08-19,NST
14786632,PCT/JP2014/060643,2014-04-14,NST
14786633,PCT/IL2014/000022,2014-04-24,NST
14786634,PCT/JP2014/002241,2014-04-21,NST
14786635,PCT/DE2014/200123,2014-03-13,NST
14786636,PCT/JP2014/058863,2014-03-27,NST
14786637,PCT/EP2014/058152,2014-04-22,NST
14786640,PCT/IB2014/060799,2014-04-17,NST
14786641,PCT/EP2014/058396,2014-04-24,NST
14786642,PCT/RU2014/000340,2014-05-13,NST
14786644,PCT/EP2014/000805,2014-03-25,NST
14786645,PCT/KR2013/009358,2013-10-18,NST
14786646,PCT/JP2014/060715,2014-04-15,NST
14786647,PCT/GB2014/051269,2014-04-24,NST
14786648,PCT/JP2014/054441,2014-02-25,NST
14786649,PCT/US2014/034222,2014-04-15,NST
14786651,61818033,2013-05-01,PRO
14786651,PCT/US14/34224,2014-04-15,NST
14786652,PCT/EP2014/001099,2014-04-24,NST
14786655,PCT/US2014/034209,2014-04-15,NST
14786656,PCT/IL2014/050372,2014-04-23,NST
14786657,PCT/CN2013/090985,2013-12-30,NST
14786658,PCT/US2014/034216,2014-04-15,NST
14786659,PCT/BR2014/000324,2014-09-09,NST
14786661,PCT/GB2014/051235,2014-04-22,NST
14786662,PCT/EP2014/054457,2014-03-07,NST
14786663,PCT/JP2014/061794,2014-04-25,NST
14786664,PCT/EP2014/058086,2014-04-22,NST
14786665,PCT/IT2014/000115,2014-04-28,NST
14786666,PCT/BR2014/000323,2014-09-09,NST
14786667,PCT/US2014/034077,2014-04-15,NST
14786668,PCT/US2014/036565,2014-05-02,NST
14786669,PCT/EP2014/058137,2014-04-22,NST
14786670,PCT/EP2014/001082,2014-04-23,NST
14786672,61817989,2013-05-01,PRO
14786672,PCT/US14/34081,2014-04-15,NST
14786673,61815604,2013-04-24,PRO
14786673,PCT/US14/35298,2014-04-24,NST
14786674,PCT/US2014/035490,2014-04-25,NST
14786675,PCT/JP2014/060647,2014-04-14,NST
14786676,PCT/JP2014/002397,2014-05-02,NST
14786677,PCT/US2014/034086,2014-04-15,NST
14786678,PCT/JP2013/062321,2013-04-26,NST
14786679,PCT/IB2014/061226,2014-05-06,NST
14786680,PCT/JP2014/061437,2014-04-23,NST
14786681,PCT/CN2013/090890,2013-12-30,NST
14786682,PCT/EP2014/000710,2014-03-14,NST
14786683,PCT/JP2014/057320,2014-03-18,NST
14786684,PCT/EP2014/053833,2014-02-27,NST
14786685,PCT/GB2014/051239,2014-04-22,NST
14786688,PCT/US2014/035517,2014-04-25,NST
14786689,PCT/JP2014/054840,2014-02-27,NST
14786691,PCT/JP2014/061381,2014-04-23,NST
14786692,PCT/EP2014/057426,2014-04-11,NST
14786693,61816037,2013-04-25,PRO
14786693,PCT/US14/35305,2014-04-24,NST
14786695,PCT/EP2014/058032,2014-04-21,NST
14786696,61815257,2013-04-23,PRO
14786696,PCT/IL14/50375,2014-04-23,NST
14786697,PCT/IB2014/059268,2014-02-26,NST
14786698,61814925,2013-04-23,PRO
14786698,PCT/US14/35126,2014-04-23,NST
14786699,PCT/GB2014/051282,2014-04-24,NST
14786700,PCT/EP2014/057024,2014-04-08,NST
14786702,PCT/CN2013/074819,2013-04-26,NST
14786703,PCT/JP2014/002284,2014-04-23,NST
14786705,PCT/DE2014/100166,2014-05-13,NST
14786706,PCT/EP2014/058395,2014-04-24,NST
14786707,PCT/JP2014/002300,2014-04-24,NST
14786708,61824563,2013-05-17,PRO
14786708,PCT/US14/34993,2014-04-22,NST
14786709,PCT/JP2013/062211,2013-04-25,NST
14786710,PCT/CZ2014/000035,2014-04-07,NST
14786712,PCT/JP2014/002253,2014-04-22,NST
14786713,PCT/FR2014/050967,2014-04-22,NST
14786714,PCT/US2014/035104,2014-04-23,NST
14786715,PCT/KR2014/003540,2014-04-23,NST
14786716,PCT/JP2014/061696,2014-04-25,NST
14786717,PCT/IB2014/059918,2014-03-18,NST
14786719,PCT/KR2014/003523,2014-04-22,NST
14786721,PCT/EP2014/058229,2014-04-23,NST
14786722,PCT/JP2014/061395,2014-04-23,NST
14786723,PCT/NL2014/050293,2014-05-08,NST
14786724,PCT/FR2014/050966,2014-04-22,NST
14786725,PCT/EP14/58719,2014-04-29,NST
14786726,PCT/EP2014/058440,2014-04-25,NST
14786727,PCT/KR2013/003631,2013-04-26,NST
14786728,PCT/EP2014/058234,2014-04-23,NST
14786730,PCT/IB2014/060944,2014-04-23,NST
14786731,PCT/JP2014/002222,2014-04-21,NST
14786732,PCT/JP2014/060593,2014-04-14,NST
14786733,PCT/JP2014/056607,2014-03-13,NST
14786735,PCT/IB2014/000584,2014-04-22,NST
14786736,PCT/JP2013/062117,2013-04-24,NST
14786737,PCT/EP2014/058434,2014-04-25,NST
14786738,PCT/EP2014/058030,2014-04-21,NST
14786739,PCT/JP2014/005289,2014-10-17,NST
14786740,PCT/US2014/035027,2014-04-22,NST
14786742,PCT/JP2014/000425,2014-01-28,NST
14786743,PCT/EP2014/058352,2014-04-24,NST
14786745,PCT/IB2014/001288,2014-05-12,NST
14786746,PCT/CN2014/073104,2014-03-10,NST
14786747,PCT/JP2014/077828,2014-10-20,NST
14786748,PCT/JP2013/077148,2013-10-04,NST
14786749,61819697,2013-05-06,PRO
14786749,61844041,2013-07-09,PRO
14786749,61932360,2014-01-28,PRO
14786749,PCT/US14/36494,2014-05-02,NST
14786750,PCT/CN2013/074803,2013-04-26,NST
14786751,PCT/EP14/56787,2014-04-04,NST
14786752,PCT/IB2014/060965,2014-04-24,NST
14786753,PCT/KR2014/003534,2014-04-23,NST
14786754,PCT/KR2014/001252,2014-02-17,NST
14786756,PCT/EP2014/057299,2014-04-10,NST
14786757,PCT/KR2013/008696,2013-09-27,NST
14786759,PCT/FR2014/051160,2014-05-20,NST
14786760,PCT/FR2014/000090,2014-04-25,NST
14786761,PCT/JP2014/002197,2014-04-17,NST
14786762,PCT/JP2015/062799,2015-04-28,NST
14786764,PCT/DE2014/200158,2014-04-07,NST
14786766,PCT/JP2014/051369,2014-01-23,NST
14786767,PCT/EP2014/058489,2014-04-25,NST
14786768,PCT/JP2014/060868,2014-04-16,NST
14786769,PCT/JP2014/055670,2014-03-05,NST
14786770,PCT/EP2014/055890,2014-03-25,NST
14786771,PCT/JP2014/061409,2014-04-23,NST
14786772,PCT/JP2014/055762,2014-03-06,NST
14786773,PCT/EP2014/058257,2014-04-23,NST
14786774,PCT/CN2014/078407,2014-05-26,NST
14786775,PCT/EP2014/058259,2014-04-23,NST
14786776,PCT/EP2014/058305,2014-04-24,NST
14786777,PCT/JP2014/059280,2014-03-28,NST
14786778,PCT/IB2014/061320,2014-05-09,NST
14786779,PCT/EP2013/058573,2013-04-25,NST
14786780,PCT/NL2014/050244,2014-04-17,NST
14786781,PCT/US2014/042119,2014-06-12,NST
14786782,PCT/EP2013/058503,2013-04-24,NST
14786784,PCT/EP2014/058199,2014-04-23,NST
14786785,PCT/SE2013/050600,2013-05-27,NST
14786788,PCT/EP2014/057896,2014-04-17,NST
14786789,PCT/JP2014/061392,2014-04-23,NST
14786791,PCT/IB2014/060629,2014-04-10,NST
14786792,PCT/JP2014/061833,2014-04-28,NST
14786793,PCT/GB2014/051311,2014-04-25,NST
14786794,PCT/FR2014/051004,2014-04-25,NST
14786796,PCT/GB2014/051303,2014-04-25,NST
14786797,PCT/EP2014/056407,2014-03-31,NST
14786798,PCT/AU2014/050021,2014-04-24,NST
14786799,PCT/JP2014/061774,2014-04-25,NST
14786800,PCT/EP2014/059403,2014-05-08,NST
14786801,PCT/JP2014/061549,2014-04-24,NST
14786802,61817032,2013-04-29,PRO
14786802,PCT/US14/35845,2014-04-29,NST
14786804,PCT/US2014/035130,2014-04-23,NST
14786805,PCT/EP2014/059689,2014-05-13,NST
14786806,PCT/FR2014/050948,2014-04-18,NST
14786807,PCT/EP2013/067438,2013-08-22,NST
14786808,PCT/JP2014/002238,2014-04-21,NST
14786809,PCT/IN2014/000229,2014-04-10,NST
14786810,PCT/EP2013/067434,2013-08-22,NST
14786812,PCT/JP2014/060928,2014-04-17,NST
14786813,PCT/CN2013/075635,2013-05-15,NST
14786815,PCT/EP2014/001056,2014-04-22,NST
14786817,PCT/EP2014/058260,2014-04-23,NST
14786818,PCT/CN2013/090463,2013-12-25,NST
14786819,PCT/FR2014/050991,2014-04-24,NST
14786820,PCT/EP2014/056408,2014-03-31,NST
14786821,PCT/GB2014/051214,2014-04-17,NST
14786822,PCT/US2013/041374,2013-05-16,NST
14786823,PCT/KR2014/003650,2014-04-25,NST
14786825,PCT/EP2013/067662,2013-08-27,NST
14786826,PCT/JP2014/061697,2014-04-25,NST
14786827,PCT/GB2014/051237,2014-04-22,NST
14786829,PCT/US14/34936,2014-04-22,NST
14786830,PCT/EP2014/057998,2014-04-18,NST
14786831,PCT/JP2014/056307,2014-03-11,NST
14786832,PCT/EP2014/057518,2014-04-14,NST
14786833,PCT/FR14/50994,2014-04-24,NST
14786834,PCT/US2013/057678,2013-08-30,NST
14786835,PCT/JP2014/061472,2014-04-23,NST
14786836,61815663,2013-04-24,PRO
14786836,PCT/US14/34935,2014-04-22,NST
14786837,PCT/KR2014/003480,2014-04-22,NST
14786838,PCT/US2014/033723,2014-04-11,NST
14786839,PCT/JP2014/053118,2014-02-12,NST
14786840,PCT/SE2013/050521,2013-05-08,NST
14786841,PCT/US2013/038492,2013-04-26,NST
14786842,61815910,2013-04-25,PRO
14786842,PCT/US14/35527,2014-04-25,NST
14786843,61815932,2013-04-25,PRO
14786843,PCT/US14/35454,2014-04-25,NST
14786844,PCT/US2014/035291,2014-04-24,NST
14786845,PCT/FR2014/050263,2014-02-11,NST
14786846,PCT/JP2014/061412,2014-04-23,NST
14786847,PCT/US2014/034585,2014-04-18,NST
14786848,PCT/EP2014/057645,2014-04-15,NST
14786849,PCT/FR2014/050858,2014-04-10,NST
14786850,PCT/EP2014/054558,2014-03-10,NST
14786851,61815160,2013-04-23,PRO
14786851,PCT/US14/35142,2014-04-23,NST
14786852,61815359,2013-04-24,PRO
14786852,PCT/US14/33750,2014-04-11,NST
14786853,PCT/EP14/58247,2014-04-23,NST
14786854,PCT/CN2014/078633,2014-05-28,NST
14786855,PCT/EP2014/000834,2014-03-27,NST
14786856,PCT/FR2014/050976,2014-04-22,NST
14786857,PCT/EP2014/057992,2014-04-18,NST
14786858,PCT/SG2014/000186,2014-04-28,NST
14786859,PCT/EP2014/058560,2014-04-28,NST
14786860,PCT/JP2014/058693,2014-03-26,NST
14786861,PCT/SE2014/050489,2014-04-23,NST
14786862,PCT/EP2014/058183,2014-04-23,NST
14786863,PCT/GB2014/051296,2014-04-25,NST
14786864,PCT/GB2014/051300,2014-04-25,NST
14786865,PCT/US13/42500,2013-05-23,NST
14786866,PCT/US13/37946,2013-04-24,NST
14786867,13869017,2013-04-23,CIP
14786867,PCT/US14/35211,2014-04-23,NST
14786868,PCT/EP2014/056092,2014-03-26,NST
14786869,PCT/US2014/045269,2014-07-02,NST
14786870,PCT/EP2013/058637,2013-04-25,NST
14786871,PCT/US2014/033616,2014-04-10,NST
14786872,PCT/JP2014/061452,2014-04-23,NST
14786873,PCT/JP2014/002509,2014-05-13,NST
14786874,PCT/GB2014/051270,2014-04-24,NST
14786875,PCT/JP2014/061060,2014-04-18,NST
14786876,PCT/US2014/035147,2014-04-23,NST
14786877,61810949,2013-04-11,PRO
14786877,61817954,2013-05-01,PRO
14786877,PCT/US14/33602,2014-04-10,NST
14786878,PCT/JP2014/056608,2014-03-13,NST
14786879,PCT/DE2014/200055,2014-02-11,NST
14786880,PCT/SG2014/000179,2014-04-23,NST
14786881,61815485,2013-04-24,PRO
14786881,PCT/US14/35294,2014-04-24,NST
14786882,PCT/JP2014/056712,2014-03-13,NST
14786883,PCT/DE2014/200053,2014-02-11,NST
14786884,PCT/EP2014/000532,2014-03-01,NST
14786886,PCT/NL2014/050261,2014-04-23,NST
14786887,PCT/KR2014/003524,2014-04-22,NST
14786888,PCT/EP2014/058431,2014-04-25,NST
14786889,PCT/KR2014/003525,2014-04-22,NST
14786891,PCT/KR2013/011208,2013-12-05,NST
14786892,PCT/EP2014/058109,2014-04-22,NST
14786893,PCT/JP2014/061340,2014-04-22,NST
14786895,PCT/JP2014/060782,2014-04-16,NST
14786896,PCT/SG2014/000185,2014-04-28,NST
14786897,PCT/FR2014/050922,2014-04-16,NST
14786898,61817229,2013-04-29,PRO
14786898,PCT/US14/35167,2014-04-23,NST
14786899,PCT/US13/38107,2013-04-25,NST
14786900,PCT/JP2014/061339,2014-04-22,NST
14786901,PCT/US13/59843,2013-09-16,NST
14786902,PCT/IB2014/060935,2014-04-23,NST
14786903,PCT/JP2014/061431,2014-04-23,NST
14786904,PCT/EP2014/057317,2014-04-10,NST
14786905,PCT/EP2014/058628,2014-04-28,NST
14786906,PCT/CA2014/000378,2014-04-25,NST
14786907,PCT/US13/37954,2013-04-24,NST
14786908,PCT/KR2013/007423,2013-08-19,NST
14786910,PCT/US13/37885,2013-04-24,NST
14786911,PCT/JP2014/061612,2014-04-24,NST
14786912,PCT/EP2014/058410,2014-04-24,NST
14786913,PCT/EP2014/057342,2014-04-11,NST
14786914,PCT/CA2014/000376,2014-04-25,NST
14786915,PCT/EP2014/058381,2014-04-24,NST
14786916,PCT/US13/38199,2013-04-25,NST
14786917,PCT/EP2014/057331,2014-04-11,NST
14786918,PCT/JP2015/058871,2015-03-24,NST
14786919,61815801,2013-04-25,PRO
14786919,PCT/US14/34939,2014-04-22,NST
14786920,PCT/IB2014/060982,2014-04-24,NST
14786921,PCT/EP2014/058425,2014-04-25,NST
14786922,PCT/EP2014/058379,2014-04-24,NST
14786923,PCT/US2013/048777,2013-06-28,NST
14786924,PCT/JP2013/062316,2013-04-26,NST
14786925,PCT/JP2014/063824,2014-05-26,NST
14786926,PCT/EP2014/058617,2014-04-28,NST
14786927,PCT/JP2014/060911,2014-04-17,NST
14786928,PCT/JP2014/061599,2014-04-24,NST
14786930,PCT/SE2014/050487,2014-04-23,NST
14786931,PCT/JP2014/001745,2014-03-26,NST
14786932,PCT/JP2014/061641,2014-04-24,NST
14786933,PCT/EP2014/058099,2014-04-22,NST
14786934,PCT/JP2014/061483,2014-04-23,NST
14786935,PCT/FR2014/050949,2014-04-18,NST
14786936,PCT/IB2014/061149,2014-05-02,NST
14786937,PCT/JP2014/002774,2014-05-27,NST
14786938,PCT/JP2014/002133,2014-04-15,NST
14786939,PCT/EP2014/058491,2014-04-26,NST
14786940,PCT/JP2014/002293,2014-04-24,NST
14786941,PCT/US2014/035114,2014-04-23,NST
14786942,PCT/NZ2014/000074,2014-04-24,NST
14786943,PCT/CA2014/000368,2014-04-24,NST
14786944,PCT/JP2013/061967,2013-04-24,NST
14786945,PCT/JP2014/061489,2014-04-23,NST
14786946,PCT/CN2013/081392,2013-08-13,NST
14786947,PCT/EP2014/057939,2014-04-17,NST
14786948,PCT/EP2014/057829,2014-04-16,NST
14786949,61815428,2013-04-24,PRO
14786949,61903254,2013-11-12,PRO
14786949,PCT/US14/35375,2014-04-24,NST
14786950,PCT/JP2014/002147,2014-04-16,NST
14786952,61815665,2013-04-24,PRO
14786952,PCT/US14/35181,2014-04-23,NST
14786953,PCT/EP2014/058513,2014-04-25,NST
14786954,PCT/JP2014/002280,2014-04-23,NST
14786955,PCT/EP2014/058353,2014-04-24,NST
14786956,PCT/JP2014/000066,2014-01-10,NST
14786957,PCT/NZ2014/000075,2014-04-28,NST
14786958,PCT/CN2014/075849,2014-04-21,NST
14786959,PCT/US2014/013653,2014-01-29,NST
14786960,PCT/JP2014/001403,2014-03-12,NST
14786961,PCT/JP2013/062455,2013-04-26,NST
14786962,PCT/JP2014/061266,2014-04-22,NST
14786964,PCT/EP2014/058287,2014-04-23,NST
14786965,PCT/EP2014/058465,2014-04-25,NST
14786966,PCT/EP2013/058629,2013-04-25,NST
14786967,PCT/JP2014/002185,2014-04-17,NST
14786968,PCT/EP2014/058466,2014-04-25,NST
14786969,PCT/IB2014/001422,2014-04-25,NST
14786970,PCT/EP2013/058944,2013-04-30,NST
14786971,PCT/JP2014/061694,2014-04-25,NST
14786972,61815631,2013-04-24,PRO
14786972,PCT/US14/35376,2014-04-24,NST
14786973,PCT/DE2014/200175,2014-04-22,NST
14786974,PCT/CN2014/000269,2014-03-14,NST
14786975,61817481,2013-04-30,PRO
14786975,PCT/IL14/50389,2014-04-30,NST
14786976,61817492,2013-04-30,PRO
14786976,PCT/IL14/50390,2014-04-30,NST
14786977,61817496,2013-04-30,PRO
14786977,61817502,2013-04-30,PRO
14786977,PCT/IL14/50391,2014-04-30,NST
14786978,PCT/IB2014/061616,2014-05-22,NST
14786979,PCT/KR2014/002379,2014-03-21,NST
14786980,PCT/FR2014/050984,2014-04-23,NST
14786981,PCT/EP2014/058475,2014-04-25,NST
14786982,PCT/CN2014/073694,2014-03-19,NST
14786983,PCT/EP2014/058419,2014-04-25,NST
14786984,PCT/CN2014/073755,2014-03-20,NST
14786985,PCT/ES2014/000060,2014-04-16,NST
14786986,PCT/EP2014/058085,2014-04-22,NST
14786988,PCT/JP2014/062196,2014-05-02,NST
14786989,PCT/IN2014/000301,2014-05-05,NST
14786991,PCT/EP2014/058238,2014-04-23,NST
14786993,PCT/KR2014/006883,2014-07-28,NST
14786994,PCT/CN2014/076162,2014-04-24,NST
14786995,PCT/JP2014/060805,2014-04-16,NST
14786996,PCT/EP2014/058397,2014-04-24,NST
14786997,PCT/CN2013/076038,2013-05-22,NST
14786998,PCT/US13/61802,2013-09-26,NST
14786999,PCT/EP2014/058398,2014-04-24,NST
14787001,PCT/JP2014/055617,2014-03-05,NST
14787003,PCT/IB2013/053406,2013-04-30,NST
14787004,PCT/JP2014/062208,2014-05-06,NST
14787005,PCT/JP2014/001132,2014-03-03,NST
14787006,PCT/EP2014/001215,2014-05-07,NST
14787007,PCT/EP2014/001302,2014-05-14,NST
14787008,PCT/IB2014/060938,2014-04-23,NST
14787012,PCT/EP2014/001216,2014-05-07,NST
14787013,PCT/US2014/019051,2014-02-27,NST
14787016,PCT/DE2014/000190,2014-04-17,NST
14787017,PCT/KR2014/005022,2014-06-05,NST
14787018,PCT/GB2014/051287,2014-04-25,NST
14787021,61838468,2013-06-24,PRO
14787021,PCT/US14/41693,2014-06-10,NST
14787022,61821315,2013-05-09,PRO
14787022,PCT/US14/37255,2014-05-08,NST
14787023,PCT/NO2014/050055,2014-04-10,NST
14787025,PCT/JP2014/002104,2014-04-14,NST
14787026,PCT/IB2014/000648,2014-05-02,NST
14787028,PCT/JP2014/060788,2014-04-16,NST
14787032,PCT/CA2014/000375,2014-04-28,NST
14787035,PCT/EP2014/057711,2014-04-16,NST
14787036,PCT/CN2014/083276,2014-07-30,NST
14787038,PCT/US2014/035293,2014-04-24,NST
14787041,61815778,2013-04-25,PRO
14787041,PCT/US14/35071,2014-04-23,NST
14787043,PCT/EP2014/057875,2014-04-17,NST
14787045,PCT/DE2014/100171,2014-05-20,NST
14787046,PCT/EP2014/001110,2014-04-25,NST
14787047,PCT/EP2014/001356,2014-05-20,NST
14787048,PCT/JP2013/062666,2013-04-30,NST
14787050,61838991,2013-06-25,PRO
14787050,PCT/US14/40488,2014-06-02,NST
14787051,61819709,2013-05-06,PRO
14787051,PCT/US14/36810,2014-05-05,NST
14787052,PCT/GB2014/051262,2014-04-23,NST
14787053,PCT/RU2014/000026,2014-01-17,NST
14787055,PCT/CN2013/074956,2013-04-28,NST
14787056,PCT/JP2014/002103,2014-04-14,NST
14787057,PCT/CN2013/081804,2013-08-19,NST
14787058,PCT/SE2014/050507,2014-04-25,NST
14787059,PCT/EP2014/059112,2014-05-05,NST
14787060,PCT/JP2014/050198,2014-01-09,NST
14787061,PCT/US2014/035546,2014-04-25,NST
14787062,PCT/US2013/046810,2013-06-20,NST
14787063,PCT/GB2014/051297,2014-04-25,NST
14787065,PCT/KR2014/003576,2014-04-24,NST
14787066,PCT/SE2014/050523,2014-04-29,NST
14787067,PCT/US13/46877,2013-06-20,NST
14787068,PCT/US2014/036087,2014-04-30,NST
14787069,PCT/US2013/046883,2013-06-20,NST
14787070,PCT/US2014/035843,2014-04-29,NST
14787072,PCT/GB2014/051376,2014-05-02,NST
14787073,PCT/EP2014/057841,2014-04-16,NST
14787074,PCT/JP2014/067957,2014-07-04,NST
14787076,61561620,2011-11-18,PRO
14787076,PCT/US2014/035334,2014-04-24,NST
14787077,PCT/US13/46894,2013-06-20,NST
14787078,PCT/JP2014/002522,2014-05-13,NST
14787081,PCT/EP2014/058402,2014-04-24,NST
14787082,PCT/CN2013/074901,2013-04-27,NST
14787083,PCT/JP2014/061035,2014-04-18,NST
14787084,PCT/US2013/043299,2013-05-30,NST
14787086,PCT/US2013/041379,2013-05-16,NST
14787087,PCT/FR2014/050986,2014-04-23,NST
14787088,PCT/KR2014/003479,2014-04-22,NST
14787089,PCT/GB2014/051288,2014-04-25,NST
14787090,61816713,2013-04-27,PRO
14787090,PCT/US14/35506,2014-04-25,NST
14787091,PCT/EP2014/055383,2014-03-18,NST
14787092,PCT/JP2014/061610,2014-04-24,NST
14787095,PCT/EP2014/058271,2014-04-23,NST
14787096,PCT/EP2014/001048,2014-04-17,NST
14787097,PCT/EP2014/001029,2014-04-16,NST
14787098,PCT/EP2014/058459,2014-04-25,NST
14787100,PCT/ES2013/070088,2013-05-07,NST
14787102,PCT/US2013/039873,2013-05-07,NST
14787103,PCT/JP2013/063053,2013-05-09,NST
14787104,PCT/EP2014/058450,2014-04-25,NST
14787106,PCT/EP2014/058556,2014-04-28,NST
14787107,PCT/US2014/040161,2014-05-30,NST
14787108,PCT/JP2014/061404,2014-04-23,NST
14787109,PCT/JP2014/080852,2014-11-21,NST
14787110,PCT/EP2014/001232,2014-05-07,NST
14787111,PCT/EP2014/058196,2014-04-23,NST
14787112,PCT/AT2014/000173,2014-09-25,NST
14787114,PCT/EP2014/057683,2014-04-16,NST
14787115,PCT/JP2014/079481,2014-11-06,NST
14787116,PCT/IB2014/060845,2014-04-18,NST
14787117,PCT/EP2014/059220,2014-05-06,NST
14787118,PCT/JP2014/061393,2014-04-23,NST
14787119,PCT/EP2014/058140,2014-04-22,NST
14787120,PCT/GB2014/051209,2014-04-17,NST
14787122,PCT/SG2014/000190,2014-04-28,NST
14787123,PCT/EP2014/057860,2014-04-17,NST
14787124,PCT/JP2014/001941,2014-04-03,NST
14787128,PCT/EP2014/001100,2014-04-24,NST
14787130,PCT/DE2014/000203,2014-04-17,NST
14787131,PCT/JP2013/006558,2013-11-07,NST
14787134,PCT/US2014/035407,2014-04-25,NST
14787136,PCT/US2013/038692,2013-04-29,NST
14787138,PCT/SG2014/000191,2014-04-28,NST
14787141,PCT/KR2014/001195,2014-02-13,NST
14787142,PCT/FR2014/050956,2014-04-18,NST
14787144,PCT/US2014/037743,2014-05-12,NST
14787145,PCT/GR2013/000023,2013-04-26,NST
14787146,PCT/KR2014/003643,2014-04-25,NST
14787148,PCT/EP2014/057900,2014-04-17,NST
14787152,PCT/JP2014/002511,2014-05-13,NST
14787155,PCT/GB2014/000161,2014-04-28,NST
14787156,PCT/PT2014/000023,2014-04-30,NST
14787158,61815425,2013-04-24,PRO
14787158,PCT/US14/35174,2014-04-23,NST
14787159,PCT/DE2014/000282,2014-06-06,NST
14787161,PCT/EP2014/058283,2014-04-23,NST
14787162,PCT/CN2013/074865,2013-04-27,NST
14787163,PCT/JP2014/061678,2014-04-25,NST
14787165,PCT/KR2014/003429,2014-04-21,NST
14787166,PCT/SG2014/000189,2014-04-28,NST
14787167,PCT/IB2014/061018,2014-04-25,NST
14787168,PCT/JP2014/062213,2014-04-25,NST
14787170,PCT/KR2014/000532,2014-01-17,NST
14787171,PCT/EP2014/058540,2014-04-28,NST
14787173,PCT/JP2014/063165,2014-05-19,NST
14787175,PCT/KR2014/003588,2014-04-24,NST
14787176,PCT/SE2014/050516,2014-04-28,NST
14787178,PCT/IB2014/000604,2014-04-24,NST
14787179,PCT/US2014/036495,2014-05-02,NST
14787180,PCT/DK2014/050119,2014-05-02,NST
14787181,PCT/JP2014/002264,2014-04-22,NST
14787182,PCT/KR2014/003458,2014-04-21,NST
14787183,PCT/EP2013/062818,2013-06-19,NST
14787185,PCT/DE2014/200052,2014-02-11,NST
14787186,PCT/JP2014/061585,2014-04-24,NST
14787187,PCT/KR2014/003704,2014-04-28,NST
14787188,PCT/KR2014/003459,2014-04-21,NST
14787189,PCT/EP2014/058165,2014-04-23,NST
14787191,PCT/JP2014/059422,2014-03-31,NST
14787192,PCT/EP2014/058164,2014-04-23,NST
14787193,PCT/CN2014/076589,2014-04-30,NST
14787195,PCT/IB2014/059971,2014-03-19,NST
14787196,PCT/JP2014/060833,2014-04-16,NST
14787197,PCT/JP14/61335,2014-04-22,NST
14787198,PCT/JP2014/061403,2014-04-23,NST
14787201,PCT/US2014/042127,2014-06-12,NST
14787202,PCT/IB2014/060933,2014-04-23,NST
14787203,PCT/IB2014/060943,2014-04-23,NST
14787204,PCT/US2013/052854,2013-07-31,NST
14787205,PCT/FR2014/050910,2014-04-15,NST
14787206,61816062,2013-04-25,PRO
14787206,PCT/US14/35362,2014-04-24,NST
14787208,PCT/US2013/052943,2013-07-31,NST
14787210,PCT/GB2014/051305,2014-04-25,NST
14787211,PCT/CN2013/075311,2013-05-08,NST
14787212,PCT/US2014/035426,2014-04-25,NST
14787213,PCT/IB2014/060838,2014-04-18,NST
14787214,PCT/US2014/035576,2014-04-25,NST
14787215,PCT/NO2014/050065,2014-04-28,NST
14787216,PCT/EP2014/056828,2014-04-04,NST
14787217,PCT/EP2014/058456,2014-04-25,NST
14787218,PCT/JP2014/051747,2014-01-28,NST
14787219,PCT/CN2014/076165,2014-04-24,NST
14787220,PCT/EP2014/000855,2014-03-31,NST
14787222,PCT/IB2014/059972,2014-03-19,NST
14787223,PCT/US2013/038763,2013-04-30,NST
14787225,PCT/US2014/032470,2014-04-01,NST
14787226,PCT/CA2014/000379,2014-04-25,NST
14787228,PCT/JP2014/061771,2014-04-25,NST
14787229,PCT/JP2014/002296,2014-04-24,NST
14787231,PCT/KR2014/002375,2014-03-20,NST
14787232,PCT/EP2014/058519,2014-04-25,NST
14787233,PCT/US2013/052460,2013-07-29,NST
14787234,PCT/CN2014/071133,2014-01-22,NST
14787236,PCT/CN2013/075717,2013-05-16,NST
14787237,PCT/MX2013/000053,2013-04-26,NST
14787238,PCT/JP2014/061138,2014-04-21,NST
14787240,PCT/EP2014/060565,2014-05-22,NST
14787242,PCT/US2014/035303,2014-04-24,NST
14787243,PCT/KR2014/003484,2014-04-22,NST
14787245,PCT/CN2014/076642,2014-04-30,NST
14787246,PCT/JP2014/002357,2014-04-28,NST
14787248,PCT/CN2013/073259,2013-03-27,NST
14787251,PCT/CN2013/084984,2013-10-10,NST
14787252,PCT/JP2014/061606,2014-04-24,NST
14787253,PCT/KR2014/003510,2014-04-23,NST
14787254,PCT/US14/35552,2014-04-25,NST
14787256,PCT/US2014/023095,2014-03-11,NST
14787257,PCT/CN2014/071135,2014-01-22,NST
14787258,PCT/GB2014/051309,2014-04-25,NST
14787259,PCT/KR2014/003688,2014-04-25,NST
14787260,PCT/GB2014/000112,2014-03-25,NST
14787262,PCT/CN2014/070352,2014-01-09,NST
14787263,PCT/JP2014/060575,2014-04-14,NST
14787264,PCT/EP2013/059018,2013-04-30,NST
14787266,PCT/CN2014/076285,2014-04-25,NST
14787267,PCT/CN2013/090053,2013-12-20,NST
14787268,PCT/EP2014/058069,2014-04-22,NST
14787269,PCT/CN13/74680,2013-04-25,NST
14787270,61837036,2013-06-19,PRO
14787270,PCT/US14/42591,2014-06-16,NST
14787272,PCT/JP2013/062560,2013-04-30,NST
14787273,PCT/EP2014/058929,2014-04-30,NST
14787274,PCT/US2014/035314,2014-04-24,NST
14787276,PCT/IB2014/061046,2014-04-28,NST
14787277,PCT/JP2014/060188,2014-04-08,NST
14787278,61817401,2013-04-30,PRO
14787278,PCT/US14/35220,2014-04-24,NST
14787279,PCT/EP2014/060376,2014-05-21,NST
14787280,61817571,2013-04-30,PRO
14787280,PCT/US14/35384,2014-04-25,NST
14787281,PCT/US2013/047765,2013-06-26,NST
14787282,PCT/IB2014/062177,2014-06-12,NST
14787283,PCT/EP2013/059037,2013-04-30,NST
14787284,PCT/US2014/036026,2014-04-30,NST
14787285,PCT/EP2014/058538,2014-04-28,NST
14787286,PCT/JP2014/002474,2014-05-09,NST
14787287,PCT/US2014/035415,2014-04-25,NST
14787288,PCT/JP2013/064399,2013-05-23,NST
14787289,PCT/KR2014/002380,2014-03-21,NST
14787291,PCT/JP2013/064595,2013-05-27,NST
14787292,61817750,2013-04-30,PRO
14787292,PCT/US14/36132,2014-04-30,NST
14787293,PCT/EP14/59471,2014-05-08,NST
14787295,PCT/EP2014/054083,2014-03-03,NST
14787297,PCT/US2014/045904,2014-07-09,NST
14787298,PCT/US2014/035819,2014-04-29,NST
14787300,PCT/JP2014/064081,2014-05-28,NST
14787301,PCT/JP2015/068492,2015-06-26,NST
14787302,PCT/US13/57252,2013-08-29,NST
14787303,61823433,2013-05-15,PRO
14787303,PCT/US14/38072,2014-05-15,NST
14787305,PCT/CN2014/075912,2014-04-22,NST
14787306,PCT/EP2013/059009,2013-04-30,NST
14787307,PCT/JP2014/057784,2014-03-20,NST
14787308,PCT/IB2013/055639,2013-07-09,NST
14787309,PCT/DE2014/000176,2014-04-08,NST
14787310,PCT/JP2014/000165,2014-01-15,NST
14787311,PCT/EP14/58637,2014-04-29,NST
14787312,PCT/EP2014/058536,2014-04-28,NST
14787313,PCT/US2014/011202,2014-01-13,NST
14787314,PCT/IB2014/061220,2014-05-05,NST
14787315,PCT/JP2014/061475,2014-04-23,NST
14787316,PCT/IB2014/061244,2014-05-06,NST
14787317,PCT/JP2013/063538,2013-05-15,NST
14787319,PCT/CN2014/000313,2014-03-21,NST
14787320,61836712,2013-06-19,PRO
14787320,PCT/US14/40116,2014-05-30,NST
14787321,PCT/IB2013/053818,2013-05-10,NST
14787323,PCT/EP2014/000782,2014-03-22,NST
14787324,PCT/US2014/036139,2014-04-30,NST
14787325,PCT/EP2014/060131,2014-05-16,NST
14787326,PCT/US2013/038895,2013-04-30,NST
14787327,PCT/JP2014/002457,2014-05-09,NST
14787328,PCT/EP2014/061240,2014-05-30,NST
14787330,PCT/EP2013/064254,2013-07-05,NST
14787332,61835686,2013-06-17,PRO
14787332,PCT/US14/38914,2014-05-21,NST
14787333,PCT/CN2014/076220,2014-04-25,NST
14787334,PCT/CN2014/072550,2014-02-26,NST
14787335,PCT/EP2014/058884,2014-04-30,NST
14787336,PCT/JP2014/061840,2014-04-28,NST
14787337,PCT/JP2014/002527,2014-05-13,NST
14787338,PCT/JP2014/056100,2014-03-10,NST
14787339,PCT/JP2014/062299,2014-05-08,NST
14787340,PCT/JP2014/061695,2014-04-25,NST
14787341,PCT/CN2015/081209,2015-06-11,NST
14787342,PCT/KR2013/003777,2013-05-02,NST
14787343,PCT/EP14/59419,2014-05-08,NST
14787344,PCT/JP2013/062971,2013-05-08,NST
14787345,PCT/JP2014/070089,2014-07-30,NST
14787346,PCT/CA2014/050405,2014-04-29,NST
14787347,PCT/US2014/037259,2014-05-08,NST
14787348,PCT/US2013/050074,2013-07-11,NST
14787349,61832989,2013-06-10,PRO
14787349,PCT/US14/38723,2014-05-20,NST
14787350,PCT/CN2013/075179,2013-05-06,NST
14787352,PCT/US2014/036095,2014-04-30,NST
14787353,PCT/US13/46141,2013-06-17,NST
14787354,PCT/JP2014/065621,2014-06-12,NST
14787355,PCT/KR2014/005505,2014-06-23,NST
14787356,PCT/EP2014/058749,2014-04-29,NST
14787357,PCT/US2014/039530,2014-05-27,NST
14787358,PCT/EP2014/060936,2014-05-27,NST
14787359,61819395,2013-05-03,PRO
14787359,PCT/US14/36804,2014-05-05,NST
14787360,PCT/KR2014/005819,2014-06-30,NST
14787361,PCT/EP2014/058766,2014-04-29,NST
14787362,PCT/JP2014/061595,2014-04-24,NST
14787363,PCT/JP2013/062618,2013-04-30,NST
14787364,PCT/FR2014/051014,2014-04-28,NST
14787365,PCT/FR2014/050996,2014-04-24,NST
14787366,PCT/EP2014/059496,2014-05-08,NST
14787367,PCT/EP14/59397,2014-05-07,NST
14787368,PCT/JP2014/002437,2014-05-08,NST
14787369,PCT/JP2014/063726,2014-05-23,NST
14787370,PCT/JP2014/003474,2014-06-30,NST
14787371,PCT/IB2013/001171,2013-04-29,NST
14787372,PCT/JP2014/061813,2014-04-28,NST
14787373,PCT/EP2014/001141,2014-04-29,NST
14787374,PCT/US2014/037344,2014-05-08,NST
14787376,PCT/JP2014/001987,2014-04-07,NST
14787377,PCT/JP2014/056052,2014-03-07,NST
14787378,PCT/US2014/042600,2014-06-17,NST
14787379,PCT/JP2014/002926,2014-06-03,NST
14787380,PCT/US2013/048556,2013-06-28,NST
14787381,PCT/GB2014/051385,2014-05-02,NST
14787382,PCT/EP2014/001700,2014-06-23,NST
14787385,PCT/EP2013/058866,2013-04-29,NST
14787387,PCT/AU2014/000385,2014-04-09,NST
14787388,PCT/EP2014/058511,2014-04-25,NST
14787389,PCT/FR2014/051015,2014-04-28,NST
14787390,PCT/US2013/052513,2013-07-29,NST
14787393,61817311,2013-04-29,PRO
14787393,PCT/US14/35928,2014-04-29,NST
14787394,61817536,2013-04-30,PRO
14787394,PCT/US14/35428,2014-04-25,NST
14787395,PCT/JP2015/052512,2015-01-29,NST
14787397,PCT/EP2013/064239,2013-07-05,NST
14787398,PCT/JP2014/061970,2014-04-30,NST
14787399,PCT/JP2014/068485,2014-07-10,NST
14787403,61818563,2013-05-02,PRO
14787403,PCT/US14/36413,2014-05-01,NST
14787404,PCT/FI2014/050309,2014-04-29,NST
14787405,PCT/PL2014/000110,2014-10-01,NST
14787407,PCT/CA2014/050421,2014-05-02,NST
14787409,PCT/US2013/051577,2013-07-23,NST
14787410,PCT/EP2014/059726,2014-05-13,NST
14787411,PCT/JP2014/061972,2014-04-30,NST
14787412,PCT/KR2014/004216,2014-05-12,NST
14787413,PCT/IB2013/053422,2013-04-30,NST
14787414,PCT/JP2014/057198,2014-03-17,NST
14787415,PCT/US2013/046273,2013-06-18,NST
14787416,PCT/EP2014/062713,2014-06-17,NST
14787418,PCT/EP2014/058692,2014-04-29,NST
14787419,PCT/SE2014/050563,2014-05-07,NST
14787420,PCT/US2013/052523,2013-07-29,NST
14787421,PCT/EP2014/058469,2014-04-25,NST
14787422,PCT/EP2014/058686,2014-04-29,NST
14787423,PCT/US13/42270,2013-05-22,NST
14787424,PCT/JP2015/059631,2015-03-27,NST
14787425,PCT/EP2014/058750,2014-04-29,NST
14787426,PCT/US2014/035947,2014-04-29,NST
14787427,PCT/KR2014/005440,2014-06-19,NST
14787428,PCT/JP2014/062249,2014-05-07,NST
14787429,PCT/JP2013/071877,2013-08-13,NST
14787430,PCT/SE2014/050517,2014-04-28,NST
14787431,PCT/CN2013/074886,2013-04-27,NST
14787432,PCT/JP2014/064898,2014-05-29,NST
14787433,PCT/KR2014/007670,2014-08-19,NST
14787434,PCT/US2014/036183,2014-04-30,NST
14787435,PCT/EP2014/059008,2014-05-02,NST
14787437,PCT/GB2014/051256,2014-04-23,NST
14787438,PCT/KR2013/010738,2013-11-25,NST
14787439,PCT/JP2014/060221,2014-04-08,NST
14787440,PCT/KR2014/004429,2014-05-16,NST
14787441,PCT/FR2014/051003,2014-04-25,NST
14787442,PCT/JP2013/063819,2013-05-17,NST
14787443,PCT/JP2014/063101,2014-05-16,NST
14787444,61816790,2013-04-28,PRO
14787444,PCT/US14/35590,2014-04-27,NST
14787445,PCT/CN2013/074942,2013-04-28,NST
14787446,PCT/KR2013/007460,2013-08-20,NST
14787447,PCT/US2014/035878,2014-04-29,NST
14787448,PCT/SG2014/000184,2014-04-28,NST
14787449,PCT/IB2014/066193,2014-11-20,NST
14787450,PCT/US14/26904,2014-03-14,NST
14787451,PCT/EP2014/058502,2014-04-25,NST
14787452,PCT/US2013/044705,2013-06-07,NST
14787453,PCT/JP2014/069339,2014-07-22,NST
14787454,PCT/EP2014/058771,2014-04-29,NST
14787455,PCT/US2014/035711,2014-04-28,NST
14787456,PCT/JP2014/059914,2014-03-28,NST
14787457,PCT/DE2014/000224,2014-04-29,NST
14787458,PCT/US2013/046401,2013-06-18,NST
14787459,PCT/KR2014/004076,2014-05-08,NST
14787460,PCT/JP2014/062123,2014-04-24,NST
14787461,PCT/US2013/053024,2013-07-31,NST
14787462,PCT/IB2014/001818,2014-05-12,NST
14787463,PCT/JP2014/002827,2014-05-28,NST
14787464,PCT/EP2013/066915,2013-08-13,NST
14787465,PCT/EP2013/065798,2013-07-26,NST
14787466,PCT/JP2014/003632,2014-07-09,NST
14787467,PCT/US2013/052028,2013-07-25,NST
14787468,PCT/US13/45683,2013-06-13,NST
14787469,PCT/AU2014/000658,2014-06-26,NST
14787470,PCT/AU2014/000476,2014-04-30,NST
14787471,PCT/EP2014/058561,2014-04-28,NST
14787472,PCT/CN2014/080619,2014-06-24,NST
14787473,PCT/CN2014/076316,2014-04-28,NST
14787474,PCT/CH2014/000054,2014-04-28,NST
14787475,PCT/IL2014/050383,2014-04-28,NST
14787476,PCT/US13/45180,2013-06-11,NST
14787477,PCT/US2013/057002,2013-08-28,NST
14787478,PCT/EP2014/058903,2014-04-30,NST
14787479,PCT/JP2014/002225,2014-04-21,NST
14787480,PCT/US2014/034942,2014-04-22,NST
14787481,PCT/US2014/048344,2014-07-28,NST
14787482,PCT/US2013/053067,2013-07-31,NST
14787483,PCT/EP2014/059247,2014-05-06,NST
14787484,PCT/EP2013/059147,2013-05-02,NST
14787485,PCT/JP2014/062751,2014-05-13,NST
14787486,PCT/JP2014/061688,2014-04-25,NST
14787487,PCT/JP2014/002418,2014-05-07,NST
14787488,PCT/US2014/034127,2014-04-15,NST
14787489,PCT/US2013/046849,2013-06-20,NST
14787490,61835015,2013-06-14,PRO
14787490,PCT/US14/38748,2014-05-20,NST
14787491,PCT/EP2014/058547,2014-04-28,NST
14787492,PCT/JP2014/059898,2014-04-03,NST
14787493,PCT/EP2014/059022,2014-05-04,NST
14787494,PCT/FR2014/051044,2014-04-30,NST
14787495,PCT/IB2014/061106,2014-04-30,NST
14787496,PCT/JP2014/075362,2014-09-25,NST
14787497,PCT/JP2014/072688,2014-08-29,NST
14787498,PCT/JP2014/061967,2014-04-30,NST
14787499,PCT/EP2014/060604,2014-05-23,NST
14787500,PCT/AU2014/050044,2014-05-19,NST
14787502,PCT/JP2013/062619,2013-04-30,NST
14787504,PCT/IB13/53425,2013-05-01,NST
14787505,PCT/EP2014/058043,2014-04-22,NST
14787506,PCT/IB2014/061424,2014-05-14,NST
14787507,PCT/EP2014/058733,2014-04-29,NST
14787508,PCT/JP2014/063470,2014-05-21,NST
14787510,PCT/JP2014/001746,2014-03-26,NST
14787511,PCT/EP2014/058225,2014-04-23,NST
14787512,PCT/JP2014/001869,2014-03-31,NST
14787513,PCT/EP2014/058181,2014-04-23,NST
14787514,PCT/EP2013/059045,2013-04-30,NST
14787515,PCT/IL2014/050385,2014-04-29,NST
14787516,PCT/JP2015/058864,2015-03-24,NST
14787517,PCT/JP2013/062976,2013-05-08,NST
14787518,PCT/JP2014/069237,2014-07-18,NST
14787519,PCT/JP2014/056358,2014-03-11,NST
14787520,61818506,2013-05-02,PRO
14787520,PCT/US14/36492,2014-05-02,NST
14787522,PCT/IB2014/060904,2014-04-22,NST
14787523,PCT/CN2014/072620,2014-02-27,NST
14787525,PCT/JP2014/002627,2014-05-19,NST
14787526,PCT/US2013/055388,2013-08-16,NST
14787527,PCT/JP2013/067395,2013-06-25,NST
14787528,PCT/US2014/036185,2014-04-30,NST
14787529,PCT/US13/38717,2013-04-30,NST
14787530,PCT/EP2014/058539,2014-04-28,NST
14787531,PCT/JP2014/062414,2014-04-30,NST
14787533,PCT/EP2014/058504,2014-04-25,NST
14787534,PCT/EP2014/058756,2014-04-29,NST
14787535,PCT/CH2014/000024,2014-02-24,NST
14787536,PCT/EP2014/058185,2014-04-23,NST
14787537,PCT/EP2014/057351,2014-04-11,NST
14787538,PCT/IB2014/061088,2014-04-29,NST
14787539,PCT/EP2013/059083,2013-05-02,NST
14787540,PCT/JP2014/061136,2014-04-21,NST
14787542,PCT/JP2014/002629,2014-05-19,NST
14787543,PCT/EP2014/057406,2014-04-11,NST
14787544,PCT/US2014/035830,2014-04-29,NST
14787545,13712188,2012-12-12,CON
14787545,PCT/US13/70522,2013-11-18,NST
14787546,PCT/JP13/65865,2013-06-07,NST
14787547,PCT/JP2014/059676,2014-04-01,NST
14787548,PCT/CN2013/075033,2013-04-30,NST
14787549,PCT/IB2013/053427,2013-05-01,NST
14787550,61820946,2013-05-08,PRO
14787550,PCT/US14/37357,2014-05-08,NST
14787552,PCT/US13/38638,2013-04-29,NST
14787553,PCT/JP2014/062861,2014-05-14,NST
14787554,PCT/EP2014/000261,2014-01-31,NST
14787555,PCT/US2013/046295,2013-06-18,NST
14787556,PCT/JP2014/058470,2014-03-26,NST
14787557,PCT/JP14/60219,2014-04-08,NST
14787558,PCT/JP2014/061027,2014-04-18,NST
14787559,PCT/JP2013/064453,2013-05-24,NST
14787561,PCT/EP2014/062315,2014-06-13,NST
14787562,PCT/IB2013/053426,2013-05-01,NST
14787563,PCT/EP2014/069309,2014-09-10,NST
14787564,PCT/US2014/036349,2014-05-01,NST
14787566,PCT/JP2014/056177,2014-03-10,NST
14787567,PCT/EP2014/058557,2014-04-28,NST
14787568,PCT/IN2013/000753,2013-12-06,NST
14787569,PCT/EP2014/059821,2014-05-14,NST
14787570,PCT/EP2014/059017,2014-05-02,NST
14787573,PCT/US2014/040784,2014-06-04,NST
14787575,PCT/CA2014/000065,2014-01-31,NST
14787576,PCT/CA2014/000384,2014-04-28,NST
14787577,PCT/EP2014/058533,2014-04-28,NST
14787579,PCT/JP2014/071118,2014-08-08,NST
14787580,PCT/US2013/072191,2013-11-27,NST
14787581,PCT/EP2014/058840,2014-04-30,NST
14787582,61818752,2013-05-02,PRO
14787582,PCT/US13/68543,2013-11-05,NST
14787584,PCT/JP2013/062639,2013-04-30,NST
14787585,PCT/JP14/61856,2014-04-28,NST
14787586,PCT/JP2014/063004,2014-05-15,NST
14787587,PCT/JP2014/002430,2014-05-07,NST
14787589,PCT/CN2013/074924,2013-04-28,NST
14787590,PCT/CN2013/078361,2013-06-28,NST
14787591,PCT/US2014/036418,2014-05-01,NST
14787593,PCT/GB2014/000169,2014-04-30,NST
14787594,PCT/JP2014/063763,2014-05-20,NST
14787595,PCT/JP2014/002243,2014-04-21,NST
14787596,PCT/CN2014/075462,2014-04-16,NST
14787597,PCT/JP2014/065947,2014-06-16,NST
14787601,PCT/EP2014/058530,2014-04-28,NST
14787603,PCT/EP2014/057425,2014-04-11,NST
14787604,PCT/KR2014/003559,2014-04-23,NST
14787605,PCT/JP2014/058622,2014-03-26,NST
14787606,PCT/EP2014/059014,2014-05-02,NST
14787608,PCT/EP2015/058998,2015-04-27,NST
14787609,PCT/PL2014/000046,2014-04-30,NST
14787610,PCT/JP2014/061969,2014-04-30,NST
14787611,PCT/US2014/035909,2014-04-29,NST
14787613,61822464,2013-05-13,PRO
14787613,PCT/US14/37236,2014-05-08,NST
14787617,PCT/EP2014/058537,2014-04-28,NST
14787618,PCT/EP2014/058583,2014-04-28,NST
14787619,PCT/US2014/033935,2014-04-14,NST
14787620,PCT/JP2014/061868,2014-04-28,NST
14787621,PCT/GB2014/051325,2014-04-29,NST
14787622,61817110,2013-04-29,PRO
14787622,PCT/US14/35880,2014-04-29,NST
14787623,PCT/EP14/58027,2014-04-18,NST
14787624,PCT/CA2014/000070,2014-01-31,NST
14787625,PCT/RU2014/000308,2014-04-28,NST
14787626,PCT/EP2014/058443,2014-04-25,NST
14787628,61818449,2013-05-01,PRO
14787628,PCT/US14/36078,2014-04-30,NST
14787629,61822910,2013-05-13,PRO
14787629,PCT/US14/37836,2014-05-13,NST
14787631,PCT/SE2014/050546,2014-05-02,NST
14787632,PCT/KR2014/003467,2014-04-21,NST
14787633,PCT/US2013/041900,2013-05-20,NST
14787634,PCT/US2014/036381,2014-05-01,NST
14787635,PCT/EP2014/057484,2014-04-14,NST
14787636,PCT/EP2014/058670,2014-04-29,NST
14787637,PCT/IB2014/001392,2014-04-25,NST
14787638,PCT/US2013/050192,2013-07-12,NST
14787639,PCT/EP2013/059902,2013-05-14,NST
14787640,PCT/DK2014/050110,2014-04-25,NST
14787641,PCT/GB2014/051360,2014-05-01,NST
14787642,PCT/CN2014/072465,2014-02-24,NST
14787643,PCT/US2014/036389,2014-05-01,NST
14787644,PCT/US2014/035809,2014-04-29,NST
14787645,61818752,2013-05-02,PRO
14787645,PCT/US14/18161,2014-02-25,NST
14787646,PCT/EP2014/001129,2014-04-28,NST
14787647,PCT/JP2014/001680,2014-03-25,NST
14787648,62000081,2014-05-19,PRO
14787648,PCT/US15/31571,2015-05-19,NST
14787650,PCT/CN2014/076782,2014-05-05,NST
14787651,61822663,2013-05-13,PRO
14787651,PCT/US14/35556,2014-04-25,NST
14787652,PCT/US2014/035927,2014-04-29,NST
14787653,PCT/SE2014/050502,2014-04-25,NST
14787657,PCT/JP2014/002068,2014-04-10,NST
14787658,PCT/JP2015/054930,2015-02-23,NST
14787659,PCT/JP2014/002066,2014-04-10,NST
14787660,PCT/IB2014/061183,2014-05-04,NST
14787661,PCT/US2014/037886,2014-05-13,NST
14787662,PCT/NZ2014/000077,2014-04-29,NST
14787663,PCT/JP2013/066679,2013-06-18,NST
14787664,PCT/KR2014/003844,2014-04-30,NST
14787665,PCT/CA2014/000390,2014-05-02,NST
14787666,PCT/US2014/036131,2014-04-30,NST
14787667,PCT/EP2014/058262,2014-04-23,NST
14787668,PCT/US2014/035677,2014-04-28,NST
14787669,PCT/GB2014/000165,2014-04-29,NST
14787670,PCT/IN2014/000281,2014-04-28,NST
14787671,PCT/EP2014/000917,2014-04-05,NST
14787673,PCT/US2013/038861,2013-04-30,NST
14787674,PCT/SE2014/050496,2014-04-24,NST
14787676,PCT/NZ2014/000078,2014-04-29,NST
14787677,PCT/JP2014/066424,2014-06-20,NST
14787678,PCT/EP2014/058761,2014-04-29,NST
14787679,PCT/US2013/051879,2013-07-24,NST
14787680,PCT/EP2014/058483,2014-04-25,NST
14787681,PCT/JP2013/066388,2013-06-13,NST
14787682,PCT/JP2014/003580,2014-07-07,NST
14787683,PCT/US2014/038573,2014-05-19,NST
14787684,PCT/AT2014/000096,2014-04-30,NST
14787685,PCT/US2013/047483,2013-06-25,NST
14787686,PCT/KR2014/007965,2014-08-27,NST
14787687,PCT/KR2014/004867,2014-05-30,NST
14787692,PCT/EP2014/051938,2014-01-31,NST
14787693,PCT/IB2014/061047,2014-04-28,NST
14787694,PCT/CN2014/078963,2014-05-30,NST
14787696,PCT/EP2014/057239,2014-04-10,NST
14787698,PCT/KR2014/005462,2014-06-20,NST
14787699,PCT/EP2014/058895,2014-04-30,NST
14787700,PCT/CN2014/076414,2014-04-28,NST
14787701,PCT/EP2014/059096,2014-05-05,NST
14787702,PCT/EP2014/059816,2014-05-14,NST
14787703,PCT/EP2013/061041,2013-05-29,NST
14787704,PCT/EP14/59195,2014-05-06,NST
14787706,PCT/JP2014/062046,2014-05-01,NST
14787707,PCT/EP2014/001142,2014-04-29,NST
14787708,PCT/CN2014/000460,2014-05-04,NST
14787711,PCT/US2013/050203,2013-07-12,NST
14787712,PCT/EP2014/058952,2014-05-01,NST
14787715,PCT/EP2014/053552,2014-02-24,NST
14787716,PCT/JP2014/079246,2014-11-04,NST
14787717,61816797,2013-04-28,PRO
14787717,PCT/US14/35700,2014-04-28,NST
14787718,PCT/EP2014/057258,2014-04-10,NST
14787721,PCT/JP2014/003526,2014-07-02,NST
14787722,61817284,2013-04-29,PRO
14787722,PCT/US14/35744,2014-04-28,NST
14787725,61817172,2013-04-29,PRO
14787725,PCT/US2014/035507,2014-04-25,NST
14787726,PCT/JP2014/002369,2014-04-28,NST
14787727,PCT/EP2014/058616,2014-04-28,NST
14787729,PCT/US2013/050205,2013-07-12,NST
14787731,PCT/JP2014/060145,2014-04-08,NST
14787732,PCT/CN2014/000459,2014-05-04,NST
14787733,PCT/US2013/062548,2013-09-30,NST
14787734,PCT/EP2014/058772,2014-04-29,NST
14787735,PCT/JP2014/002218,2014-04-21,NST
14787736,PCT/KR2013/003725,2013-04-30,NST
14787738,PCT/EP2014/057709,2014-04-16,NST
14787740,PCT/US2013/048612,2013-06-28,NST
14787741,PCT/JP2013/066342,2013-06-13,NST
14787742,PCT/JP2015/054878,2015-02-20,NST
14787743,PCT/EP2014/058312,2014-04-24,NST
14787744,PCT/US2014/033349,2014-04-08,NST
14787745,PCT/CN2014/071130,2014-01-22,NST
14787746,PCT/EP2014/058313,2014-04-24,NST
14787747,61888470,2013-10-08,PRO
14787747,61984723,2014-04-25,PRO
14787747,PCT/US14/59778,2014-10-08,NST
14787748,PCT/JP2014/062580,2014-05-12,NST
14787749,PCT/US2013/068770,2013-11-06,NST
14787750,PCT/GB2014/051910,2014-06-23,NST
14787752,PCT/CN13/82564,2013-08-29,NST
14787753,PCT/MX2014/000005,2014-01-14,NST
14787755,61839780,2013-06-26,PRO
14787755,PCT/US13/68824,2013-11-06,NST
14787755,PCT/US2013/039585,2013-05-03,CON
14787756,61819485,2013-05-03,PRO
14787756,61953572,2014-03-14,PRO
14787756,PCT/US14/36704,2014-05-02,NST
14787757,PCT/CN2014/075816,2014-04-21,NST
14787758,PCT/CN2014/075312,2014-04-14,NST
14787759,PCT/JP2014/003546,2014-07-03,NST
14787760,61817072,2013-04-29,PRO
14787760,PCT/US14/35958,2014-04-29,NST
14787762,PCT/EP2014/058123,2014-04-22,NST
14787763,PCT/US2013/041369,2013-05-16,NST
14787764,PCT/IN2014/000245,2014-04-17,NST
14787767,PCT/CN2015/075220,2015-03-27,NST
14787774,PCT/CN2014/083135,2014-07-28,NST
14787775,PCT/EP2014/059106,2014-05-05,NST
14787776,PCT/IB2014/060887,2014-04-22,NST
14787777,PCT/US2013/045297,2013-06-12,NST
14787778,PCT/EP2014/058034,2014-04-21,NST
14787779,PCT/US2014/043637,2014-06-23,NST
14787780,PCT/KR2013/011798,2013-12-18,NST
14787781,PCT/US2014/012446,2014-01-22,NST
14787782,PCT/DE2014/000198,2014-04-16,NST
14787783,PCT/JP2014/063321,2014-05-20,NST
14787785,PCT/IB2014/061446,2014-05-15,NST
14787786,PCT/JP2014/061852,2014-04-28,NST
14787787,PCT/FR2014/051027,2014-04-29,NST
14787788,PCT/US2014/032984,2014-04-04,NST
14787789,PCT/US2014/035889,2014-04-29,NST
14787791,PCT/US2014/036573,2014-05-02,NST
14787793,PCT/JP2014/066403,2014-06-20,NST
14787794,PCT/EP2014/057396,2014-04-11,NST
14787795,PCT/KR2014/003879,2014-04-30,NST
14787796,PCT/US2014/036812,2014-05-05,NST
14787797,PCT/EP2014/057765,2014-04-16,NST
14787798,PCT/JP2014/065267,2014-06-09,NST
14787799,PCT/DE2014/000220,2014-04-29,NST
14787800,PCT/JP2014/062210,2014-04-25,NST
14787801,61821305,2013-05-09,PRO
14787801,PCT/US14/36882,2014-05-06,NST
14787802,PCT/KR2014/008045,2014-08-28,NST
14787803,PCT/JP2013/063958,2013-05-20,NST
14787804,PCT/KR2014/003880,2014-04-30,NST
14787806,PCT/EP2014/058899,2014-04-30,NST
14787809,PCT/JP2013/062636,2013-04-30,NST
14787810,61817781,2013-04-30,PRO
14787810,PCT/US14/35188,2014-04-23,NST
14787811,PCT/SE2013/050481,2013-04-30,NST
14787812,PCT/US14/37280,2014-05-08,NST
14787813,PCT/JP2014/001557,2014-03-18,NST
14787814,PCT/US2013/046612,2013-06-19,NST
14787817,PCT/EP14/58942,2014-05-01,NST
14787818,PCT/EP14/61976,2014-06-10,NST
14787819,PCT/CH2014/000062,2014-05-05,NST
14787820,PCT/EP14/59621,2014-05-12,NST
14787821,PCT/NO2014/050066,2014-04-28,NST
14787822,PCT/EP2014/059838,2014-05-14,NST
14787823,PCT/EP2014/057925,2014-04-17,NST
14787825,PCT/US2014/034750,2014-04-21,NST
14787827,PCT/EP2014/058947,2014-05-01,NST
14787828,PCT/EP2014/059593,2014-05-12,NST
14787829,PCT/EP2014/000694,2014-03-15,NST
14787830,PCT/JP2014/001558,2014-03-18,NST
14787831,PCT/EP2014/057999,2014-04-18,NST
14787833,PCT/DK2014/050112,2014-04-28,NST
14787834,PCT/EP2014/059595,2014-05-12,NST
14787835,PCT/US2013/052646,2013-07-30,NST
14787836,PCT/JP2014/064556,2014-05-26,NST
14787837,PCT/CN2013/075325,2013-05-08,NST
14787838,PCT/EP2014/057780,2014-04-16,NST
14787839,PCT/EP2014/057782,2014-04-16,NST
14787840,PCT/EP2014/058861,2014-04-30,NST
14787841,PCT/IB2014/063029,2014-07-11,NST
14787843,PCT/JP2014/058958,2014-03-27,NST
14787844,PCT/JP2014/061051,2014-04-18,NST
14787845,PCT/JP2013/063056,2013-05-09,NST
14787847,PCT/SE2014/000088,2014-06-24,NST
14787848,PCT/JP2014/062820,2014-05-14,NST
14787850,PCT/US2014/038197,2014-05-15,NST
14787851,PCT/CN2014/083691,2014-08-05,NST
14787852,PCT/US2013/056828,2013-08-27,NST
14787853,PCT/US2014/038202,2014-05-15,NST
14787854,PCT/US2014/034024,2014-04-14,NST
14787855,PCT/IB14/01391,2014-04-24,NST
14787856,61817736,2013-04-30,PRO
14787856,PCT/US14/35811,2014-04-29,NST
14787857,PCT/JP2014/061959,2014-04-30,NST
14787858,PCT/US2014/035965,2014-04-29,NST
14787859,PCT/EP2014/058778,2014-04-30,NST
14787860,PCT/JP2014/000693,2014-02-10,NST
14787861,PCT/JP2013/062638,2013-04-30,NST
14787862,61826341,2013-05-22,PRO
14787862,PCT/US14/33475,2014-04-09,NST
14787863,PCT/US2013/050331,2013-07-12,NST
14787864,PCT/MX2013/000055,2013-04-29,NST
14787865,PCT/EP2014/058218,2014-04-23,NST
14787866,PCT/IB2014/061012,2014-04-25,NST
14787867,PCT/JP2014/058509,2014-03-26,NST
14787868,PCT/CN2014/000334,2014-03-27,NST
14787869,PCT/IB2014/061199,2014-05-05,NST
14787870,PCT/US2014/048116,2014-07-25,NST
14787871,PCT/JP2013/084163,2013-12-19,NST
14787872,PCT/EP2013/062922,2013-06-20,NST
14787873,61817081,2013-04-29,PRO
14787873,PCT/US14/35860,2014-04-29,NST
14787874,PCT/JP2013/065713,2013-06-06,NST
14787875,PCT/EP2014/058091,2014-04-22,NST
14787876,PCT/SE2014/050548,2014-05-05,NST
14787877,PCT/US2013/039055,2013-05-01,NST
14787878,PCT/KR2014/003884,2014-04-30,NST
14787879,PCT/US2014/033584,2014-04-10,NST
14787880,PCT/JP2014/072381,2014-08-27,NST
14787881,PCT/ES2014/070351,2014-04-23,NST
14787882,PCT/JP2014/002343,2014-04-25,NST
14787883,PCT/EP2014/059616,2014-05-12,NST
14787884,PCT/KR2014/003896,2014-04-30,NST
14787885,PCT/US2014/036369,2014-05-01,NST
14787886,PCT/JP2014/061676,2014-04-25,NST
14787887,61820869,2013-05-08,PRO
14787887,PCT/US14/37238,2014-05-08,NST
14787888,PCT/JP2014/061979,2014-04-30,NST
14787889,PCT/US2013/040524,2013-05-10,NST
14787890,PCT/KR2013/003764,2013-04-30,NST
14787891,PCT/JP2014/059462,2014-03-31,NST
14787892,PCT/EP2014/057820,2014-04-16,NST
14787895,PCT/IB2014/061054,2014-04-28,NST
14787896,PCT/EP2014/001107,2014-04-25,NST
14787897,PCT/KR2013/004990,2013-06-05,NST
14787898,PCT/EP2014/058752,2014-04-29,NST
14787899,PCT/FR2014/051043,2014-04-30,NST
14787901,61783994,2013-03-14,PRO
14787901,PCT/US14/27551,2014-03-14,NST
14787902,PCT/GB2014/051322,2014-04-29,NST
14787903,PCT/JP2014/062911,2014-05-15,NST
14787904,PCT/JP2015/069107,2015-07-02,NST
14787905,PCT/JP2014/050514,2014-01-15,NST
14787906,PCT/KR2014/003533,2014-04-23,NST
14787907,PCT/US2014/035865,2014-04-29,NST
14787908,PCT/US2014/036568,2014-05-02,NST
14787909,PCT/EP2014/061688,2014-06-05,NST
14787910,PCT/US2013/056114,2013-08-22,NST
14787911,PCT/EP2014/060385,2014-05-21,NST
14787912,PCT/AU2013/001351,2013-11-22,NST
14787913,PCT/FR2014/051010,2014-04-25,NST
14787914,PCT/JP2014/062417,2014-04-30,NST
14787915,PCT/JP2014/062821,2014-05-14,NST
14787916,61816857,2013-04-29,PRO
14787916,PCT/US14/35862,2014-04-29,NST
14787917,PCT/EP2014/058661,2014-04-29,NST
14787918,PCT/US2014/058857,2014-10-02,NST
14787919,PCT/JP2014/070918,2014-08-07,NST
14787920,PCT/FR2014/051013,2014-04-28,NST
14787921,PCT/JP2014/001888,2014-03-31,NST
14787922,PCT/FR2013/050959,2013-04-30,NST
14787923,PCT/JP2014/075928,2014-09-29,NST
14787924,PCT/FR2014/051041,2014-04-30,NST
14787925,PCT/KR2014/003723,2014-04-28,NST
14787926,PCT/CN2014/076180,2014-04-25,NST
14787927,PCT/KR2014/003940,2014-05-02,NST
14787928,PCT/NL2014/050282,2014-05-02,NST
14787930,PCT/US2014/042028,2014-06-12,NST
14787931,PCT/KR2013/003763,2013-04-30,NST
14787932,PCT/JP2014/060734,2014-04-15,NST
14787933,PCT/EP2014/058695,2014-04-29,NST
14787936,PCT/EP2014/061431,2014-06-03,NST
14787937,PCT/NL2014/050278,2014-04-29,NST
14787938,61818090,2013-05-01,PRO
14787938,PCT/US14/35601,2014-04-28,NST
14787939,PCT/US2014/035417,2014-04-25,NST
14787940,PCT/US2013/038768,2013-04-30,NST
14787941,PCT/EP2014/058796,2014-04-30,NST
14787942,PCT/AT2014/050110,2014-04-29,NST
14787943,PCT/US2013/043765,2013-05-31,NST
14787944,PCT/US2013/038836,2013-04-30,NST
14787945,PCT/EP2014/057198,2014-04-09,NST
14787946,PCT/GB2014/051333,2014-04-30,NST
14787947,PCT/JP2013/062647,2013-04-30,NST
14787948,PCT/EP2014/058871,2014-04-30,NST
14787949,PCT/CA2014/050401,2014-04-28,NST
14787950,PCT/FI2014/050308,2014-04-28,NST
14787952,PCT/US2013/048718,2013-06-28,NST
14787954,PCT/JP2014/057757,2014-03-20,NST
14787955,PCT/EP2014/000646,2014-03-11,NST
14787956,PCT/EP14/58579,2014-04-28,NST
14787957,PCT/EP2014/057415,2014-04-11,NST
14787958,PCT/FR14/50987,2014-04-23,NST
14787959,PCT/EP2013/060066,2013-05-15,NST
14787960,PCT/EP2014/058566,2014-04-28,NST
14787961,PCT/GB2014/051422,2014-05-09,NST
14787962,14071794,2013-11-05,CON
14787962,PCT/US14/63134,2014-10-30,NST
14787963,PCT/IN2014/000269,2014-04-25,NST
14787964,PCT/JP2014/061586,2014-04-16,NST
14787965,PCT/KR2013/007592,2013-08-23,NST
14787966,PCT/CH2014/000059,2014-05-05,NST
14787967,PCT/US2014/035827,2014-04-29,NST
14787968,PCT/US13/43345,2013-05-30,NST
14787969,PCT/IB2014/000631,2014-04-29,NST
14787970,61819182,2013-05-03,PRO
14787970,PCT/US14/36333,2014-05-01,NST
14787972,PCT/JP2014/062591,2014-05-12,NST
14787973,PCT/EP2014/057207,2014-04-09,NST
14787976,PCT/RU2014/000228,2014-03-31,NST
14787977,PCT/SE2014/050434,2014-04-08,NST
14787979,PCT/JP2014/061905,2014-04-28,NST
14787980,PCT/EP2014/001153,2014-04-30,NST
14787981,PCT/IN2014/000274,2014-04-28,NST
14787983,PCT/EP2014/058896,2014-04-30,NST
14787984,PCT/EP2014/001152,2014-04-30,NST
14787985,PCT/JP2014/058978,2014-03-27,NST
14787986,PCT/IB2014/060971,2014-04-24,NST
14787987,PCT/EP2014/059094,2014-05-05,NST
14787989,PCT/US2014/036093,2014-04-30,NST
14787990,PCT/US2013/045962,2013-06-14,NST
14787991,PCT/FR2014/050896,2014-04-11,NST
14787992,PCT/KR2014/006419,2014-07-16,NST
14787993,PCT/CH2014/000058,2014-05-05,NST
14787994,PCT/US2014/040259,2014-05-30,NST
14787995,PCT/US13/38877,2013-04-30,NST
14787996,PCT/EP2014/057858,2014-04-17,NST
14787997,PCT/EP2014/000966,2014-04-10,NST
14787998,PCT/EP2014/058687,2014-04-29,NST
14788000,PCT/JP2014/065526,2014-06-05,NST
14788001,62018809,2014-06-30,PRO
14788003,13172202,2011-06-29,CON
14788004,62023813,2014-07-11,PRO
14788005,62020532,2014-07-03,PRO
14788006,13809574,2013-01-10,CON
14788006,PCT/JP2011/003810,2011-07-04,NST
14788008,12693117,2010-01-25,DIV
14788012,13710580,2012-12-11,CON
14788019,13728403,2012-12-27,CON
14788021,62019588,2014-07-01,PRO
14788026,12161303,2008-12-18,CIP
14788026,PCT/KR2007/001155,2007-03-08,NST
14788030,62029805,2014-07-28,PRO
14788034,12725916,2010-03-17,CON
14788039,62019210,2014-06-30,PRO
14788042,61802339,2013-03-15,PRO
14788042,13894401,2013-05-14,CON
14788043,62020733,2014-07-03,PRO
14788047,61699704,2012-09-11,PRO
14788047,13928849,2013-06-27,CON
14788055,62041441,2014-08-25,PRO
14788057,12878469,2010-09-09,CON
14788058,61809963,2013-04-09,PRO
14788058,14249043,2014-04-09,CON
14788061,12893138,2010-09-29,CON
14788061,13827290,2013-03-14,CON
14788061,14293366,2014-06-02,CON
14788062,60947452,2007-07-02,PRO
14788062,60957714,2007-08-24,PRO
14788062,60974084,2007-09-21,PRO
14788062,12167234,2008-07-02,CON
14788062,13286123,2011-10-31,CON
14788063,PCT/CN2012/088076,2012-12-31,CON
14788066,14079987,2013-11-14,CON
14788067,62020287,2014-07-02,PRO
14788068,PCT/CN2014/092474,2014-11-28,CON
14788075,PCT/EP2014/052405,2014-02-07,CON
14788077,13634423,2012-10-01,DIV
14788077,PCT/IB2011/051065,2011-03-14,NST
14788078,62019248,2014-06-30,PRO
14788082,PCT/JP2013/079030,2013-10-25,CON
14788083,11499604,2006-08-04,CON
14788083,12754190,2010-04-05,CON
14788083,13195923,2011-08-02,CON
14788083,13675483,2012-11-13,CON
14788083,14072180,2013-11-05,CON
14788085,13611765,2012-09-12,CIP
14788086,14208822,2014-03-13,DIV
14788086,PCT/JP2012/065231,2012-06-14,CIP
14788089,62031649,2014-07-31,PRO
14788090,13465593,2012-05-07,DIV
14788091,13929007,2013-06-27,CON
14788091,14559583,2014-12-03,CON
14788093,PCT/JP2013/078629,2013-10-22,CON
14788097,11862796,2007-09-27,CON
14788097,13948749,2013-07-23,CON
14788100,62020201,2014-07-02,PRO
14788101,62018815,2014-06-30,PRO
14788104,61261673,2009-11-16,PRO
14788104,12947025,2010-11-16,CIP
14788104,13273384,2011-10-14,CIP
14788104,13412940,2012-03-06,CON
14788105,62019468,2014-07-01,PRO
14788109,61356712,2010-06-21,PRO
14788109,12985695,2011-01-06,CON
14788109,14579755,2014-12-22,CON
14788120,61080492,2008-07-14,PRO
14788120,12339956,2008-12-19,CON
14788122,61117718,2008-11-25,PRO
14788122,12624242,2009-11-23,REI
14788126,62019733,2014-07-01,PRO
14788134,12308207,2009-12-16,CON
14788134,PCT/US2007/013700,2007-06-11,NST
14788138,62019693,2014-07-01,PRO
14788145,12360950,2009-01-28,CON
14788146,14288300,2014-05-27,DIV
14788147,62019150,2014-06-30,PRO
14788150,62019614,2014-07-01,PRO
14788153,13834697,2013-03-15,CON
14788154,62020084,2014-07-02,PRO
14788158,61638399,2012-04-25,PRO
14788158,13855409,2013-04-02,CIP
14788159,14265034,2014-04-29,CON
14788164,11662704,2007-03-14,DIV
14788164,13162128,2011-06-16,CON
14788164,13735091,2013-01-07,CON
14788164,PCT/GB2005/003554,2005-09-14,NST
14788169,12150413,2008-04-28,CON
14788169,13537565,2012-06-29,CON
14788169,13793909,2013-03-11,CON
14788169,14178712,2014-02-12,CON
14788169,14586294,2014-12-30,CON
14788173,60389993,2002-06-19,PRO
14788173,10393526,2003-03-20,CON
14788173,11652707,2007-01-12,CON
14788173,12724194,2010-03-15,CON
14788173,13492341,2012-06-08,DIV
14788173,14080590,2013-11-14,CON
14788175,60752288,2005-12-20,PRO
14788175,11642274,2006-12-19,CON
14788176,10806524,2004-03-23,CON
14788176,12051541,2008-03-19,DIV
14788176,12249276,2008-10-10,CIP
14788176,12249294,2008-10-10,CIP
14788176,12249306,2008-10-10,CIP
14788176,12256095,2008-10-22,CIP
14788176,12256746,2008-10-23,CIP
14788176,12257010,2008-10-23,CIP
14788176,12257999,2008-10-24,CIP
14788176,13235128,2011-09-16,CIP
14788176,13442659,2012-04-09,CON
14788176,14487963,2014-09-16,CON
14788189,62019155,2014-06-30,PRO
14788191,PCT/CN2013/072369,2013-03-08,CON
14788193,62023813,2014-07-11,PRO
14788195,62020990,2014-07-03,PRO
14788199,61896475,2013-10-28,PRO
14788199,14090737,2013-11-26,CON
14788202,PCT/CN2013/089367,2013-12-13,CON
14788204,62019904,2014-07-02,PRO
14788208,PCT/NL2014/050001,2014-01-06,CON
14788210,62023813,2014-07-11,PRO
14788211,62036506,2014-08-12,PRO
14788211,62186132,2015-06-29,PRO
14788213,12797711,2010-06-10,DIV
14788213,13406840,2012-02-28,CON
14788213,14081688,2013-11-15,CON
14788213,14334164,2014-07-17,CON
14788219,12935788,,CON
14788219,13118014,2011-05-27,CON
14788219,13351825,2012-01-17,CON
14788219,14068965,2013-10-31,CON
14788219,PCT/GB2009/050331,2009-04-02,NST
14788225,13414989,2012-03-08,CON
14788228,13655507,2012-10-19,CON
14788228,61895556,2013-10-25,PRO
14788228,14089432,2013-11-25,CIP
14788228,14137890,2013-12-20,CIP
14788228,14144437,2013-12-30,CIP
14788228,14154050,2014-01-13,CIP
14788228,14524948,2014-10-27,CIP
14788228,14614279,2015-02-04,CIP
14788228,14724620,2015-05-28,CIP
14788231,61485477,2011-05-12,PRO
14788231,13470866,2012-05-14,CIP
14788236,PCT/CN2012/088133,2012-12-31,CON
14788239,62019338,2014-06-30,PRO
14788243,13337910,2011-12-27,CIP
14788243,14143330,2013-12-30,CIP
14788255,62019307,2014-06-30,PRO
14788259,13826066,2013-03-14,DIV
14788263,60745928,2006-04-28,PRO
14788263,11697575,2007-04-06,CON
14788263,12372235,2009-02-17,CON
14788263,61391517,2010-10-08,PRO
14788263,13029966,2011-02-17,CIP
14788263,13269426,2011-10-07,CIP
14788263,13356281,2012-01-23,CON
14788266,62029643,2014-07-28,PRO
14788267,61308864,2010-02-26,PRO
14788267,61369617,2010-07-30,PRO
14788267,13034696,2011-02-24,CON
14788274,62019168,2014-06-30,PRO
14788275,PCT/NL13/50888,2013-12-11,CON
14788282,61738955,2012-12-18,PRO
14788282,13842453,2013-03-15,CON
14788282,14231350,2014-03-31,CIP
14788282,14672058,2015-03-27,CON
14788288,61410242,2010-11-04,PRO
14788288,13287794,2011-11-02,CON
14788288,14592749,2015-01-08,CON
14788291,61593726,2012-02-01,PRO
14788291,13757314,2013-02-01,CON
14788293,12750073,2010-03-30,CON
14788301,61348788,2010-05-27,PRO
14788301,13101243,2011-05-05,CON
14788304,13790739,2013-03-08,DIV
14788305,60990242,2007-11-26,PRO
14788305,61045944,2008-04-17,PRO
14788305,61091233,2008-08-22,PRO
14788305,61095451,2008-09-09,PRO
14788305,61095921,2008-09-10,PRO
14788305,12323273,2008-11-25,CIP
14788305,61349771,2010-05-28,PRO
14788305,13118033,2011-05-27,CIP
14788305,13118138,2011-05-27,DIV
14788308,61736014,2012-12-12,PRO
14788308,14103368,2013-12-11,CON
14788309,60988263,2007-11-15,PRO
14788309,12271661,2008-11-14,CON
14788309,13424271,2012-03-19,CON
14788309,13424285,2012-03-19,CON
14788309,13874349,2013-04-30,CON
14788309,14335887,2014-07-19,CON
14788312,62018839,2014-06-30,PRO
14788313,62031331,2014-07-31,PRO
14788322,62019216,2014-06-30,PRO
14788324,62019228,2014-06-30,PRO
14788325,PCT/CN2012/088136,2012-12-31,CON
14788328,13533119,2012-06-26,CON
14788333,14150488,2014-01-08,CON
14788333,14198457,2014-03-05,CIP
14788345,13437296,2012-04-02,CON
14788354,60397435,2002-07-19,PRO
14788354,PCT/US03/22661,2003-07-18,NST
14788354,10521521,2005-01-18,CON
14788354,12177093,2008-07-21,CON
14788354,12846691,2010-07-29,CON
14788354,13358416,2012-01-25,CON
14788354,13864907,2013-04-17,CON
14788354,14281776,2014-05-19,CON
14788354,14569412,2014-12-12,CON
14788355,60778596,2006-03-01,PRO
14788355,11713242,2007-03-01,CON
14788355,12950898,2010-11-19,CON
14788355,14043738,2013-10-01,CON
14788358,12295139,2009-01-09,CON
14788358,PCT/JP2006/314530,2006-07-21,NST
14788365,60900243,2007-02-08,PRO
14788365,11697404,2007-04-06,DIV
14788365,14270268,2014-05-05,CON
14788365,PCT/US2006/011273,2006-03-28,CIP
14788367,61122269,2008-12-12,PRO
14788367,12620430,2009-11-17,CON
14788370,11423266,2006-06-09,CIP
14788370,11839382,2007-08-15,CON
14788370,13275930,2011-10-18,CON
14788370,13647229,2012-10-08,CON
14788373,62019252,2014-06-30,PRO
14788380,11384209,2006-03-17,CON
14788380,12702240,2010-02-08,CON
14788380,13792589,2013-03-11,CON
14788383,61834381,2013-06-12,PRO
14788383,61843920,2013-07-09,PRO
14788383,61881398,2013-09-23,PRO
14788383,14185571,2014-02-20,CIP
14788383,14185592,2014-02-20,CIP
14788383,14187141,2014-02-21,CIP
14788386,62019759,2014-07-01,PRO
14788396,61378389,2010-08-31,PRO
14788396,PCT/US11/49144,2011-08-25,NST
14788396,13817244,2013-02-15,CON
14788398,61656468,2012-06-06,PRO
14788398,61656469,2012-06-06,PRO
14788398,61656471,2012-06-06,PRO
14788398,61718633,2012-10-25,PRO
14788398,61721979,2012-11-02,PRO
14788398,61721994,2012-11-02,PRO
14788398,61722696,2012-11-05,PRO
14788398,13840657,2013-03-15,CON
14788400,29496801,2014-07-17,CIP
14788402,60091964,1998-07-06,PRO
14788402,09350275,1999-07-06,CON
14788402,09909558,2001-07-20,CON
14788402,10719196,2003-11-20,CON
14788402,11753301,2007-05-24,CON
14788402,12942809,2010-11-09,CON
14788402,13089267,2011-04-18,CON
14788402,13865072,2013-04-17,CON
14788403,61607478,2012-03-06,PRO
14788403,61750906,2013-01-10,PRO
14788403,13787648,2013-03-06,CIP
14788403,14018828,2013-09-05,CON
14788409,13604604,2012-09-05,CON
14788417,61243979,2009-09-18,PRO
14788417,12885306,2010-09-17,DIV
14788417,14054653,2013-10-15,CON
14788429,13012943,2011-01-25,CON
14788429,14180266,2014-02-13,CIP
14788429,62151958,2015-04-23,PRO
14788436,61584933,2012-01-10,PRO
14788436,13734779,2013-01-04,CON
14788437,13294986,2011-11-11,CON
14788437,13507190,2012-06-11,CON
14788442,61615772,2012-03-26,PRO
14788442,61615779,2012-03-26,PRO
14788442,61615788,2012-03-26,PRO
14788442,13843724,2013-03-15,CON
14788442,14530058,2014-10-31,CON
14788455,11986785,2007-11-26,CON
14788457,61615772,2012-03-26,PRO
14788457,61615779,2012-03-26,PRO
14788457,61615788,2012-03-26,PRO
14788457,13843724,2013-03-15,CON
14788457,14530058,2014-10-31,CON
14788458,61365366,2010-07-19,PRO
14788458,13136010,2011-07-19,CIP
14788458,13914507,2013-06-10,CIP
14788458,13923305,2013-06-20,CIP
14788458,14261415,2014-04-24,CIP
14788458,PCT/US2014/041805,2014-06-10,CIP
14788464,60389993,2002-06-19,PRO
14788464,10393526,2003-03-20,CON
14788464,11652707,2007-01-12,CON
14788464,12724194,2010-03-15,CON
14788464,13492341,2012-06-08,DIV
14788464,14080590,2013-11-14,CON
14788469,12266461,2008-11-06,REI
14788469,14750965,2015-06-25,CON
14788470,60889217,2007-02-09,PRO
14788470,60914469,2007-04-27,PRO
14788470,12028740,2008-02-08,CON
14788470,13445833,2012-04-12,CON
14788470,14099945,2013-12-07,CON
14788473,62019242,2014-06-30,PRO
14788477,08993969,1997-12-18,CON
14788477,09478432,2000-01-06,REI
14788477,10410911,2003-04-10,CON
14788477,13454853,2012-04-24,CON
14788483,62019625,2014-07-01,PRO
14788495,61615772,2012-03-26,PRO
14788495,61615779,2012-03-26,PRO
14788495,61615788,2012-03-26,PRO
14788495,13843724,2013-03-15,CON
14788495,14530058,2014-10-31,CON
14788497,11786550,2007-04-11,DIV
14788503,61498499,2011-06-17,PRO
14788503,61548613,2011-10-18,PRO
14788503,13407402,2012-02-28,CON
14788503,13552878,2012-07-19,CON
14788503,13936015,2013-07-05,CON
14788506,61228140,2009-07-23,PRO
14788506,61325212,2010-04-16,PRO
14788506,12841113,2010-07-21,CON
14788506,14060490,2013-10-22,CON
14788507,13390398,2012-04-24,CON
14788507,PCT/NZ2010/000174,2010-09-02,NST
14788510,62019326,2014-06-30,PRO
14788515,13301684,2011-11-21,CON
14788516,62019336,2014-06-30,PRO
14788517,61615772,2012-03-26,PRO
14788517,61615779,2012-03-26,PRO
14788517,61615788,2012-03-26,PRO
14788517,13843724,2013-03-15,CON
14788517,14530058,2014-10-31,CON
14788519,60764541,2006-02-01,PRO
14788519,11701974,2007-02-01,DIV
14788519,13367217,2012-02-06,CON
14788520,61523196,2011-08-12,PRO
14788520,13572169,2012-08-10,CON
14788520,14559689,2014-12-03,CON
14788521,12746584,2010-09-08,CON
14788521,PCT/NL2008/050781,2008-12-08,NST
14788524,60508625,2003-10-02,PRO
14788524,60508469,2003-10-03,PRO
14788524,10956252,2004-10-01,DIV
14788524,11831702,2007-07-31,CON
14788524,12483673,2009-06-12,CON
14788524,12898516,2010-10-05,CON
14788524,13176568,2011-07-05,CON
14788524,13616607,2012-09-14,CON
14788524,13791715,2013-03-08,CON
14788524,14133303,2013-12-18,CON
14788524,14310533,2014-06-20,CON
14788527,12542534,2009-08-17,CON
14788531,62018808,2014-06-30,PRO
14788538,61352312,2010-06-07,PRO
14788538,13117034,2011-05-26,CON
14788538,14059376,2013-10-21,CON
14788544,13989333,2013-09-12,CON
14788544,PCT/EP2011/005825,2011-11-18,NST
14788546,61609142,2012-03-09,PRO
14788546,13754773,2013-01-30,DIV
14788547,13512478,2013-02-06,DIV
14788547,PCT/KR2011/006902,2011-09-19,NST
14788548,13566470,2012-08-03,CON
14788550,62019162,2014-06-30,PRO
14788551,61599612,2012-02-16,PRO
14788551,13669817,2012-11-06,CON
14788552,62023488,2014-07-11,PRO
14788559,62018773,2014-06-30,PRO
14788559,62099591,2015-01-05,PRO
14788563,62019135,2014-06-30,PRO
14788565,09073452,1998-05-06,DIV
14788565,11833863,2007-08-03,CON
14788566,61656864,2012-06-07,PRO
14788566,13913366,2013-06-07,CON
14788567,10137556,2002-05-01,CON
14788567,11262079,2005-10-27,CIP
14788567,60897746,2007-01-26,PRO
14788567,60898312,2007-01-29,PRO
14788567,12021241,2008-01-28,CON
14788567,13724157,2012-12-21,CON
14788569,62019763,2014-07-01,PRO
14788571,09073452,1998-05-06,DIV
14788571,11833863,2007-08-03,CON
14788572,PCT/US2014/029466,2014-03-14,CON
14788577,61919118,2013-12-20,PRO
14788577,14476277,2014-09-03,CON
14788581,61629873,2011-11-30,PRO
14788581,PCT/US12/67468,2012-11-30,CON
14788581,14014310,2013-08-29,CON
14788581,14152953,2014-01-10,CON
14788581,14486895,2014-09-15,CON
14788584,13327824,2011-12-16,CON
14788586,13832516,2013-03-15,DIV
14788589,60666166,2005-03-30,PRO
14788589,11392937,2006-03-30,CIP
14788589,11469258,2006-08-31,CIP
14788589,11550457,2006-10-18,CIP
14788589,11625452,2007-01-22,CON
14788589,12477977,2009-06-04,CIP
14788589,61357266,2010-06-22,PRO
14788589,13165423,2011-06-21,CON
14788605,60899103,2007-02-02,PRO
14788605,11888412,2007-07-31,CON
14788605,13246667,2011-09-27,CON
14788605,13945699,2013-07-18,CON
14788606,61053609,2008-05-15,PRO
14788606,61201145,2008-12-05,PRO
14788606,61157875,2009-03-05,PRO
14788606,12466213,2009-05-14,CON
14788606,14463424,2014-08-19,CON
14788607,12009368,2008-01-19,CON
14788609,61746545,2012-12-27,PRO
14788609,61816696,2013-04-26,PRO
14788609,61822855,2013-05-13,PRO
14788609,61842351,2013-07-02,PRO
14788609,61857298,2013-07-23,PRO
14788609,61866031,2013-08-14,PRO
14788609,61898769,2013-11-01,PRO
14788609,61915149,2013-12-12,PRO
14788609,61920715,2013-12-24,PRO
14788609,PCT/US13/77720,2013-12-24,CON
14788609,14162525,2014-01-23,CIP
14788609,14162525,2014-01-23,CON
14788609,61950820,2014-03-10,PRO
14788609,61977939,2014-04-10,PRO
14788609,PCT/US14/35193,2014-04-23,CIP
14788609,62005044,2014-05-30,PRO
14788609,62019076,2014-06-30,PRO
14788609,62021584,2014-07-07,PRO
14788609,14340403,2014-07-24,CIP
14788609,14458005,2014-08-12,CON
14788609,62059121,2014-10-02,PRO
14788609,14627186,2015-02-20,CIP
14788609,14680960,2015-04-07,CIP
14788614,61807453,2013-04-02,PRO
14788614,13906327,2013-05-30,CIP
14788618,62018964,2014-06-30,PRO
14788625,60978606,2007-10-09,PRO
14788625,12248261,2008-10-09,CON
14788629,13784735,2013-03-04,CON
14788634,PCT/SG2013/000003,2013-01-03,CON
14788640,62019553,2014-07-01,PRO
14788642,13460620,2012-04-30,CON
14788643,13070876,2011-03-24,DIV
14788648,61660827,2012-06-18,PRO
14788648,13920576,2013-06-18,CIP
14788650,62020290,2014-07-02,PRO
14788651,62019400,2014-06-30,PRO
14788652,12877710,2010-09-08,CON
14788652,13848952,2013-03-22,CON
14788658,12511990,2009-07-29,CON
14788658,13530026,2012-06-21,CON
14788659,60979322,2007-10-11,PRO
14788659,61037699,2008-03-18,PRO
14788659,12248443,2008-10-09,CON
14788664,13517523,2012-06-13,DIV
14788665,10586157,2008-08-01,DIV
14788665,PCT/JP05/00691,2005-01-20,NST
14788668,13044367,2011-03-09,DIV
14788675,62019756,2014-07-01,PRO
14788675,62185678,2015-06-28,PRO
14788680,12957283,2010-11-30,DIV
14788682,13929549,2013-06-27,CIP
14788684,62019473,2014-07-01,PRO
14788685,12296921,2008-10-10,DIV
14788685,13597133,2012-08-28,DIV
14788685,PCT/IT2006/000244,2006-04-11,NST
14788686,61853331,2013-04-03,PRO
14788686,13957733,2013-08-02,CIP
14788686,14493136,2014-09-22,CIP
14788692,12623352,2009-11-20,CON
14788692,14214150,2014-03-14,CON
14788693,61773686,2013-03-06,PRO
14788693,13787662,2013-03-06,CIP
14788693,62055165,2014-09-25,PRO
14788698,61665376,2012-06-28,PRO
14788698,13910081,2013-06-04,CIP
14788699,13695246,2013-01-08,DIV
14788699,PCT/EP11/56817,2011-04-29,NST
14788706,62020223,2014-07-02,PRO
14788707,61558603,2011-11-11,PRO
14788707,61567455,2011-12-06,PRO
14788707,61583185,2012-01-05,PRO
14788707,61594354,2012-02-02,PRO
14788707,61610315,2012-03-13,PRO
14788707,13668914,2012-11-05,CIP
14788707,62069108,2014-10-27,PRO
14788707,62108048,2015-01-26,PRO
14788707,62151387,2015-04-22,PRO
14788708,13221733,2011-08-30,DIV
14788709,61373788,2010-08-13,PRO
14788709,13154809,2011-06-07,CON
14788709,14244355,2014-04-03,CON
14788709,14335179,2014-07-18,CON
14788716,13199361,2011-08-26,CIP
14788716,13199481,2011-08-30,CIP
14788716,13199545,2011-08-31,CIP
14788716,13199544,2011-08-31,CIP
14788716,13200113,2011-09-16,CIP
14788716,13200106,2011-09-16,CIP
14788716,13200830,2011-09-30,CIP
14788716,13200829,2011-09-30,CIP
14788716,13200907,2011-10-03,CIP
14788716,13200906,2011-10-03,CIP
14788716,13317546,2011-10-19,CIP
14788716,13317545,2011-10-19,CIP
14788716,13317979,2011-10-31,CIP
14788716,13317978,2011-10-31,CIP
14788716,13373675,2011-11-22,CIP
14788716,13373674,2011-11-22,CIP
14788716,13373846,2011-11-30,CIP
14788716,13373847,2011-11-30,CIP
14788716,13385128,2012-02-01,CIP
14788716,13385129,2012-02-01,CIP
14788716,13385687,2012-02-29,CIP
14788716,13385690,2012-02-29,CIP
14788716,13432507,2012-03-28,CIP
14788716,13432525,2012-03-28,CIP
14788716,13435591,2012-03-30,CIP
14788716,13494536,2012-06-12,CIP
14788716,13494654,2012-06-12,CIP
14788716,13528298,2012-06-20,CIP
14788716,13528331,2012-06-20,CIP
14788716,13535855,2012-06-28,CIP
14788716,13535902,2012-06-28,CIP
14788716,13548633,2012-07-13,CIP
14788716,13548671,2012-07-13,CIP
14788719,13601827,2012-08-31,CON
14788724,13989488,2013-08-12,DIV
14788724,PCT/EP2011/071480,2011-12-01,NST
14788726,62054389,2014-09-24,PRO
14788727,13629500,2012-09-27,DIV
14788731,12684881,2010-01-08,CON
14788737,14027758,2013-09-16,DIV
14788738,62019270,2014-06-30,PRO
14788738,62019330,2014-06-30,PRO
14788741,62019028,2014-06-30,PRO
14788743,12975222,2010-12-21,DIV
14788746,61998504,2014-06-30,PRO
14788752,62019479,2014-07-01,PRO
14788767,62018854,2014-06-30,PRO
14788767,62143079,2015-04-04,PRO
14788767,62149596,2015-04-19,PRO
14788767,62159791,2015-05-11,PRO
14788767,62175210,2015-06-12,PRO
14788768,13351749,2012-01-17,CON
14788768,14092940,2013-11-28,CON
14788779,61998577,2014-06-30,PRO
14788791,PCT/JP2013/006370,2013-10-29,CON
14788806,13981926,2013-07-26,DIV
14788806,PCT/KR11/08386,2011-11-04,NST
14788807,13981926,2013-07-26,DIV
14788807,PCT/KR2011/008386,2011-11-04,NST
14788813,13570237,2012-08-08,DIV
14788821,60989161,2007-11-20,PRO
14788821,61041281,2008-04-01,PRO
14788821,12274412,2008-11-20,CON
14788821,13347850,2012-01-11,CON
14788823,10851393,2004-05-21,CIP
14788823,11042698,2005-01-25,CIP
14788823,PCT/US05/17849,2005-05-20,NST
14788823,11660623,2007-02-16,CIP
14788823,61095077,2008-09-08,PRO
14788823,12427413,2009-04-21,DIV
14788823,13361698,2012-01-30,DIV
14788824,10851393,2004-05-21,CIP
14788824,11042698,2005-01-25,CIP
14788824,PCT/US05/17849,2005-05-20,NST
14788824,11660623,2007-02-16,CIP
14788824,61095077,2008-09-08,PRO
14788824,12427413,2009-04-21,DIV
14788824,13361698,2012-01-30,DIV
14788825,10851393,2004-05-21,CIP
14788825,11042698,2005-01-25,CIP
14788825,PCT/US05/17849,2005-05-20,NST
14788825,11660623,2007-02-16,CIP
14788825,61095077,2008-09-08,PRO
14788825,12427413,2009-04-21,DIV
14788825,13361698,2012-01-30,DIV
14788828,61285121,2009-12-09,PRO
14788828,12964719,2010-12-09,CON
14788833,61281038,2009-11-12,PRO
14788833,61338297,2010-02-17,PRO
14788833,PCT/US10/55038,2010-11-02,NST
14788833,13262804,2011-10-03,CON
14788837,62019802,2014-07-01,PRO
14788838,61789758,2013-03-15,PRO
14788838,13912683,2013-06-07,CON
14788838,14082873,2013-11-18,CON
14788838,14273193,2014-05-08,CON
14788838,14504743,2014-10-02,CON
14788839,62020142,2014-07-02,PRO
14788842,61789758,2013-03-15,PRO
14788842,13913013,2013-06-07,CON
14788842,14082930,2013-11-18,CON
14788842,14329815,2014-07-11,CON
14788842,14504770,2014-10-02,CON
14788843,60876076,2006-12-20,PRO
14788843,PCT/US07/26091,2007-12-20,NST
14788843,12520426,2009-11-23,CON
14788844,60673472,2005-04-21,PRO
14788844,11404342,2006-04-14,CIP
14788844,60808892,2006-05-30,PRO
14788844,60923195,2007-04-13,PRO
14788844,11754974,2007-05-29,CIP
14788844,11754974,2007-05-29,CON
14788844,11754975,2007-05-29,CIP
14788844,61010701,2008-01-11,PRO
14788844,61197848,2008-10-31,PRO
14788844,12352530,2009-01-12,CIP
14788844,61335677,2010-01-11,PRO
14788844,12856037,2010-08-13,CIP
14788844,12856118,2010-08-13,CIP
14788844,12856200,2010-08-13,CIP
14788844,13278067,2011-10-20,CIP
14788844,13290011,2011-11-04,CIP
14788844,13415809,2012-03-08,CIP
14788844,13415816,2012-03-08,CIP
14788844,13442767,2012-04-09,CIP
14788844,13482841,2012-05-29,CON
14788848,13064108,2011-03-07,CON
14788848,14149141,2014-01-07,CON
14788853,PCT/JP2013/007536,2013-12-24,CON
14788854,PCT/JP2014/004253,2014-08-20,CON
14788855,62023210,2014-07-11,PRO
14788856,13471560,2012-05-15,CON
14788856,13919439,2013-06-17,CON
14788856,14088839,2013-11-25,CON
14788857,PCT/EP2014/050324,2014-01-09,CIP
14788860,13503386,2012-08-07,DIV
14788860,PCT/EP2010/065689,2010-10-19,NST
14788861,61547089,2011-10-14,PRO
14788861,13648303,2012-10-10,DIV
14788863,11465848,2006-08-21,CON
14788863,14228790,2014-03-28,CON
14788864,10958107,2004-10-04,CON
14788864,12730051,2010-03-23,CIP
14788864,13045966,2011-03-11,CON
14788865,12815915,2010-06-15,CIP
14788865,13655015,2012-10-18,CON
14788876,60684327,2005-05-25,PRO
14788876,60697900,2005-07-08,PRO
14788876,60727126,2005-10-13,PRO
14788876,60731596,2005-10-27,PRO
14788876,60785180,2006-03-23,PRO
14788876,60785732,2006-03-23,PRO
14788876,60745614,2006-04-25,PRO
14788876,11443851,2006-05-25,CON
14788877,62020489,2014-07-03,PRO
14788878,62019796,2014-07-01,PRO
14788879,61116981,2008-11-21,PRO
14788879,PCT/US09/65571,2009-11-23,NST
14788879,13130549,2012-02-07,CON
14788881,61429061,2010-12-31,PRO
14788881,61490497,2011-05-26,PRO
14788881,61538726,2011-09-23,PRO
14788881,61564738,2011-11-29,PRO
14788881,13340448,2011-12-29,DIV
14788887,14069056,2013-10-31,CON
14788887,14589782,2015-01-05,CON
14788888,61940139,2014-02-14,PRO
14788888,61940165,2014-02-14,PRO
14788888,62019591,2014-07-01,PRO
14788888,14594262,2015-01-12,CIP
14788888,14616884,2015-02-09,CIP
14788888,14622879,2015-02-15,CIP
14788889,62020517,2014-07-03,PRO
14788890,13463468,2012-05-03,DIV
14788891,13334211,2011-12-22,CON
14788896,60396639,2002-07-19,PRO
14788896,60470432,2003-05-15,PRO
14788896,10622087,2003-07-18,CON
14788896,11905986,2007-10-05,CON
14788896,14105701,2013-12-13,CON
14788898,61848911,2013-01-14,PRO
14788898,14155351,2014-01-14,CIP
14788908,62020726,2014-07-03,PRO
14788913,13406819,2012-02-28,CIP
14788915,61410603,2010-11-05,PRO
14788915,61487846,2011-05-19,PRO
14788915,13274496,2011-10-17,DIV
14788916,13702613,2013-01-25,CON
14788916,14183800,2014-02-19,CON
14788916,14328826,2014-07-11,CON
14788916,14533378,2014-11-05,CON
14788916,PCT/JP2011/063405,2011-06-10,NST
14788918,PCT/JP2013/081738,2013-11-26,CON
14788919,61334978,2010-05-14,PRO
14788919,12855461,2010-08-12,CON
14788921,60701215,2005-07-21,PRO
14788921,11488870,2006-07-18,DIV
14788921,12194643,2008-08-20,REI
14788922,10349743,2003-01-22,CON
14788922,13973486,2013-08-22,CON
14788923,61452432,2011-03-14,PRO
14788923,13181827,2011-07-13,CON
14788924,13491814,2012-06-08,CON
14788929,61692604,2012-08-23,PRO
14788929,13767083,2013-02-14,DIV
14788931,09536663,2000-03-27,CIP
14788931,09536258,2000-03-27,CON
14788931,09815589,2001-03-23,CIP
14788931,10123779,2002-04-16,CIP
14788931,10174505,2002-06-17,CIP
14788931,10753069,2004-01-08,CON
14788931,13445164,2012-04-12,CON
14788932,62020068,2014-07-02,PRO
14788933,62020265,2014-07-02,PRO
14788936,61260277,2009-11-11,PRO
14788936,12945386,2010-11-12,CIP
14788936,13210696,2011-08-16,CIP
14788936,14189008,2014-02-25,CIP
14788936,14268436,2014-05-02,CON
14788937,13724845,2012-12-21,CIP
14788939,13194862,2011-07-29,CON
14788939,14065699,2013-10-29,CON
14788939,14570308,2014-12-15,CON
14788941,13863533,2013-04-16,CON
14788945,14026158,2013-09-13,DIV
14788948,12635866,2009-12-11,CON
14788948,PCT/EP2008/057310,2008-06-11,CON
14788949,61589139,2012-01-20,PRO
14788949,13742574,2013-01-16,CON
14788949,14503551,2014-10-01,CON
14788949,14683410,2015-04-10,DIV
14788952,62020242,2014-07-02,PRO
14788956,62021264,2014-07-07,PRO
14788960,13975503,2013-08-26,CON
14788963,62021211,2014-07-07,PRO
14788964,61925808,2014-01-10,PRO
14788964,14591019,2015-01-07,CIP
14788967,60908762,2007-03-29,PRO
14788967,PCT/US08/58594,2008-03-28,NST
14788967,12532238,2009-09-21,CIP
14788967,13914711,2013-06-11,DIV
14788967,14243048,2014-04-02,DIV
14788968,11026550,2004-12-30,CON
14788968,13267764,2011-10-06,CON
14788968,13678982,2012-11-16,CON
14788970,61557011,2011-11-08,PRO
14788970,13672205,2012-11-08,CON
14788971,61681385,2012-08-09,PRO
14788971,61730311,2012-11-27,PRO
14788971,61736138,2012-12-12,PRO
14788971,13962279,2013-08-08,CON
14788977,60866369,2006-11-17,PRO
14788977,60888174,2007-02-05,PRO
14788977,60988593,2007-11-16,PRO
14788977,11942429,2007-11-19,CON
14788980,62020071,2014-07-02,PRO
14788981,13640339,2012-12-19,DIV
14788981,PCT/EP2010/055123,2010-04-19,NST
14788983,61998593,2014-07-02,PRO
14788984,13816422,2013-02-11,CON
14788984,PCT/FI2011/050690,2011-08-05,NST
14788987,61558328,2011-11-10,PRO
14788987,13670911,2012-11-07,CON
14788993,13502376,2012-06-20,CON
14788993,PCT/EP2010/065446,2010-10-14,NST
14788994,13705690,2012-12-05,CON
14788994,14274638,2014-05-09,CON
14788999,PCT/EP2013/075763,2013-12-06,CON
14789000,14448104,2014-07-31,CIP
14789000,PCT/US2014/025479,2014-03-13,CIP
14789001,62021831,2014-07-08,PRO
14789005,62035613,2014-08-11,PRO
14789008,13756085,2013-01-31,CON
14789008,14178711,2014-02-12,CON
14789009,62020132,2014-07-02,PRO
14789011,13654993,2012-10-18,CON
14789014,12269662,2008-11-12,CON
14789014,13098017,2011-04-29,CON
14789014,13455853,2012-04-25,CON
14789014,13862837,2013-04-15,CON
14789018,62139344,2015-03-27,PRO
14789020,13240525,2011-09-22,DIV
14789025,13444632,2012-04-11,CON
14789025,14520579,2014-10-22,CON
14789027,60881405,2007-01-19,PRO
14789027,12009045,2008-01-16,DIV
14789040,62019932,2014-07-02,PRO
14789041,PCT/KR2014/000043,2014-01-03,CIP
14789043,11816918,2008-01-03,CON
14789043,PCT/EP2006/001707,2006-02-24,NST
14789048,11573455,2007-02-09,CON
14789048,13778439,2013-02-27,CON
14789048,PCT/IB2005/052642,2005-08-09,NST
14789051,13817471,2013-02-18,CON
14789051,PCT/CN2010/076735,2010-09-08,NST
14789056,13561513,2012-07-30,CON
14789057,62021772,2014-07-08,PRO
14789060,62031402,2014-07-31,PRO
14789060,62053400,2014-09-22,PRO
14789061,61409884,2010-11-03,PRO
14789061,13213867,2011-08-19,CON
14789061,14450489,2014-08-04,CON
14789061,14723677,2015-05-28,CON
14789064,61649393,2012-05-21,PRO
14789064,61684606,2012-08-17,PRO
14789064,61757040,2013-01-25,PRO
14789064,13899552,2013-05-21,CON
14789066,13552022,2012-07-18,CON
14789067,14060936,2013-10-23,DIV
14789070,61828390,2013-05-29,PRO
14789070,13919015,2013-06-17,CON
14789071,62019887,2014-07-02,PRO
14789071,62021618,2014-07-07,PRO
14789072,13715777,2012-12-14,CON
14789075,62022042,2014-07-08,PRO
14789077,60931546,2007-05-23,PRO
14789077,12154472,2008-05-22,CON
14789077,13066980,2011-04-29,CON
14789077,13905918,2013-05-30,CON
14789082,61885918,2013-10-02,PRO
14789082,14500612,2014-09-29,CON
14789088,61901719,2013-11-08,PRO
14789088,14537504,2014-11-10,CIP
14789090,13157396,2011-06-10,DIV
14789090,PCT/JP2009/070702,2009-12-10,CON
14789092,PCT/JP2015/003223,2015-06-26,CON
14789094,61409884,2010-11-03,PRO
14789094,13213867,2011-08-19,CON
14789094,14450489,2014-08-04,CON
14789094,14723677,2015-05-28,CON
14789094,14789061,2015-07-01,CON
14789099,62019869,2014-07-01,PRO
14789102,10607227,2003-06-26,DIV
14789102,12964834,2010-12-10,DIV
14789102,13301866,2011-11-22,DIV
14789102,14043212,2013-10-01,DIV
14789102,14478532,2014-09-05,DIV
14789103,60749645,2005-12-09,PRO
14789103,60803610,2006-05-31,PRO
14789103,60803612,2006-05-31,PRO
14789103,60868107,2006-12-01,PRO
14789103,11609277,2006-12-11,CIP
14789103,60915838,2007-05-03,PRO
14789103,11926033,2007-10-28,CIP
14789103,61031590,2008-02-26,PRO
14789103,61119595,2008-12-03,PRO
14789103,12393863,2009-02-26,CIP
14789103,61182776,2009-06-01,PRO
14789103,61238430,2009-08-31,PRO
14789103,12629955,2009-12-03,CIP
14789103,61556359,2011-11-07,PRO
14789103,13671323,2012-11-07,CIP
14789103,14599107,2015-01-16,CON
14789104,14018666,2013-09-05,DIV
14789105,62019559,2014-07-01,PRO
14789106,13307623,2011-11-30,DIV
14789112,62020496,2014-07-03,PRO
14789112,62020510,2014-07-03,PRO
14789115,61309038,2010-03-01,PRO
14789115,12951332,2010-11-22,CON
14789116,60880745,2007-01-17,PRO
14789116,60902440,2007-02-21,PRO
14789116,60997604,2007-10-04,PRO
14789116,PCT/US08/00396,2008-01-11,NST
14789116,12448903,2009-07-13,DIV
14789116,13483369,2012-05-30,DIV
14789116,13775145,2013-02-23,CON
14789120,61792615,2013-03-15,PRO
14789120,14206390,2014-03-12,CIP
14789121,12811113,2010-09-30,DIV
14789121,PCT/GB2009/000004,2009-01-02,NST
14789123,12821444,2010-06-23,CON
14789127,12772386,2010-05-03,CIP
14789127,13628427,2012-09-27,CIP
14789130,62019514,2014-07-01,PRO
14789131,62019747,2014-07-01,PRO
14789134,62021740,2014-07-08,PRO
14789137,14326034,2014-07-08,DIV
14789138,13375883,2012-02-09,DIV
14789138,PCT/US2010/037091,2010-06-02,NST
14789139,12733686,2010-06-29,DIV
14789139,PCT/JP2008/066589,2008-09-12,NST
14789141,13696952,2012-11-08,DIV
14789141,PCT/DE2011/050013,2011-05-05,NST
14789142,61424191,2010-12-17,PRO
14789142,13326433,2011-12-15,CON
14789142,13926380,2013-06-25,CON
14789144,13647413,2012-10-09,DIV
14789145,62020317,2014-07-02,PRO
14789145,62049317,2014-09-11,PRO
14789147,13505135,2012-04-30,CIP
14789147,PCT/US2009/062690,2009-10-30,NST
14789149,13377745,2012-07-05,CON
14789149,14087762,2013-11-22,CON
14789149,PCT/IB2010/052650,2010-06-14,NST
14789150,13480854,2012-05-25,DIV
14789151,62024694,2014-07-15,PRO
14789153,62019485,2014-07-01,PRO
14789158,61766859,2013-02-20,PRO
14789158,14165782,2014-01-28,CON
14789158,PCT/JP2013/002202,2013-03-29,CON
14789159,13499212,2012-06-07,CON
14789159,PCT/US2010/050852,2010-09-30,NST
14789164,60787754,2006-04-01,PRO
14789164,60790974,2006-04-11,PRO
14789164,11731674,2007-03-30,CON
14789164,13669579,2012-11-06,CON
14789164,13827441,2013-03-14,CON
14789164,14256269,2014-04-18,CON
14789168,PCT/JP2013/078650,2013-10-23,CON
14789175,13997476,2013-06-24,CON
14789175,PCT/EP2010/070707,2010-12-23,NST
14789176,13645144,2012-10-04,CON
14789177,62019936,2014-07-02,PRO
14789178,62047283,2014-09-08,PRO
14789178,62047328,2014-09-08,PRO
14789178,62182076,2015-06-19,PRO
14789178,62186479,2015-06-30,PRO
14789179,62019891,2014-07-02,PRO
14789184,PCT/JP2014/000242,2014-01-20,CON
14789188,13906658,2013-05-31,CIP
14789190,61998590,2014-07-01,PRO
14789191,12439001,2009-02-26,REI
14789191,PCT/IB2007/053439,2007-08-28,NST
14789193,12852903,2010-08-09,DIV
14789195,12392710,2009-02-25,DIV
14789195,PCT/CA2006/001406,2006-08-25,CON
14789196,61644063,2012-05-08,PRO
14789196,13780921,2013-02-28,CON
14789197,62020778,2014-07-03,PRO
14789197,62020782,2014-07-03,PRO
14789199,PCT/JP2014/063929,2014-05-27,CON
14789202,PCT/CN2014/084250,2014-08-13,CON
14789208,PCT/CN2013/070637,2013-01-17,CON
14789209,13951348,2013-07-25,CON
14789210,12423502,2009-04-14,CON
14789210,13294621,2011-11-11,DIV
14789215,62019683,2014-07-01,PRO
14789216,12542969,2009-08-18,CON
14789225,13686764,2012-11-27,CIP
14789226,12213696,2008-06-23,DIV
14789226,14163269,2014-02-12,CON
14789227,62020114,2014-07-02,PRO
14789229,61679893,2012-08-06,PRO
14789229,13721322,2012-12-20,CON
14789232,13487360,2012-06-04,CON
14789234,13191692,2011-07-27,DIV
14789235,61060846,2008-06-12,PRO
14789235,12482766,2009-06-11,CON
14789235,13353693,2012-01-19,CON
14789235,13592460,2012-08-23,DIV
14789235,14146786,2014-01-03,CON
14789242,62030047,2014-07-28,PRO
14789243,PCT/JP2014/050086,2014-01-07,CON
14789244,13825749,2013-04-26,CON
14789244,PCT/EP2011/065350,2011-09-06,NST
14789246,PCT/CN2014/084404,2014-08-14,CON
14789248,13457263,2012-04-26,DIV
14789250,13377760,2012-07-02,CON
14789250,PCT/IB2010/052651,2010-06-14,NST
14789252,14154035,2014-01-13,CON
14789254,PCT/CN2013/070025,2013-01-04,CON
14789255,14064618,2013-10-28,CON
14789257,62021401,2014-07-07,PRO
14789260,62021762,2014-07-08,PRO
14789263,61080892,2008-07-15,PRO
14789263,61101919,2008-10-01,PRO
14789263,12367839,2009-02-09,CIP
14789263,12409998,2009-03-24,CON
14789263,13305978,2011-11-29,CON
14789263,13683299,2012-11-21,CON
14789263,13960879,2013-08-07,CON
14789263,14069448,2013-11-01,CON
14789263,14259475,2014-04-23,CON
14789264,13538400,2012-06-29,DIV
14789267,13797250,2013-03-12,CON
14789269,60690057,2005-06-09,PRO
14789269,11423225,2006-06-09,CIP
14789269,13081688,2011-04-07,CIP
14789269,13784216,2013-03-04,DIV
14789270,13455686,2012-04-25,CIP
14789270,14619619,2015-02-11,CON
14789270,14619755,2015-02-11,CON
14789274,62019567,2014-07-01,PRO
14789276,62019464,2014-07-01,PRO
14789279,14386436,2014-09-19,CON
14789279,PCT/IB2013/051725,2013-03-05,NST
14789281,13256176,2011-09-12,DIV
14789281,PCT/EP2010/001499,2010-03-11,NST
14789288,62020162,2014-07-02,PRO
14789291,62019790,2014-07-01,PRO
14789292,62036080,2014-08-11,PRO
14789292,62047625,2014-09-08,PRO
14789292,62129891,2015-03-08,PRO
14789296,62019572,2014-07-01,PRO
14789297,13646131,2012-10-05,DIV
14789299,62031006,2014-07-30,PRO
14789300,13363154,2012-01-31,CIP
14789300,61653745,2012-05-31,PRO
14789300,PCT/US2013/023559,2013-01-29,CIP
14789301,62020897,2014-07-03,PRO
14789306,62020194,2014-07-02,PRO
14789307,61683876,2012-08-16,PRO
14789307,13969348,2013-08-16,CIP
14789310,12894682,2010-09-30,CON
14789315,10395238,2003-03-25,DIV
14789315,12692430,2010-01-22,CON
14789315,13350620,2012-01-13,CON
14789315,14276085,2014-05-13,CON
14789316,PCT/CN2013/070004,2013-01-04,CON
14789320,62019940,2014-07-02,PRO
14789321,62020035,2014-07-02,PRO
14789323,12279027,2008-08-11,CON
14789323,13342777,2012-01-03,CON
14789323,13790925,2013-03-08,CON
14789323,PCT/PT2007/000011,2007-02-14,NST
14789325,13069914,2011-03-23,CIP
14789325,13869817,2013-04-24,DIV
14789327,60110488,1998-12-01,PRO
14789327,09450690,1999-11-30,DIV
14789327,10014592,2001-12-14,DIV
14789327,10222815,2002-08-19,DIV
14789327,10806423,2004-03-23,DIV
14789327,11418138,2006-05-05,DIV
14789327,13481584,2012-05-25,CON
14789327,14139339,2013-12-23,DIV
14789328,62019529,2014-07-01,PRO
14789329,61949932,2014-03-07,PRO
14789329,14641026,2015-03-06,DIV
14789329,14727313,2015-06-01,DIV
14789330,62019746,2014-07-01,PRO
14789332,61043106,2008-04-07,PRO
14789332,12419022,2009-04-06,DIV
14789339,12815757,2010-06-15,CON
14789341,61381762,2010-09-10,PRO
14789341,13229573,2011-09-09,CIP
14789341,61721412,2012-11-01,PRO
14789341,14070246,2013-11-01,CIP
14789341,62019807,2014-07-01,PRO
14789347,60557599,2004-03-29,PRO
14789347,11096082,2005-03-29,CIP
14789347,12118828,2008-05-12,CON
14789347,13452478,2012-04-20,CON
14789347,14091073,2013-11-26,CON
14789349,13397841,2012-02-16,CON
14789349,14060300,2013-10-22,CON
14789349,14541564,2014-11-14,CON
14789352,12269853,2008-11-12,DIV
14789353,62019521,2014-07-01,PRO
14789354,13737438,2013-01-09,CON
14789359,62020446,2014-07-03,PRO
14789361,62020555,2014-07-03,PRO
14789362,61577588,2011-12-19,PRO
14789362,13631529,2012-09-28,CON
14789364,13146654,2011-07-28,CON
14789364,PCT/JP2009/058445,2009-04-30,NST
14789370,14593659,2015-01-09,CON
14789372,11590271,2006-10-31,CON
14789373,62021814,2014-07-08,PRO
14789374,61412148,2010-11-10,PRO
14789374,13293662,2011-11-10,CON
14789375,61736684,2012-12-13,PRO
14789375,61749548,2013-01-07,PRO
14789375,13948732,2013-07-23,CIP
14789375,14255508,2014-04-17,DIV
14789377,11635134,2006-12-07,CON
14789380,11433754,2006-05-12,CON
14789382,61394954,2010-10-20,PRO
14789382,13277031,2011-10-19,DIV
14789383,13768912,2013-02-15,DIV
14789386,62020026,2014-07-02,PRO
14789388,62025135,2014-07-16,PRO
14789389,61508587,2011-07-15,PRO
14789389,13549770,2012-07-16,CON
14789389,14284911,2014-05-22,CON
14789389,PCT/US2011/000771,2011-05-03,CIP
14789390,62020364,2014-07-02,PRO
14789391,13587514,2012-08-16,CON
14789392,PCT/JP2014/057134,2014-03-17,CON
14789396,13861200,2013-04-11,CON
14789396,14535847,2014-11-07,CON
14789398,62019593,2014-07-01,PRO
14789399,13126177,2011-04-27,DIV
14789399,PCT/JP2009/068618,2009-10-29,NST
14789400,11447973,2006-06-07,REI
14789403,13019907,2011-02-02,DIV
14789404,13126966,2012-03-26,CON
14789404,PCT/JP2010/064025,2010-08-19,NST
14789406,61795155,2012-10-11,PRO
14789406,13790210,2013-03-08,CON
14789406,PCT/US2013/057189,2013-08-29,CON
14789411,62019954,2014-07-02,PRO
14789414,62021530,2014-07-07,PRO
14789419,60573017,2004-05-19,PRO
14789419,11128125,2005-05-11,CON
14789419,13216836,2011-08-24,CON
14789419,13565278,2012-08-02,CON
14789419,14017618,2013-09-04,CON
14789419,14093852,2013-12-02,CON
14789419,14666595,2015-03-24,CON
14789425,13550804,2012-07-17,CON
14789425,14564234,2014-12-09,CON
14789427,09718931,2000-11-21,CON
14789427,12240294,2008-09-29,CON
14789427,12904766,2010-10-14,CON
14789432,62024468,2014-07-15,PRO
14789433,13412760,2012-03-06,DIV
14789437,13562764,2012-07-31,CON
14789438,62020580,2014-07-03,PRO
14789439,PCT/US2013/077361,2013-12-22,CON
14789440,60690057,2005-06-09,PRO
14789440,11423225,2006-06-09,CIP
14789440,13081688,2011-04-07,CIP
14789440,13784216,2013-03-04,DIV
14789444,14145462,2013-12-31,CIP
14789449,61781070,2013-03-14,PRO
14789449,14176506,2014-02-10,DIV
14789450,61513131,2011-07-29,PRO
14789450,13554421,2012-07-20,CON
14789451,12236675,2008-09-24,CON
14789451,13153984,2011-06-06,CON
14789451,13864595,2013-04-17,CON
14789451,14048561,2013-10-08,CON
14789451,14199430,2014-03-06,CON
14789451,14595461,2015-01-13,CON
14789453,61228934,2009-07-27,PRO
14789453,12697780,2010-02-01,CON
14789454,61785357,2013-03-14,PRO
14789454,14204886,2014-03-11,CIP
14789455,13637848,2012-09-27,DIV
14789455,PCT/US2010/030657,2010-04-10,NST
14789456,61364179,2010-07-14,PRO
14789456,61364190,2010-07-14,PRO
14789456,PCT/US11/44021,2011-07-14,NST
14789456,13738429,2013-04-10,CON
14789460,12376757,2009-02-06,CON
14789460,13110790,2011-05-18,CON
14789460,13610093,2012-09-11,CON
14789460,PCT/NL2007/050394,2007-08-06,NST
14789463,61998531,2014-07-01,PRO
14789464,62019530,2014-07-01,PRO
14789466,12259544,2008-10-28,CON
14789467,62020516,2014-07-03,PRO
14789470,62019666,2014-07-01,PRO
14789472,61624078,2012-04-13,PRO
14789472,13834781,2013-03-15,CON
14789479,62019949,2014-07-02,PRO
14789480,61845648,2013-07-12,PRO
14789480,14330890,2014-07-14,CON
14789481,62020667,2014-07-03,PRO
14789487,62021361,2014-07-07,PRO
14789488,13830585,2013-03-14,CON
14789491,62019826,2014-07-01,PRO
14789492,13384457,2012-02-09,CON
14789492,PCT/SE2011/000016,2011-02-02,NST
14789493,62020521,2014-07-03,PRO
14789496,62020613,2014-07-03,PRO
14789497,60431055,2002-12-05,PRO
14789497,10676227,2003-09-30,CON
14789497,12972403,2010-12-17,CON
14789497,13942965,2013-07-16,CON
14789500,62020656,2014-07-03,PRO
14789504,12406246,2009-03-18,CON
14789504,13347983,2012-01-11,CON
14789504,13906692,2013-05-31,CON
14789504,14290567,2014-05-29,CON
14789506,60761819,2006-01-24,PRO
14789506,11657412,2007-01-24,CON
14789509,62019624,2014-07-01,PRO
14789512,13881098,2013-04-23,DIV
14789512,PCT/KR2012/004511,2012-06-08,NST
14789514,12400362,2009-03-09,CON
14789516,11815836,2007-08-08,CON
14789516,PCT/NL2006/050021,2006-02-07,NST
14789526,12759392,2010-04-13,DIV
14789531,13846825,2013-03-18,DIV
14789532,62020047,2014-07-02,PRO
14789534,13544538,2012-07-09,CIP
14789534,13893962,2013-05-14,CON
14789534,13907413,2013-05-31,CON
14789537,13263342,2012-06-25,CON
14789537,PCT/US2010/053659,2010-10-22,NST
14789539,10221618,2003-01-22,CON
14789541,62019673,2014-07-01,PRO
14789543,13823056,2013-05-29,CON
14789543,PCT/US2011/051401,2011-09-13,NST
14789544,09762281,2001-03-16,REI
14789544,11291017,2005-12-01,CON
14789544,12852007,2010-08-06,CON
14789544,PCT/JP00/03677,2000-06-07,NST
14789545,14342766,2014-03-04,CON
14789545,PCT/US2013/035750,2013-04-09,NST
14789547,62024760,2014-07-15,PRO
14789548,60489489,2003-07-24,PRO
14789548,10897624,2004-07-23,DIV
14789548,12847090,2010-07-30,DIV
14789549,61264064,2009-11-24,PRO
14789549,12950855,2010-11-19,CIP
14789549,13152214,2011-06-02,CON
14789550,13321670,2011-11-21,DIV
14789550,14330612,2014-07-14,CON
14789550,14632359,2015-02-26,CON
14789550,PCT/US2009/045163,2009-05-26,NST
14789552,14096319,2013-12-04,CON
14789553,12880928,2010-09-13,DIV
14789553,13902071,2013-05-24,DIV
14789556,14446718,2014-07-30,CON
14789556,PCT/CN2012/087558,2012-12-26,CON
14789557,62020664,2014-07-03,PRO
14789559,62020765,2014-07-03,PRO
14789564,62040369,2014-08-21,PRO
14789564,62108908,2015-01-28,PRO
14789565,PCT/JP2014/066894,2014-06-25,CON
14789568,61998589,2014-07-02,PRO
14789573,13531033,2012-06-22,CON
14789574,62021426,2014-07-07,PRO
14789575,62019697,2014-07-01,PRO
14789578,13255724,2011-09-21,CON
14789578,PCT/DK2010/050066,2010-03-25,NST
14789580,61671966,2012-07-16,PRO
14789580,61752070,2013-01-14,PRO
14789580,13752756,2013-01-29,CON
14789580,14501201,2014-09-30,CON
14789583,12939474,2010-11-04,CIP
14789583,13288427,2011-11-03,CON
14789584,62019503,2014-07-01,PRO
14789584,62060188,2014-10-06,PRO
14789594,62021062,2014-07-04,PRO
14789594,62024867,2014-07-15,PRO
14789594,62100498,2015-01-07,PRO
14789595,62020203,2014-07-02,PRO
14789596,60839333,2006-08-22,PRO
14789596,60897543,2007-01-26,PRO
14789596,60905624,2007-03-07,PRO
14789596,60922246,2007-04-05,PRO
14789596,11809534,2007-05-31,CON
14789596,13590891,2012-08-21,CON
14789599,13754270,2013-01-30,CON
14789600,14301488,2014-06-11,CON
14789602,62019475,2014-07-01,PRO
14789603,62019868,2014-07-01,PRO
14789604,13255724,2011-09-21,CON
14789604,PCT/DK2010/050066,2010-03-25,NST
14789606,14507087,2014-10-06,CON
14789610,14200374,2014-03-07,DIV
14789611,10857857,2004-06-02,DIV
14789611,11777781,2007-07-13,DIV
14789611,13412655,2012-03-06,CON
14789611,14446103,2014-07-29,CON
14789611,14571966,2014-12-16,CON
14789616,61255059,2009-10-26,PRO
14789616,12912599,2010-10-26,CON
14789619,60128613,1999-04-08,PRO
14789619,09546537,2000-04-10,DIV
14789619,10899335,2004-07-26,CON
14789621,13488333,2012-06-04,CIP
14789621,13909623,2013-06-04,CON
14789627,13840053,2013-03-15,CON
14789628,60796867,2006-05-03,PRO
14789628,60809821,2006-06-01,PRO
14789628,60842009,2006-09-05,PRO
14789628,11743978,2007-05-03,DIV
14789628,13165154,2011-06-21,DIV
14789628,13397834,2012-02-16,DIV
14789632,10560267,2006-05-11,DIV
14789632,13159356,2011-06-13,DIV
14789632,14481754,2014-09-09,CON
14789632,PCT/US2004/018488,2004-06-10,NST
14789635,61433836,2011-01-18,PRO
14789635,13352959,2012-01-18,CON
14789638,62019773,2014-07-01,PRO
14789639,13799221,2013-03-13,DIV
14789640,12150561,2008-04-29,CON
14789644,13832035,2013-03-15,CON
14789645,60577077,2004-06-04,PRO
14789645,60601061,2004-08-11,PRO
14789645,60650305,2005-02-04,PRO
14789645,60663391,2005-03-18,PRO
14789645,60677617,2005-05-04,PRO
14789645,11145574,2005-06-02,CIP
14789645,11145542,2005-06-02,CIP
14789645,60790104,2006-04-07,PRO
14789645,11423287,2006-06-09,DIV
14789645,12405475,2009-03-17,CON
14789645,13441618,2012-04-06,CON
14789645,14220923,2014-03-20,CON
14789646,61504912,2011-07-06,PRO
14789646,13539895,2012-07-02,DIV
14789647,62020083,2014-07-02,PRO
14789649,13823820,2013-03-15,DIV
14789649,PCT/EP2011/004508,2011-09-07,NST
14789650,62020305,2014-07-02,PRO
14789653,13578424,2012-08-10,DIV
14789653,PCT/KR11/00957,2011-02-11,NST
14789654,61988731,2014-05-05,PRO
14789654,62092051,2014-12-15,PRO
14789654,14704661,2015-05-05,CIP
14789654,14704666,2015-05-05,CIP
14789655,61727608,2012-11-16,PRO
14789655,13778958,2013-02-27,CIP
14789655,13923571,2013-06-21,DIV
14789656,61477811,2011-04-21,PRO
14789656,13450415,2012-04-18,DIV
14789661,11299341,2005-12-09,CON
14789661,13034367,2011-02-24,CON
14789661,13560379,2012-07-27,CON
14789661,13869522,2013-04-24,CON
14789665,13807400,2013-02-27,CON
14789665,PCT/EP2011/003193,2011-06-29,NST
14789666,62020078,2014-07-02,PRO
14789670,62020234,2014-07-02,PRO
14789671,13445775,2012-04-12,CON
14789675,62020830,2014-07-03,PRO
14789676,62020545,2014-07-03,PRO
14789677,14347631,2014-03-26,CON
14789677,PCT/EP2012/068787,2012-09-24,NST
14789681,10940077,2004-09-13,CON
14789684,14400005,2014-11-10,CON
14789684,PCT/IL2013/050401,2013-05-09,NST
14789685,60793337,2006-04-18,PRO
14789685,11736498,2007-04-17,DIV
14789685,12428346,2009-04-22,CON
14789685,14105617,2013-12-13,CON
14789686,62021867,2014-07-08,PRO
14789686,62185878,2015-06-29,PRO
14789693,13280638,2011-10-25,CON
14789696,13831983,2013-03-15,CON
14789698,62020836,2014-07-03,PRO
14789700,61146120,2009-01-21,PRO
14789700,12501572,2009-07-13,CIP
14789700,61388680,2010-10-01,PRO
14789700,61427138,2010-12-24,PRO
14789700,13082591,2011-04-08,CIP
14789700,13180511,2011-07-11,CIP
14789700,13247657,2011-09-28,CIP
14789700,61652662,2012-05-29,PRO
14789700,61783477,2013-03-14,PRO
14789700,13904529,2013-05-29,CIP
14789700,62036921,2014-08-13,PRO
14789700,14631091,2015-02-25,CIP
14789700,14637150,2015-03-03,CIP
14789701,14045378,2013-10-03,CON
14789702,61452513,2011-03-14,PRO
14789702,13420352,2012-03-14,CON
14789702,14053129,2013-10-14,CON
14789706,62020867,2014-07-03,PRO
14789710,62019975,2014-07-02,PRO
14789716,12241588,2008-09-30,CON
14789716,13327459,2011-12-15,CON
14789716,14473893,2014-08-29,CON
14789717,62021517,2014-07-07,PRO
14789725,12299278,2009-06-22,CON
14789725,PCT/EP06/04097,2006-05-02,NST
14789727,62020760,2014-07-03,PRO
14789729,61321392,2010-04-06,PRO
14789729,61321407,2010-04-06,PRO
14789729,61322690,2010-04-09,PRO
14789729,61332174,2010-05-06,PRO
14789729,61334547,2010-05-13,PRO
14789729,61348214,2010-05-25,PRO
14789729,61348685,2010-05-26,PRO
14789729,61354125,2010-06-11,PRO
14789729,61355387,2010-06-16,PRO
14789729,61356974,2010-06-21,PRO
14789729,61357517,2010-06-22,PRO
14789729,61362674,2010-07-08,PRO
14789729,61364785,2010-07-15,PRO
14789729,61370088,2010-08-02,PRO
14789729,61374951,2010-08-18,PRO
14789729,61379670,2010-09-02,PRO
14789729,61381305,2010-09-09,PRO
14789729,61383305,2010-09-15,PRO
14789729,61391504,2010-10-08,PRO
14789729,61393823,2010-10-15,PRO
14789729,61411890,2010-11-09,PRO
14789729,61413377,2010-11-12,PRO
14789729,61414870,2010-11-17,PRO
14789729,61416560,2010-11-23,PRO
14789729,61421851,2010-12-10,PRO
14789729,61423557,2010-12-15,PRO
14789729,61428196,2010-12-29,PRO
14789729,61471417,2011-04-04,PRO
14789729,PCT/US11/31479,2011-04-06,NST
14789729,PCT/US11/48327,2011-08-18,NST
14789729,13639756,2013-04-24,CIP
14789729,13817383,2013-05-20,CON
14789735,61365721,2010-07-19,PRO
14789735,13185036,2011-07-18,CON
14789735,14058890,2013-10-21,CON
14789736,62020928,2014-07-03,PRO
14789737,61746413,2012-12-27,PRO
14789737,61746511,2012-12-27,PRO
14789737,13833728,2013-03-15,CON
14789742,61705312,2012-09-25,PRO
14789742,13843755,2013-03-15,CON
14789743,13686939,2012-11-28,CON
14789743,13691796,2012-12-02,CON
14789745,13544815,2012-07-09,CIP
14789745,13937201,2013-07-08,CON
14789746,12307322,2009-07-10,CON
14789746,13652406,2012-10-15,CON
14789746,14141308,2013-12-26,CON
14789746,PCT/KR2007/003295,2007-07-06,NST
14789748,61749664,2013-01-07,PRO
14789748,61749816,2013-01-07,PRO
14789748,61749877,2013-01-07,PRO
14789748,14149503,2014-01-07,CON
14789755,13532237,2012-06-25,CON
14789755,PCT/CN2012/072778,2012-03-22,CON
14789757,60723086,2005-09-30,PRO
14789757,11440964,2006-05-25,CON
14789757,13072463,2011-03-25,CON
14789758,62019871,2014-07-01,PRO
14789761,13804513,2013-03-14,CON
14789763,13797683,2013-03-12,CON
14789765,61564499,2011-11-29,PRO
14789765,13688361,2012-11-29,CIP
14789766,62020928,2014-07-03,PRO
14789770,13783268,2013-03-02,DIV
14789771,62020940,2014-07-03,PRO
14789775,13837851,2013-03-15,CON
14789779,PCT/JP2014/064165,2014-05-28,CON
14789780,60181985,2000-02-11,PRO
14789780,09781605,2001-02-12,CON
14789780,11591889,2006-11-02,CON
14789780,13082022,2011-04-07,CON
14789781,PCT/JP2014/050150,2014-01-08,CON
14789785,09222840,1998-12-30,CON
14789785,09816311,2001-03-26,CON
14789785,10217123,2002-08-13,CON
14789785,11471059,2006-06-19,CON
14789785,12495490,2009-06-30,CON
14789785,13441741,2012-04-06,CON
14789785,13931265,2013-06-28,CON
14789786,61415771,2010-11-19,PRO
14789786,61429093,2010-12-31,PRO
14789786,12984602,2011-01-04,CON
14789788,62022384,2014-07-09,PRO
14789794,62023633,2014-07-11,PRO
14789795,62020299,2014-07-02,PRO
14789796,09833084,2001-04-10,CON
14789796,10682544,2003-10-08,CON
14789796,11062255,2005-02-18,CON
14789796,11355613,2006-02-15,CON
14789796,11495001,2006-07-27,CON
14789796,12428401,2009-04-22,CON
14789796,12628092,2009-11-30,CON
14789796,14035766,2013-09-24,CON
14789797,62020321,2014-07-02,PRO
14789800,61698518,2012-09-07,PRO
14789800,13844526,2013-03-15,CON
14789801,62019881,2014-07-01,PRO
14789805,62039863,2014-08-20,PRO
14789805,14559071,2014-12-03,CON
14789806,14179475,2014-02-12,CON
14789806,PCT/US2012/051226,2012-08-16,CON
14789807,62020916,2014-07-03,PRO
14789807,62020919,2014-07-03,PRO
14789808,12964161,2010-12-09,CON
14789808,14049006,2013-10-08,CON
14789809,62019538,2014-07-01,PRO
14789811,62031796,2014-07-31,PRO
14789812,62019883,2014-07-01,PRO
14789812,62034261,2014-08-07,PRO
14789813,12916348,2010-10-29,DIV
14789813,13683969,2012-11-21,CON
14789816,13725502,2012-12-21,CON
14789817,13878971,2013-04-11,CON
14789817,PCT/GB2011/050183,2011-09-28,NST
14789819,61732894,2012-12-03,PRO
14789819,14095415,2013-12-03,CON
14789826,11411001,2006-04-25,CON
14789827,13729452,2012-12-28,CON
14789829,62019866,2014-07-01,PRO
14789830,62019813,2014-07-01,PRO
14789832,10195129,2002-07-12,CON
14789832,11871666,2007-10-12,DIV
14789832,12269488,2008-11-12,DIV
14789832,13729510,2012-12-28,CON
14789832,14145960,2014-01-01,CON
14789832,14616629,2015-02-06,CON
14789835,PCT/CA2014/050004,2014-01-03,NST
14789838,62020972,2014-07-03,PRO
14789838,62065552,2014-10-17,PRO
14789838,62141160,2015-03-31,PRO
14789839,62019841,2014-07-01,PRO
14789840,13819985,2013-07-10,CON
14789840,PCT/US2011/050139,2011-09-01,NST
14789842,61883078,2013-09-26,PRO
14789842,61926828,2014-01-13,PRO
14789842,14497147,2014-09-25,CIP
14789842,14668767,2015-03-25,CIP
14789843,60519949,2003-11-13,PRO
14789843,10990360,2004-11-15,DIV
14789843,12467596,2009-05-18,CON
14789843,13293975,2011-11-10,CON
14789843,13607561,2012-09-07,CON
14789843,14038614,2013-09-26,CON
14789844,14231667,2014-03-31,CON
14789851,61293998,2010-01-11,PRO
14789851,13004779,2011-01-11,CON
14789853,PCT/US03/11950,2003-04-16,NST
14789853,10552945,2006-08-09,DIV
14789853,12899385,2010-10-06,DIV
14789853,14089368,2013-11-25,DIV
14789856,12958179,2010-12-01,DIV
14789856,14274592,2014-05-09,DIV
14789857,60502107,2003-09-10,PRO
14789857,10938406,2004-09-10,CON
14789857,12914742,2010-10-28,CON
14789857,13158408,2011-06-11,CON
14789858,12695107,2010-01-27,CON
14789859,61529807,2011-08-31,PRO
14789859,13594783,2012-08-25,CON
14789860,12701630,2010-02-08,DIV
14789860,14300163,2014-06-09,CON
14789861,62023266,2014-07-11,PRO
14789864,14159927,2014-01-21,CIP
14789864,61998574,2014-07-01,PRO
14789869,62019429,2014-07-01,PRO
14789870,61790920,2013-03-15,PRO
14789870,14211217,2014-03-14,CON
14789871,13825792,2013-05-01,CON
14789871,PCT/US2011/058450,2011-10-28,NST
14789873,60783746,2006-03-17,PRO
14789873,11687309,2007-03-16,DIV
14789873,13450326,2012-04-18,CON
14789876,62020273,2014-07-02,PRO
14789876,62092711,2014-12-16,PRO
14789877,62019876,2014-07-01,PRO
14789878,62020792,2014-07-03,PRO
14789880,61164888,2009-03-30,PRO
14789880,61185579,2009-06-09,PRO
14789880,12750527,2010-03-30,CIP
14789880,61595841,2012-02-07,PRO
14789880,13761452,2013-02-07,DIV
14789883,61020139,2008-01-09,PRO
14789883,61043037,2008-04-07,PRO
14789883,61060758,2008-06-11,PRO
14789883,12351704,2009-01-09,CON
14789883,13347552,2012-01-10,CON
14789883,14036946,2013-09-25,CON
14789884,10545833,2006-11-02,CON
14789884,PCT/GB04/00626,2006-11-02,NST
14789885,13827297,2013-03-14,CON
14789885,14325670,2014-07-08,CON
14789886,61020139,2008-01-09,PRO
14789886,61043037,2008-04-07,PRO
14789886,61060758,2008-06-11,PRO
14789886,12351704,2009-01-09,CON
14789886,13347552,2012-01-10,CON
14789886,14036946,2013-09-25,CON
14789888,61020139,2008-01-09,PRO
14789888,61043037,2008-04-07,PRO
14789888,61060758,2008-06-11,PRO
14789888,12351704,2009-01-09,CON
14789888,13347552,2012-01-10,CON
14789888,14036946,2013-09-25,CON
14789889,62020556,2014-07-03,PRO
14789890,62020278,2014-07-02,PRO
14789891,62022527,2014-07-09,PRO
14789893,62019878,2014-07-01,PRO
14789894,13887051,2013-05-03,DIV
14789894,14560294,2014-12-04,DIV
14789895,60366343,2002-03-19,PRO
14789895,10393505,2003-03-19,CON
14789895,14598718,2015-01-16,CON
14789896,62019833,2014-07-01,PRO
14789899,12885128,2010-09-17,CON
14789900,62019458,2014-07-01,PRO
14789901,61651485,2012-05-24,PRO
14789901,61791312,2013-03-15,PRO
14789901,13900898,2013-05-23,CON
14789903,13682006,2012-11-20,DIV
14789905,62020953,2014-07-03,PRO
14789905,62021628,2014-07-07,PRO
14789908,11514568,2006-08-31,DIV
14789908,13037785,2011-03-01,DIV
14789909,62020950,2014-07-03,PRO
14789911,60801823,2006-05-19,PRO
14789911,11804722,2007-05-18,CON
14789911,13102985,2011-05-06,CON
14789911,13621665,2012-09-17,CON
14789911,13969471,2013-08-16,CON
14789912,62021620,2014-07-07,PRO
14789912,62057991,2014-09-30,PRO
14789912,14510015,2014-10-08,CON
14789915,61624937,2012-04-16,PRO
14789915,13747292,2013-01-22,DIV
14789917,61925200,2014-01-08,PRO
14789917,62010986,2014-06-11,PRO
14789917,62050729,2014-09-15,PRO
14789917,14591850,2015-01-07,CON
14789918,62019839,2014-07-01,PRO
14789919,60923861,2007-04-16,PRO
14789919,60925262,2007-04-18,PRO
14789919,12148180,2008-04-16,CON
14789920,PCT/US11/53188,2011-09-25,CIP
14789920,PCT/US11/53189,2011-09-25,CIP
14789920,13244946,2011-09-26,CIP
14789920,13244949,2011-09-26,CIP
14789920,13244947,2011-09-26,CIP
14789920,13244950,2011-09-26,CIP
14789920,13244952,2011-09-26,CIP
14789920,13244953,2011-09-26,CIP
14789920,13244954,2011-09-26,CIP
14789920,13244956,2011-09-26,CIP
14789920,PCT/US12/57155,2012-09-25,CIP
14789920,13769779,2013-02-18,CIP
14789920,61766113,2013-02-18,PRO
14789920,61766119,2013-02-18,PRO
14789920,13769820,2013-02-18,CIP
14789920,14183500,2014-02-18,CON
14789920,14183503,2014-02-18,CON
14789920,PCT/US2011/053188,2011-09-25,CIP
14789920,PCT/US2011/053189,2011-09-25,CIP
14789920,PCT/US2012/057155,2011-09-25,CIP
14789922,61424599,2010-12-17,PRO
14789922,61445324,2011-02-22,PRO
14789922,61451919,2011-03-11,PRO
14789922,61526478,2011-08-23,PRO
14789922,61552660,2011-10-28,PRO
14789922,PCT/US11/65535,2011-12-16,CIP
14789922,13328844,2011-12-16,CIP
14789922,61635584,2012-04-19,PRO
14789922,61692830,2012-08-24,PRO
14789922,61699810,2012-09-11,PRO
14789922,61767766,2013-02-21,PRO
14789922,61781016,2013-03-14,PRO
14789922,13828049,2013-03-14,CIP
14789922,61792247,2013-03-15,PRO
14789922,13842296,2013-03-15,CON
14789922,13923232,2013-06-20,CON
14789922,14085718,2013-11-20,CON
14789925,13804791,2013-03-14,DIV
14789927,62021610,2014-07-07,PRO
14789927,62028177,2014-07-23,PRO
14789928,12865668,2011-02-28,CON
14789928,PCT/SG2009/000037,2009-01-30,NST
14789930,13244946,2011-09-26,CIP
14789930,13244949,2011-09-26,CIP
14789930,13244947,2011-09-26,CIP
14789930,13244950,2011-09-26,CIP
14789930,13244952,2011-09-26,CIP
14789930,13244953,2011-09-26,CIP
14789930,13244954,2011-09-26,CIP
14789930,13244956,2011-09-26,CIP
14789930,13769779,2013-02-18,CIP
14789930,61766113,2013-02-18,PRO
14789930,61766119,2013-02-18,PRO
14789930,13769820,2013-02-18,CIP
14789930,14183500,2014-02-18,CON
14789930,14183503,2014-02-18,CON
14789930,PCT/US2011/053188,2011-09-25,CIP
14789930,PCT/US2011/053189,2011-09-25,CIP
14789930,PCT/US2012/057155,2012-09-25,CIP
14789931,62023722,2014-07-11,PRO
14789935,60675707,2005-04-28,PRO
14789935,60777318,2006-02-28,PRO
14789935,11412618,2006-04-27,CIP
14789935,11680292,2007-02-28,REI
14789936,61925200,2014-01-08,PRO
14789936,62010986,2014-06-11,PRO
14789936,62050729,2014-09-15,PRO
14789936,14591850,2015-01-07,CON
14789939,62019544,2014-07-01,PRO
14789940,62020058,2014-07-02,PRO
14789941,61387472,2010-09-29,PRO
14789941,61388615,2010-10-01,PRO
14789941,61409535,2010-11-02,PRO
14789941,61410355,2010-11-05,PRO
14789941,61440714,2011-02-08,PRO
14789941,61441616,2011-02-10,PRO
14789941,61443219,2011-02-15,PRO
14789941,61446059,2011-02-24,PRO
14789941,13248666,2011-09-29,CON
14789941,14218868,2014-03-18,CON
14789943,62020268,2014-07-02,PRO
14789944,13474633,2012-05-17,CIP
14789944,14293930,2014-06-02,CIP
14789944,62095708,2014-12-22,PRO
14789944,62106229,2015-01-22,PRO
14789944,14703783,2015-05-04,CIP
14789946,61925627,2014-01-09,PRO
14789946,61955112,2014-03-18,PRO
14789946,61996789,2014-05-14,PRO
14789946,62050720,2014-09-15,PRO
14789946,62073478,2014-10-31,PRO
14789946,62086650,2014-12-02,PRO
14789946,14592668,2015-01-08,CON
14789948,62023551,2014-07-11,PRO
14789949,60286850,2001-04-26,PRO
14789949,10131163,2002-04-24,DIV
14789949,11621014,2007-01-08,DIV
14789949,12328917,2008-12-05,CIP
14789949,13116984,2011-05-26,CIP
14789956,62021295,2014-07-07,PRO
14789960,62020849,2014-07-03,PRO
14789961,62020348,2014-07-02,PRO
14789961,62060512,2014-10-06,PRO
14789962,13199361,2011-08-26,CIP
14789962,13199481,2011-08-30,CIP
14789962,13199545,2011-08-31,CIP
14789962,13199544,2011-08-31,CIP
14789962,13200113,2011-09-16,CIP
14789962,13200106,2011-09-16,CIP
14789962,13200830,2011-09-30,CIP
14789962,13200829,2011-09-30,CIP
14789962,13200907,2011-10-03,CIP
14789962,13200906,2011-10-03,CIP
14789962,13317546,2011-10-19,CIP
14789962,13317545,2011-10-19,CIP
14789962,13317979,2011-10-31,CIP
14789962,13317978,2011-10-31,CIP
14789962,13373675,2011-11-22,CIP
14789962,13373674,2011-11-22,CIP
14789962,13373846,2011-11-30,CIP
14789962,13373847,2011-11-30,CIP
14789962,13385128,2012-02-01,CIP
14789962,13385129,2012-02-01,CIP
14789962,13385687,2012-02-29,CIP
14789962,13385690,2012-02-29,CIP
14789962,13432507,2012-03-28,CIP
14789962,13432525,2012-03-28,CIP
14789962,13435550,2012-03-30,CIP
14789962,13435591,2012-03-30,CIP
14789962,13494536,2012-06-12,CIP
14789962,13494654,2012-06-12,CIP
14789962,13528298,2012-06-20,CIP
14789962,13528331,2012-06-20,CIP
14789962,13535855,2012-06-28,CIP
14789962,13535902,2012-06-28,CIP
14789962,13548633,2012-07-13,CIP
14789962,13548671,2012-07-13,CIP
14789967,61435250,2011-01-21,PRO
14789967,13355458,2012-01-20,DIV
14789967,14562066,2014-12-05,CON
14789968,11241555,2005-09-30,CIP
14789968,11403391,2006-04-13,CIP
14789968,11973542,2007-10-09,CIP
14789968,12080042,2008-03-31,CIP
14789968,61264297,2009-11-25,PRO
14789968,12886389,2010-09-20,CON
14789968,14315748,2014-06-26,CON
14789976,13320324,2012-04-24,CON
14789976,PCT/US2010/035039,2010-05-14,NST
14789980,13319411,2011-11-08,CON
14789980,PCT/IB2010/052736,2010-06-17,NST
14789982,62019615,2014-07-01,PRO
14789982,62035933,2014-08-11,PRO
14789983,61998519,2014-07-01,PRO
14789986,61663564,2012-06-23,PRO
14789986,13924850,2013-06-24,CIP
14789991,62020855,2014-07-03,PRO
14789993,62020920,2014-07-03,PRO
14789998,13684578,2012-11-26,DIV
14790002,PCT/JP2014/051995,2014-01-29,CON
14790005,PCT/JP2013/081237,2013-11-20,CON
14790014,13005302,2011-01-12,CON
14790017,62020409,2014-07-03,PRO
14790018,13883841,2013-06-11,DIV
14790018,PCT/SE2011/051331,2011-11-08,NST
14790030,62021452,2014-07-07,PRO
14790036,13845167,2013-03-18,CON
14790038,13966369,2013-08-14,DIV
14790039,61505792,2011-07-08,PRO
14790039,13544273,2012-07-09,CON
14790041,62023206,2014-07-11,PRO
14790044,13500136,2012-08-17,CON
14790044,PCT/US2010/052352,2010-10-12,NST
14790045,62020030,2014-07-02,PRO
14790047,14485663,2014-09-12,CON
14790048,12965476,2010-12-10,CON
14790052,62020425,2014-07-03,PRO
14790053,61790515,2013-03-15,PRO
14790053,14213168,2014-03-14,CON
14790056,12390780,2009-02-23,CON
14790057,13518735,2012-08-03,CON
14790057,PCT/JP2010/073306,2010-12-24,NST
14790059,13712305,2012-12-12,DIV
14790059,PCT/JP2011/063348,2011-06-10,CIP
14790062,13543662,2012-07-06,DIV
14790063,61898875,2013-11-01,PRO
14790063,14083218,2013-11-18,CON
14790064,PCT/JP2013/006450,2013-10-31,CON
14790065,60913562,2007-04-24,PRO
14790065,12108198,2008-04-23,CIP
14790065,12571534,2009-10-01,CON
14790065,12974513,2010-12-21,DIV
14790065,13886827,2013-05-03,CON
14790066,13775340,2013-02-25,CON
14790069,13666059,2012-11-01,CON
14790075,60828800,2006-10-10,PRO
14790075,11870350,2007-10-10,DIV
14790075,12781762,2010-05-17,CON
14790075,13849420,2013-03-22,DIV
14790079,13711453,2012-12-11,DIV
14790083,62020150,2014-07-02,PRO
14790090,13322695,2012-02-15,CON
14790090,PCT/GB2010/001038,2010-05-26,NST
14790091,61998674,2014-07-03,PRO
14790091,62097925,2014-12-30,PRO
14790091,62176896,2015-03-23,PRO
14790094,14465858,2014-08-22,DIV
14790095,13712305,2012-12-12,DIV
14790095,PCT/JP2011/063348,2011-06-10,CIP
14790096,62022978,2014-07-10,PRO
14790099,14364844,2014-08-27,CON
14790099,PCT/FR2012/052916,2012-12-13,NST
14790101,PCT/CA2015/050567,2015-06-19,CON
14790107,62020258,2014-07-02,PRO
14790108,61650660,2012-05-23,PRO
14790108,13896983,2013-05-17,DIV
14790109,11862663,2007-09-27,CON
14790112,62030222,2014-07-29,PRO
14790113,61731901,2012-11-30,PRO
14790113,14091817,2013-11-27,CON
14790114,61610142,2012-03-13,PRO
14790114,13800000,2013-03-13,CON
14790117,13771232,2013-02-20,CON
14790125,14019245,2013-09-05,DIV
14790126,61547910,2011-10-17,PRO
14790126,61570275,2011-12-13,PRO
14790126,13441505,2012-04-06,CON
14790126,13538468,2012-06-29,CIP
14790126,14290347,2014-05-29,CON
14790127,62024879,2014-07-15,PRO
14790133,13288074,2011-11-03,CON
14790136,61864580,2013-08-11,PRO
14790136,14455913,2014-08-10,CON
14790139,62020640,2014-07-03,PRO
14790144,61611332,2012-03-15,PRO
14790144,13835518,2013-03-15,DIV
14790145,13886320,2013-05-03,CON
14790146,13568574,2012-08-07,CON
14790147,61738355,2012-12-17,PRO
14790147,61779169,2013-03-13,PRO
14790147,PCT/US13/75317,2013-12-16,NST
14790147,14653144,2015-06-17,CON
14790150,PCT/JP2014/000008,2014-01-06,CON
14790153,62020270,2014-07-02,PRO
14790154,13137711,2011-09-07,DIV
14790162,12671581,2011-07-20,CON
14790162,PCT/JP2008/062266,2008-07-07,NST
14790166,62022186,2014-07-08,PRO
14790168,62021431,2014-07-07,PRO
14790169,61078658,2008-07-07,PRO
14790169,12498569,2009-07-07,CON
14790169,14333098,2014-07-16,CON
14790170,62020501,2014-07-03,PRO
14790171,61094499,2008-09-05,PRO
14790171,12555431,2009-09-08,CON
14790179,10692764,2003-10-24,CON
14790179,13426408,2012-03-21,CON
14790179,14201401,2014-03-07,CON
14790181,62021320,2014-07-07,PRO
14790186,09910581,2001-07-20,DIV
14790186,10428561,2003-05-02,DIV
14790186,12412435,2009-03-27,DIV
14790186,13429489,2012-03-26,CON
14790186,14323190,2014-07-03,CON
14790189,13827037,2013-03-14,CON
14790190,62022865,2014-07-10,PRO
14790192,13897337,2013-05-17,CON
14790192,13897398,2013-05-18,CON
14790194,61252090,2009-10-15,PRO
14790194,12628595,2009-12-01,CON
14790197,14639207,2015-03-05,CON
14790202,61408785,2010-11-01,PRO
14790202,13285214,2011-10-31,CON
14790202,14095697,2013-12-03,CON
14790205,61451732,2011-03-11,PRO
14790205,13416880,2012-03-09,DIV
14790206,61168124,2009-04-09,PRO
14790206,13263816,2012-01-04,DIV
14790207,61360214,2010-06-30,PRO
14790207,12982132,2010-12-30,DIV
14790207,13869298,2013-04-24,CON
14790210,61659174,2012-06-13,PRO
14790210,13667424,2012-11-02,CON
14790210,14016289,2013-09-03,CON
14790212,13135989,2011-07-20,DIV
14790213,13971173,2013-08-20,CON
14790214,60829510,2006-10-13,PRO
14790214,11872668,2007-10-15,CON
14790214,13966535,2013-08-14,CON
14790217,PCT/JP2013/074595,2013-09-11,CON
14790220,62020049,2014-07-02,PRO
14790223,13924908,2013-06-24,CON
14790225,62020049,2014-07-02,PRO
14790226,13806435,2013-03-11,CON
14790226,PCT/JP2011/065098,2011-06-30,NST
14790228,62022196,2014-07-08,PRO
14790237,14173978,2014-02-06,CIP
14790238,62023648,2014-07-11,PRO
14790246,10535030,2008-10-10,CON
14790246,14471846,2014-08-28,CON
14790246,PCT/US2003/035933,2003-11-11,NST
14790247,61323720,2010-04-13,PRO
14790247,61471459,2011-04-04,PRO
14790247,13086286,2011-04-13,DIV
14790248,62027262,2014-07-22,PRO
14790249,60616254,2004-10-05,PRO
14790249,60624793,2004-11-02,PRO
14790249,11129765,2005-05-13,CIP
14790249,11451728,2006-06-12,CIP
14790249,12966897,2010-12-13,CON
14790249,13864217,2013-04-16,CON
14790249,14316052,2014-06-26,CON
14790251,13135989,2011-07-20,DIV
14790252,62020457,2014-07-03,PRO
14790253,61413629,2010-11-15,PRO
14790253,13295527,2011-11-14,CON
14790255,13981561,2013-07-24,CON
14790258,12334850,2008-12-15,CON
14790259,61417394,2010-11-26,PRO
14790259,13302465,2011-11-22,CON
14790263,61292066,2010-01-04,PRO
14790263,12983088,2010-12-31,CON
14790265,62021841,2014-07-08,PRO
14790266,13106686,2011-05-12,DIV
14790271,61417394,2010-11-26,PRO
14790271,13302465,2011-11-22,CON
14790272,61168124,2009-04-09,PRO
14790272,13263816,2012-01-04,DIV
14790274,62020467,2014-07-03,PRO
14790275,12753036,2010-04-01,CON
14790278,13135989,2011-07-20,DIV
14790279,12594425,2010-06-23,DIV
14790279,PCT/US2008/059257,2008-04-03,NST
14790280,13883152,2013-05-14,DIV
14790280,PCT/EP2011/005345,2011-10-24,NST
14790292,13135989,2011-07-20,DIV
14790293,60350046,2002-01-17,PRO
14790293,10346493,2003-01-17,DIV
14790293,12109747,2008-04-25,DIV
14790293,12752581,2010-04-01,CON
14790298,62020662,2014-07-03,PRO
14790299,13294885,2011-11-11,CIP
14790299,13615402,2012-09-13,CON
14790299,PCT/US2010/035120,2010-05-17,CON
14790300,61886447,2013-10-03,PRO
14790300,14506545,2014-10-03,CIP
14790302,61476501,2011-04-18,PRO
14790302,13163502,2011-06-17,CON
14790302,13491353,2012-06-07,CON
14790303,13198921,2011-08-05,CON
14790305,60976343,2007-09-28,PRO
14790305,61090574,2008-08-20,PRO
14790305,12239651,2008-09-26,CIP
14790305,61164886,2009-03-30,PRO
14790305,12749217,2010-03-29,DIV
14790305,13591098,2012-08-21,CON
14790307,13146641,2011-07-27,CON
14790307,14613651,2015-02-04,CON
14790307,14694330,2015-04-23,CON
14790307,PCT/US2010/022445,2010-01-28,NST
14790308,12732774,2010-03-26,CON
14790309,13468135,2012-05-10,CON
14790309,14250623,2014-04-11,CON
14790311,61475103,2011-04-13,PRO
14790311,PCT/US12/33347,2012-04-12,NST
14790311,14110964,2013-12-05,DIV
14790312,62023349,2014-07-11,PRO
14790324,14322278,2014-07-02,CIP
14790330,14465054,2014-08-21,DIV
14790332,62020650,2014-07-03,PRO
14790334,61466784,2011-03-23,PRO
14790334,13428740,2012-03-23,DIV
14790336,12971782,2010-12-17,CON
14790339,PCT/AU2014/000306,2014-03-24,CIP
14790343,13834253,2013-03-15,DIV
14790344,13651028,2012-10-12,CON
14790344,13909262,2013-06-04,CON
14790348,61466784,2011-03-23,PRO
14790348,13428740,2012-03-23,DIV
14790352,13522925,2012-10-04,CON
14790352,PCT/GB2011/050062,2011-01-17,NST
14790353,12489064,2009-06-22,CON
14790353,13720550,2012-12-19,CON
14790353,14607796,2015-01-28,CON
14790355,62020725,2014-07-03,PRO
14790358,12754818,2010-04-06,DIV
14790358,14060915,2013-10-23,DIV
14790361,12742481,2010-09-21,DIV
14790363,12861602,2010-08-23,CON
14790363,14247767,2014-04-08,CON
14790366,13921526,2013-06-19,CON
14790369,60781780,2006-03-12,PRO
14790369,11685189,2007-03-12,CON
14790369,13590794,2012-08-21,CON
14790369,14137376,2013-12-20,CON
14790370,61514840,2011-08-03,PRO
14790370,13566881,2012-08-03,DIV
14790370,14196844,2014-03-04,CON
14790371,62019898,2014-07-02,PRO
14790371,62078392,2014-11-11,PRO
14790371,62090332,2014-12-10,PRO
14790371,62156853,2015-05-04,PRO
14790373,62020821,2014-07-03,PRO
14790375,13442521,2012-04-09,CIP
14790376,12180259,2008-07-25,DIV
14790376,13442263,2012-04-09,CON
14790376,14273895,2014-05-09,CON
14790377,61955533,2014-03-19,PRO
14790377,14663295,2015-03-19,CON
14790380,62020490,2014-07-03,PRO
14790382,61612577,2012-03-19,PRO
14790382,61612600,2012-03-19,PRO
14790382,13844961,2013-03-16,CON
14790383,13118320,2011-05-27,CON
14790385,13651028,2012-10-12,CON
14790385,13909262,2013-06-04,CON
14790386,62019968,2014-07-02,PRO
14790388,13053074,2011-03-21,CON
14790388,14189305,2014-02-25,CON
14790391,13974233,2013-08-23,DIV
14790392,61337932,2010-02-12,PRO
14790392,13023298,2011-02-08,CON
14790394,62021631,2014-07-07,PRO
14790395,62020245,2014-07-02,PRO
14790396,13177696,2011-07-07,CON
14790398,13146729,2011-10-04,CON
14790398,PCT/AT2010/000027,2010-01-26,NST
14790399,61623218,2012-04-12,PRO
14790399,13777118,2013-02-26,CON
14790401,13672460,2012-11-08,DIV
14790403,13651028,2012-10-12,CON
14790403,13909262,2013-06-04,CON
14790404,61207420,2009-02-11,PRO
14790404,12703932,2010-02-11,CIP
14790408,PCT/US2014/010212,2014-01-03,CIP
14790409,61478436,2011-04-22,PRO
14790409,13452882,2012-04-22,CIP
14790409,61745729,2012-12-24,PRO
14790409,13842158,2013-03-15,CIP
14790409,13906335,2013-05-30,CON
14790410,61303510,2010-02-11,PRO
14790410,13023007,2011-02-08,CON
14790410,13718287,2012-12-18,CON
14790410,14174491,2014-02-06,CON
14790411,13500325,2012-05-03,CON
14790411,13916042,2013-06-12,DIV
14790411,PCT/US2010/058424,2010-11-30,NST
14790414,13214902,2011-08-22,DIV
14790422,62020143,2014-07-02,PRO
14790425,62020602,2014-07-03,PRO
14790428,13045890,2011-03-11,CON
14790429,11934513,2007-11-02,DIV
14790430,13134579,2011-06-10,CIP
14790430,61668378,2012-07-05,PRO
14790430,13935105,2013-07-03,CON
14790433,13761543,2013-02-07,CON
14790433,PCT/CN2011/074408,2011-05-20,CON
14790438,13219439,2011-08-26,CIP
14790438,61620628,2012-04-05,PRO
14790438,61620636,2012-04-05,PRO
14790438,13563283,2012-07-31,DIV
14790439,62020486,2014-07-03,PRO
14790440,62020463,2014-07-03,PRO
14790443,61422545,2010-12-13,PRO
14790443,61433686,2011-01-18,PRO
14790443,13316207,2011-12-09,CON
14790445,62022264,2014-07-09,PRO
14790446,11383066,2006-05-12,CON
14790446,14498130,2014-09-26,CON
14790448,62020930,2014-07-03,PRO
14790453,12994176,2011-03-09,DIV
14790453,PCT/US2009/043881,2009-05-14,NST
14790454,60517954,2003-11-05,PRO
14790454,10981186,2004-11-04,CON
14790454,12360830,2009-01-27,CON
14790457,62020551,2014-07-03,PRO
14790462,13332269,2011-12-20,CON
14790463,62020021,2014-07-02,PRO
14790464,62020554,2014-07-03,PRO
14790467,61164588,2009-03-30,PRO
14790467,12604998,2009-10-23,CON
14790467,13412934,2012-03-06,CON
14790467,13872527,2013-04-29,CIP
14790469,12183967,2008-07-31,CIP
14790469,12479445,2009-06-05,DIV
14790469,13351673,2012-01-17,CON
14790472,PCT/JP2014/050356,2014-01-10,CON
14790473,62020728,2014-07-03,PRO
14790474,62020430,2014-07-03,PRO
14790475,12999586,2011-03-23,CON
14790475,13796452,2013-03-12,CON
14790475,14171025,2014-02-03,CON
14790475,PCT/US2008/067940,2008-06-23,NST
14790476,13983406,2013-10-01,CON
14790476,PCT/AU2012/000091,2012-02-02,NST
14790478,13696195,2013-01-18,CON
14790478,PCT/EP11/56848,2011-04-29,NST
14790479,61541152,2011-09-30,PRO
14790479,13625094,2012-09-24,CON
14790480,62020528,2014-07-03,PRO
14790482,61405479,2010-10-21,PRO
14790482,PCT/US11/57177,2011-10-20,NST
14790482,13878618,2013-09-04,CON
14790485,13837345,2013-03-15,CON
14790487,61682890,2012-08-14,PRO
14790487,13966671,2013-08-14,CON
14790488,60898766,2007-01-31,PRO
14790488,PCT/US08/01418,2008-01-31,NST
14790488,12525296,2009-11-17,CON
14790489,13142217,2011-08-26,DIV
14790489,PCT/GB2009/002946,2009-12-23,NST
14790494,62020523,2014-07-03,PRO
14790495,PCT/CN2014/070137,2014-01-06,CON
14790496,13984805,2013-08-09,CON
14790496,PCT/KR2012/000888,2012-02-07,NST
14790498,14049897,2013-10-09,DIV
14790502,PCT/CN2013/070471,2013-01-15,CON
14790503,14311029,2014-06-20,CON
14790504,PCT/EP2014/050179,2014-01-08,CON
14790505,62020293,2014-07-02,PRO
14790506,61236592,2009-08-25,PRO
14790506,61306281,2010-02-19,PRO
14790506,61315262,2010-03-18,PRO
14790506,12861524,2010-08-23,CIP
14790506,13404929,2012-02-24,CON
14790507,61955533,2014-03-19,PRO
14790507,14663319,2015-03-19,CON
14790509,13794708,2013-03-11,CON
14790510,61800220,2013-03-15,PRO
14790510,13939274,2013-07-11,CON
14790513,62020531,2014-07-03,PRO
14790514,PCT/CN2013/070202,2013-01-08,CON
14790517,62019974,2014-07-02,PRO
14790526,13018113,2011-01-31,CIP
14790526,13186003,2011-07-19,CON
14790527,62031096,2014-07-30,PRO
14790528,62021116,2014-07-05,PRO
14790529,14250012,2014-04-10,CON
14790530,14101654,2013-12-10,CON
14790531,60642374,2005-01-07,PRO
14790531,60642375,2005-01-07,PRO
14790531,60682655,2005-05-18,PRO
14790531,11328900,2006-01-09,CON
14790531,13371615,2012-02-13,CON
14790535,12367395,2009-02-06,DIV
14790535,13959431,2013-08-05,DIV
14790538,13503247,2012-06-25,CON
14790538,PCT/JP2010/068741,2010-10-22,NST
14790540,62035062,2014-08-08,PRO
14790541,13753117,2013-01-29,DIV
14790543,61324634,2010-04-15,PRO
14790543,13044695,2011-03-10,CIP
14790543,13626423,2012-09-25,CON
14790546,13032801,2011-02-23,CON
14790546,14272059,2014-05-07,CON
14790549,14163215,2014-01-24,DIV
14790550,62029258,2014-07-25,PRO
14790555,11895909,2007-08-28,CIP
14790555,12702640,2010-02-09,CIP
14790555,12896307,2010-10-01,CIP
14790555,13019867,2011-02-02,CIP
14790555,13464665,2012-05-04,CON
14790557,61070795,2008-03-25,PRO
14790557,12383769,2009-03-25,DIV
14790560,13984805,2013-08-09,CON
14790560,PCT/KR2012/000888,2012-02-07,NST
14790561,12739357,2010-05-19,CON
14790561,PCT/GB2008/003626,2008-10-24,NST
14790562,62020163,2014-07-02,PRO
14790563,62020451,2014-07-03,PRO
14790563,62024109,2014-07-14,PRO
14790563,62049952,2014-09-12,PRO
14790566,61903344,2013-11-12,PRO
14790566,61937851,2014-02-10,PRO
14790566,62015148,2014-06-20,PRO
14790566,14539801,2014-11-12,CIP
14790568,62020185,2014-07-02,PRO
14790569,PCT/JP2014/079595,2014-11-07,CON
14790571,61366402,2010-07-21,PRO
14790571,13187750,2011-07-21,CON
14790571,13669757,2012-11-06,CON
14790571,13904673,2013-05-29,CON
14790572,13587955,2012-08-17,CON
14790576,13706279,2012-12-05,CON
14790578,PCT/US2013/078037,2013-12-27,CON
14790579,11895909,2007-08-28,CIP
14790579,12702640,2010-02-09,CIP
14790579,12896307,2010-10-01,CIP
14790579,13019867,2011-02-02,CIP
14790579,13464665,2012-05-04,CON
14790581,62020220,2014-07-02,PRO
14790582,12883457,2010-09-16,CON
14790582,PCT/IL2008/001641,2008-12-18,CON
14790588,61785009,2013-03-14,PRO
14790588,14144716,2013-12-31,CON
14790592,62020070,2014-07-02,PRO
14790594,62020894,2014-07-03,PRO
14790596,13375117,2011-12-21,DIV
14790596,PCT/JP2010/003649,2010-05-31,NST
14790598,60619306,2004-10-15,PRO
14790598,60622865,2004-10-28,PRO
14790598,60681719,2005-05-16,PRO
14790598,60681864,2005-05-16,PRO
14790598,60685190,2005-05-27,PRO
14790598,11251205,2005-10-15,CIP
14790598,11468247,2006-08-29,CIP
14790598,61254656,2009-10-23,PRO
14790598,61260012,2009-11-11,PRO
14790598,61289075,2009-12-22,PRO
14790598,61388601,2010-09-30,PRO
14790598,12911537,2010-10-25,DIV
14790601,61816890,2013-04-29,PRO
14790601,14264911,2014-04-29,CIP
14790601,62020680,2014-07-03,PRO
14790602,62020873,2014-07-03,PRO
14790604,13760837,2013-02-06,DIV
14790607,62020829,2014-07-03,PRO
14790607,62085884,2014-12-01,PRO
14790607,62150575,2015-04-21,PRO
14790609,12544453,2009-08-20,DIV
14790613,13864407,2013-04-17,CON
14790615,61159232,2009-03-11,PRO
14790615,12721529,2010-03-10,CON
14790617,61159677,2009-03-12,PRO
14790617,61254974,2009-10-26,PRO
14790617,12723476,2010-03-12,DIV
14790617,13548434,2012-07-13,CON
14790620,61955533,2014-03-19,PRO
14790620,14663306,2015-03-19,CON
14790623,61581925,2011-12-30,PRO
14790623,13730210,2012-12-28,CON
14790624,60375479,2002-04-25,PRO
14790624,PCT/US03/12983,2003-04-24,NST
14790624,10512318,2004-10-22,DIV
14790624,13327293,2011-12-15,CON
14790624,14316831,2014-06-27,CON
14790627,62020098,2014-07-02,PRO
14790630,13806681,2012-12-21,CON
14790630,PCT/KR2012/002417,2012-03-30,NST
14790631,14293539,2014-06-02,CIP
14790632,62022320,2014-07-09,PRO
14790634,13992404,2013-06-07,CON
14790634,PCT/FR2011/052914,2011-12-09,NST
14790635,12524710,2009-07-27,REI
14790635,PCT/EP2008/000309,2008-01-17,NST
14790640,13427583,2012-03-22,CON
14790641,62028940,2014-07-25,PRO
14790641,62075583,2014-11-05,PRO
14790642,62028625,2014-07-24,PRO
14790643,61657355,2012-06-08,PRO
14790643,13914013,2013-06-10,DIV
14790644,13864535,2013-04-17,CON
14790645,61579560,2011-12-22,PRO
14790645,61613836,2012-03-21,PRO
14790645,13721988,2012-12-20,CON
14790646,PCT/CN2014/091277,2014-11-17,CIP
14790647,13276090,2011-10-18,CON
14790647,14260627,2014-04-24,CON
14790648,PCT/EP2014/050008,2014-01-02,CON
14790650,62020152,2014-07-02,PRO
14790651,62023444,2014-07-11,PRO
14790651,62107440,2015-01-25,PRO
14790654,62020853,2014-07-03,PRO
14790658,62023484,2014-07-11,PRO
14790658,62075580,2014-11-05,PRO
14790661,60387638,2002-06-10,PRO
14790661,10252127,2002-09-20,CON
14790661,13285916,2011-10-31,CON
14790666,61166130,2009-04-02,PRO
14790666,12752335,2010-04-01,CIP
14790666,13924439,2013-06-21,CON
14790668,12861190,2010-08-23,CON
14790668,13363405,2012-02-01,CON
14790668,13939468,2013-07-11,CON
14790668,14196236,2014-03-04,CON
14790668,14502012,2014-09-30,CON
14790668,14639149,2015-03-05,CON
14790673,61998849,2014-07-02,PRO
14790673,62130872,2015-03-10,PRO
14790676,60876351,2006-12-21,PRO
14790676,12004655,2007-12-21,CON
14790685,12912876,2010-10-27,CON
14790687,62020059,2014-07-02,PRO
14790691,60876351,2006-12-21,PRO
14790691,12004655,2007-12-21,CON
14790693,10533940,2006-12-29,CON
14790693,12659963,2010-03-26,CON
14790693,14501253,2014-09-30,CON
14790693,PCT/AU2004/000810,2004-06-21,NST
14790694,61642073,2012-05-03,PRO
14790694,13886512,2013-05-03,CON
14790696,61955533,2014-03-19,PRO
14790696,14663326,2015-03-19,CON
14790698,10558693,2005-11-30,CON
14790698,13439707,2012-04-04,CON
14790698,13936446,2013-07-08,CON
14790698,14171476,2014-02-03,CON
14790698,PCT/US2004/018216,2004-06-04,NST
14790699,62020017,2014-07-02,PRO
14790709,13317800,2011-10-29,CON
14790709,14149746,2014-01-07,CON
14790712,13667711,2012-11-02,CIP
14790715,62025293,2014-07-16,PRO
14790716,13522458,2012-12-04,DIV
14790716,PCT/IB2010/055395,2010-11-24,NST
14790718,62030250,2014-07-29,PRO
14790722,62020034,2014-07-02,PRO
14790723,13273859,2011-10-14,CON
14790724,14156781,2014-01-16,CON
14790725,14180824,2014-02-14,CON
14790726,60955448,2007-08-13,PRO
14790726,12190989,2008-08-13,DIV
14790726,13856236,2013-04-03,CON
14790727,62020337,2014-07-02,PRO
14790728,62020880,2014-07-03,PRO
14790729,13978035,2014-02-17,CON
14790729,PCT/US2012/020112,2012-01-03,NST
14790730,61048871,2008-04-29,PRO
14790730,12264664,2008-11-04,CON
14790730,14318164,2014-06-27,CON
14790731,62038354,2014-08-17,PRO
14790732,62020274,2014-07-02,PRO
14790733,62019921,2014-07-02,PRO
14790735,62020325,2014-07-02,PRO
14790736,61750613,2013-01-09,PRO
14790736,13862702,2013-04-15,CON
14790738,14321172,2014-07-01,CON
14790740,10224848,2002-08-21,CON
14790743,62020593,2014-07-03,PRO
14790744,12600795,2010-05-07,CON
14790744,14109565,2013-12-17,CON
14790744,14633813,2015-02-27,CON
14790744,PCT/NO2008/000190,2008-05-30,NST
14790745,PCT/US2013/078089,2013-12-27,CIP
14790746,12664414,2010-06-16,DIV
14790747,62020926,2014-07-03,PRO
14790748,62005395,2014-05-30,PRO
14790748,62029072,2014-07-25,PRO
14790748,14725888,2015-05-29,CON
14790751,13423285,2012-03-19,CIP
14790752,62020263,2014-07-02,PRO
14790753,12961899,2010-12-07,CON
14790755,62020561,2014-07-03,PRO
14790757,62020020,2014-07-02,PRO
14790758,12959813,2010-12-03,CON
14790769,PCT/CN2013/070010,2013-01-04,CON
14790773,62021050,2014-07-04,PRO
14790778,13953120,2013-07-29,CON
14790781,62020921,2014-07-03,PRO
14790781,62022565,2014-07-09,PRO
14790781,62048740,2014-09-10,PRO
14790781,62156752,2015-05-04,PRO
14790782,13225267,2011-09-02,CON
14790784,13390527,2012-02-15,CON
14790784,PCT/JP2010/063648,2010-08-11,NST
14790792,13914907,2013-06-11,DIV
14790793,62021659,2014-07-07,PRO
14790794,62021542,2014-07-07,PRO
14790795,62021040,2014-07-04,PRO
14790796,11967668,2007-12-31,CON
14790796,14169296,2014-01-31,CON
14790798,61385064,2010-09-21,PRO
14790798,13239290,2011-09-21,CON
14790804,13840438,2013-03-15,CON
14790806,11886985,2008-12-16,CON
14790806,14049102,2013-10-08,CON
14790807,61032893,2008-02-29,PRO
14790807,61048451,2008-04-28,PRO
14790807,12395992,2009-03-02,DIV
14790807,13911150,2013-06-06,CON
14790808,61471820,2011-04-05,PRO
14790808,13440097,2012-04-05,CON
14790810,62020783,2014-07-03,PRO
14790811,61079404,2008-07-09,PRO
14790811,12500566,2009-07-09,CON
14790813,13354699,2012-01-20,CON
14790814,13885919,2013-05-16,CON
14790814,PCT/KR2011/008800,2011-11-17,NST
14790815,13501207,2012-06-29,CON
14790815,PCT/NL2010/050670,2010-10-11,NST
14790816,62020610,2014-07-03,PRO
14790818,62020838,2014-07-03,PRO
14790818,62080698,2014-11-17,PRO
14790822,13664413,2012-10-30,CON
14790823,62020814,2014-07-03,PRO
14790824,62020797,2014-07-03,PRO
14790824,62127111,2015-03-02,PRO
14790825,61683796,2012-08-16,PRO
14790825,13963187,2013-08-09,DIV
14790832,13552334,2012-07-18,CON
14790833,61305589,2010-02-18,PRO
14790833,PCT/US11/25152,2011-02-17,NST
14790833,13579964,2013-01-07,CON
14790837,13285015,2011-10-31,DIV
14790838,61556744,2011-11-07,PRO
14790838,13670375,2012-11-06,CON
14790846,11671615,2007-02-06,CON
14790848,61167991,2009-04-09,PRO
14790848,61248618,2009-10-05,PRO
14790848,PCT/US10/30558,2010-04-09,NST
14790848,13262367,2012-05-07,CON
14790853,14143133,2013-12-30,DIV
14790858,62030723,2014-07-30,PRO
14790859,62021673,2014-07-07,PRO
14790861,13697830,2013-01-17,CON
14790861,PCT/JP2012/006984,2012-10-31,NST
14790865,62020693,2014-07-03,PRO
14790867,62020677,2014-07-03,PRO
14790868,62020497,2014-07-03,PRO
14790868,62129314,2015-03-06,PRO
14790870,14735926,2015-06-10,CIP
14790875,13464411,2012-05-04,CON
14790875,14469305,2014-08-26,CON
14790879,09301477,1999-04-28,CIP
14790879,60195387,2000-04-07,PRO
14790879,09827641,2001-04-06,DIV
14790879,11971017,2008-01-08,CON
14790879,13587166,2012-08-16,CON
14790879,14264298,2014-04-29,CON
14790881,13258903,2011-09-22,DIV
14790882,62020423,2014-07-03,PRO
14790883,13808876,2013-01-07,DIV
14790883,PCT/KR2011/005013,2011-07-08,NST
14790884,62020868,2014-07-03,PRO
14790885,62022813,2014-07-10,PRO
14790886,62020707,2014-07-03,PRO
14790888,12959115,2010-12-02,DIV
14790889,13325487,2011-12-14,CON
14790889,13551521,2012-07-17,CON
14790889,14534481,2014-11-06,CON
14790891,62022856,2014-07-10,PRO
14790891,62022873,2014-07-10,PRO
14790891,62040214,2014-08-21,PRO
14790892,62044887,2014-09-02,PRO
14790892,62057090,2014-09-29,PRO
14790893,60968302,2007-08-27,PRO
14790893,12199795,2008-08-27,CON
14790898,12632330,2009-12-07,CON
14790898,13926655,2013-06-25,CON
14790899,13890382,2013-05-09,DIV
14790902,10266795,2002-10-08,CON
14790902,14034530,2013-09-23,DIV
14790905,62026510,2014-07-18,PRO
14790907,62020715,2014-07-03,PRO
14790909,13302247,2011-11-22,CON
14790909,14197967,2014-03-05,CON
14790913,62020711,2014-07-03,PRO
14790917,14324019,2014-07-03,CIP
14790921,62020638,2014-07-03,PRO
14790922,12958598,2010-12-02,CON
14790922,14205547,2014-03-12,CON
14790923,60107875,1998-11-09,PRO
14790923,09437209,1999-11-09,CON
14790923,09712736,2000-11-14,CON
14790923,10322059,2002-12-17,DIV
14790923,10763087,2004-01-22,CON
14790928,62020723,2014-07-03,PRO
14790929,62020559,2014-07-03,PRO
14790931,14582822,2014-12-24,CIP
14790933,12817953,2010-06-17,DIV
14790935,13627492,2012-09-26,CON
14790938,12265732,2008-11-05,CON
14790939,09870402,2001-05-30,CIP
14790939,10072546,2002-02-08,CIP
14790939,10209210,2002-07-30,CON
14790939,13014424,2011-01-26,CON
14790939,14288341,2014-05-27,CON
14790940,61755660,2013-01-23,PRO
14790940,14162720,2014-01-23,CON
14790941,62020816,2014-07-03,PRO
14790942,14290793,2014-05-29,CIP
14790945,13311383,2011-12-05,CON
14790945,14048616,2013-10-08,CON
14790945,14491266,2014-09-19,CON
14790946,61454686,2011-03-21,PRO
14790946,13426241,2012-03-21,DIV
14790948,62020607,2014-07-03,PRO
14790948,62061076,2014-10-07,PRO
14790951,62020660,2014-07-03,PRO
14790952,61525835,2011-08-21,PRO
14790952,61543288,2011-10-04,PRO
14790952,61549236,2011-10-20,PRO
14790952,13567620,2012-08-06,CON
14790954,62020122,2014-07-02,PRO
14790958,PCT/CN2014/070181,2014-01-06,CON
14790959,13785742,2013-03-05,CON
14790961,13513469,2012-09-17,CON
14790961,14250741,2014-04-11,CON
14790961,PCT/JP12/58282,2012-03-22,NST
14790962,62020851,2014-07-03,PRO
14790962,62083758,2014-11-24,PRO
14790962,62188251,2015-07-02,PRO
14790963,62020191,2014-07-02,PRO
14790966,62024046,2014-07-14,PRO
14790968,62020669,2014-07-03,PRO
14790969,13974122,2013-08-23,CON
14790970,62020692,2014-07-03,PRO
14790972,62021006,2014-07-03,PRO
14790973,12415556,2009-03-31,DIV
14790973,13233802,2011-09-15,CON
14790973,13660724,2012-10-25,CON
14790977,62020389,2014-07-02,PRO
14790978,62019961,2014-07-02,PRO
14790981,14136094,2013-12-20,CON
14790982,62026718,2014-07-21,PRO
14790986,13846292,2013-03-18,CON
14790987,61606536,2012-03-05,PRO
14790987,61684245,2012-08-17,PRO
14790987,13785748,2013-03-05,CIP
14790987,14336408,2014-07-21,CIP
14790987,14470600,2014-08-27,CIP
14790987,14729326,2015-06-03,CIP
14790988,62021081,2014-07-04,PRO
14790988,62033895,2014-08-06,PRO
14790989,13645147,2012-10-04,CON
14790990,PCT/JP2013/007701,2013-12-27,CON
14790991,62026510,2014-07-18,PRO
14790997,62020433,2014-07-03,PRO
14791000,62031709,2014-07-31,PRO
14791004,62020717,2014-07-03,PRO
14791006,61606536,2012-03-05,PRO
14791006,61684245,2012-08-17,PRO
14791006,13785748,2013-03-05,CIP
14791006,14336408,2014-07-21,CIP
14791006,14470600,2014-08-27,CIP
14791006,14729326,2015-06-03,CIP
14791007,14114193,2013-10-25,CON
14791007,PCT/US2012/035671,2012-04-27,NST
14791009,61692912,2012-08-24,PRO
14791009,61692959,2012-08-24,PRO
14791009,61692966,2012-08-24,PRO
14791009,13794631,2013-03-11,DIV
14791010,62020977,2014-07-03,PRO
14791011,62020859,2014-07-03,PRO
14791012,PCT/IB2014/000528,2014-04-08,CIP
14791014,11951232,2007-12-05,DIV
14791015,62020016,2014-07-02,PRO
14791023,62024256,2014-07-14,PRO
14791025,61724375,2012-11-09,PRO
14791025,61780312,2013-03-13,PRO
14791025,61800452,2013-03-15,PRO
14791025,14076201,2013-11-09,CON
14791026,12112588,2008-04-30,CIP
14791026,13316205,2011-12-09,CIP
14791026,13402394,2012-02-22,CON
14791027,62020646,2014-07-03,PRO
14791030,12797512,2010-06-09,CON
14791030,14245916,2014-04-04,CON
14791031,12090478,2008-04-16,CON
14791031,PCT/IL06/01188,2006-10-16,NST
14791032,13880329,2013-04-18,CON
14791032,PCT/KR2011/010133,2011-12-27,NST
14791034,13566295,2012-08-03,CON
14791036,12008139,2008-01-09,CON
14791036,12853927,2010-08-10,CON
14791036,13436637,2012-03-30,CON
14791036,13910035,2013-06-04,CON
14791039,62020977,2014-07-03,PRO
14791040,13943375,2013-07-16,CON
14791044,13497524,2012-03-21,DIV
14791044,PCT/KR2010/006060,2010-07-09,NST
14791045,13294434,2011-11-11,CIP
14791045,13783052,2013-03-01,CON
14791045,14157438,2014-01-16,CON
14791047,14003481,2013-09-06,CON
14791047,PCT/US2012/051734,2012-08-21,NST
14791051,13955587,2013-07-31,DIV
14791052,62020286,2014-07-02,PRO
14791053,61709798,2012-10-04,PRO
14791053,14045163,2013-10-03,CON
14791055,13181377,2011-07-12,CON
14791057,13990360,2013-05-29,DIV
14791057,14320698,2014-07-01,DIV
14791057,PCT/US2011/059549,2011-11-07,NST
14791058,62020585,2014-07-03,PRO
14791060,14214112,2014-03-14,CON
14791062,14446771,2014-07-30,CON
14791063,12634478,2009-12-09,CON
14791068,12944114,2010-11-11,DIV
14791068,14299775,2014-06-09,CON
14791069,61484170,2011-05-09,PRO
14791069,61570185,2011-12-13,PRO
14791069,13467002,2012-05-08,CON
14791074,62040185,2014-08-21,PRO
14791076,61249263,2009-10-07,PRO
14791076,61286403,2009-12-15,PRO
14791076,61329109,2010-04-29,PRO
14791076,61330997,2010-05-04,PRO
14791076,61333809,2010-05-12,PRO
14791076,61347468,2010-05-24,PRO
14791076,PCT/IB10/54538,2010-10-07,NST
14791076,13500409,2012-04-05,CON
14791078,60402287,2002-08-09,PRO
14791078,10637267,2003-08-09,CON
14791078,12885061,2010-09-17,CON
14791078,14192802,2014-02-27,CON
14791079,62020844,2014-07-03,PRO
14791082,13899114,2013-05-21,DIV
14791089,61863801,2013-08-08,PRO
14791089,14011642,2013-08-27,CIP
14791089,62050665,2014-09-15,PRO
14791093,11469899,2006-09-05,CON
14791094,61534503,2011-09-14,PRO
14791094,13617782,2012-09-14,CON
14791098,13369436,2012-02-09,CON
14791098,14156579,2014-01-16,CON
14791099,13275081,2011-10-17,CON
14791100,12401020,2009-03-10,CON
14791100,13363129,2012-01-31,CON
14791100,13935092,2013-07-03,CON
14791102,11693607,2007-03-29,REI
14791102,13967051,2013-08-14,DIV
14791104,12850882,2010-08-05,CON
14791104,13210129,2011-08-15,CON
14791105,62040185,2014-08-21,PRO
14791106,62020192,2014-07-02,PRO
14791107,12303872,2010-03-01,DIV
14791107,PCT/NZ2007/000146,2007-06-08,NST
14791108,12986998,2011-01-07,CON
14791108,13856880,2013-04-04,CON
14791110,14151753,2014-01-09,CON
14791111,61194043,2008-09-23,PRO
14791111,61206975,2009-02-05,PRO
14791111,61271538,2009-07-21,PRO
14791111,61275731,2009-09-01,PRO
14791111,61277216,2009-09-21,PRO
14791111,61277249,2009-09-21,PRO
14791111,61277200,2009-09-21,PRO
14791111,61277204,2009-09-21,PRO
14791111,61277203,2009-09-21,PRO
14791111,61277270,2009-09-22,PRO
14791111,12586626,2009-09-23,CON
14791113,60673872,2005-04-22,PRO
14791113,11406878,2006-04-19,CON
14791113,12776769,2010-05-10,CON
14791113,13236147,2011-09-19,CON
14791113,13706811,2012-12-06,CON
14791113,14164670,2014-01-27,CON
14791114,13276125,2011-10-18,DIV
14791115,62020088,2014-07-02,PRO
14791115,62154672,2015-04-29,PRO
14791119,13471306,2012-05-14,DIV
14791122,14034827,2013-09-24,CON
14791123,12465355,2009-05-13,REI
14791123,14020445,2013-09-06,CON
14791124,62020317,2014-07-02,PRO
14791126,14033324,2013-09-20,CON
14791128,62020787,2014-07-03,PRO
14791133,61534503,2011-09-14,PRO
14791133,13617782,2012-09-14,CON
14791137,62020332,2014-07-02,PRO
14791138,62020908,2014-07-03,PRO
14791138,62020915,2014-07-03,PRO
14791140,61570606,2011-12-14,PRO
14791140,13709189,2012-12-10,CON
14791142,10598026,2007-10-18,CON
14791142,14333134,2014-07-16,CON
14791142,PCT/NZ05/00023,2005-02-18,NST
14791145,11818345,2007-06-13,CON
14791145,13916357,2013-06-12,CON
14791145,14270147,2014-05-05,CON
14791146,61655952,2012-06-05,PRO
14791146,61677432,2012-07-30,PRO
14791146,13910980,2013-06-05,CON
14791147,13880502,2013-07-03,CON
14791147,PCT/US2011/056182,2011-10-13,NST
14791149,61534503,2011-09-14,PRO
14791149,13617782,2012-09-14,CON
14791152,12305675,2010-01-13,CON
14791152,13667634,2012-11-02,CON
14791152,14026164,2013-09-13,CON
14791152,14335206,2014-07-18,CON
14791152,PCT/US2007/071854,2007-06-22,NST
14791155,61035767,2008-03-12,PRO
14791155,PCT/US09/36891,2009-03-12,NST
14791155,12921932,2010-12-13,CON
14791157,12313554,2008-11-21,CON
14791159,62020714,2014-07-03,PRO
14791163,13869731,2013-04-24,CON
14791164,14079503,2013-11-13,CON
14791166,62020332,2014-07-02,PRO
14791169,61417739,2010-11-29,PRO
14791169,13306850,2011-11-29,CON
14791169,14513200,2014-10-13,CON
14791172,61106472,2008-10-17,PRO
14791172,61153271,2009-02-17,PRO
14791172,12543968,2009-08-19,CIP
14791172,12544136,2009-08-19,CIP
14791172,61295562,2010-01-15,PRO
14791172,12706576,2010-02-16,CIP
14791172,12840978,2010-07-21,CIP
14791172,61374594,2010-08-17,PRO
14791172,61431827,2011-01-11,PRO
14791172,61431830,2011-02-07,PRO
14791172,61493174,2011-06-03,PRO
14791172,13210581,2011-08-16,CIP
14791172,13347445,2012-01-10,CON
14791175,62020515,2014-07-03,PRO
14791184,62020053,2014-07-02,PRO
14791185,12696627,2010-01-29,CON
14791185,13358928,2012-01-26,CON
14791185,13570716,2012-08-09,REI
14791186,62020539,2014-07-03,PRO
14791192,62020895,2014-07-03,PRO
14791192,62106137,2015-01-21,PRO
14791195,PCT/US2015/037546,2015-06-24,CON
14791197,61234959,2009-08-18,PRO
14791197,12852411,2010-08-06,CIP
14791197,13973712,2013-08-22,CIP
14791200,PCT/US2015/037546,2015-06-24,CON
14791206,62020524,2014-07-03,PRO
14791209,61847514,2013-07-17,PRO
14791209,14309841,2014-06-19,CON
14791210,13605734,2012-09-06,CON
14791210,PCT/US2011/028004,2011-03-10,CON
14791211,13960663,2013-08-06,CON
14791213,13830207,2013-03-14,DIV
14791217,61600493,2012-02-17,PRO
14791217,61705996,2012-09-26,PRO
14791217,13770935,2013-02-19,DIV
14791220,62020913,2014-07-03,PRO
14791226,PCT/EP2014/050231,2014-01-08,CON
14791231,13900503,2013-05-22,CON
14791232,PCT/CN2013/088893,2013-12-09,CON
14791233,62021627,2014-07-07,PRO
14791236,62019942,2014-07-02,PRO
14791240,PCT/IL2014/050008,2014-01-05,CIP
14791244,14257165,2014-04-21,CON
14791246,60118810,1999-02-05,CIP
14791246,60131398,1999-04-28,CIP
14791246,60134674,1999-05-18,CIP
14791246,10183093,2002-06-26,CON
14791246,12188322,2008-08-08,CON
14791247,PCT/CN2015/072045,2015-01-30,CON
14791251,62019983,2014-07-02,PRO
14791253,60407444,2002-08-30,PRO
14791253,PCT/US03/27415,2003-09-02,NST
14791253,10526153,2006-01-26,DIV
14791253,11838040,2007-08-13,CON
14791253,13092940,2011-04-23,DIV
14791254,62019966,2014-07-02,PRO
14791255,62021016,2014-07-04,PRO
14791259,62023187,2014-07-11,PRO
14791262,12006302,2007-12-29,CON
14791263,61438246,2011-01-31,PRO
14791263,13349538,2012-01-12,DIV
14791265,13747492,2013-01-23,DIV
14791270,62021728,2014-07-08,PRO
14791271,13239398,2011-09-22,DIV
14791271,PCT/JP2010/002106,2010-03-25,CON
14791272,61998634,2014-07-03,PRO
14791284,62020519,2014-07-03,PRO
14791287,14038275,2013-09-26,CON
14791292,62022077,2014-07-08,PRO
14791293,13583948,2013-02-13,CON
14791293,PCT/EP2011/054283,2011-03-22,NST
14791294,62022077,2014-07-08,PRO
14791298,12497638,2009-07-03,DIV
14791300,13826348,2013-03-14,CON
14791301,60786478,2006-03-28,PRO
14791301,11726527,2007-03-22,CON
14791302,62021039,2014-07-04,PRO
14791303,13757059,2013-02-01,DIV
14791304,61713557,2012-10-14,PRO
14791304,61713558,2012-10-14,PRO
14791304,61713559,2012-10-14,PRO
14791304,61713560,2012-10-14,PRO
14791304,61713561,2012-10-14,PRO
14791304,61713563,2012-10-14,PRO
14791304,14052758,2013-10-13,CON
14791306,61470938,2011-04-01,PRO
14791306,13432784,2012-03-28,CON
14791308,61576315,2011-12-15,PRO
14791308,13623232,2012-09-20,DIV
14791311,12269439,2008-11-12,CON
14791311,13420938,2012-03-15,CIP
14791311,13958009,2013-08-02,CIP
14791311,14489036,2014-09-17,CIP
14791312,11673649,2007-02-12,CIP
14791312,11949035,2007-12-02,CIP
14791312,12777224,2010-05-10,CIP
14791312,13623240,2012-09-20,DIV
14791314,13984028,2013-08-22,CON
14791314,PCT/IL2012/050037,2012-02-06,NST
14791316,61449746,2011-03-07,PRO
14791316,13413252,2012-03-06,CON
14791317,60405909,2002-08-26,PRO
14791317,10292732,2002-11-12,DIV
14791317,11811911,2007-06-12,CIP
14791317,12592237,2009-11-21,CON
14791319,61831095,2013-06-04,PRO
14791319,14295742,2014-06-04,CON
14791320,62021035,2014-07-04,PRO
14791321,61831095,2013-06-04,PRO
14791321,14295742,2014-06-04,CON
14791328,62020633,2014-07-03,PRO
14791329,61831095,2013-06-04,PRO
14791329,14295742,2014-06-04,CON
14791332,13848791,2013-03-22,CON
14791333,13199339,2011-08-26,CON
14791339,62020878,2014-07-03,PRO
14791346,12355808,2009-01-19,CON
14791347,62021060,2014-07-04,PRO
14791350,13376839,2012-02-06,CON
14791350,PCT/EP2010/003459,2010-06-09,NST
14791351,62020627,2014-07-03,PRO
14791353,61259973,2009-11-10,PRO
14791353,12927311,2010-11-10,CIP
14791353,12927311,2010-11-10,CON
14791353,14736212,2015-06-10,CIP
14791355,62020398,2014-07-03,PRO
14791363,11837064,2007-08-10,CON
14791363,12644794,2009-12-22,CON
14791363,13567183,2012-08-06,CON
14791363,14143156,2013-12-30,CIP
14791363,14496355,2014-09-25,CON
14791366,14063946,2013-10-25,CIP
14791369,62021097,2014-07-04,PRO
14791372,62020832,2014-07-03,PRO
14791375,13902542,2013-05-24,CON
14791381,62037995,2014-08-15,PRO
14791382,62038005,2014-08-15,PRO
14791384,62038013,2014-08-15,PRO
14791387,60156066,1999-09-24,PRO
14791387,09669255,2000-09-25,CON
14791387,10857565,2004-05-28,CON
14791387,13561846,2012-07-30,CON
14791387,14228951,2014-03-28,CON
14791389,62021614,2014-07-07,PRO
14791392,62020462,2014-07-03,PRO
14791395,61822834,2013-05-13,PRO
14791395,14245919,2014-04-04,CIP
14791395,14540995,2014-11-13,CIP
14791397,61554393,2011-11-01,PRO
14791397,61702653,2012-09-18,PRO
14791397,13653160,2012-10-16,CON
14791399,62020740,2014-07-03,PRO
14791400,13919841,2013-09-16,CIP
14791400,13919896,2013-09-16,CIP
14791402,62021129,2014-07-05,PRO
14791403,62020970,2014-07-03,PRO
14791404,60020296,1995-11-13,PRO
14791404,08747420,1996-11-12,CON
14791404,09632154,2000-08-03,CON
14791404,11591878,2006-11-02,CON
14791404,12353218,2009-01-13,CON
14791404,12406968,2009-03-19,CON
14791404,12406970,2009-03-19,CON
14791404,13083504,2011-04-08,CON
14791404,13084195,2011-04-11,CON
14791404,13162540,2011-06-16,CON
14791404,14133616,2013-12-18,CON
14791406,14107595,2013-12-16,CON
14791411,62024444,2014-07-14,PRO
14791412,61615837,2012-03-26,PRO
14791412,13850267,2013-03-25,CON
14791414,61828713,2013-05-30,PRO
14791414,61838296,2013-06-23,PRO
14791414,61846089,2013-07-15,PRO
14791414,14140635,2013-12-26,CIP
14791414,61929992,2014-01-22,PRO
14791414,61972435,2014-03-31,PRO
14791414,61986341,2014-04-30,PRO
14791414,PCT/US14/40112,2014-05-30,CON
14791414,14312787,2014-06-24,CIP
14791414,62021125,2014-07-05,PRO
14791417,13919841,2013-09-16,CIP
14791417,13919896,2013-09-16,CIP
14791419,62021069,2014-07-04,PRO
14791422,11283891,2005-11-22,CON
14791422,13114292,2011-05-24,CON
14791422,13526510,2012-06-18,CON
14791422,14093142,2013-11-29,CON
14791423,62021168,2014-07-06,PRO
14791428,61787811,2013-03-15,PRO
14791428,14214981,2014-03-16,CON
14791451,61381602,2010-09-10,PRO
14791451,13227534,2011-09-08,CON
14791452,61997173,2014-05-23,PRO
14791452,14122000,2014-11-13,CIP
14791455,13228689,2011-09-09,CON
14791455,14221821,2014-03-21,CON
14791456,60934407,2007-06-13,PRO
14791456,11974983,2007-10-17,CON
14791456,14136213,2013-12-20,CON
14791460,61754484,2013-01-18,PRO
14791460,61845238,2013-07-11,PRO
14791460,61845244,2013-07-11,PRO
14791460,61845248,2013-07-11,PRO
14791460,PCT/US14/12128,2014-01-17,CON
14791467,11660128,2007-07-13,DIV
14791467,12987878,2011-01-10,CON
14791467,13647326,2012-10-08,CON
14791467,14251596,2014-04-12,CON
14791467,PCT/GB2005/003160,2005-08-12,NST
14791468,10568111,2006-07-13,DIV
14791468,12707073,2010-02-17,CON
14791468,13650048,2012-10-11,CON
14791468,PCT/GB04/03488,2004-08-12,NST
14791474,61724292,2012-11-08,PRO
14791474,13918980,2013-06-16,DIV
14791479,11917993,2008-03-04,CON
14791479,PCT/US2006/023976,2008-03-04,NST
14791481,14466970,2014-08-23,DIV
14791482,14280568,2014-05-17,CON
14791487,13444809,2012-04-11,CON
14791491,13629406,2012-09-27,DIV
14791494,62023174,2014-07-10,PRO
14791499,11713622,2007-03-05,CON
14791502,13471466,2012-05-15,CIP
14791505,61750921,2013-01-10,PRO
14791505,61754925,2013-01-21,PRO
14791505,61757181,2013-01-27,PRO
14791505,61762912,2013-02-10,PRO
14791505,61892412,2013-10-17,PRO
14791505,PCT/US13/77886,2013-12-26,CON
14791507,PCT/IB2014/058073,2014-01-06,CIP
14791508,61607541,2012-03-06,PRO
14791508,13787529,2013-03-06,DIV
14791510,62023334,2014-07-11,PRO
14791511,13349964,2012-01-13,DIV
14791514,61488646,2011-05-20,PRO
14791514,13479099,2012-05-23,CON
14791520,61639714,2012-04-27,PRO
14791520,13631217,2012-09-28,CON
14791521,13770103,2013-02-19,CON
14791521,14319020,2014-06-30,CON
14791522,61792654,2013-03-15,PRO
14791522,14213315,2014-03-14,CON
14791528,13994277,2013-09-24,CIP
14791531,29496191,2014-07-10,CON
14791531,62022852,2014-07-10,PRO
14791531,29511377,2014-12-10,CON
14791532,61500335,2011-06-23,PRO
14791532,13493055,2012-06-11,DIV
14791533,13123446,2011-04-08,CON
14791533,PCT/SE2009/000456,2009-10-12,NST
14791536,13251304,2011-10-03,CON
14791541,12320095,2009-01-16,CON
14791541,13833113,2013-03-15,CON
14791541,14316576,2014-06-26,CON
14791542,13701558,2012-12-03,CON
14791542,PCT/IL2011/000435,2011-06-02,NST
14791543,PCT/JP2014/001012,2014-02-26,CON
14791548,12718492,2010-03-05,DIV
14791548,14332446,2014-07-16,DIV
14791548,PCT/JP2009/065261,2009-09-01,CON
14791553,12977181,2010-12-23,CON
14791554,13484336,2012-05-31,DIV
14791554,13484408,2012-05-31,DIV
14791554,14567308,2014-12-11,CIP
14791554,14567369,2014-12-11,CIP
14791554,PCT/US2011/062096,2011-11-23,CON
14791554,PCT/US2011/062099,2011-11-23,CON
14791554,PCT/US2014/019210,2014-02-28,CON
14791554,PCT/US2014/031000,2014-03-18,CON
14791555,13974400,2013-08-23,CON
14791556,61537343,2011-09-21,PRO
14791556,13281261,2011-10-25,CON
14791562,13474094,2012-05-17,DIV
14791563,61378982,2010-09-01,PRO
14791563,61416346,2010-11-23,PRO
14791563,61438356,2011-02-01,PRO
14791563,61510137,2011-07-21,PRO
14791563,PCT/US11/50124,2011-09-01,NST
14791563,13812304,2013-01-25,DIV
14791567,62022049,2014-07-08,PRO
14791568,12597759,2009-10-27,DIV
14791568,13632904,2012-10-01,CON
14791568,14302640,2014-06-12,CON
14791568,PCT/SE2008/050374,2008-03-31,NST
14791569,13062674,2011-05-13,CON
14791569,13633792,2012-10-02,CON
14791569,PCT/EP2009/005831,2009-08-11,NST
14791570,10693222,2003-10-24,CON
14791571,14045054,2013-10-03,DIV
14791573,62021315,2014-07-07,PRO
14791575,62023215,2014-07-11,PRO
14791577,12833202,2010-07-09,DIV
14791577,13618225,2012-09-14,DIV
14791583,13609313,2012-09-11,DIV
14791585,13147963,2011-08-04,CON
14791585,PCT/JP2010/001278,2010-02-25,NST
14791587,61823861,2013-05-15,PRO
14791587,61875653,2013-09-09,PRO
14791587,14277902,2014-05-15,CIP
14791587,62116616,2015-02-16,PRO
14791588,13020385,2011-02-03,DIV
14791597,61537179,2011-09-21,PRO
14791597,13623925,2012-09-21,CON
14791598,12161151,2010-03-30,CON
14791598,13112138,2011-05-20,CON
14791598,13837423,2013-03-15,CON
14791598,PCT/JP2007/050563,2007-01-17,NST
14791600,62022525,2014-07-09,PRO
14791606,12526382,2009-08-07,DIV
14791606,PCT/EP2008/051447,2008-02-06,NST
14791609,62022535,2014-07-09,PRO
14791610,PCT/JP2013/083945,2013-12-18,CON
14791611,61528739,2011-08-29,PRO
14791611,61670974,2012-07-12,PRO
14791611,13598130,2012-08-29,CON
14791614,PCT/JP2014/075558,2014-09-26,CON
14791617,61288525,2009-12-21,PRO
14791617,12751997,2010-03-31,CON
14791617,13652591,2012-10-16,CON
14791618,13984882,2013-08-12,DIV
14791618,PCT/JP2012/052353,2012-02-02,NST
14791620,14058498,2013-10-21,CON
14791622,10521628,2005-09-08,CIP
14791622,12729046,2010-03-22,CIP
14791622,13551878,2012-07-18,DIV
14791622,PCT/GB2003/003016,2003-07-15,NST
14791625,13792841,2013-03-11,DIV
14791627,61721246,2012-11-01,PRO
14791627,14069822,2013-11-01,CON
14791628,11835844,2007-08-08,CON
14791631,61894521,2013-10-23,PRO
14791631,14511527,2014-10-10,CON
14791634,61330757,2010-05-03,PRO
14791634,61371355,2010-08-06,PRO
14791634,13098123,2011-04-29,CON
14791635,14036648,2013-09-25,CON
14791637,14202144,2014-03-10,CIP
14791639,13276789,2011-10-19,CON
14791642,61019049,2008-01-04,PRO
14791642,12346443,2008-12-30,DIV
14791642,13293528,2011-11-10,CON
14791642,14179280,2014-02-12,CON
14791643,13390043,2012-02-10,CIP
14791643,PCT/KR2010/005206,2010-08-09,NST
14791645,61998700,2014-07-07,PRO
14791649,13551705,2012-07-18,CON
14791650,61267913,2009-12-09,PRO
14791650,12964567,2010-12-09,CIP
14791650,12967637,2010-12-14,DIV
14791650,14305119,2014-06-16,DIV
14791657,62021152,2014-07-06,PRO
14791659,13915885,2013-06-12,DIV
14791664,11724452,2007-03-15,CON
14791664,12837389,2010-07-15,CON
14791664,13595844,2012-08-27,CON
14791664,14062058,2013-10-24,CON
14791664,14456628,2014-08-11,CON
14791666,61000181,2007-10-25,PRO
14791666,12256793,2008-10-23,CON
14791666,13566269,2012-08-03,CON
14791668,13915885,2013-06-12,DIV
14791677,62022281,2014-07-09,PRO
14791685,62020472,2014-07-03,PRO
14791687,62021254,2014-07-07,PRO
14791690,13979140,2013-09-23,DIV
14791690,PCT/IB2012/050133,2012-01-11,NST
14791691,12309135,2010-01-04,CON
14791691,PCT/EP2007/056890,2007-07-06,NST
14791692,13894335,2013-05-14,CON
14791698,14391435,2014-10-09,CON
14791698,PCT/JP2013/061340,2013-04-09,NST
14791699,12586649,2009-09-25,CON
14791699,13555894,2012-07-23,CON
14791701,13646146,2012-10-05,CON
14791704,60830367,2006-07-12,PRO
14791704,11805078,2007-05-22,DIV
14791704,12961117,2010-12-06,CON
14791705,61235997,2009-08-21,PRO
14791705,12860624,2010-08-20,CON
14791705,14206976,2014-03-12,CON
14791706,10144586,2002-05-13,DIV
14791706,11093803,2005-03-30,CON
14791706,13484587,2012-05-31,CON
14791709,13772885,2013-02-21,CON
14791711,13744555,2013-01-18,CIP
14791715,13179861,2011-07-11,CON
14791716,PCT/CN2013/085118,2013-10-12,CON
14791717,62023404,2014-07-11,PRO
14791717,62033229,2014-08-05,PRO
14791718,61540666,2011-09-29,PRO
14791718,13625968,2012-09-25,DIV
14791721,61102603,2008-10-03,PRO
14791721,12571913,2009-10-01,CON
14791721,13595367,2012-08-27,CON
14791722,PCT/CN2013/089802,2013-12-18,CON
14791725,14262269,2014-04-25,CON
14791726,PCT/CN2014/073401,2014-03-13,CON
14791728,13713293,2012-12-13,CON
14791730,PCT/CN2014/070061,2014-01-03,CON
14791731,13522599,2012-08-27,DIV
14791731,PCT/EP2011/050596,2011-01-18,NST
14791732,14299170,2014-06-09,DIV
14791733,61541034,2011-09-29,PRO
14791733,13485509,2012-05-31,CON
14791734,10586294,2007-05-18,CON
14791734,13900666,2013-05-23,CON
14791734,14248809,2014-04-09,CON
14791734,14448659,2014-07-31,CON
14791734,14567553,2014-12-11,CON
14791734,PCT/EP2004/014187,2004-12-13,NST
14791737,14749782,2015-06-25,CON
14791739,11040847,2005-01-21,CON
14791739,14187693,2014-02-24,CON
14791740,PCT/JP2014/061173,2014-04-21,CON
14791741,61093967,2008-09-03,PRO
14791741,61140459,2008-12-23,PRO
14791741,61229088,2009-07-28,PRO
14791741,13062141,2011-05-20,CON
14791741,13968551,2013-08-16,CON
14791741,PCT/US2009/052045,2009-07-29,NST
14791741,PCT/US2009/055890,2009-09-03,NST
14791742,13421500,2012-03-15,CON
14791744,10048786,2002-08-06,DIV
14791744,11414432,2006-05-01,DIV
14791744,12958718,2010-12-02,CON
14791744,13916930,2013-06-13,CON
14791744,PCT/EP00/07602,2000-08-04,NST
14791747,14208076,2014-03-13,CON
14791748,13018039,2011-01-31,DIV
14791754,09821653,2001-03-28,CIP
14791754,10665345,2003-09-20,CIP
14791754,10935538,2004-09-07,CON
14791754,11894350,2007-08-21,CON
14791754,12930155,2010-12-29,DIV
14791755,61536103,2011-09-19,PRO
14791755,13290100,2011-11-06,CON
14791759,62021641,2014-07-07,PRO
14791761,13488182,2012-06-04,DIV
14791764,13018039,2011-01-31,CON
14791764,PCT/US12/23207,2012-01-31,NST
14791764,14006348,2014-05-07,CON
14791766,62028415,2014-07-24,PRO
14791770,11067836,2005-02-28,DIV
14791770,11981153,2007-10-31,CON
14791770,12984261,2011-01-04,DIV
14791770,14337532,2014-07-22,DIV
14791772,61426183,2010-12-22,PRO
14791772,13332500,2011-12-21,DIV
14791773,61484966,2011-05-11,PRO
14791773,13468167,2012-05-10,CON
14791773,14291651,2014-05-30,CON
14791775,10048786,2002-08-06,DIV
14791775,11414432,2006-05-01,DIV
14791775,12958718,2010-12-02,CON
14791775,13916930,2013-06-13,CON
14791775,PCT/EP00/07602,2000-08-04,NST
14791776,PCT/KR2013/012381,2013-12-30,CON
14791777,12291868,2008-11-14,CON
14791777,12971745,2010-12-17,CIP
14791777,13623906,2012-09-21,CON
14791780,62023405,2014-07-11,PRO
14791783,61657484,2012-06-08,PRO
14791783,61808727,2013-04-05,PRO
14791783,13912281,2013-06-07,DIV
14791785,62021346,2014-07-07,PRO
14791787,61539213,2011-09-26,PRO
14791787,13554470,2012-07-20,CON
14791788,60522490,2004-10-06,PRO
14791788,11245488,2005-10-06,CON
14791790,12607178,2009-10-28,CIP
14791792,62021441,2014-07-07,PRO
14791793,62020626,2014-07-03,PRO
14791795,13397957,2012-02-16,DIV
14791798,62020785,2014-07-03,PRO
14791800,61426183,2010-12-22,PRO
14791800,13332500,2011-12-21,DIV
14791801,13679631,2012-11-16,CON
14791802,12769751,2010-04-29,CON
14791808,14043063,2013-10-01,DIV
14791814,62021391,2014-07-07,PRO
14791815,62021496,2014-07-07,PRO
14791816,62021374,2014-07-07,PRO
14791820,61612907,2012-03-19,PRO
14791820,13846630,2013-03-18,CON
14791824,14135925,2013-12-20,CON
14791826,12266268,2008-11-06,CON
14791829,13647602,2012-10-09,DIV
14791833,61426183,2010-12-22,PRO
14791833,13332500,2011-12-21,DIV
14791835,62040637,2014-08-22,PRO
14791836,62021451,2014-07-07,PRO
14791839,12415488,2009-03-31,CON
14791840,12505576,2009-07-20,CON
14791840,13400434,2012-02-20,CON
14791840,14252832,2014-04-15,CON
14791848,10723460,2003-11-26,CIP
14791848,11187709,2005-07-22,CON
14791848,11940285,2007-11-14,CON
14791848,14525177,2014-10-27,CON
14791851,62020458,2014-07-03,PRO
14791851,62048590,2014-09-10,PRO
14791855,10699024,2003-10-31,CON
14791858,PCT/US2014/012627,2014-01-23,CON
14791859,11016504,2004-12-17,DIV
14791859,12569478,2009-09-29,CON
14791859,13156686,2011-06-09,CON
14791859,13908531,2013-06-03,CON
14791859,14469752,2014-08-27,CON
14791862,12710926,2010-02-23,CON
14791862,14304526,2014-06-13,CON
14791864,13551166,2012-07-17,CIP
14791864,62021637,2014-07-07,PRO
14791866,10723460,2003-11-26,CIP
14791866,11187709,2005-07-22,CON
14791866,11940285,2007-11-14,CON
14791866,14525177,2014-10-27,CON
14791868,61426183,2010-12-22,PRO
14791868,13332500,2011-12-21,DIV
14791871,13155772,2011-06-08,CON
14791873,60669278,2005-04-07,PRO
14791873,11279007,2006-04-07,CON
14791875,60933033,2007-06-04,PRO
14791875,12156747,2008-06-04,DIV
14791875,13454309,2012-04-24,DIV
14791876,60574429,2004-05-25,PRO
14791876,11136395,2005-05-25,CON
14791876,13845162,2013-03-18,CON
14791879,61348823,2010-05-27,PRO
14791879,13118035,2011-05-27,CON
14791880,09364557,1999-07-29,DIV
14791880,09975898,2001-10-10,CIP
14791880,10843203,2004-05-10,CON
14791880,10866520,2004-06-10,CON
14791880,12126440,2008-05-23,CON
14791880,13604267,2012-09-05,CON
14791880,13972356,2013-08-21,CON
14791882,12342384,2008-12-23,CON
14791882,13948155,2013-07-22,CON
14791884,PCT/JP2014/052298,2014-01-31,CON
14791886,13661431,2012-10-26,DIV
14791888,14395296,2014-10-17,CON
14791888,PCT/JP2012/068282,2012-07-19,NST
14791889,62021004,2014-07-03,PRO
14791890,13033668,2011-02-24,DIV
14791891,62021005,2014-07-03,PRO
14791892,62021663,2014-07-07,PRO
14791894,10586294,2007-05-18,CON
14791894,13900666,2013-05-23,CON
14791894,14248809,2014-04-09,CON
14791894,14448659,2014-07-31,CON
14791894,14567553,2014-12-11,CON
14791894,PCT/EP2004/014187,2004-12-13,NST
14791897,13332747,2011-12-21,CON
14791898,62022294,2014-07-09,PRO
14791901,60747588,2006-05-18,PRO
14791901,11750568,2007-05-18,CON
14791903,10983606,2004-11-09,CON
14791903,13770190,2013-02-19,CON
14791903,14221952,2014-03-21,CON
14791910,61842331,2013-07-02,PRO
14791910,14321348,2014-07-01,CON
14791913,13584899,2012-08-14,CON
14791917,14282510,2014-05-20,CON
14791918,62021293,2014-07-07,PRO
14791919,PCT/EP2014/050270,2014-01-09,CON
14791920,PCT/US2014/011271,2014-01-13,CON
14791922,13111222,2011-05-19,CON
14791922,14272600,2014-05-08,CON
14791931,13256985,2011-09-29,CON
14791931,PCT/EP10/53182,2010-03-12,NST
14791932,PCT/EP2014/050272,2014-01-09,CON
14791934,11087844,2005-03-23,DIV
14791934,12697322,2010-02-01,CIP
14791934,13161563,2011-06-16,DIV
14791934,14745792,2015-06-22,CIP
14791935,13979555,2013-07-12,CON
14791935,PCT/JP2011/065971,2011-07-13,NST
14791938,62024184,2014-07-14,PRO
14791939,14324935,2014-07-07,CIP
14791940,10575002,2006-04-06,CON
14791940,14061863,2013-10-24,CON
14791940,PCT/IB2004/051866,2004-09-27,NST
14791941,61467771,2011-03-25,PRO
14791941,61487648,2011-05-18,PRO
14791941,13428237,2012-03-23,CON
14791945,29496898,2014-07-18,CON
14791945,14448483,2014-07-31,CIP
14791946,12529832,2009-09-03,CON
14791946,14076524,2013-11-11,CON
14791946,PCT/CA2008/000477,2008-03-07,NST
14791947,PCT/US03/29776,2003-09-19,NST
14791947,10528269,2005-03-17,CIP
14791947,10533762,2005-05-04,CON
14791947,11709625,2007-02-22,CON
14791947,11956893,2007-12-14,CON
14791947,12429620,2009-04-24,CON
14791947,12727691,2010-03-19,CON
14791947,12979492,2010-12-28,CON
14791947,13716766,2012-12-17,CON
14791947,14450315,2014-08-04,CON
14791947,PCT/US2003/035381,2003-11-05,NST
14791948,13262091,2011-09-29,CON
14791948,13959036,2013-08-05,CON
14791948,14195139,2014-03-03,CON
14791948,PCT/US2010/029173,2010-03-30,NST
14791950,62021296,2014-07-07,PRO
14791951,13860936,2013-04-11,CON
14791952,61381800,2010-09-10,PRO
14791952,13229103,2011-09-09,CON
14791952,14034963,2013-09-24,CON
14791954,14094320,2013-12-02,CON
14791956,11725879,2007-03-20,CON
14791956,13043968,2011-03-09,CON
14791956,14182845,2014-02-18,CON
14791957,PCT/EP2013/050058,2013-01-03,CON
14791960,13630333,2012-09-28,CON
14791962,13206899,2011-08-10,DIV
14791964,61580913,2011-12-28,PRO
14791964,13721931,2012-12-20,CON
14791967,62026466,2014-07-18,PRO
14791971,62024086,2014-07-14,PRO
14791972,61405928,2010-10-22,PRO
14791972,PCT/US11/57083,2011-10-20,NST
14791972,13880880,2013-04-22,DIV
14791974,60834529,2006-07-31,PRO
14791974,11644019,2006-12-22,CIP
14791974,61306053,2010-02-19,PRO
14791974,13032045,2011-02-22,DIV
14791977,61838578,2013-06-24,PRO
14791977,61841624,2013-07-01,PRO
14791977,61914491,2013-12-11,PRO
14791977,61914538,2013-12-11,PRO
14791977,61924884,2014-01-08,PRO
14791977,61925311,2014-01-09,PRO
14791977,61928133,2014-01-16,PRO
14791977,61928644,2014-01-17,PRO
14791977,61929731,2014-01-21,PRO
14791977,61929874,2014-01-21,PRO
14791977,61933442,2014-01-30,PRO
14791977,62007004,2014-06-03,PRO
14791977,62008275,2014-06-05,PRO
14791977,14313960,2014-06-24,CON
14791977,14514988,2014-10-15,CON
14791977,14735782,2015-06-10,CON
14791978,61989757,2014-05-07,PRO
14791978,14706319,2015-05-07,CON
14791980,62021034,2014-07-04,PRO
14791980,62021036,2014-07-04,PRO
14791982,12695233,2010-01-28,CON
14791982,13532565,2012-06-25,CON
14791984,12818923,2010-06-18,CON
14791984,13918013,2013-06-14,CON
14791988,62020973,2014-07-03,PRO
14791989,14182111,2014-02-17,DIV
14791990,14175463,2014-02-07,CON
14791991,PCT/JP2013/067478,2013-06-26,CON
14791995,12916345,2010-10-29,DIV
14791997,61701178,2012-09-14,PRO
14791997,13790092,2013-03-08,CON
14792000,13737276,2013-01-09,DIV
14792002,12892357,2010-09-28,CON
14792002,13944655,2013-07-17,CON
14792002,14319913,2014-06-30,CON
14792004,12781534,2010-05-17,CON
14792006,12524571,2009-07-25,CON
14792006,14044466,2013-10-02,CON
14792006,14448734,2014-07-31,CON
14792006,PCT/CA2008/000179,2008-01-29,NST
14792011,61731840,2012-11-30,PRO
14792011,13826476,2013-03-14,CON
14792012,62028496,2014-07-24,CON
14792015,13012138,2011-01-24,CON
14792019,10985867,2004-11-12,CON
14792019,13586812,2012-08-15,CON
14792019,14632394,2015-02-26,CON
14792022,13914626,2013-06-11,DIV
14792024,61747764,2012-12-31,PRO
14792024,13951202,2013-07-25,DIV
14792026,62022455,2014-07-09,PRO
14792029,13337733,2011-12-27,CON
14792037,13096229,2011-04-28,CON
14792039,62020796,2014-07-03,PRO
14792039,62039046,2014-08-19,PRO
14792040,12701044,2010-02-05,CON
14792040,14093350,2013-11-29,CON
14792041,61084739,2008-07-30,PRO
14792041,12512769,2009-07-30,CON
14792041,13455773,2012-04-25,CON
14792042,13906656,2013-05-31,CON
14792046,62021473,2014-07-07,PRO
14792046,62061233,2014-10-08,PRO
14792046,62147218,2015-04-14,PRO
14792047,62020980,2014-07-03,PRO
14792052,60602711,2004-08-18,PRO
14792052,60603157,2004-08-18,PRO
14792052,11041145,2005-01-21,CIP
14792052,60753442,2005-12-23,PRO
14792052,11646136,2006-12-26,CON
14792052,12396439,2009-03-02,CON
14792052,13019214,2011-02-01,CON
14792057,13145208,2011-09-07,DIV
14792057,PCT/GB2010/000076,2010-01-19,NST
14792059,13668206,2012-11-02,CON
14792061,13563455,2012-07-31,CON
14792063,13364617,2012-02-02,CON
14792064,12343922,2008-12-24,CIP
14792064,13852669,2013-03-28,CON
14792065,62032918,2014-08-04,PRO
14792067,61298517,2010-01-26,PRO
14792067,61307821,2010-02-24,PRO
14792067,61352768,2010-06-08,PRO
14792067,13013721,2011-01-25,CON
14792070,62023321,2014-07-11,PRO
14792070,62049466,2014-09-12,PRO
14792072,61563437,2011-11-23,PRO
14792072,61664372,2012-06-26,PRO
14792072,13683932,2012-11-21,CON
14792072,14259644,2014-04-23,CON
14792074,12668554,2010-01-11,CON
14792074,14477461,2014-09-04,CON
14792074,PCT/JP2008/062313,2008-07-08,NST
14792082,13373138,2011-11-03,DIV
14792090,13124942,2011-10-11,CON
14792090,PCT/US2009/061263,2009-10-20,NST
14792092,13503772,2012-04-24,CON
14792092,PCT/IL2010/000909,2010-11-02,NST
14792093,13315546,2011-12-09,DIV
14792094,13387343,2012-02-15,CON
14792094,13622872,2012-09-19,CON
14792094,13859450,2013-04-09,CON
14792094,14021790,2013-09-09,CON
14792094,14172694,2014-02-04,CON
14792094,PCT/IB2010/002243,2010-08-13,NST
14792095,PCT/EP2014/000066,2014-01-14,CON
14792096,13425695,2012-03-21,CON
14792098,12556330,2009-09-09,CIP
14792098,12840769,2010-07-21,CON
14792100,13069817,2011-03-23,CON
14792102,61351696,2010-06-04,PRO
14792102,12982172,2010-12-30,CON
14792103,13402099,2012-02-22,DIV
14792104,61694713,2012-08-29,PRO
14792104,61805470,2013-03-26,PRO
14792104,14011638,2013-08-27,DIV
14792104,14571158,2014-12-15,CON
14792109,14052896,2013-10-14,DIV
14792110,61297949,2010-01-25,PRO
14792110,61298647,2010-01-27,PRO
14792110,13013281,2011-01-25,CON
14792111,13770438,2013-02-19,DIV
14792113,12899316,2010-10-06,DIV
14792115,11511504,2006-08-29,CON
14792115,13315464,2011-12-09,CON
14792115,14036105,2013-09-25,CON
14792118,61653692,2012-05-31,PRO
14792118,13863713,2013-04-16,CON
14792119,62021130,2014-07-05,PRO
14792120,14041532,2013-09-30,CON
14792121,13649590,2012-10-11,CON
14792122,61415771,2010-11-19,PRO
14792122,61429093,2010-12-31,PRO
14792122,13033573,2011-02-23,CIP
14792122,13269501,2011-10-07,CIP
14792122,13317557,2011-10-21,CIP
14792122,13834704,2013-03-15,CON
14792126,09825534,2001-04-02,CON
14792126,11002046,2004-12-01,CIP
14792126,11844632,2007-08-24,CON
14792126,12965719,2010-12-10,CON
14792130,PCT/EP2013/003796,2013-12-16,CON
14792133,12605212,2009-10-23,CON
14792133,13663178,2012-10-29,CON
14792134,61444083,2011-02-17,PRO
14792134,13398597,2012-02-16,CON
14792135,13963099,2013-08-09,DIV
14792139,61548992,2011-10-19,PRO
14792139,13655826,2012-10-19,CON
14792140,13492112,2012-06-08,CON
14792143,11167552,2005-06-28,CON
14792143,12901939,2010-10-11,CON
14792144,12849557,2010-08-03,DIV
14792145,13081496,2011-04-07,CON
14792145,14067625,2013-10-30,CON
14792146,11511504,2006-08-29,CON
14792146,13315464,2011-12-09,CON
14792146,14036105,2013-09-25,CON
14792147,14248649,2014-04-09,DIV
14792150,PCT/EP2014/050090,2014-01-06,CON
14792151,62023364,2014-07-11,PRO
14792153,12814631,2010-06-14,CIP
14792153,13746521,2013-01-22,CON
14792154,13593066,2012-08-23,DIV
14792155,13169593,2011-06-27,DIV
14792155,14515668,2014-10-16,DIV
14792158,14001018,2013-08-22,CON
14792158,14473415,2014-08-29,CON
14792158,PCT/EP2012/000803,2012-02-24,NST
14792162,62021077,2014-07-04,PRO
14792163,62020509,2014-07-03,PRO
14792165,13664323,2012-10-30,CON
14792167,13232241,2011-09-14,DIV
14792174,11969038,2008-01-03,CON
14792174,13614719,2012-09-13,CON
14792174,13834480,2013-03-15,CON
14792177,13538439,2012-06-29,DIV
14792178,12528047,2009-12-21,CON
14792178,13952343,2013-07-26,CON
14792178,PCT/US2008/054459,2008-02-20,NST
14792183,62020504,2014-07-03,PRO
14792183,62163928,2015-05-19,PRO
14792184,62021089,2014-07-04,PRO
14792186,62020594,2014-07-03,PRO
14792187,13321159,2011-11-17,CON
14792187,PCT/JP2010/059995,2010-06-08,NST
14792191,61881304,2013-09-23,PRO
14792191,14161558,2014-01-22,CON
14792192,13431229,2012-03-27,DIV
14792193,61710393,2012-10-05,PRO
14792193,13804906,2013-03-14,CON
14792194,13843914,2013-03-15,CON
14792194,14320327,2014-06-30,CON
14792196,13439471,2012-04-04,DIV
14792197,60856505,2006-11-02,PRO
14792197,11931060,2007-10-31,DIV
14792197,13007061,2011-01-14,CON
14792197,13461253,2012-05-01,CON
14792197,13759613,2013-02-05,CON
14792197,14282063,2014-05-20,CON
14792201,11255910,2005-10-24,CON
14792201,12483604,2009-06-12,CON
14792201,13310633,2011-12-02,CON
14792201,13851816,2013-03-27,CON
14792201,14063897,2013-10-25,CON
14792201,14337966,2014-07-22,CON
14792201,PCT/EP2004/004950,2004-04-22,CON
14792203,13232241,2011-09-14,DIV
14792205,14007427,2014-01-08,CON
14792205,PCT/EP2012/056300,2012-04-05,NST
14792206,61710393,2012-10-05,PRO
14792206,13804906,2013-03-14,CON
14792208,14125841,2014-03-04,CON
14792208,PCT/US2012/043613,2012-06-21,NST
14792209,62021594,2014-07-07,PRO
14792211,61649647,2012-05-21,PRO
14792211,13899078,2013-05-21,CIP
14792212,13395284,2012-10-26,CON
14792212,PCT/US2010/048293,2010-09-09,NST
14792213,60856505,2006-11-02,PRO
14792213,11931060,2007-10-31,DIV
14792213,13007061,2011-01-14,CON
14792213,13461253,2012-05-01,CON
14792213,13759613,2013-02-05,CON
14792213,14282063,2014-05-20,CON
14792214,11236965,2005-09-27,DIV
14792214,12749381,2010-03-29,DIV
14792214,13411441,2012-03-02,CON
14792214,13958386,2013-08-02,CON
14792214,14338208,2014-07-22,CON
14792215,13321156,2011-11-17,CON
14792215,PCT/DE2010/000333,2010-03-19,NST
14792216,62021481,2014-07-07,PRO
14792216,62021595,2014-07-07,PRO
14792216,62021630,2014-07-07,PRO
14792216,62021643,2014-07-07,PRO
14792216,62118282,2015-02-19,PRO
14792216,62118305,2015-02-19,PRO
14792218,13061243,2011-02-28,CON
14792218,PCT/SE2010/051055,2010-10-01,NST
14792220,62021596,2014-07-07,PRO
14792222,14010057,2013-08-26,CIP
14792223,13202545,2011-08-19,DIV
14792223,PCT/EP2010/051956,2010-02-17,NST
14792224,PCT/EP2014/050243,2014-01-08,CON
14792226,61318663,2010-03-29,PRO
14792226,13074834,2011-03-29,CON
14792226,14093874,2013-12-02,CON
14792232,61462254,2011-01-31,PRO
14792232,13362372,2012-01-31,CON
14792233,62131453,2015-03-11,PRO
14792234,PCT/JP2014/003021,2014-06-06,CON
14792235,61490988,2011-05-27,PRO
14792235,13477555,2012-05-22,CON
14792236,60856505,2006-11-02,PRO
14792236,11931060,2007-10-31,DIV
14792236,13007061,2011-01-14,CON
14792236,13461253,2012-05-01,CON
14792236,13759613,2013-02-05,CON
14792236,14282063,2014-05-20,CON
14792238,13333912,2011-12-21,CON
14792239,13903859,2013-05-28,CON
14792240,11783198,2007-04-06,CON
14792240,13632482,2012-10-01,CON
14792242,61179980,2009-05-20,PRO
14792242,12784245,2010-05-20,CIP
14792242,13854955,2013-04-01,CON
14792243,60297521,2001-06-11,PRO
14792243,60298514,2001-06-14,PRO
14792243,60366090,2002-03-19,PRO
14792243,10171485,2002-06-11,CON
14792243,10459242,2003-06-10,CON
14792243,11110909,2005-04-06,CON
14792243,13274278,2011-10-14,CON
14792243,13714224,2012-12-13,CON
14792245,14189528,2014-02-25,CON
14792246,61297344,2010-01-22,PRO
14792246,13011586,2011-01-21,CON
14792247,60572212,2004-05-18,PRO
14792247,11132711,2005-05-18,CON
14792247,12831017,2010-07-06,DIV
14792247,14229736,2014-03-28,DIV
14792248,60604737,2004-08-26,PRO
14792248,PCT/US05/30187,2005-08-24,NST
14792248,11661062,2007-02-22,CON
14792248,13075039,2011-03-29,CON
14792248,13763369,2013-02-08,CON
14792249,13884802,2013-07-26,CON
14792249,14199671,2014-03-06,CON
14792249,PCT/KR2011/003135,2011-04-28,NST
14792250,11255910,2005-10-24,CON
14792250,12483604,2009-06-12,CON
14792250,13310633,2011-12-02,CON
14792250,13851816,2013-03-27,CON
14792250,14063897,2013-10-25,CON
14792250,14337966,2014-07-22,CON
14792250,PCT/EP2004/004950,2004-04-22,CON
14792251,13685351,2012-11-26,CON
14792252,61740569,2012-12-21,PRO
14792252,13998751,2013-12-03,CON
14792254,13599887,2012-08-30,CON
14792255,14083843,2013-11-19,CIP
14792257,12672749,2010-02-09,CON
14792257,13589371,2012-08-20,CON
14792257,14029085,2013-09-17,CON
14792257,14322451,2014-07-02,CON
14792257,PCT/JP2008/064285,2008-08-08,NST
14792258,PCT/EP2014/050793,2014-01-16,CON
14792260,14076921,2013-11-11,CON
14792262,61838578,2013-06-24,PRO
14792262,61841624,2013-07-01,PRO
14792262,61914491,2013-12-11,PRO
14792262,61914538,2013-12-11,PRO
14792262,61924884,2014-01-08,PRO
14792262,61925311,2014-01-09,PRO
14792262,61928133,2014-01-16,PRO
14792262,61928644,2014-01-17,PRO
14792262,61929731,2014-01-21,PRO
14792262,61929874,2014-01-21,PRO
14792262,61933442,2014-01-30,PRO
14792262,62007004,2014-06-03,PRO
14792262,62008275,2014-06-05,PRO
14792262,14313960,2014-06-24,CON
14792262,14514988,2014-10-15,CON
14792262,14735782,2015-06-10,CON
14792264,13666101,2012-11-01,CON
14792271,61490988,2011-05-27,PRO
14792271,13477557,2012-05-22,CON
14792272,PCT/JP2013/007667,2013-12-27,CON
14792278,13809794,2013-03-15,DIV
14792278,PCT/EP2011/062184,2011-07-15,NST
14792279,60827542,2006-09-29,PRO
14792279,60827567,2006-09-29,PRO
14792279,11862955,2007-09-27,CON
14792279,13845704,2013-03-18,CON
14792279,14448036,2014-07-31,CON
14792280,62021481,2014-07-07,PRO
14792280,62021595,2014-07-07,PRO
14792280,62021630,2014-07-07,PRO
14792280,62021643,2014-07-07,PRO
14792280,62118282,2015-02-19,PRO
14792280,62118305,2015-02-19,PRO
14792282,PCT/US2014/010928,2014-01-09,CON
14792283,61374210,2010-08-16,PRO
14792283,13209388,2011-08-13,DIV
14792285,14204733,2014-03-11,CON
14792287,13072755,2011-03-27,CON
14792287,14015651,2013-08-30,CON
14792287,14586807,2014-12-30,CON
14792288,14422747,2015-02-20,CIP
14792288,PCT/US2013/052829,2013-07-31,NST
14792290,10394643,2003-03-21,DIV
14792291,13738420,2013-01-10,CON
14792291,14491571,2014-09-19,DIV
14792292,PCT/JP2014/003237,2014-06-17,CON
14792293,14397025,2014-10-24,CON
14792293,PCT/EP2012/005177,2012-12-15,NST
14792294,PCT/CN2013/081875,2013-08-20,CON
14792298,14009053,2013-09-30,DIV
14792298,PCT/BR2012/000003,2012-01-09,NST
14792306,13973872,2013-08-22,DIV
14792307,14485028,2014-09-12,CIP
14792311,61545989,2011-10-11,PRO
14792311,13573878,2012-10-11,CON
14792312,60976751,2007-10-01,PRO
14792312,12243606,2008-10-01,CON
14792312,14581860,2014-12-23,CON
14792315,12294827,2008-09-26,CON
14792315,13087005,2011-04-14,CON
14792315,13794791,2013-03-12,CON
14792315,14102346,2013-12-10,CON
14792315,PCT/US2007/001798,2007-01-22,NST
14792316,14079184,2013-11-13,CON
14792318,13702180,2013-02-07,DIV
14792318,PCT/GB2011/000874,2011-06-09,NST
14792319,62020909,2014-07-03,PRO
14792322,PCT/EP2013/075940,2013-12-09,CON
14792329,11999475,2007-12-05,CON
14792329,12359150,2009-01-23,CIP
14792329,61210888,2009-03-23,PRO
14792329,12538062,2009-08-07,CON
14792331,62021167,2014-07-06,PRO
14792333,61365541,2010-07-19,PRO
14792333,PCT/US11/44483,2011-07-19,NST
14792333,13810855,2013-03-22,REI
14792338,60901785,2007-02-17,PRO
14792338,12033611,2008-02-19,CON
14792340,PCT/EP2013/075766,2013-12-06,CON
14792341,62020544,2014-07-03,PRO
14792342,12304769,2009-03-17,CON
14792342,13682633,2012-11-20,CON
14792342,14243801,2014-04-02,CON
14792342,PCT/JP2007/000880,2007-08-16,NST
14792343,61081754,2008-07-18,PRO
14792343,12505387,2009-07-17,CON
14792344,14069413,2013-11-01,DIV
14792345,61424551,2010-12-17,PRO
14792345,61545063,2011-10-07,PRO
14792345,13329183,2011-12-16,CON
14792347,12351679,2009-01-09,CON
14792347,13329787,2011-12-19,CON
14792348,13011221,2011-01-21,CON
14792349,62023972,2014-07-14,PRO
14792350,61374679,2010-08-18,PRO
14792350,13205621,2011-08-09,CIP
14792352,13245581,2011-09-26,DIV
14792356,14093257,2013-11-29,CON
14792357,12591752,2009-11-30,DIV
14792357,14184406,2014-02-19,DIV
14792357,14623047,2015-02-16,DIV
14792358,13682475,2012-11-20,CON
14792360,12880421,2010-09-13,CON
14792362,PCT/CN2014/081024,2014-06-27,CON
14792363,14017635,2013-09-04,CON
14792367,12499713,2009-07-08,CIP
14792367,12573676,2009-10-05,CIP
14792367,12643942,2009-12-21,CIP
14792367,12832857,2010-07-08,CIP
14792367,13021364,2011-02-04,CIP
14792367,13303890,2011-11-23,CIP
14792367,13365884,2012-02-03,CON
14792368,62021366,2014-07-07,PRO
14792369,61566472,2011-12-02,PRO
14792369,13336491,2011-12-23,CIP
14792369,61824760,2013-05-17,PRO
14792369,14280202,2014-05-16,CON
14792369,14537362,2014-11-10,CON
14792370,61074979,2008-06-23,PRO
14792370,12484837,2009-06-15,CON
14792370,13939993,2013-07-11,CON
14792370,14517453,2014-10-17,CON
14792371,62021425,2014-07-07,PRO
14792375,12087976,2008-07-17,CON
14792375,13850218,2013-03-25,DIV
14792375,PCT/US2007/002365,2007-01-30,NST
14792378,60431636,2002-12-06,PRO
14792378,10726795,2003-12-02,CON
14792378,11733879,2007-04-11,CON
14792378,12948641,2010-11-17,DIV
14792378,13020625,2011-02-03,CON
14792378,13539954,2012-07-02,CON
14792379,13213780,2011-08-19,CIP
14792379,13772212,2013-02-20,CON
14792380,61739721,2012-12-19,PRO
14792380,13869878,2013-04-24,DIV
14792381,61941061,2014-02-18,PRO
14792381,14527634,2014-10-29,CON
14792382,13697521,2013-01-10,CON
14792382,PCT/KR2011/003518,2011-05-12,NST
14792384,60333803,2001-11-28,PRO
14792384,10301898,2002-11-22,DIV
14792384,11103781,2005-04-11,DIV
14792384,11626201,2007-01-23,CON
14792384,11971561,2008-01-09,DIV
14792384,12329957,2008-12-08,DIV
14792384,12638441,2009-12-15,DIV
14792384,12911424,2010-10-25,DIV
14792384,13629854,2012-09-28,DIV
14792384,14068819,2013-10-31,DIV
14792384,14187691,2014-02-24,DIV
14792384,14494092,2014-09-23,DIV
14792388,PCT/US2014/011085,2014-01-10,CON
14792389,13915213,2013-06-11,CIP
14792389,62111848,2015-02-04,PRO
14792390,12919899,2010-08-27,DIV
14792390,13745111,2013-01-18,CON
14792390,14202154,2014-03-10,DIV
14792390,PCT/US2009/035441,2009-02-27,NST
14792393,13077710,2011-03-31,CON
14792395,13051533,2011-03-18,DIV
14792395,14175797,2014-02-07,DIV
14792398,60188109,2000-03-09,PRO
14792398,09803608,2001-03-09,DIV
14792398,10886206,2004-07-06,DIV
14792398,11278064,2006-03-30,DIV
14792398,12406348,2009-03-18,DIV
14792398,12780410,2010-05-14,DIV
14792398,13043778,2011-03-09,DIV
14792398,13184077,2011-07-15,DIV
14792398,13565128,2012-08-02,DIV
14792398,13870272,2013-04-25,DIV
14792398,14023717,2013-09-11,DIV
14792399,10599394,2007-03-27,CIP
14792399,61082007,2008-07-18,PRO
14792399,61082974,2008-07-23,PRO
14792399,61083554,2008-07-25,PRO
14792399,12502528,2009-07-14,CON
14792399,PCT/NZ2005/000062,2005-03-30,NST
14792400,61340049,2010-03-11,PRO
14792400,13046280,2011-03-11,CON
14792401,60285176,2001-04-20,PRO
14792401,60291681,2001-05-17,PRO
14792401,60295028,2001-05-31,PRO
14792401,10128787,2002-04-22,CON
14792401,11266558,2005-11-03,CON
14792401,11287094,2005-11-23,DIV
14792401,12952653,2010-11-23,CON
14792403,61268916,2009-06-18,PRO
14792403,12819152,2010-06-18,CIP
14792403,13786236,2013-03-05,DIV
14792405,62022602,2014-07-09,PRO
14792409,61055389,2008-05-22,PRO
14792409,12471105,2009-05-22,DIV
14792413,62020543,2014-07-03,PRO
14792415,12092805,2008-05-06,CON
14792415,13402723,2012-02-22,DIV
14792415,PCT/JP2006/322510,2006-11-06,NST
14792416,14073658,2013-11-06,CON
14792417,61615860,2012-03-26,PRO
14792417,13849484,2013-03-23,CIP
14792421,13588662,2012-08-17,CIP
14792421,PCT/US12/67519,2012-12-03,CIP
14792421,13805168,2012-12-18,CIP
14792421,13963865,2013-08-09,DIV
14792422,11833669,2007-08-03,DIV
14792422,14217026,2014-03-17,CON
14792423,14328964,2014-07-11,CON
14792424,60722799,2005-09-30,PRO
14792424,11529807,2006-09-29,CON
14792424,13470558,2012-05-14,CON
14792425,61585090,2012-01-10,PRO
14792425,13737681,2013-01-09,CON
14792427,62024307,2014-07-14,PRO
14792430,60905979,2007-03-09,PRO
14792430,12075174,2008-03-10,CON
14792430,13858809,2013-04-08,CIP
14792430,14061614,2013-10-23,CON
14792431,13588662,2012-08-17,CIP
14792431,PCT/US12/67519,2012-12-03,CIP
14792431,13805168,2012-12-18,CIP
14792431,13963865,2013-08-09,DIV
14792432,60393021,2002-06-28,PRO
14792432,PCT/US02/38290,2002-11-27,CIP
14792432,10607598,2003-06-27,DIV
14792432,11827876,2007-07-13,CON
14792432,13475688,2012-05-18,CON
14792432,14487012,2014-09-15,CON
14792433,61268916,2009-06-18,PRO
14792433,12819152,2010-06-18,CIP
14792433,13786236,2013-03-05,DIV
14792435,12845933,2010-07-29,CON
14792437,13588662,2012-08-17,CIP
14792437,PCT/US12/67519,2012-12-03,CIP
14792437,13805168,2012-12-18,CIP
14792437,13963865,2013-08-09,CON
14792438,13027267,2011-02-14,CON
14792438,13870727,2013-04-25,CON
14792442,61664623,2012-06-26,PRO
14792442,13591078,2012-08-21,CON
14792445,62022122,2014-07-08,PRO
14792448,14327132,2014-07-09,CIP
14792449,61177034,2009-05-11,PRO
14792449,12716512,2010-03-03,DIV
14792451,62021294,2014-07-07,PRO
14792452,61800088,2013-03-15,PRO
14792452,14214476,2014-03-14,CIP
14792455,13544626,2012-07-09,CIP
14792456,61414209,2010-11-16,PRO
14792456,61414216,2010-11-16,PRO
14792456,61414230,2010-11-16,PRO
14792456,13373500,2011-11-16,CON
14792458,13698874,2012-11-19,CON
14792458,PCT/EP2011/002098,2011-04-27,NST
14792459,13524952,2012-06-15,CON
14792463,12994045,2011-03-03,CON
14792463,14529755,2014-10-31,CON
14792464,10827732,2004-04-20,CON
14792464,13033409,2011-02-23,CON
14792467,14093268,2013-11-29,DIV
14792469,13737902,2013-01-09,CON
14792472,62021383,2014-07-07,PRO
14792476,13664761,2012-10-31,DIV
14792479,61409539,2010-11-03,PRO
14792479,13288843,2011-11-03,CIP
14792479,61806314,2013-03-28,PRO
14792479,14231404,2014-03-31,CON
14792481,13840003,2013-03-15,CON
14792482,09947485,2001-09-06,DIV
14792482,09947484,2001-09-06,CIP
14792482,10724486,2003-11-26,CIP
14792482,10744666,2003-12-23,DIV
14792482,11775465,2007-07-10,CIP
14792482,12430724,2009-04-27,CON
14792485,61567513,2011-12-06,PRO
14792485,13707008,2012-12-06,CON
14792486,61148372,2009-01-29,PRO
14792486,61229023,2009-07-28,PRO
14792486,12697192,2010-01-29,CON
14792487,62020767,2014-07-03,PRO
14792489,13609495,2012-09-11,DIV
14792489,14520244,2014-10-21,DIV
14792490,14758938,2015-07-06,CON
14792490,PCT/US2014/050793,2014-08-12,NST
14792491,13881424,2013-04-25,CIP
14792491,PCT/DE2011/001941,2011-10-25,NST
14792492,13722696,2012-12-20,CON
14792493,61174185,2009-04-30,PRO
14792493,61322613,2010-04-09,PRO
14792493,PCT/US10/01284,2010-04-30,NST
14792493,13266788,2012-01-11,CON
14792497,60928407,2007-05-08,PRO
14792497,12114657,2008-05-02,DIV
14792497,13094210,2011-04-26,DIV
14792499,09739315,2000-12-19,CON
14792499,11589688,2006-10-30,CON
14792499,12580616,2009-10-16,CON
14792499,12909401,2010-10-21,CON
14792499,13289297,2011-11-04,CON
14792499,13936251,2013-07-08,CON
14792500,62021308,2014-07-07,PRO
14792502,PCT/CN2013/090033,2013-12-20,CON
14792504,11439682,2006-05-24,CON
14792504,13864416,2013-04-17,CON
14792506,13708466,2012-12-07,CON
14792506,14164362,2014-01-27,CON
14792511,60568310,2004-05-05,PRO
14792511,11123273,2005-05-05,CON
14792511,12255561,2008-10-21,CON
14792511,12870731,2010-08-27,CON
14792511,13765614,2013-02-12,CON
14792513,13256296,2011-11-30,CON
14792513,PCT/NL2010/050132,2010-03-12,NST
14792515,61568613,2011-12-08,PRO
14792515,13710403,2012-12-10,CON
14792517,62021187,2014-07-06,PRO
14792521,12187207,2008-08-06,CON
14792522,62020691,2014-07-03,PRO
14792522,62110220,2015-01-30,PRO
14792523,62020691,2014-07-03,PRO
14792523,62110220,2015-01-30,PRO
14792524,PCT/US2014/011360,2014-01-13,CON
14792526,61329010,2010-04-28,PRO
14792526,61378040,2010-08-30,PRO
14792526,61452985,2011-03-15,PRO
14792526,13096810,2011-04-28,CIP
14792527,61602040,2012-02-22,PRO
14792527,61602041,2012-02-22,PRO
14792527,13531491,2012-06-22,CON
14792528,60985631,2007-11-05,PRO
14792528,12193702,2008-08-18,CIP
14792528,13327557,2011-12-15,CON
14792529,61917796,2013-12-18,PRO
14792529,61991394,2014-05-09,PRO
14792529,14575110,2014-12-18,CON
14792530,PCT/EP15/52661,2015-02-09,CIP
14792531,13421786,2012-03-15,CON
14792533,61233155,2009-08-12,PRO
14792533,12855586,2010-08-12,CIP
14792536,62021347,2014-07-07,PRO
14792538,13788760,2013-03-07,CON
14792538,14108301,2013-12-16,CON
14792539,14272303,2014-05-07,CON
14792541,13543300,2012-07-06,CIP
14792541,13834126,2013-03-15,CIP
14792543,12868882,2010-08-26,CIP
14792543,12901806,2010-10-11,CIP
14792543,13048850,2011-03-15,CIP
14792543,13191309,2011-07-26,CIP
14792543,13219525,2011-08-26,CIP
14792543,13267784,2011-10-06,CIP
14792543,13298158,2011-11-16,CIP
14792543,13679879,2012-11-16,CIP
14792543,13914525,2013-06-10,CIP
14792543,14257959,2014-04-21,CON
14792544,62020393,2014-07-03,PRO
14792546,13825527,2013-07-29,CON
14792546,14298953,2014-06-08,CON
14792546,PCT/US2011/052655,2011-09-21,NST
14792547,13516495,2012-08-10,CON
14792547,PCT/EP2010/069873,2010-12-16,NST
14792552,13199361,2011-08-26,CIP
14792552,13199481,2011-08-30,CIP
14792552,13199545,2011-08-31,CIP
14792552,13199544,2011-08-31,CIP
14792552,13200113,2011-09-16,CIP
14792552,13200106,2011-09-16,CIP
14792552,13200830,2011-09-30,CIP
14792552,13200829,2011-09-30,CIP
14792552,13200907,2011-10-03,CIP
14792552,13200906,2011-10-03,CIP
14792552,13317546,2011-10-19,CIP
14792552,13317545,2011-10-19,CIP
14792552,13317979,2011-10-31,CIP
14792552,13317978,2011-10-31,CIP
14792552,13373675,2011-11-22,CIP
14792552,13373674,2011-11-22,CIP
14792552,13373846,2011-11-30,CIP
14792552,13373847,2011-11-30,CIP
14792552,13385128,2012-02-01,CIP
14792552,13385129,2012-02-01,CIP
14792552,13385687,2012-02-29,CIP
14792552,13385690,2012-02-29,CIP
14792552,13432507,2012-03-28,CIP
14792552,13432525,2012-03-28,CIP
14792552,13435550,2012-03-30,CIP
14792552,13435591,2012-03-30,CIP
14792552,13494536,2012-06-12,CIP
14792552,13494654,2012-06-12,CIP
14792552,13528298,2012-06-20,CIP
14792552,13528331,2012-06-20,CIP
14792552,13535855,2012-06-28,CIP
14792552,13535902,2012-06-28,CIP
14792552,13548633,2012-07-13,CIP
14792552,13548671,2012-07-13,CIP
14792552,13554194,2012-07-20,CIP
14792552,13554237,2012-07-20,CIP
14792552,13560447,2012-07-27,CIP
14792552,13590774,2012-08-21,CIP
14792552,13590799,2012-08-21,CIP
14792552,13596469,2012-08-28,CIP
14792552,13596499,2012-08-28,CIP
14792552,14745313,2015-06-19,CIP
14792552,14748220,2015-06-23,CIP
14792552,14750950,2015-06-25,CIP
14792552,14753907,2015-06-29,CIP
14792552,14788716,2015-06-30,CIP
14792552,14789962,2015-07-01,CIP
14792563,12351824,2009-01-10,CIP
14792563,13323820,2011-12-12,CIP
14792563,14738920,2015-06-14,CIP
14792564,PCT/JP2013/083209,2013-12-11,CON
14792565,11867640,2007-10-04,CON
14792565,13251933,2011-10-03,CON
14792565,13953542,2013-07-29,CON
14792569,13543300,2012-07-06,CIP
14792569,13834126,2013-03-15,CIP
14792572,61707996,2012-09-30,PRO
14792572,13767847,2013-02-14,DIV
14792574,62020856,2014-07-03,PRO
14792575,62020994,2014-07-03,PRO
14792577,11241555,2005-09-30,CIP
14792577,11403391,2006-04-13,CIP
14792577,11973542,2007-10-09,CIP
14792577,12080042,2008-03-31,CIP
14792577,61230038,2009-07-30,PRO
14792577,12797025,2010-06-09,CON
14792577,13863475,2013-04-16,CON
14792578,62022271,2014-07-09,PRO
14792581,12830363,2010-07-05,CIP
14792582,11966854,2007-12-28,CON
14792582,14161643,2014-01-22,CON
14792585,61542537,2011-10-03,PRO
14792585,13573727,2012-10-03,CON
14792586,62021541,2014-07-07,PRO
14792587,10522886,2005-02-01,DIV
14792587,13648781,2012-10-10,DIV
14792587,PCT/EP2004/004486,2004-04-24,NST
14792588,62021632,2014-07-07,PRO
14792590,61457509,2011-04-14,PRO
14792590,61565195,2011-11-30,PRO
14792590,13446577,2012-04-13,CIP
14792590,62172641,2015-06-08,PRO
14792594,61379729,2010-09-03,PRO
14792594,13219721,2011-08-29,DIV
14792597,13840469,2013-03-15,DIV
14792602,62020575,2014-07-03,PRO
14792604,PCT/CN2014/000591,2014-06-17,CIP
14792605,12241966,2008-09-30,DIV
14792606,62020571,2014-07-03,PRO
14792619,62023283,2014-07-11,PRO
14792622,62023287,2014-07-11,PRO
14792625,61668460,2012-07-06,PRO
14792625,13936217,2013-07-08,CON
14792634,62021786,2014-07-08,PRO
14792635,PCT/CN2014/093763,2014-12-12,CIP
14792638,13968392,2013-08-15,DIV
14792644,13613048,2012-09-13,CON
14792651,60516529,2003-10-31,PRO
14792651,10978876,2004-11-01,CON
14792651,11841244,2007-08-20,CON
14792651,12827227,2010-06-30,CON
14792651,13309637,2011-12-02,CON
14792651,13778835,2013-02-27,CON
14792651,14157132,2014-01-16,CON
14792652,61387166,2010-09-28,CON
14792652,12949176,2010-11-18,CON
14792653,62021639,2014-07-07,PRO
14792659,11282549,2005-11-18,CON
14792659,13330182,2011-12-19,CON
14792663,62025303,2014-07-16,PRO
14792663,62049803,2014-09-12,PRO
14792666,13508249,2012-08-28,DIV
14792666,PCT/US2010/055441,2010-11-04,NST
14792667,12871014,2010-08-30,CON
14792669,13518146,2012-09-17,CON
14792669,PCT/EP2009/067784,2009-12-22,NST
14792679,62021382,2014-07-07,PRO
14792685,62021336,2014-07-07,PRO
14792686,60678066,2005-05-04,PRO
14792686,11429168,2006-05-04,CIP
14792686,11595496,2006-11-09,CON
14792686,12643233,2009-12-21,CON
14792686,13536377,2012-06-28,CON
14792688,PCT/JP2013/050850,2013-01-17,CON
14792695,13305973,2011-11-29,CON
14792699,62025878,2014-07-17,PRO
14792701,61788915,2013-03-15,PRO
14792701,14211434,2014-03-14,CON
14792704,62021461,2014-07-07,PRO
14792707,62021360,2014-07-07,PRO
14792709,62022350,2014-07-09,PRO
14792713,13356791,2012-01-24,DIV
14792714,13139183,2011-06-10,CON
14792714,PCT/SE2008/000698,2008-12-12,NST
14792716,14388314,2014-09-26,CON
14792716,PCT/US2013/033451,2013-03-22,NST
14792718,61387556,2010-09-29,PRO
14792718,13248250,2011-09-29,DIV
14792721,62026143,2014-07-18,PRO
14792722,61668547,2012-07-06,PRO
14792722,13933468,2013-07-02,CON
14792725,13771322,2013-02-20,CON
14792726,12928896,2010-12-21,CIP
14792726,61489389,2011-05-24,PRO
14792726,61493039,2011-06-03,PRO
14792726,61494332,2011-06-07,PRO
14792726,61537360,2011-09-21,PRO
14792726,61620364,2012-04-04,PRO
14792726,13480085,2012-05-24,CON
14792726,14683475,2015-04-10,CON
14792728,62021839,2014-07-08,PRO
14792729,61071747,2008-05-15,PRO
14792729,61071829,2008-05-20,PRO
14792729,61099017,2008-09-22,PRO
14792729,12466577,2009-05-15,CON
14792729,12563386,2009-09-21,CON
14792729,13951933,2013-07-26,CON
14792730,61535402,2011-09-16,PRO
14792730,13621757,2012-09-17,DIV
14792733,61006984,2008-02-08,PRO
14792733,12367192,2009-02-06,CON
14792733,13901670,2013-05-24,CON
14792733,14300910,2014-06-10,CON
14792736,12982131,2010-12-30,CON
14792737,11945597,2007-11-27,CON
14792739,PCT/EP2013/052411,2013-02-07,CIP
14792741,13101687,2011-05-05,CON
14792741,PCT/SE2009/000485,2009-11-03,CIP
14792742,13350908,2012-01-16,DIV
14792743,62029220,2014-07-25,PRO
14792744,62021753,2014-07-08,PRO
14792747,62041280,2014-08-25,PRO
14792750,62021262,2014-07-07,PRO
14792753,11932745,2007-10-31,CIP
14792753,12490588,2009-06-24,DIV
14792753,61414724,2010-11-17,PRO
14792753,13041104,2011-03-04,CIP
14792753,13298190,2011-11-16,CON
14792753,14264685,2014-04-29,CON
14792758,13790957,2013-03-08,CON
14792760,61355303,2010-06-16,PRO
14792760,61430621,2011-01-07,PRO
14792760,61518240,2011-04-25,PRO
14792760,13162334,2011-06-16,CON
14792762,61219096,2009-06-22,PRO
14792762,12803169,2010-06-21,DIV
14792768,13250479,2011-09-30,CON
14792768,14521141,2014-10-22,CIP
14792770,PCT/EP2013/076096,2013-12-10,CON
14792771,61653930,2012-05-31,PRO
14792771,13891545,2013-05-10,CON
14792778,13465596,2012-05-07,CON
14792778,14253989,2014-04-16,CON
14792787,61291057,2009-12-30,PRO
14792787,12964812,2010-12-10,CON
14792789,12968945,2010-12-15,CON
14792795,62021379,2014-07-07,PRO
14792795,62158900,2015-05-08,PRO
14792795,62163829,2015-05-19,PRO
14792796,13627209,2012-09-26,CON
14792796,14585900,2014-12-30,CON
14792798,13316128,2011-12-09,CON
14792801,PCT/JP2013/075168,2013-09-18,CON
14792802,13656516,2012-10-19,CON
14792803,11772903,2007-07-03,CIP
14792803,11829461,2007-07-27,CIP
14792803,11832197,2007-08-01,CON
14792803,12186877,2008-08-06,CON
14792803,12558826,2009-09-14,CIP
14792803,12647584,2009-12-28,CIP
14792803,12964343,2010-12-09,CON
14792803,13438947,2012-04-04,CON
14792803,13723469,2012-12-21,CON
14792803,14499320,2014-09-29,CON
14792804,12083875,2008-04-21,CON
14792804,13064589,2011-04-01,DIV
14792806,13653090,2012-10-16,CON
14792806,13973073,2013-08-22,CON
14792807,62021937,2014-07-08,PRO
14792809,13338451,2011-12-28,DIV
14792809,14055344,2013-10-16,DIV
14792810,61657229,2012-06-08,PRO
14792810,61773969,2013-03-07,PRO
14792810,13911819,2013-06-06,CON
14792821,62030305,2014-07-29,PRO
14792822,12162237,2008-07-25,CON
14792822,13036787,2011-02-28,CON
14792822,13617679,2012-09-14,CON
14792822,13775158,2013-02-23,CON
14792822,PCT/KR2007/003573,2007-07-25,NST
14792823,62022607,2014-07-09,PRO
14792823,62052391,2014-09-18,PRO
14792828,62021234,2014-07-07,PRO
14792828,14479498,2014-09-08,CIP
14792829,61287940,2009-12-18,PRO
14792829,12971049,2010-12-17,CON
14792829,14188869,2014-02-25,DIV
14792833,61857741,2013-07-24,PRO
14792833,14337500,2014-07-22,CIP
14792833,14592472,2015-01-08,CIP
14792833,62106098,2015-01-21,PRO
14792835,11515783,2006-09-06,CON
14792835,13609834,2012-09-11,DIV
14792835,14070773,2013-11-04,CON
14792835,14482314,2014-09-10,CON
14792837,11664896,2008-11-28,DIV
14792837,13626810,2012-09-25,CON
14792837,PCT/EP05/10819,2005-10-01,NST
14792838,62030315,2014-07-29,PRO
14792839,62022607,2014-07-09,PRO
14792839,62052391,2014-09-18,PRO
14792841,PCT/CN2014/070403,2014-01-09,CON
14792843,62029134,2014-07-25,PRO
14792844,62022014,2014-07-08,PRO
14792846,61256436,2009-10-30,PRO
14792846,12839197,2010-07-19,CON
14792846,13932320,2013-07-01,CON
14792846,14132020,2013-12-18,CON
14792846,14288453,2014-05-28,CIP
14792846,14291205,2014-05-30,CON
14792848,13536528,2012-06-28,DIV
14792851,10488027,2004-02-27,CON
14792851,13196853,2011-08-02,CON
14792851,13684567,2012-11-25,CON
14792851,14465209,2014-08-21,CON
14792851,PCT/KR02/01158,2002-06-20,NST
14792856,13592832,2012-08-23,CON
14792857,13732735,2013-01-02,CON
14792860,PCT/JP2014/051719,2014-01-27,CON
14792864,61604716,2012-02-29,PRO
14792864,13777112,2013-02-26,DIV
14792871,11750113,2007-05-17,DIV
14792871,13561271,2012-07-30,CON
14792876,61520646,2011-06-13,PRO
14792876,13494386,2012-06-12,CIP
14792876,13494410,2012-06-12,CIP
14792877,61320442,2010-04-02,PRO
14792877,13076665,2011-03-31,DIV
14792883,13163003,2011-06-17,CON
14792883,14331204,2014-07-14,CON
14792890,62021696,2014-07-07,PRO
14792891,62024621,2014-07-15,PRO
14792896,62021885,2014-07-08,PRO
14792898,61663836,2012-06-25,PRO
14792898,13889557,2013-05-08,CON
14792904,61816366,2013-04-26,PRO
14792904,13902301,2013-05-24,CIP
14792904,14176110,2014-02-09,CIP
14792909,62025275,2014-07-16,PRO
14792912,62024628,2014-07-15,PRO
14792913,62026823,2014-07-21,PRO
14792915,62021307,2014-07-07,PRO
14792916,13837811,2013-03-15,CON
14792916,14724001,2015-05-28,DIV
14792917,10485115,2004-02-04,CON
14792917,12767117,2010-04-26,CON
14792917,13606327,2012-09-07,CON
14792917,13891027,2013-05-09,CON
14792917,PCT/JP02/07407,2002-07-23,NST
14792919,11991339,2008-12-30,CON
14792919,PCT/EP2006/008533,2006-08-31,NST
14792923,62022942,2014-07-10,PRO
14792924,13834833,2013-03-15,DIV
14792930,13645643,2012-10-05,CON
14792935,60717627,2005-09-15,PRO
14792935,11522236,2006-09-14,CIP
14792935,12776958,2010-05-10,CON
14792935,13732294,2012-12-31,CON
14792936,13503285,2012-04-20,DIV
14792936,PCT/US2010/053619,2010-10-21,NST
14792938,14099600,2013-12-06,CON
14792939,62022445,2014-07-09,PRO
14792939,62051460,2014-09-17,PRO
14792940,61013380,2007-12-13,PRO
14792940,61019802,2008-01-08,PRO
14792940,12188767,2008-08-08,CIP
14792940,12254738,2008-10-20,CIP
14792940,12327463,2008-12-03,CON
14792940,14181942,2014-02-17,CON
14792943,61595654,2012-02-06,PRO
14792943,13758366,2013-02-04,CON
14792944,62033902,2014-08-06,PRO
14792948,13950084,2013-07-24,DIV
14792951,61513921,2011-08-01,PRO
14792951,13426891,2012-03-22,CIP
14792951,14534546,2014-11-06,CIP
14792952,PCT/JP2014/050144,2014-01-08,CON
14792956,62021960,2014-07-08,PRO
14792961,62022487,2014-07-09,PRO
14792965,61778124,2013-03-12,PRO
14792965,13950146,2013-07-24,CON
14792968,62024938,2014-07-15,PRO
14792969,10750698,2004-01-02,CON
14792969,12322381,2009-02-02,CON
14792969,12653064,2009-12-08,CON
14792969,12931121,2011-01-25,CON
14792969,13724160,2012-12-21,CON
14792974,13739947,2013-01-11,CON
14792974,14263644,2014-04-28,CON
14792975,62021261,2014-07-07,PRO
14792976,62021537,2014-07-07,PRO
14792979,13796449,2013-03-12,CON
14792981,62022308,2014-07-09,PRO
14792982,60915320,2007-05-01,PRO
14792982,60988680,2007-11-16,PRO
14792982,12113729,2008-05-01,CON
14792982,13693650,2012-12-04,CON
14792982,14141508,2013-12-27,CON
14792983,61496085,2011-06-13,PRO
14792983,13493509,2012-06-11,DIV
14792988,13985653,2013-08-15,DIV
14792988,PCT/JP2012/054375,2012-02-23,NST
14792989,11939635,2007-11-14,CON
14792989,12196522,2008-08-22,CIP
14792989,12339495,2008-12-19,CIP
14792989,12891324,2010-09-27,CON
14792989,13041286,2011-03-04,CIP
14792989,13220925,2011-08-30,CIP
14792989,14320675,2014-07-01,CIP
14792990,PCT/EP2013/077814,2013-12-20,CON
14792991,14118173,2014-01-08,CON
14792991,PCT/JP2012/062532,2012-05-16,NST
14792992,62034641,2014-08-07,PRO
14792992,62100010,2015-01-05,PRO
14792994,61351190,2010-06-03,CIP
14792994,13066896,2011-04-28,CIP
14792994,13815802,2013-03-15,CIP
14792994,13987849,2013-09-09,CIP
14792996,62021345,2014-07-07,PRO
14792996,62072742,2014-10-30,PRO
14792999,62032698,2014-08-04,PRO
14792999,62062251,2014-10-10,PRO
14793004,13061065,2011-07-01,CON
14793004,PCT/US2009/004827,2009-08-25,NST
14793005,14017485,2013-09-04,DIV
14793007,60809956,2006-05-31,PRO
14793007,PCT/US07/70147,2007-05-31,NST
14793007,12302206,2009-10-15,DIV
14793014,62021329,2014-07-07,PRO
14793015,62021889,2014-07-08,PRO
14793016,14182140,2014-02-17,CON
14793018,61738802,2012-12-18,PRO
14793018,14109605,2013-12-17,CON
14793025,62024677,2014-07-15,PRO
14793027,61680451,2012-08-07,PRO
14793027,13953347,2013-07-29,CON
14793028,13613562,2012-09-13,DIV
14793028,PCT/JP2011/056073,2011-03-15,CON
14793032,14171898,2014-02-04,CIP
14793034,12676736,2010-03-24,CON
14793034,13973287,2013-08-22,CON
14793034,PCT/EP2008/061721,2008-09-04,NST
14793036,13228228,2011-09-08,CON
14793036,13964725,2013-08-12,CON
14793037,61778799,2013-03-13,PRO
14793037,13936942,2013-07-08,DIV
14793039,61671567,2012-07-13,PRO
14793039,13940809,2013-07-12,CON
14793040,62021870,2014-07-08,PRO
14793045,13757203,2013-02-01,CON
14793050,62021481,2014-07-07,PRO
14793050,62021595,2014-07-07,PRO
14793050,62021630,2014-07-07,PRO
14793050,62021643,2014-07-07,PRO
14793050,62118282,2015-02-19,PRO
14793050,62118305,2015-02-19,PRO
14793051,61695107,2012-08-30,PRO
14793051,13965525,2013-08-13,CON
14793052,62021725,2014-07-08,PRO
14793060,13480247,2012-05-24,CON
14793065,61515669,2011-08-05,PRO
14793065,61664491,2012-06-26,PRO
14793065,13557660,2012-07-25,DIV
14793065,14158463,2014-01-17,CON
14793071,10583105,2007-04-23,CIP
14793071,11642089,2006-12-20,CON
14793071,13581861,2012-11-06,CON
14793071,14152172,2014-01-10,CON
14793071,PCT/US2005/015736,2005-05-05,NST
14793071,PCT/US2011/028069,2011-03-11,NST
14793072,62021369,2014-07-07,PRO
14793074,60793537,2006-04-20,PRO
14793074,60793540,2006-04-20,PRO
14793074,11738101,2007-04-20,CON
14793074,12326485,2008-12-02,CON
14793074,13034034,2011-02-24,CON
14793074,13336660,2011-12-23,CON
14793074,13479820,2012-05-24,CON
14793074,13765335,2013-02-12,CON
14793074,14175189,2014-02-07,CON
14793076,13145835,2011-12-06,CON
14793076,PCT/EP2010/051272,2010-02-03,NST
14793078,62021358,2014-07-07,PRO
14793081,13371670,2012-02-13,CON
14793082,13660884,2012-10-25,CIP
14793083,60859633,2006-11-17,PRO
14793083,11644815,2006-12-22,DIV
14793083,12987315,2011-01-10,CON
14793083,13453301,2012-04-23,DIV
14793083,14172308,2014-02-04,CON
14793085,62025333,2014-07-16,PRO
14793085,62074278,2014-11-03,PRO
14793088,13356425,2012-01-23,CON
14793092,13640177,2012-10-09,CON
14793092,PCT/JP2011/060217,2011-04-27,NST
14793093,61362969,2010-07-09,PRO
14793093,13169499,2011-06-27,CON
14793095,61912638,2013-12-06,PRO
14793095,14528638,2014-10-30,CON
14793096,13056811,2011-04-22,DIV
14793096,PCT/DE2009/000988,2009-07-15,NST
14793098,13440848,2012-04-05,DIV
14793098,14305407,2014-06-16,CON
14793101,61813775,2013-04-19,PRO
14793101,61821178,2013-05-08,PRO
14793101,14255946,2014-04-17,CON
14793102,13411899,2012-03-05,CIP
14793104,13660220,2012-10-25,CON
14793108,PCT/JP2013/065998,2013-06-10,CON
14793109,PCT/JP2014/066069,2014-06-17,CON
14793110,13753176,2013-01-29,CON
14793110,PCT/JP2010/063748,2010-08-13,CON
14793111,PCT/JP2013/074691,2013-09-12,CON
14793112,14067288,2013-10-30,DIV
14793113,PCT/IB2013/061225,2013-12-20,CON
14793114,62021323,2014-07-07,PRO
14793115,PCT/US2014/010559,2014-01-07,CON
14793117,13572071,2012-08-10,CIP
14793117,13760699,2013-02-06,CIP
14793117,13913402,2013-06-08,CIP
14793117,14138499,2013-12-23,CIP
14793117,14242429,2014-04-01,CIP
14793117,14460511,2014-08-15,CIP
14793117,14471834,2014-08-28,CIP
14793117,14607933,2015-01-28,CIP
14793123,13572071,2012-08-10,CIP
14793123,13760699,2013-02-06,CIP
14793123,13913402,2013-06-08,CIP
14793123,14138499,2013-12-23,CIP
14793123,14242429,2014-04-01,CIP
14793123,14460511,2014-08-15,CIP
14793123,14471834,2014-08-28,CIP
14793123,14607933,2015-01-28,CIP
14793124,61623161,2012-04-12,PRO
14793124,13861432,2013-04-12,CON
14793128,PCT/JP2013/084830,2013-12-26,CON
14793129,13405673,2012-02-27,CON
14793130,10318078,2002-12-13,CON
14793130,11669273,2007-01-31,CON
14793130,13347461,2012-01-10,CON
14793130,14063389,2013-10-25,CON
14793131,62022292,2014-07-09,PRO
14793133,13572071,2012-08-10,CIP
14793133,13760699,2013-02-06,CIP
14793133,13913402,2013-06-08,CIP
14793133,14138499,2013-12-23,CIP
14793133,14242429,2014-04-01,CIP
14793133,14460511,2014-08-15,CIP
14793133,14471834,2014-08-28,CIP
14793133,14607933,2015-01-28,CIP
14793138,62022875,2014-07-10,PRO
14793141,PCT/CN2014/076098,2014-04-24,CON
14793144,13903559,2013-05-28,CON
14793152,61323380,2010-04-13,PRO
14793152,13086104,2011-04-13,CON
14793153,60911653,2007-04-13,PRO
14793153,12595715,2009-11-17,DIV
14793153,PCT/DK2008/050086,2008-04-14,NST
14793155,62021509,2014-07-07,PRO
14793160,60776419,2006-02-24,PRO
14793160,11922952,2007-12-27,DIV
14793160,14100545,2013-12-09,DIV
14793162,62022406,2014-07-09,PRO
14793164,62022307,2014-07-09,PRO
14793167,14020647,2013-09-06,DIV
14793168,12929732,2011-02-11,DIV
14793171,62022329,2014-07-09,PRO
14793171,62102285,2015-01-12,PRO
14793173,PCT/JP2014/067657,2014-07-02,CON
14793174,60310537,2001-08-06,PRO
14793174,10214413,2002-08-06,CON
14793174,12909527,2010-10-21,CON
14793174,13956467,2013-08-01,CON
14793176,14047716,2013-10-07,DIV
14793177,62021251,2014-07-07,PRO
14793181,10507321,2005-06-28,CON
14793181,13618699,2012-09-14,CON
14793181,13953443,2013-07-29,CON
14793181,14517552,2014-10-17,CON
14793181,PCT/JP03/02669,2003-03-06,NST
14793183,13006591,2011-01-14,CON
14793183,13897879,2013-05-20,CON
14793185,62021337,2014-07-07,PRO
14793191,10675361,2003-09-30,CIP
14793191,10675361,2003-09-30,DIV
14793191,10858629,2004-06-02,CON
14793191,11624341,2007-01-18,CIP
14793191,12640061,2009-12-17,CIP
14793191,13409377,2012-03-01,CON
14793194,61542199,2011-10-02,PRO
14793194,13624903,2012-09-22,CON
14793197,60602544,2004-08-18,PRO
14793197,11200906,2005-08-10,CIP
14793197,12186335,2008-08-05,DIV
14793197,13306491,2011-11-29,CON
14793197,14159841,2014-01-21,CON
14793198,61998764,2014-07-07,PRO
14793200,61325612,2010-04-19,PRO
14793200,13088934,2011-04-18,CON
14793202,62021367,2014-07-07,PRO
14793203,14036012,2013-09-25,CON
14793204,14249241,2014-04-09,DIV
14793206,14024990,2013-09-12,DIV
14793206,14449481,2014-08-01,CON
14793215,62021376,2014-07-07,PRO
14793216,61098004,2008-09-18,PRO
14793216,12562408,2009-09-18,REI
14793217,PCT/CN2014/070269,2014-01-08,CON
14793224,60297718,2001-06-12,PRO
14793224,10167851,2002-06-12,CON
14793224,10839374,2004-05-05,CON
14793224,11671305,2007-02-05,DIV
14793224,12609124,2009-10-30,CON
14793224,13893762,2013-05-14,CON
14793225,14051857,2013-10-11,CON
14793226,62021941,2014-07-08,PRO
14793227,13282933,2011-10-27,CIP
14793227,13726436,2012-12-24,CIP
14793227,13726441,2012-12-24,CIP
14793227,13894505,2013-05-15,CON
14793228,29432765,2012-09-20,CON
14793228,29432767,2012-09-20,CON
14793228,61703515,2012-09-20,PRO
14793228,61703659,2012-09-20,PRO
14793228,61703661,2012-09-20,PRO
14793228,61703663,2012-09-20,PRO
14793228,61703666,2012-09-20,PRO
14793228,61703667,2012-09-20,PRO
14793228,61703677,2012-09-20,PRO
14793228,61754803,2013-01-21,PRO
14793228,14029200,2013-09-17,DIV
14793230,62023148,2014-07-10,PRO
14793230,62060757,2014-10-07,PRO
14793230,62097206,2014-12-29,PRO
14793233,11186311,2005-07-21,CON
14793233,13087012,2011-04-14,CIP
14793233,13901437,2013-05-23,CON
14793233,13902299,2013-05-24,CON
14793233,14597489,2015-01-15,CON
14793233,PCT/EP2004/000888,2004-01-30,CON
14793235,13556198,2012-07-24,CON
14793237,13185957,2011-07-19,DIV
14793238,62021443,2014-07-07,PRO
14793241,62028527,2014-07-24,PRO
14793242,14450893,2014-08-04,CON
14793242,PCT/KR2013/000847,2013-02-01,CON
14793243,60539016,2004-01-23,PRO
14793243,10865180,2004-06-09,DIV
14793243,12562039,2009-09-17,CON
14793243,13179808,2011-07-11,CON
14793243,13838519,2013-03-15,DIV
14793244,62021566,2014-07-07,PRO
14793245,13832843,2013-03-15,CON
14793247,62025751,2014-07-17,PRO
14793248,13714747,2012-12-14,CON
14793249,60362937,2002-03-07,PRO
14793249,60363001,2002-03-07,PRO
14793249,10267978,2002-10-09,CON
14793249,11923620,2007-10-24,CON
14793249,11923621,2007-10-24,CON
14793249,11923624,2007-10-24,CON
14793249,12891446,2010-09-27,CON
14793249,14090081,2013-11-26,CON
14793251,62021868,2014-07-08,PRO
14793252,13861432,2013-04-12,CON
14793253,12852256,2010-08-06,CON
14793253,13706696,2012-12-06,CON
14793253,14560696,2014-12-04,CON
14793260,62021771,2014-07-08,PRO
14793261,13741047,2013-01-14,CON
14793262,12950917,2010-11-19,CON
14793262,14642169,2015-03-09,CIP
14793264,62021285,2014-07-07,PRO
14793266,62021430,2014-07-07,PRO
14793269,14464826,2014-08-21,CON
14793270,62023585,2014-07-11,PRO
14793271,61345977,2010-05-18,PRO
14793271,13052897,2011-03-21,DIV
14793275,12858470,2010-08-18,CON
14793275,13659947,2012-10-25,CON
14793275,14224103,2014-03-25,CON
14793277,13642306,2012-10-19,CON
14793277,PCT/KR2011/002596,2011-04-12,NST
14793278,12687048,2010-01-13,CIP
14793278,12714377,2010-02-26,CIP
14793278,12956542,2010-11-30,CIP
14793278,13005860,2011-01-13,DIV
14793278,14515799,2014-10-16,CON
14793280,62021341,2014-07-07,PRO
14793283,61490793,2011-05-27,PRO
14793283,13481634,2012-05-25,DIV
14793284,62021633,2014-07-07,PRO
14793286,61766426,2013-02-19,PRO
14793286,14035161,2013-09-24,CON
14793287,61916348,2013-12-16,PRO
14793287,14554331,2014-11-26,CON
14793289,13535570,2012-06-28,DIV
14793291,61692112,2012-08-22,PRO
14793291,13972669,2013-08-21,DIV
14793294,60550492,2004-03-05,PRO
14793294,11072703,2005-03-04,CON
14793296,13002438,2011-03-25,DIV
14793296,PCT/US2009/049983,2009-07-08,NST
14793297,13638898,2012-10-01,DIV
14793297,PCT/EP11/55350,2011-04-06,NST
14793298,13994293,2013-06-14,DIV
14793298,PCT/JP2010/072566,2010-12-15,NST
14793303,12539933,2009-08-12,CON
14793304,62021763,2014-07-08,PRO
14793308,10966388,2004-10-15,DIV
14793308,11895990,2007-08-28,CON
14793308,12400965,2009-03-10,CON
14793308,12830913,2010-07-06,CON
14793308,13170951,2011-06-28,CON
14793308,13920339,2013-06-18,CON
14793308,14499559,2014-09-29,CON
14793311,62021863,2014-07-08,PRO
14793315,62021861,2014-07-08,PRO
14793316,62026193,2014-07-18,PRO
14793320,PCT/EP2013/003735,2013-12-11,CON
14793324,62021455,2014-07-07,PRO
14793324,62091914,2014-12-15,PRO
14793325,62023601,2014-07-11,PRO
14793330,62021668,2014-07-07,PRO
14793332,62031436,2014-07-31,PRO
14793333,61862159,2013-08-05,PRO
14793333,14450785,2014-08-04,CON
14793333,14554640,2014-11-26,CON
14793336,62021468,2014-07-07,PRO
14793337,13801966,2013-03-13,CON
14793346,61579830,2011-12-23,PRO
14793346,13723409,2012-12-21,DIV
14793347,61811958,2013-04-15,PRO
14793347,14025523,2013-09-12,CIP
14793347,14184508,2014-02-19,CON
14793347,14319423,2014-06-30,CON
14793348,61429391,2011-01-03,PRO
14793348,13342880,2012-01-03,CON
14793351,60923928,2007-04-17,PRO
14793351,12104323,2008-04-16,CON
14793351,12881030,2010-09-13,DIV
14793352,62022564,2014-07-09,PRO
14793355,61464917,2011-03-11,PRO
14793355,13417322,2012-03-11,CON
14793355,61724651,2012-11-09,PRO
14793355,13836280,2013-03-15,CIP
14793355,14077200,2013-11-11,CON
14793355,14175322,2014-02-07,CON
14793356,61265652,2009-12-01,PRO
14793356,12895437,2010-09-30,CON
14793356,13669147,2012-11-05,CON
14793356,14334401,2014-07-17,CON
14793359,62021481,2014-07-07,PRO
14793359,62021595,2014-07-07,PRO
14793359,62021630,2014-07-07,PRO
14793359,62021643,2014-07-07,PRO
14793359,62118305,2015-02-19,PRO
14793360,14006569,2013-09-20,CON
14793360,PCT/US2012/030192,2012-03-22,NST
14793362,62026985,2014-07-21,PRO
14793364,PCT/US10/22559,2010-01-29,CON
14793364,13110586,2011-05-18,CON
14793364,14071484,2013-11-04,CON
14793366,13003811,2011-05-25,CON
14793366,13341695,2011-12-30,CIP
14793366,13341708,2011-12-30,CIP
14793366,13965135,2013-08-12,CON
14793366,PCT/US2009/050897,2009-07-16,NST
14793368,61459872,2010-12-20,PRO
14793368,13329249,2011-12-17,CON
14793369,60718548,2005-09-19,PRO
14793369,11533362,2006-09-19,DIV
14793369,12477118,2009-06-02,CON
14793369,13116899,2011-05-26,CON
14793369,14280755,2014-05-19,CON
14793370,61369013,2010-07-29,PRO
14793370,13194880,2011-07-29,CON
14793372,13866335,2013-04-19,DIV
14793372,PCT/EP2011/005274,2011-10-19,CON
14793373,13658307,2012-10-23,DIV
14793375,62021524,2014-07-07,PRO
14793377,12539451,2009-08-11,DIV
14793377,13781584,2013-02-28,DIV
14793378,13244632,2011-09-25,CIP
14793380,62021349,2014-07-07,PRO
14793388,PCT/CN2013/085589,2013-10-21,CON
14793391,PCT/US2015/022799,2015-03-26,CON
14793393,61512488,2011-07-28,PRO
14793393,13558760,2012-07-26,CON
14793394,62021302,2014-07-07,PRO
14793395,62022634,2014-07-09,PRO
14793396,PCT/JP2014/051023,2014-01-20,CON
14793398,62022539,2014-07-09,PRO
14793406,61549032,2011-10-19,PRO
14793406,13655211,2012-10-18,CON
14793407,13812834,2013-01-28,CON
14793407,PCT/JP2011/064113,2011-06-21,NST
14793409,62021405,2014-07-07,PRO
14793410,14025961,2013-09-13,DIV
14793412,13730518,2012-12-28,CON
14793413,61287096,2009-12-16,PRO
14793413,12970655,2010-12-16,CON
14793413,14162248,2014-01-23,CIP
14793414,PCT/CN2013/085701,2013-10-22,CON
14793416,13648971,2012-10-10,REI
14793419,61811651,2013-04-12,PRO
14793419,14248719,2014-04-09,CON
14793421,61761088,2013-02-05,PRO
14793421,14173445,2014-02-05,CON
14793422,61378889,2010-08-31,PRO
14793422,13221693,2011-08-30,CON
14793422,14088077,2013-11-22,CON
14793423,61784927,2013-03-14,PRO
14793423,14021387,2013-09-09,CON
14793423,14214394,2014-03-14,CON
14793425,13816215,2013-02-08,CON
14793425,PCT/JP2011/068718,2011-08-12,NST
14793426,61720122,2012-10-30,PRO
14793426,14066487,2013-10-29,CIP
14793435,62021645,2014-07-07,PRO
14793443,61738713,2012-12-18,PRO
14793443,14109747,2013-12-17,CON
14793444,12990994,2011-02-01,CON
14793444,13783642,2013-03-04,CON
14793444,PCT/EP2009/055469,2009-05-06,NST
14793445,13728761,2012-12-27,CON
14793446,14745079,2015-06-19,CIP
14793446,PCT/CA2014/050359,2014-04-08,CON
14793448,13603107,2012-09-04,CON
14793450,62021562,2014-07-07,PRO
14793453,13131705,2011-05-27,CIP
14793453,PCT/IB2010/052949,2010-06-29,NST
14793454,12999180,2011-01-31,CON
14793454,13769097,2013-02-15,CON
14793454,PCT/US2009/049586,2009-07-02,NST
14793455,12495148,2009-06-30,CIP
14793455,12647515,2009-12-27,CIP
14793455,61352140,2010-06-07,PRO
14793455,61352155,2010-06-07,PRO
14793455,61428944,2010-12-31,PRO
14793455,61437796,2011-01-31,PRO
14793455,13153265,2011-06-03,CIP
14793455,13153300,2011-06-03,CIP
14793455,13155026,2011-06-07,DIV
14793455,13860902,2013-04-11,CON
14793456,PCT/JP2014/052303,2014-01-31,CON
14793461,13399231,2012-02-17,CON
14793462,14326158,2014-07-08,CON
14793467,62021330,2014-07-07,PRO
14793468,62031627,2014-07-31,PRO
14793469,62023383,2014-07-11,PRO
14793469,62089476,2014-12-09,PRO
14793472,PCT/CN2014/070241,2014-01-07,CON
14793474,61272862,2009-11-12,PRO
14793474,12926376,2010-11-12,CON
14793475,12947771,2010-11-16,CON
14793475,14074360,2013-11-07,CON
14793476,60848037,2006-09-27,PRO
14793476,60923838,2007-04-17,PRO
14793476,11862850,2007-09-27,DIV
14793476,12973616,2010-12-20,DIV
14793476,13544661,2012-07-09,CON
14793476,14109478,2013-12-17,CON
14793476,14485443,2014-09-12,CON
14793477,13449442,2012-04-18,CON
14793477,14514798,2014-10-15,CON
14793479,62031614,2014-07-31,PRO
14793480,12826313,2010-06-29,CON
14793481,13426106,2012-03-21,DIV
14793482,PCT/CN2013/070176,2013-01-07,CON
14793485,61949935,2014-03-07,PRO
14793485,62040966,2014-08-22,PRO
14793485,14639983,2015-03-05,CIP
14793487,61949935,2014-03-07,PRO
14793487,62040966,2014-08-22,PRO
14793487,14639983,2015-03-05,CIP
14793490,PCT/CN2013/074516,2013-04-22,CIP
14793492,61108716,2008-10-27,PRO
14793492,12605966,2009-10-26,CIP
14793492,61506979,2011-07-12,PRO
14793492,13547572,2012-07-12,CIP
14793492,61752959,2013-01-15,PRO
14793492,13752385,2013-01-28,CIP
14793492,13834755,2013-03-15,CIP
14793492,13915605,2013-06-11,CON
14793492,14720378,2015-05-22,CON
14793493,62023381,2014-07-11,PRO
14793494,60646106,2005-01-21,PRO
14793494,11336706,2006-01-20,CON
14793494,14048649,2013-10-08,CON
14793498,62027578,2014-07-22,PRO
14793500,62021842,2014-07-08,PRO
14793500,62107979,2015-01-26,PRO
14793503,62031669,2014-07-31,PRO
14793505,62021616,2014-07-07,PRO
14793506,61147059,2009-01-23,PRO
14793506,61241630,2009-09-11,PRO
14793506,12692493,2010-01-22,CON
14793506,13283471,2011-10-27,CON
14793506,14023158,2013-09-10,CON
14793506,14250329,2014-04-10,CON
14793509,62021394,2014-07-07,PRO
14793510,12053903,2008-03-24,DIV
14793510,13463399,2012-05-03,CON
14793512,62027383,2014-07-22,PRO
14793514,13627749,2012-09-26,CON
14793516,61624974,2012-04-16,PRO
14793516,13860440,2013-04-10,DIV
14793519,61599380,2012-02-15,PRO
14793519,13768937,2013-02-15,CON
14793520,62021515,2014-07-07,PRO
14793522,61480350,2011-04-28,PRO
14793522,13457930,2012-04-27,CON
14793525,62023061,2014-07-10,PRO
14793526,13494111,2012-06-12,CIP
14793531,13584407,2012-08-13,CIP
14793532,61401877,2010-08-21,PRO
14793532,13199111,2011-08-19,CON
14793533,14067230,2013-10-30,DIV
14793538,61690378,2012-06-25,PRO
14793538,13830302,2013-03-14,DIV
14793541,61753728,2013-01-17,PRO
14793541,13962612,2013-08-08,CON
14793542,61401877,2010-08-21,PRO
14793542,13199119,2011-08-19,CON
14793543,13603441,2012-09-05,CON
14793543,14157597,2014-01-17,CON
14793543,14547883,2014-11-19,CON
14793543,PCT/CN2010/076383,2010-08-26,CON
14793545,PCT/CN2013/078716,2013-07-03,CON
14793547,13494111,2012-06-12,CIP
14793550,62021589,2014-07-07,PRO
14793552,13242778,2011-09-23,CON
14793552,PCT/US2010/061015,2010-12-17,CON
14793556,13533550,2012-06-26,CON
14793566,PCT/US2014/053522,2014-08-29,CON
14793567,13915441,2013-06-11,DIV
14793569,14039768,2013-09-27,CON
14793570,60113397,1998-12-23,PRO
14793570,60117958,1999-01-28,PRO
14793570,09622869,2000-08-23,CON
14793570,PCT/US99/28848,1999-12-06,NST
14793570,10840170,2004-05-05,CON
14793570,11274239,2005-11-14,CON
14793570,11445685,2006-06-01,CON
14793570,14022016,2013-09-09,CON
14793574,12848074,2010-07-30,DIV
14793575,60244128,2000-10-26,PRO
14793575,60276615,2001-03-15,PRO
14793575,09682706,2001-10-09,DIV
14793575,10682794,2003-10-08,DIV
14793575,11935350,2007-11-05,DIV
14793575,12896618,2010-10-01,CON
14793575,13926712,2013-06-25,CON
14793576,62021657,2014-07-07,PRO
14793576,62034723,2014-08-07,PRO
14793577,PCT/CN2013/070157,2013-01-07,CON
14793579,62021561,2014-07-07,PRO
14793582,12902296,2010-10-12,CON
14793582,14166563,2014-01-28,CON
14793583,13538993,2012-06-29,CON
14793585,12654627,2009-12-28,CIP
14793585,12805095,2010-07-12,CON
14793585,14694162,2015-04-23,CON
14793588,13768791,2013-02-15,DIV
14793588,PCT/JP2011/007134,2011-12-20,CON
14793590,61219257,2009-06-22,PRO
14793590,12820087,2010-06-21,DIV
14793590,14611037,2015-01-30,CON
14793591,62021334,2014-07-07,PRO
14793591,62053676,2014-09-22,PRO
14793594,PCT/US2014/010732,2014-01-08,NST
14793596,61512355,2011-07-27,PRO
14793596,13546501,2012-07-11,CON
14793596,14204201,2014-03-11,CON
14793601,12566594,2009-09-24,CON
14793603,62022645,2014-07-09,PRO
14793606,62021601,2014-07-07,PRO
14793606,62028219,2014-07-23,PRO
14793613,62021597,2014-07-07,PRO
14793617,62021604,2014-07-07,PRO
14793618,61759314,2013-01-31,PRO
14793618,61759317,2013-01-31,PRO
14793618,61844353,2013-07-09,PRO
14793618,14169058,2014-01-30,CIP
14793618,14169060,2014-01-30,CIP
14793618,14327543,2014-07-09,CIP
14793618,14603227,2015-01-22,CIP
14793618,14640865,2015-03-06,CIP
14793618,14738881,2015-06-13,CIP
14793622,61478038,2011-04-21,PRO
14793622,61478040,2011-04-21,PRO
14793622,61596690,2012-02-08,PRO
14793622,61596692,2012-02-08,PRO
14793622,13452703,2012-04-20,CON
14793622,14137111,2013-12-20,CON
14793622,14464449,2014-08-20,CON
14793623,10332986,2003-08-04,DIV
14793623,13910579,2013-06-05,CON
14793623,14270034,2014-05-05,CON
14793623,14710481,2015-05-12,CON
14793623,14710487,2015-05-12,CON
14793623,PCT/AU01/00907,2001-07-25,NST
14793624,62026687,2014-07-20,PRO
14793624,62071947,2015-01-04,PRO
14793625,13244954,2011-09-26,DIV
14793625,14480960,2014-09-09,CON
14793625,PCT/US2011/053188,2011-09-25,CIP
14793626,62022662,2014-07-10,PRO
14793627,60878755,2007-01-05,PRO
14793627,11800293,2007-05-04,CON
14793627,13304176,2011-11-23,CON
14793627,13777072,2013-02-26,CON
14793627,14279746,2014-05-16,CON
14793629,62021301,2014-07-07,PRO
14793630,10332986,2003-08-04,DIV
14793630,13910579,2013-06-05,CON
14793630,14270034,2014-05-05,CON
14793630,14710481,2015-05-12,CON
14793630,14710487,2015-05-12,CON
14793630,PCT/AU01/00907,2001-07-25,NST
14793633,14265728,2014-04-30,CON
14793638,13679700,2012-11-16,CON
14793640,11881530,2007-07-27,CON
14793640,12846102,2010-07-29,CON
14793640,13196480,2011-08-02,CON
14793640,13760024,2013-02-05,CON
14793640,14543829,2014-11-17,CON
14793642,10332986,2003-08-04,DIV
14793642,13910579,2013-06-05,CON
14793642,14270034,2014-05-05,CON
14793642,14710481,2015-05-12,CON
14793642,14710487,2015-05-12,CON
14793642,PCT/AU01/00907,2001-07-25,NST
14793646,62021688,2014-07-07,PRO
14793648,12514177,2009-05-08,DIV
14793648,14045603,2013-10-03,CON
14793648,PCT/EP2007/062155,2007-11-09,NST
14793649,60760567,2006-01-20,PRO
14793649,60760557,2006-01-20,PRO
14793649,60760635,2006-01-20,PRO
14793649,60760645,2006-01-20,PRO
14793649,11656087,2007-01-22,CON
14793649,12643191,2009-12-21,CON
14793651,62021623,2014-07-07,PRO
14793652,14360605,2014-05-23,CON
14793652,PCT/US2013/031724,2013-03-14,NST
14793654,13194400,2011-07-29,CON
14793656,61503427,2011-06-30,PRO
14793656,13534006,2012-06-27,DIV
14793657,12251310,2008-10-14,DIV
14793659,12668613,2010-02-19,CON
14793659,13958460,2013-08-02,CON
14793659,PCT/EP08/59040,2008-07-10,NST
14793660,61244096,2009-09-21,PRO
14793660,12878014,2010-09-08,CIP
14793660,13271195,2011-10-11,CIP
14793660,61592171,2012-01-30,PRO
14793660,13735186,2013-01-07,CIP
14793660,13751107,2013-01-27,CIP
14793660,13751108,2013-01-27,CIP
14793660,13751112,2013-01-27,CIP
14793660,13751115,2013-01-27,CIP
14793661,11249173,2005-10-11,CON
14793662,PCT/US14/45627,2014-07-07,CIP
14793662,62021691,2014-07-07,PRO
14793662,62126400,2015-02-27,PRO
14793666,11621053,2007-01-08,CON
14793666,13450745,2012-04-19,CON
14793669,12376670,2009-02-06,DIV
14793669,PCT/EP2007/058205,2007-08-07,NST
14793670,62021697,2014-07-07,PRO
14793672,61695780,2012-08-31,PRO
14793672,14012931,2013-08-28,DIV
14793673,62022084,2014-07-08,PRO
14793676,61004828,2007-11-30,PRO
14793676,12315129,2008-11-29,CON
14793678,61075528,2008-06-25,PRO
14793678,PCT/US09/48563,2009-06-25,NST
14793678,13001036,2010-12-22,CON
14793681,61999056,2014-07-14,PRO
14793682,62021479,2014-07-07,PRO
14793683,61160613,2009-03-16,PRO
14793683,12661470,2010-03-16,CON
14793683,13967210,2013-08-14,CON
14793685,61749480,2013-01-07,PRO
14793685,PCT/US13/69007,2013-11-07,CON
14793687,PCT/JP2013/084460,2013-12-24,CON
14793688,60650363,2005-02-04,PRO
14793688,11349050,2006-02-06,CON
14793691,11851379,2007-09-06,CIP
14793691,11956988,2007-12-14,CIP
14793691,12263171,2008-10-31,CIP
14793691,12400790,2009-03-09,DIV
14793691,13294160,2011-11-10,CON
14793693,13199361,2011-08-26,CIP
14793693,13199481,2011-08-30,CIP
14793693,13199545,2011-08-31,CIP
14793693,13199544,2011-08-31,CIP
14793693,13200113,2011-09-16,CIP
14793693,13200106,2011-09-16,CIP
14793693,13200830,2011-09-30,CIP
14793693,13200829,2011-09-30,CIP
14793693,13200907,2011-10-03,CIP
14793693,13200906,2011-10-03,CIP
14793693,13317546,2011-10-19,CIP
14793693,13317545,2011-10-19,CIP
14793693,13317979,2011-10-31,CIP
14793693,13317978,2011-10-31,CIP
14793693,13373675,2011-11-22,CIP
14793693,13373674,2011-11-22,CIP
14793693,13373846,2011-11-30,CIP
14793693,13373847,2011-11-30,CIP
14793693,13385128,2012-02-01,CIP
14793693,13385129,2012-02-01,CIP
14793693,13385687,2012-02-29,CIP
14793693,13385690,2012-02-29,CIP
14793693,13432507,2012-03-28,CIP
14793693,13432525,2012-03-28,CIP
14793693,13435550,2012-03-30,CIP
14793693,13435591,2012-03-30,CIP
14793693,13494536,2012-06-12,CIP
14793693,13494654,2012-06-12,CIP
14793693,13528298,2012-06-20,CIP
14793693,13528331,2012-06-20,CIP
14793693,13535855,2012-06-28,CIP
14793693,13535902,2012-06-28,CIP
14793693,13548633,2012-07-13,CIP
14793693,13548671,2012-07-13,CIP
14793693,13554194,2012-07-20,CIP
14793693,13554237,2012-07-20,CIP
14793693,13560447,2012-07-27,CIP
14793693,13590774,2012-08-21,CIP
14793693,13590799,2012-08-21,CIP
14793693,13596469,2012-08-28,CIP
14793693,13596499,2012-08-28,CIP
14793693,14745313,2015-06-19,CIP
14793693,14748220,2015-06-23,CIP
14793693,14750950,2015-06-25,CIP
14793693,14753907,2015-06-29,CIP
14793693,14788716,2015-06-30,CIP
14793693,14789962,2015-07-01,CIP
14793693,14792552,2015-07-06,CIP
14793695,62022338,2014-07-09,CON
14793697,62021650,2014-07-07,PRO
14793699,62021590,2014-07-07,PRO
14793700,62022180,2014-07-08,PRO
14793700,62083294,2014-11-23,PRO
14793700,62137534,2015-03-24,PRO
14793703,62021813,2014-07-08,PRO
14793704,61749506,2013-01-07,PRO
14793704,PCT/US13/73427,2013-12-05,CON
14793705,62021650,2014-07-07,PRO
14793711,62021650,2014-07-07,PRO
14793712,62021650,2014-07-07,PRO
14793715,62021650,2014-07-07,PRO
14793716,10482399,2005-03-03,CON
14793716,13315830,2011-12-09,CON
14793716,13763435,2013-02-08,CON
14793716,PCT/GB02/03037,2002-07-02,NST
14793719,62021650,2014-07-07,PRO
14793720,61233434,2009-08-12,PRO
14793720,61399744,2010-07-16,PRO
14793720,12854834,2010-08-11,CIP
14793720,13184434,2011-07-15,CON
14793726,62021549,2014-07-07,PRO
14793726,62117943,2015-02-18,PRO
14793730,62021676,2014-07-07,PRO
14793730,62059810,2014-10-03,PRO
14793736,62021476,2014-07-07,PRO
14793737,62022188,2014-07-08,PRO
14793740,61593407,2012-02-01,PRO
14793740,13756872,2013-02-01,CON
14793743,10398992,2003-04-11,CON
14793743,11199061,2005-08-08,CON
14793743,12837601,2010-07-16,CON
14793743,13150026,2011-06-01,CON
14793743,14476484,2014-09-03,CON
14793743,PCT/GB01/04554,2001-10-12,NST
14793752,12709912,2010-02-22,CIP
14793752,13331786,2011-12-20,CIP
14793752,13959441,2013-08-05,CON
14793753,62022653,2014-07-09,PRO
14793757,61472639,2011-04-07,PRO
14793757,61477178,2011-04-20,PRO
14793757,61482194,2011-05-03,PRO
14793757,61482222,2011-05-04,PRO
14793757,61539965,2011-09-27,PRO
14793757,13441942,2012-04-09,CON
14793759,62030579,2014-07-29,PRO
14793760,61516302,2011-04-01,PRO
14793760,13506142,2012-03-29,DIV
14793767,61737206,2012-12-14,PRO
14793767,14105275,2013-12-13,DIV
14793769,62022821,2014-07-10,PRO
14793770,11832107,2007-08-01,CIP
14793770,13475252,2012-05-18,CON
14793770,13599175,2012-08-30,CON
14793770,14692090,2015-04-21,CIP
14793772,14187708,2014-02-24,DIV
14793773,61713099,2012-10-12,PRO
14793773,14050466,2013-10-10,CON
14793774,62021982,2014-07-08,PRO
14793780,13110466,2011-05-18,DIV
14793781,13264339,2012-03-09,CON
14793781,PCT/US2010/032028,2010-04-22,NST
14793783,13420931,2012-03-15,DIV
14793785,11832107,2007-08-01,CIP
14793785,61498516,2011-06-17,PRO
14793785,61593190,2012-01-31,PRO
14793785,13475252,2012-05-18,CON
14793785,13599175,2012-08-30,CON
14793785,14692090,2015-04-21,CIP
14793786,13578152,2012-10-24,DIV
14793786,PCT/EP2011/052059,2011-02-11,NST
14793787,62021758,2014-07-08,PRO
14793789,13823197,2013-03-14,CIP
14793789,PCT/AU2011/001195,2011-09-16,NST
14793791,62022375,2014-07-09,PRO
14793795,11832107,2007-08-01,CIP
14793795,13475252,2012-05-18,CON
14793795,13599175,2012-08-30,CON
14793795,14692090,2015-04-21,CIP
14793799,61752730,2013-01-15,PRO
14793799,PCT/SE2014/000004,2014-01-15,CON
14793801,14422765,,CON
14793801,PCT/JP2012/071575,2012-08-27,NST
14793804,62027515,2014-07-22,PRO
14793805,14334366,2014-07-17,CIP
14793807,13511166,2012-06-18,DIV
14793807,PCT/EP2009/065953,2009-11-27,NST
14793808,12896746,2010-10-01,CON
14793808,13910898,2013-06-05,CON
14793809,11698859,2007-01-29,CON
14793816,11072719,2005-03-04,DIV
14793816,12018451,2008-01-23,CON
14793816,12713245,2010-02-26,CON
14793816,13594979,2012-08-27,CON
14793817,12299633,2008-11-05,CON
14793817,PCT/US2007/066752,2007-04-17,NST
14793820,13610789,2012-09-11,DIV
14793822,62024612,2014-07-15,PRO
14793823,13520598,2012-11-05,DIV
14793823,PCT/EP2011/050103,2011-01-05,NST
14793825,14491196,2014-09-19,CON
14793827,62035775,2014-08-11,PRO
14793827,62035792,2014-08-11,PRO
14793828,61182463,2009-05-29,PRO
14793828,12787796,2010-05-26,CON
14793828,13351524,2012-01-17,CIP
14793828,13725206,2012-12-21,CON
14793829,PCT/US12/38312,2012-05-17,NST
14793829,14112065,2013-12-24,CIP
14793829,14059541,2013-10-22,DIV
14793829,14453014,2014-08-06,CIP
14793829,14736406,2015-06-11,CIP
14793829,PCT/US2012/038312,2012-05-17,NST
14793830,09301477,1999-04-28,CIP
14793830,60195387,2000-04-07,PRO
14793830,09827641,2001-04-06,DIV
14793830,11971017,2008-01-08,CON
14793830,13543941,2012-07-09,CON
14793830,14218201,2014-03-18,CON
14793830,14580496,2014-12-23,CON
14793833,61227872,2009-07-23,PRO
14793833,61345652,2010-05-18,PRO
14793833,12840372,2010-07-21,CIP
14793833,13079238,2011-04-04,CON
14793833,14018593,2013-09-05,CON
14793833,14022638,2013-09-10,DIV
14793835,14202609,2014-03-10,CON
14793836,62036639,2014-08-13,PRO
14793839,62022433,2014-07-09,PRO
14793842,14023095,2013-09-10,CON
14793842,14023115,2013-09-10,CON
14793842,14023130,2013-09-10,CON
14793842,14023147,2013-09-10,CON
14793842,14023152,2013-09-10,CON
14793844,62021957,2014-07-08,PRO
14793845,12965370,2010-12-10,CON
14793850,61545305,2011-10-10,PRO
14793850,13529536,2012-06-21,CIP
14793850,13834245,2013-03-15,CON
14793850,14280094,2014-05-16,CON
14793858,12279240,2008-12-22,CON
14793858,13278284,2011-10-21,CON
14793858,PCT/JP2007/052572,2007-02-14,NST
14793859,62035775,2014-08-11,PRO
14793859,62035792,2014-08-11,PRO
14793862,13725690,2012-12-21,CON
14793866,13950379,2013-07-25,DIV
14793869,13467440,2012-05-09,CON
14793870,61480093,2011-04-28,PRO
14793870,13457775,2012-04-27,CON
14793872,61254601,2009-10-23,PRO
14793872,61385868,2010-09-23,PRO
14793872,12908323,2010-10-20,DIV
14793872,13962856,2013-08-08,DIV
14793878,61619379,2012-04-02,PRO
14793878,13783785,2013-03-04,CON
14793879,60362155,2002-03-05,PRO
14793879,10379967,2003-03-05,DIV
14793879,60634951,2004-12-10,PRO
14793879,60658312,2005-03-03,PRO
14793879,60694742,2005-06-28,PRO
14793879,11253301,2005-10-17,CIP
14793879,11302418,2005-12-12,CON
14793879,13561304,2012-07-30,CON
14793879,14029617,2013-09-17,CON
14793880,62023553,2014-07-11,PRO
14793884,13996765,2013-06-21,CON
14793884,PCT/SE2013/050469,2013-04-26,NST
14793885,13798677,2013-03-13,CON
14793886,13978258,2013-07-03,DIV
14793886,PCT/JP2012/050903,2012-01-18,NST
14793887,60360259,2002-03-01,PRO
14793887,10377122,2003-03-03,DIV
14793887,11137385,2005-05-26,CIP
14793887,11754902,2007-05-29,CIP
14793887,12564335,2009-09-22,DIV
14793887,13717867,2012-12-18,CON
14793887,14038267,2013-09-26,DIV
14793887,14516770,2014-10-17,DIV
14793887,PCT/US2004/040136,2004-01-20,CON
14793888,62022266,2014-07-09,PRO
14793889,60126805,1999-03-30,PRO
14793889,09497393,2000-02-03,CIP
14793889,10387163,2003-03-11,CON
14793889,12790108,2010-05-28,CON
14793889,13961721,2013-08-07,CON
14793892,61427509,2010-12-28,PRO
14793892,13166351,2011-06-22,CON
14793892,14466477,2014-08-22,CON
14793893,61237880,2009-08-28,PRO
14793893,61330484,2010-05-03,PRO
14793893,12868994,2010-08-26,CON
14793893,13791567,2013-03-08,CON
14793895,61400864,2010-07-15,PRO
14793895,61401920,2010-08-20,PRO
14793895,61401918,2010-08-20,PRO
14793895,61401850,2010-08-20,PRO
14793895,61401849,2010-08-20,PRO
14793895,61401848,2010-08-20,PRO
14793895,61462576,2011-02-04,PRO
14793895,61462791,2011-02-05,PRO
14793895,61463280,2011-02-15,PRO
14793895,61516495,2011-04-04,PRO
14793895,61516496,2011-04-04,PRO
14793895,61516462,2011-04-04,PRO
14793895,61516694,2011-04-06,PRO
14793895,13184446,2011-07-15,CON
14793896,12993491,2010-11-19,CON
14793896,PCT/EP2009/056800,2009-06-03,NST
14793900,12730841,2010-03-24,CON
14793903,11167935,2005-06-27,CON
14793912,PCT/JP2014/059606,2014-04-01,CON
14793915,62022119,2014-07-08,PRO
14793916,13276374,2011-10-19,DIV
14793916,PCT/JP2010/058304,2010-05-17,CON
14793920,14462520,2014-08-18,CIP
14793921,60849641,2006-10-04,PRO
14793921,60904601,2007-02-28,PRO
14793921,11867559,2007-10-04,CON
14793921,12968651,2010-12-15,CON
14793921,14019513,2013-09-05,CON
14793921,14460080,2014-08-14,CON
14793925,61451554,2011-03-10,PRO
14793925,13415279,2012-03-08,DIV
14793926,12971638,2010-12-17,CON
14793927,62022001,2014-07-08,PRO
14793929,11988503,2008-01-09,CON
14793929,14177586,2014-02-11,CON
14793929,PCT/EP2006/007121,2006-07-19,NST
14793931,61540644,2011-09-29,PRO
14793931,61648333,2012-05-17,PRO
14793931,13628090,2012-09-27,CON
14793932,PCT/JP2014/059896,2014-04-03,CON
14793933,14032989,2013-09-20,CON
14793935,62029442,2014-07-26,PRO
14793936,13832689,2013-03-15,CON
14793938,14162927,2014-01-24,DIV
14793941,61001207,2007-10-30,PRO
14793941,12290547,2008-10-30,CON
14793941,14051646,2013-10-11,CON
14793942,61561255,2011-11-17,PRO
14793942,61676423,2012-07-27,PRO
14793942,13670612,2012-11-07,CON
14793942,14322262,2014-07-02,CON
14793945,11167935,2005-06-27,CIP
14793945,11223804,2005-09-09,CON
14793947,61129084,2008-06-04,PRO
14793947,12477492,2009-06-03,DIV
14793953,11243183,2005-10-05,CON
14793953,12606482,2009-10-27,CON
14793953,13476740,2012-05-21,CON
14793953,14010140,2013-08-26,CON
14793954,10829917,2004-04-21,CIP
14793954,11522497,2006-09-15,CIP
14793954,12355492,2009-01-16,CON
14793960,11804582,2007-05-18,CON
14793960,14226269,2014-03-26,CON
14793961,61929788,2014-01-21,PRO
14793961,14601926,2015-01-21,CON
14793967,13517825,2012-06-14,CON
14793969,62021946,2014-07-08,PRO
14793969,62168081,2015-05-29,PRO
14793971,62023412,2014-07-11,PRO
14793973,60466793,2003-05-01,PRO
14793973,60492754,2003-08-06,PRO
14793973,10834345,2004-04-29,CON
14793973,12216321,2008-07-02,DIV
14793973,13369329,2012-02-09,CON
14793974,14007940,2013-09-26,DIV
14793974,PCT/JP2012/054538,2012-02-24,NST
14793975,PCT/JP2014/057967,2014-03-24,CIP
14793977,62030232,2014-07-29,PRO
14793979,62022802,2014-07-10,PRO
14793980,62025385,2014-07-16,PRO
14793982,PCT/EP2013/077026,2013-12-18,CON
14793984,14488551,2014-09-17,DIV
14793986,11707423,2007-02-16,CON
14793986,13300874,2011-11-21,CON
14793986,14069852,2013-11-01,CON
14793987,62036603,2014-08-12,PRO
14793987,62091322,2014-12-12,PRO
14793992,62021899,2014-07-08,PRO
14793998,62022312,2014-07-09,PRO
14794001,62021980,2014-07-08,PRO
14794002,13448196,2012-04-16,DIV
14794003,11880348,2007-07-20,DIV
14794003,12797708,2010-06-10,REI
14794006,61569872,2011-12-13,PRO
14794006,13713839,2012-12-13,CON
14794008,62022374,2014-07-09,PRO
14794010,62024502,2014-07-15,PRO
14794011,62023690,2014-07-11,PRO
14794018,62036678,2014-08-13,PRO
14794019,10002641,2001-11-28,CIP
14794019,10341574,2003-01-13,CIP
14794019,10773906,2004-02-06,CIP
14794019,11767070,2007-06-22,CIP
14794019,12047982,2008-03-13,CIP
14794019,12706781,2010-02-17,DIV
14794019,14108580,2014-03-06,CIP
14794020,09624276,2000-07-24,CON
14794020,11323814,2005-12-29,DIV
14794020,12139007,2008-06-13,CON
14794020,12775696,2010-05-07,CON
14794020,13204145,2011-08-05,CON
14794020,14097614,2013-12-05,CON
14794021,12971685,2010-12-17,CON
14794022,62021946,2014-07-08,PRO
14794022,62168081,2015-05-29,PRO
14794024,14320572,2014-06-30,CON
14794029,62035737,2014-08-11,PRO
14794029,62035747,2014-08-11,PRO
14794030,60975580,2007-09-27,PRO
14794030,12239387,2008-09-26,CON
14794030,14454078,2014-08-07,CON
14794031,PCT/KR2015/001107,2015-02-03,CON
14794032,62036771,2014-08-13,PRO
14794037,62021946,2014-07-08,PRO
14794037,62168081,2015-05-29,PRO
14794038,62022119,2014-07-08,PRO
14794040,61983948,2014-04-24,PRO
14794044,PCT/CN2014/079562,2014-06-10,CON
14794045,61790083,2013-03-15,PRO
14794045,14031021,2013-09-18,CON
14794048,12866127,2010-12-03,CON
14794048,14173292,2014-02-05,CON
14794048,PCT/EP2009/051370,2009-02-06,NST
14794049,PCT/CN2013/073893,2013-04-08,CIP
14794051,PCT/JP2014/062350,2014-05-08,CON
14794052,60726826,2005-10-14,PRO
14794052,60745730,2006-04-26,PRO
14794052,60803346,2006-05-26,PRO
14794052,60803965,2006-06-05,PRO
14794052,60828089,2006-10-04,PRO
14794052,11548781,2006-10-12,CON
14794052,12791666,2010-06-01,CON
14794052,13008728,2011-01-18,CON
14794052,13598218,2012-08-29,CON
14794057,08944529,1997-10-07,CIP
14794057,60181577,2000-02-10,PRO
14794057,09780316,2001-02-09,CON
14794057,10966848,2004-10-14,CON
14794057,12240098,2008-09-29,CON
14794057,13184428,2011-07-15,CON
14794057,13941327,2013-07-12,CON
14794058,62035737,2014-08-11,PRO
14794058,62035747,2014-08-11,PRO
14794062,62021925,2014-07-08,PRO
14794067,61835823,2013-06-17,PRO
14794067,61860560,2013-07-31,PRO
14794067,61937726,2014-02-10,PRO
14794067,14289056,2014-05-28,CON
14794069,PCT/JP2014/055148,2014-02-28,CON
14794073,PCT/CN2014/074883,2014-04-08,CON
14794077,13893915,2013-05-14,CON
14794077,14320243,2014-06-30,CON
14794080,11932792,2007-10-31,CON
14794080,13904684,2013-05-29,CON
14794080,14246374,2014-04-07,CON
14794081,PCT/CN2014/079936,2014-06-16,CON
14794082,PCT/JP2013/072950,2013-08-28,CON
14794083,13579064,2012-10-22,DIV
14794083,PCT/GB2011/050299,2011-02-16,NST
14794084,PCT/CN2014/080075,2014-06-17,CON
14794086,62024878,2014-07-15,PRO
14794088,11167935,2005-06-27,CIP
14794088,11225491,2005-09-09,CON
14794089,62027514,2014-07-22,PRO
14794092,62021738,2014-07-08,PRO
14794093,13926256,2013-06-25,CON
14794094,61820201,2013-05-07,PRO
14794094,14271682,2014-05-07,CON
14794095,13843862,2013-03-15,DIV
14794095,14217651,2014-03-18,DIV
14794097,61338237,2010-02-16,PRO
14794097,13027550,2011-02-15,CON
14794097,14078566,2013-11-13,CON
14794100,13836214,2013-03-15,CON
14794104,13161164,2011-06-15,CIP
14794104,13494571,2012-06-12,CIP
14794106,60760629,2006-01-20,PRO
14794106,60795064,2006-04-26,PRO
14794106,11534560,2006-09-22,CON
14794106,13359822,2012-01-27,CON
14794106,14501783,2014-09-30,CON
14794111,PCT/JP2014/053942,2014-02-19,CON
14794118,14001606,2013-11-11,CON
14794121,62022554,2014-07-09,PRO
14794126,12504394,2009-07-16,CON
14794126,13221105,2011-08-30,CON
14794126,13892847,2013-05-13,CON
14794128,13288857,2011-11-03,CON
14794129,62022846,2014-07-10,PRO
14794129,62091943,2014-12-15,PRO
14794134,13578106,2012-11-02,DIV
14794134,PCT/EP2011/053536,2011-03-09,NST
14794135,13756568,2013-02-01,DIV
14794137,13549497,2012-07-15,CIP
14794151,62022346,2014-07-09,PRO
14794155,61830939,2013-06-04,PRO
14794155,61888619,2013-10-09,PRO
14794155,14295545,2014-06-04,CON
14794155,14697133,2015-04-27,CIP
14794156,12780443,2010-05-14,CON
14794157,61934312,2014-01-31,PRO
14794157,14256641,2014-04-18,CON
14794158,13395064,2012-03-08,CON
14794158,PCT/JP2010/005344,2010-08-31,NST
14794159,14009647,2013-10-03,CON
14794159,PCT/FI2011/050303,2011-04-07,NST
14794160,62022361,2014-07-09,PRO
14794162,13352680,2012-01-18,DIV
14794163,62021801,2014-07-08,PRO
14794166,62036139,2014-08-12,PRO
14794168,62025311,2014-07-16,PRO
14794172,62022952,2014-07-10,PRO
14794174,13555354,2012-07-23,CON
14794181,62021917,2014-07-08,PRO
14794182,61606301,2012-03-02,PRO
14794182,61606313,2012-03-02,PRO
14794182,61606321,2012-03-02,PRO
14794182,61606333,2012-03-02,PRO
14794182,61606336,2012-03-02,PRO
14794182,61607451,2012-03-06,PRO
14794182,61613745,2012-03-21,PRO
14794182,13468918,2012-05-10,CON
14794186,62023096,2014-07-10,PRO
14794188,12322342,2009-01-29,CON
14794188,13686744,2012-11-27,CON
14794188,PCT/GB2007/002872,2007-07-27,CON
14794189,PCT/EP2014/050331,2014-01-09,CON
14794192,62022083,2014-07-08,PRO
14794193,14053440,2013-10-14,DIV
14794193,PCT/US2012/033245,2012-04-12,CON
14794196,13262100,2011-09-29,CON
14794196,PCT/JP2010/055164,2010-03-25,NST
14794197,13938532,2013-07-10,CON
14794204,13698840,2012-11-21,CON
14794204,PCT/KR2011/003292,2011-05-03,NST
14794205,14068946,2013-10-31,DIV
14794209,13095940,2011-04-28,CON
14794209,14328342,2014-07-10,CON
14794211,61471017,2011-04-01,PRO
14794211,13436461,2012-03-30,CON
14794213,62021926,2014-07-08,PRO
14794214,13642096,2013-02-01,CON
14794214,PCT/US2010/053260,2010-10-19,NST
14794219,62022043,2014-07-08,PRO
14794220,PCT/JP2013/007571,2013-12-25,CON
14794223,PCT/CN2013/070283,2013-01-09,CON
14794225,61248720,2009-10-05,PRO
14794225,12898339,2010-10-05,CON
14794227,14292697,2014-05-30,CON
14794228,12647337,2009-12-24,DIV
14794231,62032872,2014-08-04,PRO
14794232,13530961,2012-06-22,DIV
14794233,13700806,2012-11-29,DIV
14794233,PCT/JP2011/062336,2011-05-30,NST
14794240,13976498,2013-06-27,DIV
14794240,PCT/CN2012/084470,2012-11-12,NST
14794246,PCT/EP2014/050750,2014-01-16,CON
14794248,14068936,2013-10-31,DIV
14794249,62022442,2014-07-09,PRO
14794253,13665331,2012-10-31,CON
14794256,62036784,2014-08-13,PRO
14794263,62025395,2014-07-16,PRO
14794268,61528106,2011-08-26,PRO
14794268,61674213,2012-07-20,PRO
14794268,13593318,2012-08-23,CON
14794269,62026500,2014-07-18,PRO
14794272,62023557,2014-07-11,PRO
14794273,62022066,2014-07-08,PRO
14794274,14057297,2013-10-18,DIV
14794275,13581872,2012-11-02,CON
14794275,14151519,2014-01-09,CON
14794275,PCT/IN2010/000128,2010-03-08,NST
14794277,PCT/CN2014/070130,2014-01-04,CON
14794279,62021880,2014-07-08,PRO
14794280,61983932,2014-04-24,PRO
14794280,14696185,2015-04-24,CON
14794284,62021755,2014-07-08,PRO
14794292,62021888,2014-07-08,PRO
14794294,13394064,2012-03-02,CON
14794294,PCT/US2012/024320,2012-02-08,NST
14794295,60831855,2006-07-19,PRO
14794295,11827669,2007-07-12,CON
14794295,13926002,2013-06-25,DIV
14794296,62024085,2014-07-14,PRO
14794296,62044552,2014-09-02,PRO
14794299,60418384,2002-10-15,PRO
14794299,10682185,2003-10-09,CON
14794299,11618615,2006-12-29,CON
14794299,11929464,2007-10-30,CON
14794299,13453100,2012-04-23,CON
14794299,14338525,2014-07-23,CON
14794299,14670044,2015-03-26,CON
14794302,62026513,2014-07-18,PRO
14794306,62023231,2014-07-11,PRO
14794307,61321984,2010-04-08,PRO
14794307,13081809,2011-04-07,CON
14794308,61620233,2012-04-04,PRO
14794308,13855966,2013-04-03,CON
14794308,14074273,2013-11-07,CON
14794308,14612881,2015-02-03,CON
14794309,11541505,2006-09-29,CIP
14794309,11541506,2006-09-29,CIP
14794309,11784821,2007-04-10,CIP
14794309,12014399,2008-01-15,CIP
14794309,12196398,2008-08-22,CIP
14794309,12196405,2008-08-22,CIP
14794309,12196407,2008-08-22,CIP
14794309,12196410,2008-08-22,CIP
14794309,12474802,2009-05-29,CIP
14794309,12489168,2009-06-22,CIP
14794309,12570854,2009-09-30,CIP
14794309,12702067,2010-02-08,CIP
14794309,12719337,2010-03-08,CON
14794310,62022052,2014-07-08,PRO
14794313,62023476,2014-07-11,PRO
14794314,13994618,2013-06-14,CON
14794314,PCT/CA2011/050800,2011-12-22,NST
14794317,13993970,2013-06-13,CON
14794317,PCT/FR2011/000644,2011-12-12,NST
14794322,62022000,2014-07-08,PRO
14794324,14082262,2013-11-18,CIP
14794325,PCT/CN2014/093034,2014-12-04,CON
14794326,10095273,2002-03-12,CIP
14794326,10162524,2002-06-05,CIP
14794326,10226191,2002-08-22,CIP
14794326,60458024,2003-03-27,PRO
14794326,10730708,2003-12-08,CIP
14794326,10748631,2003-12-30,CIP
14794326,10748546,2003-12-30,CIP
14794326,10969789,2004-10-21,CIP
14794326,12100586,2008-04-10,CIP
14794326,12612677,2009-11-05,CIP
14794326,12938537,2010-11-03,CIP
14794326,12974829,2010-12-21,CIP
14794326,13113167,2011-05-23,CIP
14794326,13268119,2011-10-07,CIP
14794326,13354537,2012-01-20,CIP
14794326,13421398,2012-03-15,CON
14794329,13687220,2012-11-28,CON
14794332,12992252,2010-11-11,DIV
14794332,PCT/US2009/045864,2009-06-01,NST
14794333,PCT/CN2014/078311,2014-05-23,CON
14794334,13333132,2011-12-21,CON
14794335,61378921,2010-08-31,PRO
14794335,12879909,2010-09-10,CON
14794335,14197831,2014-03-05,CON
14794339,PCT/US2013/071641,2013-11-25,CIP
14794340,62026538,2014-07-18,PRO
14794343,PCT/JP2014/050160,2014-01-08,CON
14794348,62021802,2014-07-08,PRO
14794350,PCT/JP2014/077313,2014-10-14,CON
14794352,13483838,2012-05-30,DIV
14794353,62027135,2014-07-21,PRO
14794354,62022402,2014-07-09,PRO
14794355,62023004,2014-07-10,PRO
14794356,14240643,2014-02-24,CON
14794356,PCT/GB2012/000677,2012-08-22,NST
14794358,12392186,2009-02-25,CON
14794358,13872960,2013-04-29,CON
14794359,PCT/JP2014/051224,2014-01-22,CON
14794363,61158073,2009-03-06,PRO
14794363,12717990,2010-03-05,CON
14794366,62021908,2014-07-08,PRO
14794370,61508292,2011-07-15,PRO
14794370,13544267,2012-07-09,CON
14794373,13652003,2012-10-15,CON
14794374,13327395,2011-12-15,DIV
14794376,62025075,2014-07-16,PRO
14794378,62023450,2014-07-11,PRO
14794378,62159573,2015-05-11,PRO
14794379,13659359,2012-10-24,DIV
14794380,14100840,2013-12-09,DIV
14794381,PCT/JP2014/065184,2014-06-09,CON
14794385,14454361,2014-08-07,CON
14794392,PCT/DE2013/100425,2013-12-17,CON
14794393,PCT/JP2014/050162,2014-01-08,CON
14794394,13746722,2013-01-22,CIP
14794394,14538422,2014-11-11,CIP
14794395,61682529,2012-08-13,PRO
14794395,13966082,2013-08-13,CON
14794400,61238540,2009-08-31,PRO
14794400,12873115,2010-08-31,CON
14794401,62024249,2014-07-14,PRO
14794404,09684389,2000-10-10,CON
14794404,11088941,2005-03-25,CON
14794404,11980724,2007-10-31,CON
14794404,12461919,2009-08-27,CON
14794404,13086076,2011-04-13,CON
14794404,13617850,2012-09-14,CON
14794404,13939918,2013-07-11,CON
14794404,14093207,2013-11-29,CON
14794404,14282550,2014-05-20,CON
14794404,14473354,2014-08-29,CON
14794404,14606444,2015-01-27,CON
14794410,60422455,2002-10-30,PRO
14794410,60466091,2003-04-28,PRO
14794410,60471254,2003-05-16,PRO
14794410,10697793,2003-10-30,CON
14794410,11764642,2007-06-18,CON
14794410,13289503,2011-11-04,CON
14794410,13944205,2013-07-17,CON
14794410,14603677,2015-01-23,CON
14794415,62022037,2014-07-08,PRO
14794416,14759555,2015-07-07,CON
14794416,PCT/US2014/029667,2014-03-14,NST
14794417,13219030,2011-08-26,CON
14794417,13961514,2013-08-07,CON
14794425,62023307,2014-07-11,PRO
14794425,62025129,2014-07-16,PRO
14794425,62037445,2014-08-14,PRO
14794426,13258109,2011-09-21,CON
14794426,PCT/JP2010/054634,2010-03-18,NST
14794428,13575229,2012-10-29,CON
14794428,PCT/EP2011/051992,2011-02-10,NST
14794430,62021876,2014-07-08,PRO
14794430,62021877,2014-07-08,PRO
14794430,62021881,2014-07-08,PRO
14794431,12929313,2011-01-13,CON
14794433,14044271,2013-10-02,DIV
14794436,13473236,2012-05-16,CON
14794437,14132776,2013-12-18,CON
14794440,13390232,2012-02-13,DIV
14794440,PCT/KR2010/005342,2010-08-13,NST
14794441,13600399,2012-08-31,DIV
14794442,PCT/EP2013/075737,2013-12-06,CON
14794443,62022067,2014-07-08,PRO
14794444,61333828,2010-05-12,PRO
14794444,PCT/US11/36190,2011-05-12,NST
14794444,13697435,2013-02-06,CON
14794448,11665621,2007-04-18,DIV
14794448,13158964,2011-06-13,DIV
14794448,14132433,2013-12-18,DIV
14794448,14269908,2014-05-05,DIV
14794448,14452252,2014-08-05,CON
14794448,PCT/JP2006/311292,2006-06-06,NST
14794449,61334866,2010-05-14,PRO
14794449,13108610,2011-05-16,CON
14794450,62021876,2014-07-08,PRO
14794450,62021877,2014-07-08,PRO
14794450,62021881,2014-07-08,PRO
14794451,61553024,2011-10-28,PRO
14794451,13663468,2012-10-29,DIV
14794453,PCT/CN2013/070292,2013-01-10,CON
14794460,62037879,2014-08-15,PRO
14794462,61145325,2009-01-16,PRO
14794462,12688107,2010-01-15,CON
14794465,62024747,2014-07-15,PRO
14794468,60391314,2002-06-24,PRO
14794468,10600854,2003-06-20,CIP
14794468,10838157,2004-04-30,DIV
14794468,11147622,2005-06-07,CON
14794468,11705694,2007-02-12,CON
14794468,12638860,2009-12-15,CON
14794468,13477364,2012-05-22,DIV
14794468,14139692,2013-12-23,CON
14794469,62022586,2014-07-09,PRO
14794471,62021876,2014-07-08,PRO
14794471,62021877,2014-07-08,PRO
14794471,62021881,2014-07-08,PRO
14794472,13053784,2011-03-22,CON
14794473,13357385,2012-01-24,CON
14794480,62024237,2014-07-14,PRO
14794483,61438182,2011-01-31,PRO
14794483,61438194,2011-01-31,PRO
14794483,13362973,2012-01-31,CON
14794487,62021781,2014-07-08,PRO
14794488,60804817,2006-06-14,PRO
14794488,60804819,2006-06-14,PRO
14794488,11762750,2007-06-13,CON
14794488,13737730,2013-01-09,CON
14794489,62023387,2014-07-11,PRO
14794493,61692548,2012-08-23,PRO
14794493,61726448,2012-11-14,PRO
14794493,61753323,2013-01-16,PRO
14794493,61753334,2013-01-16,PRO
14794493,61821071,2013-05-08,PRO
14794493,61821186,2013-05-08,PRO
14794493,61863311,2013-08-07,PRO
14794493,13974946,2013-08-23,CON
14794494,14444670,2014-07-28,CON
14794497,62023580,2014-07-11,PRO
14794499,11237323,2005-09-28,CON
14794501,61830391,2013-06-03,PRO
14794501,14294433,2014-06-03,CON
14794501,14639650,2015-03-05,CON
14794502,61798054,2013-03-15,PRO
14794502,14209534,2014-03-13,CIP
14794502,62022130,2014-07-08,PRO
14794502,62109057,2015-01-29,PRO
14794503,62022175,2014-07-08,PRO
14794507,12475311,2009-05-29,CON
14794507,13149279,2011-05-31,CON
14794507,13599918,2012-08-30,DIV
14794507,14206473,2014-03-12,CON
14794512,13456477,2012-04-26,CON
14794513,13637907,2012-09-27,DIV
14794513,PCT/EP2011/054865,2011-03-29,NST
14794517,60778933,2006-03-06,PRO
14794517,11707989,2007-02-20,CON
14794520,62022496,2014-07-09,PRO
14794522,61617537,2012-03-29,PRO
14794522,13854031,2013-03-29,CON
14794524,61436948,2011-01-27,PRO
14794524,13276200,2011-10-18,CON
14794525,62022574,2014-07-09,PRO
14794527,62021981,2014-07-08,PRO
14794528,62021834,2014-07-08,PRO
14794529,60464937,2003-04-22,PRO
14794529,10815304,2004-03-31,CON
14794529,14318486,2014-06-27,CON
14794530,62033001,2014-08-04,PRO
14794531,62012047,2014-06-13,PRO
14794531,14723607,2015-05-28,CON
14794534,13434527,2012-03-29,CON
14794536,09684389,2000-10-10,CON
14794536,11088941,2005-03-25,CON
14794536,11980724,2007-10-31,CON
14794536,12461919,2009-08-27,CON
14794536,13086076,2011-04-13,CON
14794536,13617850,2012-09-14,CON
14794536,13939918,2013-07-11,CON
14794536,14093207,2013-11-29,CON
14794536,14282550,2014-05-20,CON
14794536,14473354,2014-08-29,CON
14794536,14610732,2015-01-30,CON
14794537,60523234,2003-11-18,PRO
14794537,10993402,2004-11-18,CON
14794537,13178216,2011-07-07,CON
14794537,13800949,2013-03-13,CON
14794537,14143680,2013-12-30,CON
14794538,62023442,2014-07-11,PRO
14794540,62021869,2014-07-08,PRO
14794541,62022240,2014-07-09,PRO
14794543,62021952,2014-07-08,PRO
14794543,62097503,2014-12-29,PRO
14794544,PCT/US2014/072442,2014-12-26,CIP
14794547,PCT/EP2013/077975,2013-12-24,CIP
14794551,60625355,2004-11-05,PRO
14794551,11266994,2005-11-04,CON
14794551,12493884,2009-06-29,CON
14794551,12775636,2010-05-07,CON
14794551,13861195,2013-04-11,CON
14794554,12455470,2009-06-02,DIV
14794554,13686408,2012-11-27,DIV
14794557,62039187,2014-08-19,PRO
14794563,12622613,2009-11-20,CON
14794563,13114957,2011-05-24,CON
14794563,14512148,2014-10-10,CON
14794566,12858361,2010-08-17,CON
14794567,61833377,2013-06-10,PRO
14794567,14053546,2013-10-14,CON
14794568,12266688,2008-11-07,CON
14794568,12787872,2010-05-26,REI
14794570,62023638,2014-07-11,PRO
14794570,62082441,2014-11-20,PRO
14794571,62022146,2014-07-08,PRO
14794574,13855246,2013-04-02,DIV
14794576,62036677,2014-08-13,PRO
14794582,10538659,2006-05-03,CON
14794582,13614832,2012-09-13,CON
14794582,14333082,2014-07-16,CON
14794582,PCT/JP03/15646,2003-12-08,NST
14794585,14262184,2014-04-25,DIV
14794586,62022544,2014-07-09,PRO
14794587,62022302,2014-07-09,PRO
14794588,61560029,2011-11-15,PRO
14794588,61657382,2012-06-08,PRO
14794588,13678221,2012-11-15,CON
14794588,61806481,2013-03-29,PRO
14794588,61811864,2013-04-15,PRO
14794588,61819159,2013-05-03,PRO
14794588,61858150,2013-07-25,PRO
14794588,14230648,2014-03-31,CIP
14794588,14253628,2014-04-15,CIP
14794588,14269887,2014-05-05,CIP
14794588,62021807,2014-07-08,PRO
14794588,14610757,2015-01-30,CIP
14794589,14278968,2014-05-15,CIP
14794593,61568637,2011-12-08,PRO
14794593,13708814,2012-12-07,CON
14794593,13937132,2013-07-08,CIP
14794595,61360493,2010-06-30,PRO
14794595,61360495,2010-07-01,PRO
14794595,61361403,2010-07-03,PRO
14794595,61365327,2010-07-17,PRO
14794595,13174542,2011-06-30,DIV
14794596,14292691,2014-05-30,CON
14794599,PCT/JP2014/050236,2014-01-09,CON
14794601,62022059,2014-07-08,PRO
14794604,13096603,2011-04-28,CON
14794604,14096997,2013-12-04,CON
14794608,13328133,2011-12-16,DIV
14794609,62023678,2014-07-11,PRO
14794610,60747735,2006-05-19,PRO
14794610,11750704,2007-05-18,CON
14794613,62021922,2014-07-08,PRO
14794616,61544194,2011-10-06,PRO
14794616,61605118,2012-02-29,PRO
14794616,13633600,2012-10-02,CON
14794619,62022165,2014-07-08,PRO
14794623,13494806,2012-06-12,CON
14794625,62023012,2014-07-10,PRO
14794628,62022603,2014-07-09,PRO
14794629,PCT/EP2013/067574,2013-08-23,CON
14794633,62024009,2014-07-14,PRO
14794636,62022631,2014-07-09,PRO
14794640,PCT/CN2013/087277,2013-11-15,CON
14794641,61953987,2014-03-17,PRO
14794641,14338573,2014-07-23,DIV
14794642,62022584,2014-07-09,PRO
14794643,13710415,2012-12-10,DIV
14794645,62022613,2014-07-09,PRO
14794646,13533695,2012-06-26,DIV
14794657,61353086,2010-06-09,PRO
14794657,12938592,2010-11-03,CON
14794662,61085096,2008-07-31,PRO
14794662,61187616,2009-06-16,PRO
14794662,12511165,2009-07-29,CON
14794664,PCT/JP2014/002061,2014-04-10,CON
14794667,62021964,2014-07-08,PRO
14794668,62022021,2014-07-08,PRO
14794669,14324235,2014-07-06,CON
14794669,14448223,2014-07-31,CON
14794669,14457001,2014-08-11,CON
14794669,14457018,2014-08-11,CON
14794669,14457041,2014-08-11,CON
14794669,14457053,2014-08-11,CON
14794669,14457061,2014-08-11,CON
14794669,14457090,2014-08-11,CON
14794669,14457098,2014-08-11,CON
14794669,14457105,2014-08-11,CON
14794669,14457111,2014-08-11,CON
14794669,14457029,2014-08-11,CON
14794669,14617926,2015-02-09,CON
14794669,14694610,2015-04-23,CON
14794673,62022120,2014-07-08,PRO
14794677,61641199,2012-05-01,PRO
14794677,13875279,2013-05-01,CIP
14794678,62033037,2014-08-04,PRO
14794680,62021776,2014-07-08,PRO
14794682,14040055,2013-09-27,DIV
14794684,62023385,2014-07-11,PRO
14794685,11692870,2007-03-28,CIP
14794685,11964285,2007-12-26,CIP
14794685,61017125,2007-12-27,PRO
14794685,PCT/US08/58528,2008-03-27,NST
14794685,12594805,2010-06-08,CON
14794685,13543065,2012-07-06,CON
14794687,12740782,2010-12-22,DIV
14794687,14035441,2013-09-24,DIV
14794687,PCT/US2008/012276,2008-10-28,NST
14794689,62022557,2014-07-09,PRO
14794690,61446972,2011-02-25,PRO
14794690,13405119,2012-02-24,CON
14794691,61526217,2011-08-22,PRO
14794691,61558207,2011-11-10,PRO
14794691,13592004,2012-08-22,CON
14794691,14723931,2015-05-28,CON
14794694,12179396,2008-07-24,CON
14794694,14079479,2013-11-13,CON
14794700,11818422,2007-06-13,DIV
14794700,13269330,2011-10-07,DIV
14794700,13593451,2012-08-23,DIV
14794701,61674274,2012-07-20,PRO
14794701,13665761,2012-10-31,CON
14794701,14334097,2014-07-17,CON
14794702,62022598,2014-07-09,PRO
14794707,13228255,2011-09-08,REI
14794708,13532355,2012-06-25,CON
14794710,61263261,2009-11-20,PRO
14794710,12949643,2010-11-18,CON
14794713,61750342,2013-01-08,PRO
14794713,PCT/US14/10739,2014-01-08,CON
14794714,62022133,2014-07-08,PRO
14794714,62051647,2014-09-17,PRO
14794716,61394851,2010-10-20,PRO
14794716,13276192,2011-10-18,CON
14794716,13888543,2013-05-07,CON
14794718,62022533,2014-07-09,PRO
14794720,13931795,2013-06-28,CON
14794721,62021944,2014-07-08,PRO
14794731,61624185,2012-04-13,PRO
14794731,13734371,2013-01-04,CON
14794732,61598762,2012-02-14,PRO
14794732,13765612,2013-02-12,CIP
14794732,61766665,2013-02-19,PRO
14794732,61842292,2013-07-02,PRO
14794732,61858073,2013-07-24,PRO
14794732,61906794,2013-11-20,PRO
14794732,14184653,2014-02-19,CON
14794733,62136430,2015-03-20,PRO
14794735,13551828,2012-07-18,CON
14794736,60776476,2006-02-24,PRO
14794736,11678559,2007-02-23,CIP
14794736,12270091,2008-11-13,CON
14794736,12611849,2009-11-03,CON
14794736,12690834,2010-01-20,CON
14794736,13707414,2012-12-06,CON
14794736,14040141,2013-09-27,CON
14794740,13199361,2011-08-26,CIP
14794740,13199481,2011-08-30,CIP
14794740,13199545,2011-08-31,CIP
14794740,13199544,2011-08-31,CIP
14794740,13200113,2011-09-16,CIP
14794740,13200106,2011-09-16,CIP
14794740,13200830,2011-09-30,CIP
14794740,13200829,2011-09-30,CIP
14794740,13200907,2011-10-03,CIP
14794740,13200906,2011-10-03,CIP
14794740,13317546,2011-10-19,CIP
14794740,13317545,2011-10-19,CIP
14794740,13317979,2011-10-31,CIP
14794740,13317978,2011-10-31,CIP
14794740,13373675,2011-11-22,CIP
14794740,13373674,2011-11-22,CIP
14794740,13373846,2011-11-30,CIP
14794740,13373847,2011-11-30,CIP
14794740,13385128,2012-02-01,CIP
14794740,13385129,2012-02-01,CIP
14794740,13385687,2012-02-29,CIP
14794740,13385690,2012-02-29,CIP
14794740,13432507,2012-03-28,CIP
14794740,13432525,2012-03-28,CIP
14794740,13435550,2012-03-30,CIP
14794740,13435591,2012-03-30,CIP
14794740,13494536,2012-06-12,CIP
14794740,13494654,2012-06-12,CIP
14794740,13528298,2012-06-20,CIP
14794740,13528331,2012-06-20,CIP
14794740,13535855,2012-06-28,CIP
14794740,13535902,2012-06-28,CIP
14794740,13548633,2012-07-13,CIP
14794740,13548671,2012-07-13,CIP
14794740,13554194,2012-07-20,CIP
14794740,13554237,2012-07-20,CIP
14794740,13560447,2012-07-27,CIP
14794740,13590774,2012-08-21,CIP
14794740,13590799,2012-08-21,CIP
14794740,13596469,2012-08-28,CIP
14794740,13596499,2012-08-28,CIP
14794740,14745313,2015-06-19,CIP
14794740,14748220,2015-06-23,CIP
14794740,14750950,2015-06-25,CIP
14794740,14753907,2015-06-29,CIP
14794740,14788716,2015-06-30,CIP
14794740,14789962,2015-07-01,CIP
14794740,14792552,2015-07-06,CIP
14794740,14793693,2015-07-07,CIP
14794741,61586652,2012-01-13,PRO
14794741,13741119,2013-01-14,CON
14794742,11737732,2007-04-19,CON
14794743,62022587,2014-07-09,PRO
14794754,62023105,2014-07-10,PRO
14794758,61354856,2010-06-15,PRO
14794758,PCT/US11/39653,2011-06-08,NST
14794758,13703787,2013-02-21,CON
14794762,62022289,2014-07-09,PRO
14794763,62022162,2014-07-08,PRO
14794764,62021900,2014-07-08,PRO
14794766,62022026,2014-07-08,PRO
14794768,13077397,2011-03-31,CON
14794772,13535290,2012-06-27,CON
14794776,61525041,2011-08-18,PRO
14794776,13587789,2012-08-16,CIP
14794776,13767832,2013-02-14,CON
14794780,62021709,2014-07-08,PRO
14794781,62022615,2014-07-09,PRO
14794781,62027175,2014-07-21,PRO
14794781,62036518,2014-08-12,PRO
14794781,62127108,2015-03-02,PRO
14794783,14147491,2014-01-03,CIP
14794783,61994919,2014-05-18,PRO
14794783,61994934,2014-05-18,PRO
14794783,14558705,2014-12-02,CON
14794783,14558712,2014-12-02,CIP
14794783,PCT/US15/10178,2015-01-05,CIP
14794783,PCT/US15/31447,2015-05-18,CIP
14794784,61428845,2010-12-30,PRO
14794784,13335919,2011-12-22,CON
14794785,62022615,2014-07-09,PRO
14794785,62027175,2014-07-21,PRO
14794785,62036518,2014-08-12,PRO
14794785,62127018,2015-03-02,PRO
14794788,62022615,2014-07-09,PRO
14794788,62027175,2014-07-21,PRO
14794788,62036518,2014-08-12,PRO
14794788,62127108,2015-03-02,PRO
14794789,62022197,2014-07-08,PRO
14794790,62021830,2014-07-08,PRO
14794791,62022615,2014-07-09,PRO
14794791,62027175,2014-07-21,PRO
14794791,62036518,2014-08-12,PRO
14794791,62127108,2015-03-02,PRO
14794800,PCT/CN2014/078618,2014-05-28,CIP
14794802,11424086,2006-06-14,CIP
14794802,11463678,2006-08-10,CON
14794802,13603999,2012-09-05,CON
14794802,14149354,2014-01-07,CON
14794805,PCT/CN2014/000038,2014-01-13,CIP
14794806,62022192,2014-07-08,PRO
14794810,PCT/JP2013/006938,2013-11-26,CON
14794820,14253868,2014-04-16,DIV
14794825,14403998,2014-11-25,CON
14794825,PCT/KR2012/011822,2012-12-29,NST
14794833,62022671,2014-07-10,PRO
14794843,13231934,2011-09-13,DIV
14794845,11871173,2007-10-12,DIV
14794845,14288950,2014-05-28,DIV
14794846,62023964,2014-07-14,PRO
14794848,62022423,2014-07-09,PRO
14794849,61381192,2010-09-09,PRO
14794849,13152309,2011-06-03,DIV
14794850,12998239,2011-06-13,CON
14794850,PCT/NZ2009/000209,2009-10-02,NST
14794855,61453978,2011-03-18,PRO
14794855,13413143,2012-03-06,DIV
14794855,14177596,2014-02-11,CON
14794855,14499293,2014-09-29,CON
14794855,14656743,2015-03-13,CON
14794860,13455651,2012-04-25,DIV
14794863,61161932,2009-03-20,PRO
14794863,12469752,2009-05-21,CON
14794866,62030105,2014-07-29,PRO
14794868,62050217,2014-09-15,PRO
14794876,PCT/KR2014/000365,2014-01-13,CON
14794879,11412544,2006-04-27,CIP
14794879,12633991,2009-12-09,CON
14794880,61524416,2011-08-17,PRO
14794880,13589019,2012-08-17,DIV
14794885,62022371,2014-07-09,PRO
14794885,29496092,2014-07-09,CIP
14794886,13568109,2012-08-06,CON
14794887,PCT/JP2014/050206,2014-01-09,CIP
14794891,PCT/JP2014/063914,2014-05-27,CON
14794892,13489665,2012-06-06,CON
14794896,62039893,2014-08-20,PRO
14794897,13064062,2011-03-03,CON
14794897,14169164,2014-01-31,CON
14794897,14592038,2015-01-08,CON
14794898,14027570,2013-09-16,DIV
14794899,62023077,2014-07-10,PRO
14794900,12309507,2009-01-21,DIV
14794900,14244980,2014-04-04,DIV
14794900,14689359,2015-04-17,DIV
14794900,14726989,2015-06-01,DIV
14794900,PCT/US2006/028920,2006-07-25,NST
14794902,11745004,2007-05-07,CON
14794904,PCT/EP2013/062289,2013-06-13,CIP
14794905,62033371,2014-08-05,PRO
14794907,62022257,2014-07-09,PRO
14794911,13696362,2012-11-06,CON
14794911,13961044,2013-08-07,CON
14794911,14603660,2015-01-23,CON
14794911,PCT/US2011/035336,2011-05-05,NST
14794913,62023295,2014-07-11,PRO
14794914,62023448,2014-07-11,PRO
14794918,13435852,2012-03-30,DIV
14794919,13769481,2013-02-18,DIV
14794921,61642723,2012-05-04,PRO
14794921,13868770,2013-04-23,CON
14794925,13327669,2011-12-15,DIV
14794926,12470397,2009-05-21,CIP
14794926,61256468,2009-10-30,PRO
14794926,12904578,2010-10-14,DIV
14794927,60719071,2005-09-21,PRO
14794927,11512732,2006-08-30,CON
14794927,12534739,2009-08-03,CON
14794927,12910745,2010-10-22,CON
14794927,13089196,2011-04-18,CON
14794927,13310790,2011-12-04,CON
14794927,13644394,2012-10-04,CON
14794927,13794049,2013-03-11,CON
14794927,14181865,2014-02-17,CON
14794928,61786669,2013-03-15,PRO
14794928,PCT/US14/20499,2014-03-05,CON
14794929,13576826,2012-08-02,CON
14794929,PCT/JP2011/051905,2011-01-31,NST
14794931,62022398,2014-07-09,PRO
14794934,14540342,2014-11-13,DIV
14794934,PCT/JP2013/065440,2013-06-04,CON
14794938,61578935,2011-12-22,PRO
14794938,13633169,2012-10-02,DIV
14794939,13191564,2011-07-27,CON
14794939,14269565,2014-05-05,CON
14794939,14591317,2015-01-07,CON
14794943,13851240,2013-03-27,CON
14794945,62023673,2014-07-11,PRO
14794949,62022461,2014-07-09,PRO
14794950,PCT/US2014/025452,2014-03-13,CIP
14794951,11285227,2005-11-22,CON
14794951,12530229,2009-09-08,CIP
14794951,12602170,2009-11-30,CIP
14794951,13262203,2012-04-17,CIP
14794951,13422641,2012-03-16,CIP
14794951,13556920,2012-07-24,DIV
14794951,PCT/GB2008/000806,2008-03-06,NST
14794951,PCT/GB2008/001870,2008-05-30,NST
14794951,PCT/GB2010/000664,2010-04-01,NST
14794954,13202456,2011-08-19,DIV
14794954,PCT/US2010/024872,2010-02-22,NST
14794955,62031171,2014-07-31,PRO
14794956,61467716,2011-03-25,PRO
14794956,13414861,2012-03-08,DIV
14794961,11939103,2007-11-13,DIV
14794962,14264737,2014-04-29,CIP
14794966,13760230,2013-02-06,CON
14794975,13824782,2013-03-18,DIV
14794975,PCT/JP2011/072742,2011-10-03,NST
14794976,14059857,2013-10-22,DIV
14794983,14158931,2014-01-20,DIV
14794984,PCT/JP2014/050097,2014-01-08,CON
14794985,13127837,2011-05-05,CON
14794985,PCT/CN2009/000016,2009-01-06,NST
14794987,13569942,2012-08-08,CON
14794988,13562560,2012-07-31,DIV
14794990,62022397,2014-07-09,PRO
14794992,62022352,2014-07-09,PRO
14794995,13303793,2011-11-23,CON
14795000,62022948,2014-07-10,PRO
14795001,62022243,2014-07-09,PRO
14795005,61385038,2010-09-21,PRO
14795005,61385046,2010-09-21,PRO
14795005,61385048,2010-09-21,PRO
14795005,61385049,2010-09-21,PRO
14795005,61385051,2010-09-21,PRO
14795005,61385053,2010-09-21,PRO
14795005,61514148,2011-08-02,PRO
14795005,13239105,2011-09-21,DIV
14795007,PCT/US2014/036933,2014-05-06,CON
14795009,13910544,2013-06-05,DIV
14795011,13555403,2012-07-23,CON
14795011,PCT/CA2011/050450,2011-07-22,CON
14795012,PCT/US2014/036933,2014-05-06,CON
14795022,PCT/US2014/036933,2014-05-06,CON
14795026,13824782,2013-03-18,DIV
14795026,PCT/JP2011/072742,2011-10-03,NST
14795030,11329650,2006-01-11,CON
14795033,PCT/US2014/036933,2014-05-06,CON
14795037,62022759,2014-07-10,PRO
14795039,PCT/IB2014/058153,2014-01-09,CIP
14795042,13508477,2012-07-05,CON
14795042,PCT/CA2010/001763,2010-11-12,NST
14795043,13293513,2011-11-10,CON
14795043,14602900,2015-01-22,CON
14795044,62023021,2014-07-10,PRO
14795047,62022242,2014-07-09,PRO
14795048,14111592,2013-12-20,CON
14795048,14294364,2014-06-03,CON
14795048,14452652,2014-08-06,CON
14795048,14609704,2015-01-30,CON
14795048,PCT/IB12/54290,2012-08-24,NST
14795050,61877984,2013-09-15,PRO
14795050,61908758,2013-11-26,PRO
14795050,PCT/US14/55578,2014-09-15,CON
14795051,62023154,2014-07-10,PRO
14795060,61542534,2011-10-03,PRO
14795060,13573752,2012-10-03,CON
14795063,PCT/EP2014/050171,2014-01-07,CON
14795068,62023009,2014-07-10,PRO
14795071,10385792,2003-03-11,DIV
14795071,12880246,2010-09-13,CON
14795071,13620514,2012-09-14,CON
14795071,14257424,2014-04-21,CON
14795072,62023388,2014-07-11,PRO
14795076,61577838,2011-12-20,PRO
14795076,13469116,2012-05-11,CON
14795079,61442723,2011-02-14,PRO
14795079,13305171,2011-11-28,CON
14795081,62023262,2014-07-11,PRO
14795088,14132119,2013-12-18,DIV
14795090,13727737,2012-12-27,CON
14795091,61385038,2010-09-21,PRO
14795091,61385046,2010-09-21,PRO
14795091,61385048,2010-09-21,PRO
14795091,61385049,2010-09-21,PRO
14795091,61385051,2010-09-21,PRO
14795091,61385053,2010-09-21,PRO
14795091,61514148,2011-08-02,PRO
14795091,13239105,2011-09-21,DIV
14795097,14037451,2013-09-26,DIV
14795099,PCT/JP2013/078205,2013-10-17,CON
14795100,61385038,2010-09-21,PRO
14795100,61385046,2010-09-21,PRO
14795100,61385048,2010-09-21,PRO
14795100,61385049,2010-09-21,PRO
14795100,61385051,2010-09-21,PRO
14795100,61385053,2010-09-21,PRO
14795100,61514148,2011-08-02,PRO
14795100,13239105,2011-09-21,DIV
14795104,62029389,2014-07-25,PRO
14795106,61736687,2012-12-13,PRO
14795106,14106524,2013-12-13,CIP
14795107,62022756,2014-07-10,PRO
14795109,13490497,2012-06-07,CON
14795112,62022379,2014-07-09,PRO
14795113,62022640,2014-07-09,PRO
14795114,61316138,2010-03-22,PRO
14795114,13038461,2011-03-02,CON
14795115,61187527,2009-06-16,PRO
14795115,12817085,2010-06-16,CON
14795117,10539062,2006-04-11,CON
14795117,13036637,2011-02-28,CON
14795117,13597657,2012-08-29,CON
14795117,14024186,2013-09-11,CON
14795117,PCT/GB2003/005470,2003-12-16,NST
14795119,13750038,2013-01-25,DIV
14795122,13675436,2012-11-13,CIP
14795130,PCT/CN2013/070370,2013-01-11,CON
14795132,62033791,2014-08-06,PRO
14795133,62026819,2014-07-21,PRO
14795136,62028362,2014-07-24,PRO
14795137,13364139,2012-02-01,CON
14795139,13055981,2011-01-26,DIV
14795139,PCT/EP2009/060413,2009-08-12,NST
14795140,61948068,2014-03-05,PRO
14795140,14636432,2015-03-03,DIV
14795143,12071797,2008-02-26,CON
14795143,14270571,2014-05-06,CON
14795146,62023719,2014-07-11,PRO
14795149,09654263,2000-09-01,DIV
14795149,12191797,2008-08-14,CON
14795149,13662961,2012-10-29,CON
14795155,62023458,2014-07-11,PRO
14795156,11859614,2007-09-21,CIP
14795156,12621166,2009-11-18,CON
14795157,61843111,2013-07-05,PRO
14795157,61979570,2014-04-15,PRO
14795157,14324963,2014-07-07,CON
14795161,62023110,2014-07-10,PRO
14795164,13668716,2012-11-05,CON
14795165,PCT/JP2013/082928,2013-12-09,CON
14795167,14067455,2013-10-30,DIV
14795168,62038908,2014-08-19,PRO
14795172,62026174,2014-07-18,PRO
14795175,12885106,2010-09-17,DIV
14795175,13919910,2013-06-17,CON
14795176,11610671,2006-12-14,CON
14795178,62023249,2014-07-11,PRO
14795179,61578925,2011-12-22,PRO
14795179,13469132,2012-05-11,DIV
14795180,62025696,2014-07-17,PRO
14795187,60821174,2006-08-02,PRO
14795187,11828773,2007-07-26,DIV
14795188,13446711,2012-04-13,DIV
14795189,PCT/CN2014/074403,2014-03-31,CON
14795194,11141169,2005-05-31,CON
14795194,11375308,2006-03-14,CON
14795194,11726982,2007-03-23,CON
14795194,12335849,2008-12-16,CON
14795194,12607409,2009-10-28,CON
14795194,12896232,2010-10-01,CON
14795194,13329768,2011-12-19,CON
14795194,13588124,2012-08-17,CON
14795194,13899161,2013-05-21,CON
14795194,14167809,2014-01-29,CON
14795194,14549347,2014-11-20,CON
14795195,12097743,2008-06-16,DIV
14795195,14152673,2014-01-10,CON
14795195,14294886,2014-06-03,CON
14795195,PCT/EP06/12046,2006-12-14,NST
14795198,62027315,2014-07-22,PRO
14795200,13122476,2011-04-04,CON
14795200,PCT/JP2009/065717,2009-09-09,NST
14795205,PCT/JP2014/052595,2014-01-29,CON
14795206,62022548,2014-07-09,PRO
14795207,13548266,2012-07-13,DIV
14795209,13197750,2011-08-03,DIV
14795210,62023059,2014-07-10,PRO
14795212,61246202,2009-09-28,PRO
14795212,12892674,2010-09-28,DIV
14795212,13775915,2013-02-25,CON
14795214,14112703,2013-11-19,CON
14795214,PCT/US2012/034247,2012-04-19,NST
14795219,61494739,2011-06-08,PRO
14795219,61525571,2011-08-19,PRO
14795219,13492637,2012-06-08,DIV
14795221,13377389,2011-12-09,DIV
14795221,PCT/IB2010/001439,2010-06-15,NST
14795225,PCT/CN2014/078095,2014-05-22,CON
14795227,61612423,2012-03-19,PRO
14795227,61756707,2013-01-25,PRO
14795227,13770511,2013-02-19,DIV
14795227,14176714,2014-02-10,CON
14795227,14528624,2014-10-30,CON
14795228,PCT/CN2013/088630,2013-12-05,CON
14795229,13940839,2013-07-12,CON
14795231,62026169,2014-07-18,PRO
14795232,14484933,2014-09-12,CIP
14795233,62024822,2014-07-15,PRO
14795236,12475363,2009-05-29,CIP
14795236,13356483,2012-01-23,CON
14795236,14016401,2013-09-03,CON
14795238,61668678,2012-07-06,PRO
14795238,61824445,2013-05-17,PRO
14795238,13934566,2013-07-03,CIP
14795238,14308013,2014-06-18,CON
14795239,62022336,2014-07-09,PRO
14795242,60815023,2006-06-20,PRO
14795242,11765013,2007-06-19,CON
14795242,13359072,2012-01-26,CON
14795242,14100286,2013-12-09,CON
14795246,12897346,2010-10-04,CON
14795247,62022203,2014-07-09,PRO
14795248,11492381,2006-07-25,CON
14795248,13852749,2013-03-28,CON
14795249,13304552,2011-11-25,DIV
14795251,PCT/JP2013/001629,2013-03-13,CON
14795256,61772126,2013-03-04,PRO
14795256,14047270,2013-10-07,CON
14795261,62022234,2014-07-09,PRO
14795262,14100485,2013-12-09,DIV
14795263,62022827,2014-07-10,PRO
14795268,62026299,2014-07-18,PRO
14795274,62022716,2014-07-10,PRO
14795276,13337144,2011-12-25,DIV
14795278,62023415,2014-07-11,PRO
14795278,62113664,2015-02-09,PRO
14795283,12299535,2009-08-03,CON
14795283,14087361,2013-11-22,CON
14795283,PCT/EP2007/054490,2007-05-09,NST
14795285,13668686,2012-11-05,CON
14795288,14310384,2014-06-20,CIP
14795288,PCT/ES2012/070884,2012-12-19,CIP
14795290,13400290,2012-02-20,CON
14795290,14299740,2014-06-09,CON
14795291,09705656,2000-11-03,CON
14795291,11873875,2007-10-17,CON
14795291,13465667,2012-05-07,CON
14795291,13965748,2013-08-13,CON
14795296,62023116,2014-07-10,PRO
14795298,13444568,2012-04-11,DIV
14795304,61258827,2009-11-06,PRO
14795304,PCT/US10/55843,2010-11-08,NST
14795304,13508300,2012-10-11,CON
14795306,61094340,2008-09-04,PRO
14795306,12554220,2009-09-04,CON
14795306,13405926,2012-02-27,CIP
14795306,14016362,2013-09-03,CON
14795306,14291211,2014-05-30,CON
14795306,14561607,2014-12-05,CON
14795312,14205398,2014-03-12,DIV
14795314,12937813,2010-10-14,CON
14795314,PCT/EP2009/054348,2009-04-10,NST
14795315,62064319,2014-10-15,PRO
14795318,PCT/CN2014/081794,2014-07-08,CON
14795319,62023225,2014-07-11,PRO
14795322,13955681,2013-07-31,DIV
14795323,62023275,2014-07-11,PRO
14795325,61078746,2008-07-07,PRO
14795325,12499011,2009-07-07,CON
14795326,PCT/CN2014/070592,2014-01-14,CON
14795327,13067610,2011-06-14,CON
14795330,62023456,2014-07-11,PRO
14795332,13799762,2013-03-13,CON
14795334,13520406,2012-09-27,CON
14795334,PCT/JP2011/000060,2011-01-07,NST
14795336,62022762,2014-07-10,PRO
14795341,13173613,2011-06-30,CON
14795345,62024093,2014-07-14,PRO
14795346,61441069,2011-02-09,PRO
14795346,61488443,2011-05-20,PRO
14795346,61554183,2011-11-01,PRO
14795346,61562239,2011-11-21,PRO
14795346,13369939,2012-02-09,CON
14795351,13803386,2013-03-14,CON
14795352,14018578,2013-09-05,DIV
14795358,PCT/CN2014/081366,2014-07-01,CON
14795362,13542796,2012-07-06,CIP
14795373,62014747,2014-06-20,PRO
14795373,62065032,2014-10-17,PRO
14795373,62086053,2014-12-01,PRO
14795373,62100217,2015-01-06,PRO
14795373,14664832,2015-03-21,CIP
14795373,14736652,2015-06-11,CIP
14795373,62182473,2015-06-20,PRO
14795373,62187906,2015-07-02,PRO
14795374,60748926,2005-12-09,PRO
14795374,11608408,2006-12-08,DIV
14795374,13288260,2011-11-03,CON
14795374,13928458,2013-06-27,CON
14795378,61744759,2012-10-03,PRO
14795378,14045073,2013-10-03,CIP
14795381,62023379,2014-07-11,PRO
14795382,13438527,2012-04-03,CON
14795383,13948638,2013-07-23,CON
14795387,14507374,2014-10-06,CON
14795387,PCT/JP2013/060391,2013-04-04,CON
14795390,14461573,2014-08-18,CIP
14795394,62023045,2014-07-10,PRO
14795395,62022247,2014-07-09,PRO
14795397,60761293,2006-01-23,PRO
14795397,11656925,2007-01-23,CON
14795397,13006714,2011-01-14,CIP
14795397,13097581,2011-04-29,CON
14795398,14086442,2013-11-21,CIP
14795398,14603636,2015-01-23,CIP
14795398,14686156,2015-04-14,CIP
14795399,13612061,2012-09-12,CON
14795403,62022268,2014-07-09,PRO
14795404,PCT/US2014/010790,2014-01-09,CON
14795407,62023685,2014-07-11,PRO
14795408,13755692,2013-01-31,CON
14795410,13835891,2013-03-15,DIV
14795415,13696128,2012-11-05,CON
14795415,PCT/SE2012/050473,2012-05-04,NST
14795418,62022740,2014-07-10,PRO
14795419,62023304,2014-07-11,PRO
14795419,62025791,2014-07-17,PRO
14795422,61073665,2008-06-18,PRO
14795422,61106861,2008-10-20,PRO
14795422,61139324,2008-12-19,PRO
14795422,12417786,2009-04-03,CON
14795422,13180717,2011-07-12,CON
14795422,13768593,2013-02-15,CON
14795422,13958130,2013-08-02,CON
14795422,14314834,2014-06-25,CON
14795423,14218586,2014-03-18,DIV
14795424,62023805,2014-07-11,PRO
14795425,12799449,2010-04-26,CON
14795425,13066785,2011-04-25,CON
14795425,13787994,2013-03-07,CON
14795427,62023076,2014-07-10,PRO
14795427,62054901,2014-09-24,PRO
14795429,13255214,2011-09-07,DIV
14795429,13886010,2013-05-02,CON
14795429,PCT/US2010/028200,2010-03-23,NST
14795430,62022635,2014-07-09,PRO
14795431,13660362,2012-10-25,DIV
14795432,13602037,2012-08-31,CON
14795434,13877628,2013-04-03,CON
14795434,PCT/US2011/055414,2011-10-07,NST
14795437,13979967,2013-08-07,CON
14795437,PCT/JP2011/051796,2011-01-28,NST
14795438,PCT/JP2014/050235,2014-01-09,CON
14795439,12878168,2010-09-09,CON
14795440,60249796,2000-11-17,PRO
14795440,60288310,2001-05-02,PRO
14795440,10005609,2001-11-07,CON
14795440,11711698,2007-02-26,DIV
14795440,13031394,2011-02-21,DIV
14795440,13281010,2011-10-25,CON
14795441,12865652,2011-01-20,CON
14795441,13244805,2011-09-26,CON
14795441,14086302,2013-11-21,CON
14795441,14522277,2014-10-23,CON
14795441,PCT/US2009/032591,2009-01-30,NST
14795442,62041935,2014-08-26,PRO
14795449,13059448,2011-04-15,DIV
14795449,PCT/AU2009/001060,2009-08-18,NST
14795450,13947662,2013-07-22,CON
14795453,13522458,2012-12-04,DIV
14795453,PCT/IB2010/055395,2010-11-24,NST
14795454,60249796,2000-11-17,PRO
14795454,60288310,2001-05-02,PRO
14795454,10005609,2001-11-07,CON
14795454,11711698,2007-02-26,DIV
14795454,13031394,2011-02-21,DIV
14795454,13281032,2011-10-25,CON
14795455,62022504,2014-07-09,PRO
14795456,61450093,2011-03-07,PRO
14795456,13413468,2012-03-06,CON
14795458,PCT/EP2014/053540,2014-02-24,CON
14795460,13851719,2013-03-27,CON
14795466,62022913,2014-07-10,PRO
14795476,61144969,2009-01-15,PRO
14795476,12688731,2010-01-15,CON
14795476,13024217,2011-02-09,CON
14795476,13524409,2012-06-15,CON
14795476,13725309,2012-12-21,CON
14795478,62022790,2014-07-10,PRO
14795479,62022761,2014-07-10,PRO
14795487,PCT/US2014/011591,2014-01-15,CON
14795488,13689349,2012-11-29,CIP
14795488,14337565,2014-07-22,CIP
14795490,62022469,2014-07-09,PRO
14795495,PCT/EP2013/075898,2013-12-09,CON
14795497,12682311,2010-04-09,CON
14795497,PCT/IL08/01311,2008-10-02,NST
14795498,62022412,2014-07-09,PRO
14795499,62022929,2014-07-10,PRO
14795500,62023439,2014-07-11,PRO
14795501,11795866,2007-10-02,CON
14795501,PCT/IL2005/000705,2005-07-04,NST
14795503,62022287,2014-07-09,PRO
14795504,12790577,2010-05-28,DIV
14795505,62027522,2014-07-22,PRO
14795506,62022797,2014-07-10,PRO
14795507,62022405,2014-07-09,PRO
14795508,61503137,2011-06-30,PRO
14795508,13538322,2012-06-29,DIV
14795512,61589096,2012-01-20,PRO
14795512,13740978,2013-01-14,CON
14795514,61112402,2008-11-07,PRO
14795514,12614217,2009-11-06,CON
14795514,13748971,2013-01-24,CIP
14795515,62022558,2014-07-09,PRO
14795517,62022624,2014-07-09,PRO
14795520,61718669,2012-10-25,PRO
14795520,14061630,2013-10-23,CON
14795521,62026643,2014-07-19,PRO
14795522,13731528,2012-12-31,DIV
14795527,61902122,2013-11-08,PRO
14795527,14522989,2014-10-24,CON
14795528,61266301,2009-12-03,PRO
14795528,12772619,2010-05-03,DIV
14795532,62022944,2014-07-10,PRO
14795535,62094372,2014-12-19,PRO
14795536,62022933,2014-07-10,PRO
14795539,61306370,2010-02-19,PRO
14795539,12753846,2010-04-02,CIP
14795539,12753851,2010-04-02,CIP
14795539,12753853,2010-04-02,CIP
14795539,12753854,2010-04-02,CIP
14795539,12753856,2010-04-02,CIP
14795539,12876098,2010-09-03,DIV
14795541,62022703,2014-07-10,PRO
14795542,61778704,2013-03-13,PRO
14795542,14208143,2014-03-13,CON
14795543,13766985,2013-02-14,CON
14795545,62022868,2014-07-10,PRO
14795546,62035799,2014-08-11,PRO
14795546,62035814,2014-08-11,PRO
14795547,62094372,2014-12-19,PRO
14795548,13832361,2013-03-15,CON
14795549,61910355,2013-12-01,PRO
14795549,PCT/US14/64851,2014-11-10,CON
14795551,60390773,2002-06-21,PRO
14795551,10601606,2003-06-23,CIP
14795551,60540283,2004-01-29,PRO
14795551,60602691,2004-08-19,PRO
14795551,11046540,2005-01-28,CIP
14795551,11169211,2005-06-28,CON
14795556,10803837,2004-03-17,DIV
14795556,11854998,2007-09-13,CON
14795556,13209321,2011-08-12,CON
14795556,14457903,2014-08-12,CON
14795557,12249064,2008-10-10,CON
14795557,13543479,2012-07-06,CON
14795557,14197125,2014-03-04,CON
14795561,PCT/JP2013/052618,2013-02-05,CON
14795568,PCT/JP2014/050873,2014-01-14,CON
14795569,62022343,2014-07-09,PRO
14795570,62022497,2014-07-09,PRO
14795571,61632416,2009-06-15,PRO
14795571,12695552,2010-01-28,CON
14795571,13618851,2012-09-14,DIV
14795573,62022464,2014-07-09,PRO
14795575,14044371,2013-10-02,DIV
14795576,PCT/US2015/024060,2015-04-02,CON
14795577,60829691,2006-10-17,PRO
14795577,60940150,2007-05-25,PRO
14795577,11873133,2007-10-16,CON
14795579,13633973,2012-10-03,CON
14795580,12966204,2010-12-13,CON
14795580,14500924,2014-09-29,CON
14795581,60765393,2006-02-03,PRO
14795581,60765398,2006-02-03,PRO
14795581,60765400,2006-02-03,PRO
14795581,60746511,2006-05-05,PRO
14795581,11381818,2006-05-05,CON
14795581,12786290,2010-05-24,CON
14795581,13909047,2013-06-03,CON
14795584,62022470,2014-07-09,PRO
14795585,13042452,2011-03-07,CON
14795586,14035025,2013-09-24,DIV
14795587,61984543,2014-04-25,PRO
14795587,61984576,2014-04-25,PRO
14795587,62105540,2015-01-20,PRO
14795587,62128856,2015-03-05,PRO
14795587,14697050,2015-04-27,CON
14795588,12598774,2009-11-04,CON
14795588,PCT/JP2008/058939,2008-05-15,NST
14795592,13649580,2012-10-11,CON
14795592,14255124,2014-04-17,CON
14795594,62022824,2014-07-10,PRO
14795595,13698759,2013-04-03,CON
14795595,14184453,2014-02-19,CON
14795595,PCT/US2011/036844,2011-05-17,NST
14795597,62028996,2014-07-25,PRO
14795598,61031333,2008-02-25,PRO
14795598,12392017,2009-02-24,DIV
14795598,13961532,2013-08-07,CON
14795598,14489903,2014-09-18,CON
14795599,PCT/CN2014/070110,2014-01-03,CON
14795600,62022620,2014-07-09,PRO
14795602,12571549,2009-10-01,CON
14795602,13731649,2012-12-31,CON
14795603,62022625,2014-07-09,PRO
14795605,10664962,2003-09-22,DIV
14795605,11511453,2006-08-29,DIV
14795605,12230047,2008-08-22,CON
14795605,12834345,2010-07-12,CON
14795605,13031663,2011-02-22,CON
14795605,13900903,2013-05-23,CON
14795605,14296879,2014-06-05,CON
14795606,62023352,2014-07-11,PRO
14795606,62108239,2015-01-27,PRO
14795608,60409102,2002-09-09,PRO
14795608,10655345,2003-09-04,DIV
14795612,12136490,2008-06-10,CON
14795614,13588828,2012-08-17,DIV
14795616,60588358,2004-07-16,PRO
14795616,11165341,2005-06-24,CON
14795616,12929408,2011-01-21,CON
14795616,13268001,2011-10-07,CON
14795616,13397156,2012-02-15,CON
14795616,13495890,2012-06-13,CON
14795616,13845171,2013-03-18,CON
14795616,14177396,2014-02-11,CON
14795616,14479568,2014-09-08,CON
14795616,14551024,2014-11-23,CON
14795617,62023583,2014-07-11,PRO
14795618,13838370,2013-03-15,CON
14795619,13517499,2012-06-20,DIV
14795619,PCT/IB2010/055165,2010-11-15,NST
14795620,60197677,2000-04-17,PRO
14795620,09828865,2001-04-10,CON
14795620,11075928,2005-03-10,CON
14795620,12222588,2008-08-12,CON
14795620,12776063,2010-05-07,CON
14795620,13099856,2011-05-03,CON
14795620,13614306,2012-09-13,CON
14795620,13837094,2013-03-15,CON
14795620,13940992,2013-07-12,CON
14795620,14090385,2013-11-26,CON
14795620,14282280,2014-05-20,CON
14795620,14478615,2014-09-05,CON
14795620,14595644,2015-01-13,CON
14795621,62032079,2014-08-01,PRO
14795625,62022856,2014-07-10,PRO
14795625,62022873,2014-07-10,PRO
14795625,62040214,2014-08-21,PRO
14795627,61369392,2010-07-30,PRO
14795627,61369430,2010-07-30,PRO
14795627,61412456,2010-11-11,PRO
14795627,13191170,2011-07-26,CON
14795627,13964870,2013-08-12,CON
14795627,14340074,2014-07-24,CON
14795629,61984543,2014-04-25,PRO
14795629,61984576,2014-04-25,PRO
14795629,62105540,2015-01-20,PRO
14795629,62128856,2015-03-05,PRO
14795629,14697050,2015-04-27,CON
14795630,11910987,2007-11-27,DIV
14795630,PCT/US2005/015577,2005-05-04,NST
14795637,13517499,2012-06-20,DIV
14795637,PCT/IB10/55165,2010-11-15,NST
14795640,62031299,2014-07-31,PRO
14795646,61453862,2011-03-17,PRO
14795646,61502279,2011-06-28,PRO
14795646,13424239,2012-03-19,CIP
14795646,13536935,2012-06-28,CON
14795646,14303470,2014-06-12,CIP
14795647,62023636,2014-07-11,PRO
14795648,60987992,2007-11-14,PRO
14795648,12271013,2008-11-14,CON
14795648,13615059,2012-09-13,CON
14795648,14042679,2013-09-30,CON
14795650,14397025,2014-10-24,CON
14795650,PCT/EP2012/005177,2012-12-15,NST
14795652,PCT/CN2014/083484,2014-07-31,CON
14795654,11707655,2007-02-15,CON
14795654,13867415,2013-04-22,CON
14795656,13982116,2013-10-09,CON
14795656,PCT/GB2012/050141,2012-01-24,NST
14795657,10371723,2003-02-21,CON
14795657,11303585,2005-12-15,CON
14795657,13295731,2011-11-14,CON
14795658,14181326,2014-02-14,CON
14795660,62035799,2014-08-11,PRO
14795660,62035814,2014-08-11,PRO
14795663,60827206,2006-09-27,PRO
14795663,11862473,2007-09-27,CIP
14795663,11862474,2007-09-27,CIP
14795663,11862474,2007-09-27,DIV
14795663,61026233,2008-02-05,PRO
14795663,12322662,2009-02-05,CIP
14795663,61454157,2011-03-18,PRO
14795663,13281230,2011-10-25,CIP
14795663,13423032,2012-03-16,CON
14795663,14144155,2013-12-30,CIP
14795663,62022334,2014-07-09,PRO
14795663,62022906,2014-07-10,PRO
14795664,60917339,2007-05-11,PRO
14795664,12118604,2008-05-09,DIV
14795666,61984543,2014-04-25,PRO
14795666,61984576,2014-04-25,PRO
14795666,62105540,2015-01-20,PRO
14795666,62128856,2015-03-05,PRO
14795666,14697050,2015-04-27,CON
14795674,61490403,2011-05-26,PRO
14795674,13338971,2011-12-28,CON
14795676,62023692,2014-07-11,PRO
14795676,62058569,2014-10-01,PRO
14795676,62118377,2015-02-19,PRO
14795677,PCT/CN2014/070460,2014-01-10,CON
14795680,61998826,2014-07-09,PRO
14795687,62022920,2014-07-10,PRO
14795688,13528773,2012-06-20,CON
14795691,62023696,2014-07-11,PRO
14795694,13577143,2012-10-01,DIV
14795694,PCT/EP2011/051686,2011-02-04,NST
14795695,61546258,2011-10-12,PRO
14795695,13649588,2012-10-11,CON
14795698,13596450,2012-08-28,CON
14795702,13536065,2012-06-28,CON
14795709,12451313,2009-11-05,DIV
14795709,13361761,2012-01-30,DIV
14795709,PCT/US2008/006015,2008-05-09,NST
14795710,PCT/KR2014/000331,2014-01-10,CIP
14795713,61613310,2012-03-20,PRO
14795713,13722868,2012-12-20,DIV
14795716,14146399,2014-01-02,DIV
14795717,10944389,2004-09-17,CON
14795717,12060779,2008-04-01,CON
14795717,12428344,2009-04-22,CON
14795717,12731082,2010-03-24,CON
14795717,13041305,2011-03-04,CON
14795717,13227415,2011-09-07,CON
14795717,13405145,2012-02-24,CON
14795717,13620599,2012-09-14,CON
14795717,14509752,2014-10-08,CON
14795717,14605679,2015-01-26,CON
14795718,62024338,2014-07-14,PRO
14795719,62023125,2014-07-10,PRO
14795719,PCT/US2014/031462,2014-03-21,CIP
14795720,62022579,2014-07-09,PRO
14795720,62108035,2015-01-26,PRO
14795722,13234019,2011-09-15,CIP
14795722,13605824,2012-09-06,CON
14795725,12793409,2010-06-03,CON
14795728,60783527,2006-03-17,PRO
14795728,60784299,2006-03-20,PRO
14795728,60870276,2006-12-15,PRO
14795728,11685056,2007-03-12,CIP
14795728,12560233,2009-09-15,CON
14795730,12983429,2011-01-03,CIP
14795731,14189548,2014-02-25,CIP
14795731,14681919,2015-04-08,CON
14795732,62023641,2014-07-11,PRO
14795733,62023796,2014-07-11,PRO
14795733,62039777,2014-08-20,PRO
14795734,62023436,2014-07-11,PRO
14795735,10944389,2004-09-17,CON
14795735,12060779,2008-04-01,CON
14795735,12428344,2009-04-22,CON
14795735,12731082,2010-03-24,CON
14795735,13041305,2011-03-04,CON
14795735,13227415,2011-09-07,CON
14795735,13405145,2012-02-24,CON
14795735,13620599,2012-09-14,CON
14795735,14509752,2014-10-08,CON
14795735,14605679,2015-01-26,CON
14795738,60306765,2001-07-20,PRO
14795738,10200024,2002-07-19,CON
14795738,11779762,2007-07-18,CON
14795738,13867501,2013-04-22,CON
14795738,14242117,2014-04-01,CON
14795739,62022612,2014-07-09,PRO
14795740,14093867,2013-12-02,CON
14795740,PCT/US2013/048999,2013-07-02,CON
14795741,11374380,2006-03-13,DIV
14795741,13011917,2011-01-23,CON
14795741,14043599,2013-10-01,CON
14795741,14321287,2014-07-01,CON
14795745,12921808,2010-11-12,DIV
14795745,PCT/US2009/036956,2009-03-12,NST
14795746,PCT/CN2014/070465,2014-01-10,CON
14795747,12341663,2008-12-22,CON
14795748,62022502,2014-07-09,PRO
14795750,62023336,2014-07-11,PRO
14795753,10944389,2004-09-17,CON
14795753,12060779,2008-04-01,CON
14795753,12428344,2009-04-22,CON
14795753,12731082,2010-03-24,CON
14795753,13041305,2011-03-04,CON
14795753,13227415,2011-09-07,CON
14795753,13405145,2012-02-24,CON
14795753,13620599,2012-09-14,CON
14795753,14509752,2014-10-08,CON
14795753,14605679,2015-01-26,CON
14795756,61419867,2010-12-05,PRO
14795756,PCT/US11/63344,2011-12-05,NST
14795756,13991642,2013-07-10,CON
14795757,62022283,2014-07-09,PRO
14795758,13390050,2012-02-10,CON
14795758,PCT/KR09/05895,2009-10-14,NST
14795760,60132711,1999-05-05,PRO
14795760,09568229,2000-05-05,CON
14795760,11198436,2005-08-04,CON
14795760,11890714,2007-08-06,CON
14795760,12650351,2009-12-30,CON
14795760,13341788,2011-12-30,CON
14795762,13896530,2013-05-17,CON
14795763,11454374,2006-06-15,CON
14795763,13160990,2011-06-15,CIP
14795763,13835049,2013-03-15,CON
14795765,60957645,2007-08-23,PRO
14795765,60983101,2007-10-26,PRO
14795765,12104270,2008-04-16,CON
14795765,13525098,2012-06-15,CON
14795765,13975132,2013-08-23,CON
14795766,13315147,2011-12-08,DIV
14795767,61807279,2013-04-01,PRO
14795767,14242711,2014-04-01,CON
14795767,14265202,2014-04-29,CON
14795767,14561092,2014-12-04,CON
14795768,10944389,2004-09-17,CON
14795768,12060779,2008-04-01,CON
14795768,12428344,2009-04-22,CON
14795768,12731082,2010-03-24,CON
14795768,13041305,2011-03-04,CON
14795768,13227415,2011-09-07,CON
14795768,13405145,2012-02-24,CON
14795768,13620599,2012-09-14,CON
14795768,14509752,2014-10-08,CON
14795768,14605679,2015-01-26,CON
14795771,62022590,2014-07-09,PRO
14795774,61479952,2011-04-28,PRO
14795774,61531574,2011-09-06,PRO
14795774,61531583,2011-09-06,PRO
14795774,61538079,2011-09-22,PRO
14795774,61564763,2011-11-29,PRO
14795774,61578192,2011-12-20,PRO
14795774,61594160,2012-02-02,PRO
14795774,61598881,2012-02-14,PRO
14795774,61598892,2012-02-14,PRO
14795774,61625596,2012-04-17,PRO
14795774,61639017,2012-04-26,PRO
14795774,13458739,2012-04-27,CON
14795774,14518885,2014-10-20,CON
14795775,12302991,2010-06-18,CON
14795775,PCT/SG2007/000411,2007-11-30,NST
14795776,61896351,2013-10-28,PRO
14795776,14525031,2014-10-27,CON
14795777,11161988,2005-08-24,DIV
14795777,12332346,2008-12-11,REI
14795777,13403773,2012-02-23,REI
14795778,14194331,2014-02-28,CIP
14795778,14613056,2015-02-03,CIP
14795782,61700272,2012-09-12,PRO
14795782,13736174,2013-01-08,CON
14795784,14449443,2014-08-01,CON
14795786,14328470,2014-07-10,CON
14795789,61110567,2008-11-01,PRO
14795789,PCT/US09/62871,2009-10-30,NST
14795789,13126607,2011-04-28,CON
14795789,14040121,2013-09-27,CON
14795789,14333484,2014-07-16,CON
14795792,13029263,2011-02-17,DIV
14795792,13074179,2011-03-29,CON
14795792,13567707,2012-08-06,CIP
14795792,13589754,2012-08-20,CIP
14795792,61725233,2012-11-12,PRO
14795792,13841261,2013-03-15,CIP
14795792,14005850,2013-09-18,CIP
14795792,14005852,2013-09-18,CIP
14795792,14031290,2013-09-19,CON
14795792,PCT/US2011/033912,2011-04-26,NST
14795792,PCT/US2012/030210,2012-03-22,NST
14795799,14229427,2014-03-28,CON
14795804,62023062,2014-07-10,PRO
14795806,13304287,2011-11-23,CON
14795806,13858757,2013-04-08,CON
14795807,13646283,2012-10-05,CON
14795811,61508403,2011-07-15,PRO
14795811,61521547,2011-08-09,PRO
14795811,61570629,2011-12-14,PRO
14795811,13549050,2012-07-13,DIV
14795811,14318253,2014-06-27,DIV
14795814,13323820,2011-12-12,CIP
14795814,14738920,2015-06-14,CIP
14795814,14792563,2015-07-06,CIP
14795815,62022530,2014-07-09,PRO
14795816,62024099,2014-07-14,PRO
14795819,61127713,2008-05-14,PRO
14795819,61060425,2008-06-10,PRO
14795819,61074583,2008-06-20,PRO
14795819,61082450,2008-07-21,PRO
14795819,61087940,2008-08-11,PRO
14795819,61094384,2008-09-04,PRO
14795819,61095248,2008-09-08,PRO
14795819,61101112,2008-09-29,PRO
14795819,61140033,2008-12-22,PRO
14795819,12466310,2009-05-14,DIV
14795819,13190330,2011-07-25,CON
14795819,14300030,2014-06-09,CON
14795820,13740293,2013-01-14,DIV
14795821,61716470,2012-10-19,PRO
14795821,14057816,2013-10-18,CON
14795822,62022600,2014-07-09,PRO
14795822,62023732,2014-07-11,PRO
14795824,62022325,2014-07-09,PRO
14795824,62092642,2014-12-16,PRO
14795825,61082450,2008-07-21,PRO
14795825,61083830,2008-07-25,PRO
14795825,61086094,2008-08-04,PRO
14795825,61094384,2008-09-04,PRO
14795825,61101112,2008-09-29,PRO
14795825,61140033,2008-12-22,PRO
14795825,61160233,2009-03-13,PRO
14795825,61164812,2009-03-30,PRO
14795825,61174421,2009-04-30,PRO
14795825,12504553,2009-07-16,CON
14795825,13928157,2013-06-26,CON
14795825,14713944,2015-05-15,CON
14795826,61479952,2011-04-28,PRO
14795826,61531574,2011-09-06,PRO
14795826,61531583,2011-09-06,PRO
14795826,61538079,2011-09-22,PRO
14795826,61564763,2011-11-29,PRO
14795826,61578192,2011-12-20,PRO
14795826,61594160,2012-02-02,PRO
14795826,61598881,2012-02-14,PRO
14795826,61598892,2012-02-14,PRO
14795826,61625596,2012-04-17,PRO
14795826,61639017,2012-04-26,PRO
14795826,13458739,2012-04-27,CIP
14795826,13618805,2012-09-14,CIP
14795826,13619178,2012-09-14,CIP
14795826,13619815,2012-09-14,CIP
14795826,13663334,2012-10-29,CON
14795826,PCT/US2012/035612,2012-04-27,CIP
14795829,62022600,2014-07-09,PRO
14795829,62023732,2014-07-11,PRO
14795833,62023740,2014-07-11,PRO
14795833,62025239,2014-07-16,PRO
14795833,62025945,2014-07-17,PRO
14795834,13432993,2012-03-28,CIP
14795834,13449195,2012-04-17,CIP
14795834,13523694,2012-06-14,CIP
14795834,13603322,2012-09-04,CIP
14795834,13752930,2013-01-29,CIP
14795834,13872673,2013-04-29,CIP
14795834,13897492,2013-05-20,CIP
14795834,13907892,2013-06-01,CIP
14795834,14059599,2013-10-22,CIP
14795834,14067038,2013-10-30,CIP
14795834,14174171,2014-02-06,CIP
14795834,14193501,2014-02-28,CIP
14795834,14193782,2014-02-28,CIP
14795834,14198663,2014-03-06,CIP
14795834,14198702,2014-03-06,CIP
14795834,14198755,2014-03-06,CIP
14795834,14230882,2014-03-31,CIP
14795834,14271498,2014-05-07,CIP
14795834,14320352,2014-06-30,CIP
14795834,14340141,2014-07-24,CIP
14795834,14472228,2014-08-28,CIP
14795834,14668788,2015-03-25,CIP
14795837,62023775,2014-07-11,PRO
14795841,14152915,2014-01-10,CIP
14795841,14594944,2015-01-12,CIP
14795843,62023142,2014-07-10,PRO
14795843,62107485,2015-01-25,PRO
14795843,62107558,2015-01-26,PRO
14795843,62121263,2015-02-26,PRO
14795844,60903039,2007-02-23,PRO
14795844,60916672,2007-05-08,PRO
14795844,12036154,2008-02-22,DIV
14795847,62025778,2014-07-17,PRO
14795854,13631586,2012-09-28,CON
14795856,13802247,2013-03-13,CON
14795856,14137795,2013-12-20,CON
14795858,13468825,2012-05-10,CON
14795867,61045465,2008-04-16,PRO
14795867,12408058,2009-03-20,CON
14795867,13709586,2012-12-10,CON
14795867,14019119,2013-09-05,CON
14795868,13577314,2012-08-06,CON
14795868,PCT/JP2011/052735,2011-02-09,NST
14795870,PCT/KR2014/000263,2014-01-09,CON
14795871,62022317,2014-07-09,PRO
14795874,62022549,2014-07-09,PRO
14795875,13618365,2012-09-14,CON
14795879,13492865,2012-06-10,CIP
14795880,62022396,2014-07-09,PRO
14795883,62022652,2014-07-09,PRO
14795885,14016325,2013-09-03,CON
14795886,10328789,2002-12-24,CON
14795886,13470332,2012-05-13,CON
14795886,14338347,2014-07-22,CON
14795887,62022204,2014-07-09,PRO
14795888,13981914,2013-07-25,CON
14795888,14594107,2015-01-10,CON
14795888,PCT/JP2012/051409,2012-01-24,NST
14795889,62022489,2014-07-09,PRO
14795889,62115144,2015-02-11,PRO
14795889,62162413,2015-05-15,PRO
14795890,62022666,2014-07-10,PRO
14795900,10890763,2004-07-14,CON
14795900,13897746,2013-05-20,CON
14795901,13348002,2012-01-11,DIV
14795903,62023011,2014-07-10,PRO
14795905,62026168,2014-07-18,PRO
14795909,13526668,2012-06-19,CON
14795909,14313458,2014-06-24,CON
14795911,61884660,2013-09-30,PRO
14795911,14248386,2014-04-09,CIP
14795911,PCT/US2013/020724,2013-01-09,CIP
14795914,61907413,2013-11-22,PRO
14795914,14132098,2013-12-18,DIV
14795915,14282048,2014-05-20,CON
14795922,11879357,2007-07-17,CON
14795922,14262845,2014-04-28,CON
14795923,13237736,2011-09-20,CON
14795924,13556725,2012-07-24,CIP
14795924,13943578,2013-07-16,DIV
14795925,62022710,2014-07-10,PRO
14795926,14031188,2013-09-19,CON
14795927,61792184,2013-03-15,PRO
14795927,14101701,2013-12-10,CON
14795931,14248386,2014-04-09,CIP
14795931,PCT/US2013/020724,2013-01-09,CIP
14795932,14048343,2013-10-08,CIP
14795932,62022834,2014-07-10,PRO
14795933,13368419,2012-02-08,CIP
14795933,13680298,2012-11-19,CON
14795934,60160891,1999-10-22,PRO
14795934,09693272,2000-10-20,CIP
14795934,10067137,2002-02-04,DIV
14795934,10961726,2004-10-08,CON
14795934,11957149,2007-12-14,CON
14795934,12806410,2010-08-12,CON
14795934,13740947,2013-01-14,CON
14795936,PCT/JP2014/050157,2014-01-08,CON
14795939,13382597,2012-03-16,CON
14795939,14454050,2014-08-07,CON
14795939,PCT/US2010/041315,2010-07-08,NST
14795940,13264400,2011-10-14,DIV
14795940,PCT/IT2010/000158,2010-04-13,NST
14795944,11635845,2006-12-08,CON
14795945,PCT/JP2013/076971,2013-10-03,CON
14795946,13424063,2012-03-19,CON
14795947,13754394,2013-01-30,CON
14795948,62024002,2014-07-14,PRO
14795949,13710741,2012-12-11,CON
14795951,12955066,2010-11-29,CON
14795954,13746108,2013-01-21,DIV
14795955,11667849,2007-08-22,CON
14795955,12659968,2010-03-26,CON
14795955,14059489,2013-10-22,CON
14795955,14306327,2014-06-17,CON
14795955,14565498,2014-12-10,CON
14795955,PCT/JP2005/021048,2005-11-16,NST
14795956,PCT/JP2014/000009,2014-01-06,CON
14795957,14349345,2014-04-03,CON
14795957,PCT/GB2012/052445,2012-10-03,NST
14795958,62023047,2014-07-10,PRO
14795963,60473378,2003-05-23,PRO
14795963,PCT/US04/13308,2004-05-19,NST
14795963,10556600,2006-08-02,CON
14795964,14260225,2014-04-23,CON
14795967,12806672,2010-08-17,CON
14795972,62023634,2014-07-11,PRO
14795973,PCT/SE2014/050031,2014-01-14,CON
14795974,11244402,2005-10-06,DIV
14795974,12540169,2009-08-12,DIV
14795974,13731989,2012-12-31,DIV
14795974,14146396,2014-01-02,DIV
14795974,14468672,2014-08-26,DIV
14795974,PCT/IL2004/000321,2004-04-08,CIP
14795976,61008725,2007-12-20,PRO
14795976,12330308,2008-12-08,CON
14795976,13458935,2012-04-27,CON
14795981,62022803,2014-07-10,PRO
14795982,14520502,2014-10-22,CON
14795985,13602024,2012-08-31,CON
14795986,PCT/JP2014/053822,2014-02-18,CON
14795995,13126777,2011-08-30,DIV
14795995,14337799,2014-07-22,DIV
14795997,60445122,2003-02-05,PRO
14795997,10665343,2003-09-18,CON
14795997,14684791,2015-04-13,CON
14795997,14714858,2015-05-18,CON
14795997,14714868,2015-05-18,CON
14795998,13263832,2012-01-26,CON
14795998,PCT/EP2011/000408,2011-01-28,NST
14795999,13979033,2013-07-10,CON
14795999,PCT/JP2012/050881,2012-01-10,NST
14796004,13005644,2011-01-13,CON
14796008,PCT/JP2013/079074,2013-10-28,CON
14796013,13225366,2011-09-02,DIV
14796014,14355905,2014-05-02,CIP
14796014,PCT/US2012/062646,2012-10-31,NST
14796016,13542570,2012-07-05,CIP
14796017,10700483,2003-11-05,CON
14796019,62025280,2014-07-16,PRO
14796021,PCT/EP2014/050906,2014-01-17,CON
14796024,12736980,2011-02-15,CON
14796024,PCT/AU2009/000682,2009-05-29,NST
14796026,62023997,2014-07-14,PRO
14796027,PCT/JP2014/050493,2014-01-15,CON
14796030,62022680,2014-07-10,PRO
14796031,60799998,2006-05-12,PRO
14796031,60850167,2006-10-05,PRO
14796031,11710117,2007-02-23,DIV
14796031,13425878,2012-03-21,CON
14796033,60894282,2007-03-12,PRO
14796033,60950578,2007-07-18,PRO
14796033,12046259,2008-03-11,DIV
14796034,13745822,2013-01-20,CON
14796041,12959477,2010-12-03,DIV
14796044,13498417,2012-03-27,DIV
14796044,PCT/IB2010/053720,2010-08-17,NST
14796047,PCT/JP2013/051073,2013-01-21,CON
14796048,62023625,2014-07-11,PRO
14796048,62039210,2014-08-19,PRO
14796049,62023870,2014-07-12,PRO
14796051,62023351,2014-07-11,PRO
14796059,PCT/EP2014/050304,2014-01-09,CON
14796061,62022955,2014-07-10,PRO
14796063,62023449,2014-07-11,PRO
14796067,62022768,2014-07-10,PRO
14796069,62022815,2014-07-10,PRO
14796069,62155913,2015-05-01,PRO
14796071,61442369,2011-02-14,PRO
14796071,13372654,2012-02-14,CIP
14796071,61725903,2012-11-13,PRO
14796071,14078297,2013-11-12,CON
14796075,62023331,2014-07-11,PRO
14796076,12509693,2009-07-27,DIV
14796077,62022713,2014-07-10,PRO
14796079,60445122,2003-02-05,PRO
14796079,10665343,2003-09-18,CON
14796079,14684791,2015-04-13,CON
14796079,14714858,2015-05-18,CON
14796079,14714868,2015-05-18,CON
14796083,12936231,2010-11-23,CON
14796085,13837164,2013-03-15,CON
14796087,PCT/JP2013/074266,2013-09-09,CON
14796088,62022883,2014-07-10,PRO
14796089,13371920,2012-02-13,CIP
14796089,13452322,2012-04-20,CIP
14796089,13945310,2013-07-18,CON
14796091,62022757,2014-07-10,PRO
14796092,14245601,2014-04-04,CIP
14796094,12368449,2009-02-10,CON
14796095,61789865,2013-03-15,PRO
14796095,61790536,2013-03-15,PRO
14796095,61792998,2013-03-15,PRO
14796095,61798567,2013-03-15,PRO
14796095,14175590,2014-02-07,CIP
14796095,14321771,2014-07-01,CIP
14796097,61547910,2011-10-17,PRO
14796097,61570275,2011-12-13,PRO
14796097,13441505,2012-04-06,CON
14796097,13538468,2012-06-29,CON
14796097,14049901,2013-10-09,CON
14796098,61601718,2012-02-22,PRO
14796098,13775014,2013-02-22,CON
14796098,14323926,2014-07-03,CON
14796100,14023995,2013-09-11,CIP
14796100,14565616,2014-12-10,CON
14796102,13473821,2012-05-17,CON
14796103,PCT/JP2014/070617,2014-08-05,CON
14796104,62023411,2014-07-11,PRO
14796106,62029748,2014-07-28,PRO
14796110,61454205,2011-03-18,PRO
14796110,61454591,2011-03-21,PRO
14796110,13358916,2012-01-26,CON
14796112,12517760,2010-04-05,DIV
14796112,13986802,2013-06-06,DIV
14796112,PCT/IB2007/004718,2007-12-05,NST
14796114,PCT/EP2014/050303,2014-01-09,CON
14796121,62022747,2014-07-10,PRO
14796122,61288959,2009-12-22,PRO
14796122,12974329,2010-12-21,DIV
14796124,13682851,2012-11-21,CON
14796127,62022879,2014-07-10,PRO
14796129,10979876,2004-11-02,CON
14796129,10979783,2004-11-02,CON
14796129,11939662,2007-11-14,CIP
14796129,12556976,2009-09-10,CIP
14796129,13042859,2011-03-08,CON
14796132,13702926,2013-04-08,CON
14796132,PCT/US2011/039992,2011-06-10,NST
14796133,12521298,2009-06-25,CON
14796133,13414379,2012-03-07,CON
14796133,14044821,2013-10-02,CON
14796133,14614558,2015-02-05,CON
14796133,PCT/JP2008/051895,2008-01-30,NST
14796135,PCT/JP2013/072113,2013-08-19,CON
14796138,12516422,2009-05-27,CON
14796138,PCT/EP2007/010366,2007-11-29,NST
14796145,13338068,2011-12-27,DIV
14796146,62023284,2014-07-11,PRO
14796151,62024637,2014-07-15,PRO
14796153,14084744,2013-11-20,CON
14796154,13589090,2012-08-18,DIV
14796154,13958582,2013-08-04,CIP
14796156,62023316,2014-07-11,PRO
14796157,13977549,2013-07-23,CON
14796157,PCT/US2012/020980,2012-01-11,NST
14796160,13085903,2011-04-13,CON
14796162,60434269,2002-12-17,PRO
14796162,60439049,2003-01-09,PRO
14796162,10739902,2003-12-17,DIV
14796162,11559359,2006-11-13,CON
14796162,12724312,2010-03-15,CON
14796162,13615174,2012-09-13,CON
14796162,13964979,2013-08-12,CON
14796162,14271260,2014-05-06,CON
14796164,PCT/EP2014/052639,2014-02-11,CON
14796168,61090535,2008-08-20,PRO
14796168,12544897,2009-08-20,DIV
14796168,13472785,2012-05-16,CON
14796168,13709491,2012-12-10,CON
14796170,62023153,2014-07-10,PRO
14796176,13287712,2011-11-02,CON
14796177,PCT/EP2014/050177,2014-01-07,CON
14796178,14328784,2014-07-11,CON
14796179,14252828,2014-04-15,CON
14796183,62026441,2014-07-18,PRO
14796186,12513905,2010-06-04,CON
14796186,PCT/US2007/083602,2007-11-05,NST
14796189,62025346,2014-07-16,PRO
14796190,60445122,2003-02-05,PRO
14796190,10665343,2003-09-18,CON
14796190,14684791,2015-04-13,CON
14796190,14714858,2015-05-18,CON
14796190,14714868,2015-05-18,CON
14796193,61802060,2013-03-15,PRO
14796193,14216595,2014-03-17,CON
14796194,61411017,2010-11-08,PRO
14796194,13273495,2011-10-14,DIV
14796195,62023573,2014-07-11,PRO
14796199,PCT/JP2014/000046,2014-01-08,CON
14796201,62023118,2014-07-10,PRO
14796202,12286755,2008-09-30,CIP
14796202,12286758,2008-09-30,DIV
14796202,12286744,2008-09-30,CIP
14796202,12286741,2008-09-30,CIP
14796202,12286735,2008-09-30,CIP
14796202,12286737,2008-09-30,CIP
14796202,12286740,2008-09-30,CIP
14796202,13590320,2012-08-21,CON
14796204,62023025,2014-07-10,PRO
14796205,62024245,2014-07-14,PRO
14796206,13689146,2012-11-29,CIP
14796207,13301454,2011-11-21,CON
14796207,13826546,2013-03-14,CON
14796209,12131876,2008-06-02,CIP
14796209,13340988,2011-12-30,CIP
14796209,14190429,2014-02-26,CON
14796210,13902193,2013-05-24,CON
14796211,14436560,2015-04-17,CON
14796211,PCT/NL2013/050713,2013-10-09,NST
14796212,12223755,2008-08-07,CON
14796212,14465919,2014-08-22,CON
14796212,PCT/EP2007/050697,2007-01-24,NST
14796213,14453777,2014-08-07,CIP
14796214,61452917,2011-03-15,PRO
14796214,61541425,2011-09-30,PRO
14796214,13420962,2012-03-15,CON
14796214,14459773,2014-08-14,CIP
14796217,62023022,2014-07-10,PRO
14796220,62023479,2014-07-11,PRO
14796220,62064607,2014-10-16,PRO
14796221,PCT/JP2013/083436,2013-12-13,CON
14796223,60967575,2007-09-04,PRO
14796223,12204610,2008-09-04,CON
14796223,13544812,2012-07-09,DIV
14796231,PCT/EP2014/050173,2014-01-07,CON
14796235,61253810,2009-10-21,PRO
14796235,PCT/US10/53389,2010-10-20,NST
14796235,13394506,2012-03-19,DIV
14796238,PCT/US13/39876,2013-05-07,NST
14796238,14127969,2013-12-19,CON
14796239,60786007,2006-03-24,PRO
14796239,60859284,2006-11-14,PRO
14796239,11728964,2007-03-26,CIP
14796239,60959437,2007-07-13,PRO
14796239,11985577,2007-11-14,CON
14796239,13035725,2011-02-25,CON
14796239,13692929,2012-12-03,CON
14796241,13936648,2013-07-08,CON
14796242,62023957,2014-07-14,PRO
14796247,10727466,2003-12-04,CON
14796247,11415959,2006-05-02,CON
14796247,12765801,2010-04-22,CON
14796247,14103821,2013-12-11,CON
14796248,60824043,2006-08-30,PRO
14796248,60824054,2006-08-30,PRO
14796248,11846896,2007-08-29,CON
14796251,PCT/US2014/011113,2014-01-10,CIP
14796252,13076257,2011-03-30,DIV
14796255,13426003,2012-03-21,CON
14796257,62022739,2014-07-10,PRO
14796258,13636550,2012-11-19,CON
14796258,PCT/EP2011/051802,2011-02-08,NST
14796261,62024492,2014-07-15,PRO
14796262,14024366,2013-09-11,CON
14796264,PCT/EP2014/050649,2014-01-15,CON
14796265,62031886,2014-08-01,PRO
14796267,13257810,2011-11-21,CON
14796267,PCT/GB2010/000520,2010-03-22,NST
14796269,12131798,2008-06-02,CON
14796270,09585325,2000-06-02,DIV
14796270,11267303,2005-11-07,DIV
14796270,12801744,2010-06-23,CON
14796270,13594009,2012-08-24,CON
14796275,62022831,2014-07-10,PRO
14796277,61998902,2014-07-11,PRO
14796278,61828337,2013-05-29,PRO
14796278,14290584,2014-05-29,CON
14796279,62024590,2014-07-15,PRO
14796280,13705363,2012-12-05,CON
14796281,12682106,2010-04-08,DIV
14796281,PCT/CH2008/000419,2008-10-08,NST
14796283,62023399,2014-07-11,PRO
14796283,62059400,2014-10-03,PRO
14796284,12989878,2010-10-27,DIV
14796284,PCT/EP2009/054228,2009-04-08,NST
14796285,60445122,2003-02-05,PRO
14796285,10665343,2003-09-18,CON
14796285,14684791,2015-04-13,CON
14796285,14714858,2015-05-18,CON
14796285,14714868,2015-05-18,CON
14796290,12287440,2008-10-08,CIP
14796290,12378496,2009-02-17,CIP
14796290,12655859,2010-01-07,CIP
14796290,14711799,2015-05-14,CIP
14796291,13606545,2012-09-07,CON
14796292,62030597,2014-07-29,PRO
14796293,62022663,2014-07-10,PRO
14796295,13334382,2011-12-22,DIV
14796295,14190416,2014-02-26,CIP
14796296,61225202,2009-07-13,PRO
14796296,61341476,2010-03-30,PRO
14796296,61341721,2010-04-01,PRO
14796296,12771076,2010-04-30,CON
14796296,13559473,2012-07-26,CON
14796296,14091965,2013-11-27,CON
14796298,61892793,2013-10-18,PRO
14796298,14093937,2013-12-02,CON
14796301,60860658,2006-11-21,PRO
14796301,11943555,2007-11-20,CON
14796301,13788074,2013-03-07,CON
14796302,61385959,2010-09-23,PRO
14796302,61466309,2011-03-22,PRO
14796302,61466321,2011-03-22,PRO
14796302,13237233,2011-09-20,CON
14796303,62023368,2014-07-11,PRO
14796307,PCT/JP2013/084733,2013-12-25,CON
14796310,61304640,2010-02-15,PRO
14796310,61371360,2010-08-06,PRO
14796310,61377599,2010-08-27,PRO
14796310,61387164,2010-09-28,PRO
14796310,13814352,2013-02-05,CON
14796310,PCT/US2011/046778,2011-08-05,NST
14796311,12522686,2009-07-09,CON
14796311,PCT/IB08/00055,2008-01-11,NST
14796312,14117756,2014-04-15,CON
14796312,14508259,2014-10-07,CON
14796312,PCT/GB2012/051099,2012-05-16,NST
14796315,62030824,2014-07-30,PRO
14796320,62023599,2014-07-11,PRO
14796322,62023734,2014-07-11,PRO
14796322,62029975,2014-07-28,PRO
14796326,PCT/JP2014/062752,2014-05-13,CON
14796328,61668554,2012-07-06,PRO
14796328,13935972,2013-07-05,CON
14796329,61641955,2012-05-03,PRO
14796329,13843473,2013-03-15,CON
14796331,62023371,2014-07-11,PRO
14796332,62023533,2014-07-11,PRO
14796335,14652283,2015-06-15,CIP
14796335,PCT/IN2014/000313,2014-05-08,NST
14796336,61677544,2012-07-31,PRO
14796336,13799745,2013-03-13,DIV
14796337,62023595,2014-07-11,PRO
14796340,62022887,2014-07-10,PRO
14796341,12867415,2010-12-08,CON
14796341,PCT/EP2009/001271,2009-02-23,NST
14796345,13822794,2013-05-28,CON
14796345,PCT/NL2011/050631,2011-09-20,NST
14796347,13285793,2011-10-31,CON
14796351,11005494,2004-12-06,CON
14796351,11809817,2007-06-01,CON
14796351,12750792,2010-03-31,CON
14796351,13644305,2012-10-04,CON
14796352,61235738,2009-08-21,PRO
14796352,12861517,2010-08-23,CON
14796355,62023401,2014-07-11,PRO
14796357,62023139,2014-07-10,PRO
14796358,61192765,2008-09-22,PRO
14796358,12557016,2009-09-10,CIP
14796358,13358753,2012-01-26,CON
14796362,13642882,2012-11-26,CON
14796362,14144727,2013-12-31,CON
14796362,PCT/JP2011/059413,2011-04-15,NST
14796363,62025572,2014-07-17,PRO
14796365,61445586,2011-02-23,PRO
14796365,13403148,2012-02-23,DIV
14796366,14506489,2014-10-03,CON
14796366,PCT/US2014/039141,2014-05-22,CON
14796370,13976260,2013-09-05,DIV
14796370,PCT/PL2011/050056,2011-12-29,NST
14796375,14235784,2014-02-12,CON
14796375,PCT/JP2012/069208,2012-07-27,NST
14796376,10814454,2004-03-31,CON
14796376,10813967,2004-03-31,CON
14796376,10816082,2004-03-31,CON
14796376,10816102,2004-03-31,CON
14796376,10816364,2004-03-31,CON
14796376,10816358,2004-03-31,CON
14796376,10816375,2004-03-31,CON
14796376,14744863,2015-06-19,CON
14796380,60676275,2005-04-29,PRO
14796380,11413545,2006-04-28,CON
14796380,13628553,2012-09-27,CON
14796382,14132306,2013-12-18,CON
14796383,13499039,2012-07-13,CON
14796383,PCT/GB2010/001818,2010-09-29,NST
14796384,12155487,2008-06-05,CIP
14796386,62041179,2014-08-25,PRO
14796389,61004992,2007-11-30,PRO
14796389,12325049,2008-11-28,CON
14796389,13774735,2013-02-22,CON
14796389,14506576,2014-10-03,CON
14796390,62023505,2014-07-11,PRO
14796394,61263542,2009-11-23,PRO
14796394,12952656,2010-11-23,CON
14796395,62023394,2014-07-11,PRO
14796397,60445122,2003-02-05,PRO
14796397,10665343,2003-09-18,CON
14796397,14684791,2015-04-13,CON
14796397,14714858,2015-05-18,CON
14796397,14714868,2015-05-18,CON
14796398,61580945,2011-12-28,PRO
14796398,13399278,2012-02-17,CON
14796399,11278571,2006-04-04,CON
14796400,61479952,2011-04-28,PRO
14796400,61531574,2011-09-06,PRO
14796400,61531583,2011-09-06,PRO
14796400,61538079,2011-09-22,PRO
14796400,61564763,2011-11-29,PRO
14796400,61578192,2011-12-20,PRO
14796400,61594160,2012-02-02,PRO
14796400,61598881,2012-02-14,PRO
14796400,61598892,2012-02-14,PRO
14796400,61625596,2012-04-17,PRO
14796400,61639017,2012-04-26,PRO
14796400,13458739,2012-04-27,CIP
14796400,13458739,2012-04-27,CON
14796400,13618805,2012-09-14,CIP
14796400,13619178,2012-09-14,CIP
14796400,13619815,2012-09-14,CIP
14796400,13663334,2012-10-29,CIP
14796400,13679706,2012-11-16,CON
14796400,PCT/US2012/035612,2012-04-27,CON
14796400,PCT/US2012/062494,2012-10-29,CIP
14796401,14057040,2013-10-18,CON
14796405,62026324,2014-07-18,PRO
14796406,62023112,2014-07-10,PRO
14796406,62081143,2014-11-18,PRO
14796407,12442172,2009-05-12,DIV
14796407,PCT/GB2007/003592,2007-09-20,NST
14796408,12696866,2010-01-29,CON
14796408,PCT/US2009/005670,2009-10-19,CIP
14796412,13357275,2012-01-24,CIP
14796412,13621257,2012-09-16,CON
14796413,11066169,2005-02-28,CON
14796413,14295525,2014-06-04,CON
14796413,14551114,2014-11-24,CON
14796413,14624889,2015-02-18,CON
14796415,09662534,2000-09-15,CON
14796416,62023769,2014-07-11,PRO
14796417,62035052,2014-08-08,PRO
14796418,62023422,2014-07-11,PRO
14796419,61352166,2010-06-07,PRO
14796419,61388002,2010-09-30,PRO
14796419,61414451,2010-11-17,PRO
14796419,61439913,2011-02-06,PRO
14796419,61447089,2011-02-27,PRO
14796419,61447464,2011-02-28,PRO
14796419,61467209,2011-03-24,PRO
14796419,13153745,2011-06-06,CIP
14796419,61867007,2013-08-16,PRO
14796419,61916190,2013-12-14,PRO
14796419,61924252,2014-01-07,PRO
14796419,61927481,2014-01-15,PRO
14796419,61953878,2014-03-16,PRO
14796419,61972314,2014-03-30,PRO
14796419,62023800,2014-07-11,PRO
14796419,14460915,2014-08-15,CIP
14796419,62047508,2014-09-08,PRO
14796419,62082579,2014-11-20,PRO
14796419,62128974,2015-03-05,PRO
14796421,14053098,2013-10-14,DIV
14796422,12128481,2008-05-28,CIP
14796422,12354900,2009-01-16,CIP
14796422,14225557,2014-03-26,CON
14796423,PCT/JP2014/000158,2014-01-15,CON
14796424,PCT/JP2014/050425,2014-01-14,CON
14796425,62023140,2014-07-10,PRO
14796426,62023403,2014-07-11,PRO
14796430,14086442,2013-11-21,CIP
14796430,14603636,2015-01-23,CIP
14796435,62023720,2014-07-11,PRO
14796436,62023286,2014-07-11,PRO
14796437,61228021,2009-07-23,PRO
14796437,12841348,2010-07-22,CON
14796442,62023612,2014-07-11,PRO
14796442,62035974,2014-08-11,PRO
14796443,62023163,2014-07-10,PRO
14796444,13511511,2012-10-01,DIV
14796444,PCT/US2010/058021,2010-11-24,NST
14796445,13063676,2011-03-11,CON
14796445,PCT/US2009/042212,2009-04-30,NST
14796447,62022839,2014-07-10,PRO
14796448,12768509,2010-04-27,CIP
14796448,13282255,2011-10-26,CON
14796450,62023770,2014-07-11,PRO
14796451,14117317,2014-05-12,DIV
14796451,14668570,2015-03-25,DIV
14796451,PCT/US2012/038528,2012-05-18,NST
14796454,61372057,2010-08-09,PRO
14796454,13206295,2011-08-09,CON
14796456,14328433,2014-07-10,CIP
14796457,13699540,2012-11-21,CON
14796457,PCT/CN2011/074568,2011-05-24,NST
14796458,60666673,2005-03-30,PRO
14796458,PCT/US06/11625,2006-03-30,NST
14796458,11887724,2007-09-29,DIV
14796459,61746112,2012-12-26,PRO
14796459,13769332,2013-02-17,DIV
14796460,62024182,2014-07-14,PRO
14796463,62030712,2014-07-30,PRO
14796465,61712163,2012-10-10,PRO
14796465,13914328,2013-06-10,CIP
14796466,13122721,2011-04-05,CON
14796466,PCT/KR2009/005942,2009-10-15,NST
14796468,61909168,2013-11-26,PRO
14796468,61913665,2013-12-09,PRO
14796468,14448053,2014-07-31,CIP
14796468,62032137,2014-08-01,PRO
14796468,62083063,2014-11-21,PRO
14796469,PCT/JP2014/051012,2014-01-20,CON
14796472,12375265,2009-03-09,CON
14796472,13248453,2011-09-29,CON
14796472,14511739,2014-10-10,CON
14796472,PCT/FR06/50898,2006-09-18,NST
14796475,62022974,2014-07-10,PRO
14796476,13194703,2011-07-29,CON
14796480,13009500,2011-01-19,CON
14796480,PCT/US2009/051716,2009-07-24,CON
14796481,14004303,2013-09-10,CON
14796481,PCT/JP12/01751,2012-03-14,NST
14796485,61492110,2011-06-01,PRO
14796485,13482244,2012-05-29,DIV
14796487,62023669,2014-07-11,PRO
14796488,13556843,2012-07-24,DIV
14796490,PCT/FR2014/050033,2014-01-09,CON
14796492,61949768,2014-03-07,PRO
14796492,14640103,2015-03-06,CIP
14796493,13602011,2012-08-31,DIV
14796493,13691269,2012-11-30,CON
14796496,13237533,2011-09-20,DIV
14796501,62023079,2014-07-10,PRO
14796502,60707842,2005-08-12,PRO
14796502,11502761,2006-08-10,DIV
14796502,13171233,2011-06-28,CON
14796504,PCT/JP2013/072363,2013-08-22,CON
14796505,11066169,2005-02-28,CON
14796505,14295525,2014-06-04,CON
14796505,14551114,2014-11-24,CON
14796505,14624889,2015-02-18,CON
14796508,62023235,2014-07-11,PRO
14796509,10506443,2004-09-02,DIV
14796509,12197956,2008-08-25,CON
14796509,13184719,2011-07-18,DIV
14796509,13796094,2013-03-12,DIV
14796509,PCT/EP2003/002556,2003-03-12,NST
14796512,62023770,2014-07-11,PRO
14796515,13611820,2012-09-12,CON
14796516,62035664,2014-08-11,PRO
14796519,14134589,2013-12-19,CON
14796523,13726346,2012-12-24,DIV
14796525,61304338,2010-02-12,PRO
14796525,12832580,2010-07-08,CIP
14796525,13739583,2013-01-11,DIV
14796529,62023175,2014-07-10,PRO
14796531,62030722,2014-07-30,PRO
14796532,14394007,,CON
14796532,PCT/EP2011/004888,2011-09-30,NST
14796535,60626751,2004-11-10,PRO
14796535,11270018,2005-11-09,CON
14796535,12264288,2008-11-04,CON
14796535,13281716,2011-10-26,DIV
14796535,14044914,2013-10-03,CON
14796535,14296635,2014-06-05,CON
14796536,13799097,2013-03-13,CON
14796538,61273952,2009-08-11,PRO
14796538,12854842,2010-08-11,CON
14796539,62024225,2014-07-14,PRO
14796544,12037715,2008-02-26,DIV
14796544,13780589,2013-02-28,DIV
14796544,14136286,2013-12-20,CON
14796544,PCT/US2006/035129,2006-09-11,CON
14796546,13718819,2012-12-18,CON
14796546,13748672,2013-01-24,DIV
14796548,62023256,2014-07-11,PRO
14796549,13337415,2011-12-27,CON
14796551,61515392,2011-08-05,PRO
14796551,13564779,2012-08-02,CON
14796551,14495259,2014-09-24,CON
14796552,62023487,2014-07-11,PRO
14796553,PCT/CA2014/000417,2014-05-15,CON
14796555,14260904,2014-04-24,DIV
14796556,13370206,2012-02-09,CIP
14796557,61189563,2008-08-20,PRO
14796557,12544997,2009-08-20,CON
14796558,62023345,2014-07-11,PRO
14796559,61874466,2013-09-06,PRO
14796559,14479958,2014-09-08,CIP
14796559,14615702,2015-02-06,CIP
14796560,PCT/JP2013/084025,2013-12-19,CON
14796565,13112536,2011-05-20,CON
14796565,14039939,2013-09-27,CIP
14796565,14575102,2014-12-18,CIP
14796569,13072078,2011-03-25,CON
14796569,13972533,2013-08-21,CON
14796572,13233109,2011-09-15,CON
14796573,11066169,2005-02-28,CON
14796573,14295525,2014-06-04,CON
14796573,14551114,2014-11-24,CON
14796573,14624889,2015-02-18,CON
14796575,13451798,2012-04-20,DIV
14796576,62024392,2014-07-14,PRO
14796577,62022848,2014-07-10,PRO
14796577,62118546,2015-02-20,PRO
14796578,13867378,2013-04-22,DIV
14796580,60949551,2007-07-13,PRO
14796580,61032828,2008-02-29,PRO
14796580,12668867,2010-03-02,CON
14796580,13647134,2012-10-08,CON
14796582,62023082,2014-07-10,PRO
14796584,13791432,2013-03-08,CON
14796585,62023085,2014-07-10,PRO
14796590,12595292,2010-01-07,CON
14796590,PCT/NL08/50199,2008-04-10,NST
14796592,61569744,2011-12-12,PRO
14796592,13692585,2012-12-03,CIP
14796593,62025392,2014-07-16,PRO
14796595,12523119,2009-07-14,CON
14796595,13565159,2012-08-02,CON
14796595,PCT/EP2007/062542,2007-11-20,NST
14796596,62023016,2014-07-10,PRO
14796599,12929181,2011-01-06,CON
14796599,14242407,2014-04-01,CON
14796602,14226364,2014-03-26,DIV
14796602,PCT/JP2012/075106,2012-09-28,CON
14796604,62022910,2014-07-10,PRO
14796614,13840403,2013-03-15,CON
14796614,PCT/US2012/046222,2012-07-11,CON
14796615,13597731,2012-08-29,CON
14796617,62023158,2014-07-10,PRO
14796618,62024092,2014-07-14,PRO
14796618,62028986,2014-07-25,PRO
14796618,62056764,2014-09-29,PRO
14796621,13384165,2012-03-26,DIV
14796621,PCT/JP2009/062664,2009-07-13,NST
14796623,61792313,2013-03-15,PRO
14796623,PCT/US14/29444,2014-03-14,CON
14796626,62023726,2014-07-11,PRO
14796632,61655308,2012-06-04,PRO
14796632,13909843,2013-06-04,CON
14796633,13394568,2012-03-07,CON
14796633,14043578,2013-10-01,CON
14796633,PCT/JP2010/004087,2010-06-18,NST
14796634,62024697,2014-07-15,PRO
14796635,PCT/CA2014/000417,2014-05-15,CON
14796636,62023649,2014-07-11,PRO
14796637,62023113,2014-07-10,PRO
14796638,13490510,2012-06-07,CON
14796639,PCT/CN2013/089995,2013-12-19,CON
14796642,60611362,2004-09-20,PRO
14796642,11231135,2005-09-20,CIP
14796642,12175442,2008-07-17,CIP
14796642,61200180,2008-11-25,PRO
14796642,12592174,2009-11-20,CON
14796642,13361444,2012-01-30,CON
14796642,14472090,2014-08-28,CON
14796642,PCT/US2008/006674,2008-05-23,CIP
14796643,62022953,2014-07-10,PRO
14796644,62023789,2014-07-11,PRO
14796645,62025712,2014-07-17,PRO
14796647,62027498,2014-07-22,PRO
14796647,62060577,2014-10-07,PRO
14796649,13420888,2012-03-15,CIP
14796649,13482425,2012-05-29,CON
14796650,11066169,2005-02-28,CON
14796650,14295525,2014-06-04,CON
14796650,14551114,2014-11-24,CON
14796650,14624889,2015-02-18,CON
14796652,13500194,2012-05-30,DIV
14796652,PCT/NL2010/050645,2010-10-05,NST
14796653,61183614,2009-06-03,PRO
14796653,12793328,2010-06-03,CON
14796653,13870752,2013-04-25,CIP
14796657,14356011,2014-05-02,CON
14796657,PCT/JP2012/081053,2012-11-30,NST
14796658,62023445,2014-07-11,PRO
14796659,13781558,2013-02-28,CON
14796660,PCT/JP2013/051334,2013-01-23,CON
14796661,11916470,2010-11-10,CON
14796661,14227107,2014-03-27,CON
14796661,PCT/EP2006/005855,2006-06-19,NST
14796665,62023582,2014-07-11,PRO
14796665,PCT/US2014/012336,2014-01-21,CIP
14796670,62023186,2014-07-11,PRO
14796675,62026532,2014-07-18,PRO
14796676,13236029,2011-09-19,CON
14796681,62023527,2014-07-11,PRO
14796682,13754986,2013-01-31,CON
14796683,62022917,2014-07-10,PRO
14796687,62026532,2014-07-18,PRO
14796688,62022934,2014-07-10,PRO
14796689,13669354,2012-11-05,CIP
14796690,61451936,2011-03-11,PRO
14796690,13416648,2012-03-09,CON
14796690,14582124,2014-12-23,DIV
14796691,62023568,2014-07-11,PRO
14796692,PCT/CN2013/090586,2013-12-26,CON
14796694,62022752,2014-07-10,PRO
14796696,61479952,2011-04-28,PRO
14796696,61531574,2011-09-06,PRO
14796696,61531583,2011-09-06,PRO
14796696,61538079,2011-09-22,PRO
14796696,61564763,2011-11-29,PRO
14796696,61578192,2011-12-20,PRO
14796696,61594160,2012-02-02,PRO
14796696,61598881,2012-02-14,PRO
14796696,61598892,2012-02-14,PRO
14796696,61625596,2012-04-17,PRO
14796696,61639017,2012-04-26,PRO
14796696,13458739,2012-04-27,CON
14796696,14518857,2014-10-20,CON
14796697,62023274,2014-07-11,PRO
14796697,62151277,2015-04-22,PRO
14796698,62025403,2014-07-16,PRO
14796700,62026532,2014-07-18,PRO
14796702,13233236,2011-09-15,CON
14796703,13684670,2012-11-26,DIV
14796703,14320875,2014-07-01,DIV
14796705,62023323,2014-07-11,PRO
14796708,13244054,2011-09-23,DIV
14796709,11849171,2007-08-31,CIP
14796709,11849177,2007-08-31,CIP
14796709,11849165,2007-08-31,CIP
14796709,11849180,2007-08-31,CIP
14796709,12839135,2010-07-19,CON
14796711,62023621,2014-07-11,PRO
14796712,61817715,2013-04-30,PRO
14796712,61890523,2013-10-14,PRO
14796712,14266330,2014-04-30,CIP
14796713,11701823,2007-02-02,CON
14796713,13895010,2013-05-15,CON
14796714,12093921,2008-05-15,CON
14796714,12816495,2010-06-16,CON
14796714,13330854,2011-12-20,CON
14796714,13837885,2013-03-15,CON
14796714,PCT/US2007/079929,2007-09-28,NST
14796716,62024044,2014-07-14,PRO
14796718,62026532,2014-07-18,PRO
14796719,62023296,2014-07-11,PRO
14796722,62023604,2014-07-11,PRO
14796723,61356451,2010-06-18,PRO
14796723,61366523,2010-07-21,PRO
14796723,PCT/US11/41013,2011-06-18,NST
14796723,13704612,2013-01-23,CON
14796725,61151110,2009-02-09,PRO
14796725,12702209,2010-02-08,DIV
14796727,13831938,2013-03-15,CON
14796730,62024503,2014-07-15,PRO
14796733,13645053,2012-10-04,CON
14796733,14036822,2013-09-25,CON
14796733,14469730,2014-08-27,CON
14796739,62023706,2014-07-11,PRO
14796741,61478474,2011-04-22,PRO
14796741,61478899,2011-04-25,PRO
14796741,13451631,2012-04-20,CON
14796741,13848909,2013-03-22,CON
14796741,13970048,2013-08-19,CON
14796741,14529147,2014-10-31,CON
14796746,62023527,2014-07-11,PRO
14796750,62023041,2014-07-10,PRO
14796751,61839312,2013-06-25,PRO
14796751,61847254,2013-07-17,PRO
14796751,61879049,2013-09-17,PRO
14796751,61925100,2014-01-08,PRO
14796751,61938063,2014-02-10,PRO
14796751,14249308,2014-04-09,CON
14796753,61928382,2014-01-16,PRO
14796753,14575863,2014-12-18,CIP
14796755,13820640,2013-03-04,CON
14796755,PCT/CN2011/075507,2011-06-09,NST
14796756,62036959,2014-08-13,PRO
14796756,62171725,2015-06-05,PRO
14796757,13180865,2011-07-12,CON
14796758,60948242,2007-07-06,PRO
14796758,PCT/US08/69239,2008-07-03,NST
14796758,12667436,2009-12-31,DIV
14796759,13631612,2012-09-28,DIV
14796760,60199931,2000-04-26,PRO
14796760,09844187,2001-04-26,CON
14796760,12856182,2010-08-13,CON
14796762,62025369,2014-07-16,PRO
14796763,61776760,2013-03-11,PRO
14796763,14194425,2014-02-28,CON
14796766,61869568,2013-08-23,PRO
14796766,14463406,2014-08-19,DIV
14796767,61102216,2008-10-02,PRO
14796767,12571724,2009-10-01,CON
14796767,14053421,2013-10-14,CON
14796769,13820640,2013-03-04,CON
14796769,PCT/CN2011/075507,2011-06-09,NST
14796772,61162552,2009-03-23,PRO
14796772,12726826,2010-03-18,CON
14796773,61024526,2008-01-29,PRO
14796773,61024534,2008-01-29,PRO
14796773,12346735,2008-12-30,DIV
14796773,13865091,2013-04-17,CON
14796777,13180865,2011-07-12,DIV
14796779,60789725,2006-04-05,PRO
14796779,60790414,2006-04-06,PRO
14796779,11732918,2007-04-04,DIV
14796779,12882601,2010-09-15,CON
14796779,13532511,2012-06-25,CON
14796779,13927236,2013-06-26,CON
14796779,14550809,2014-11-21,CON
14796780,13706466,2012-12-06,CON
14796781,62023451,2014-07-11,PRO
14796782,62023771,2014-07-11,PRO
14796784,61619705,2012-04-03,PRO
14796784,13797421,2013-03-12,CON
14796788,11607497,2006-11-30,CON
14796789,10814454,2004-03-31,CON
14796789,10813967,2004-03-31,CON
14796789,10816082,2004-03-31,CON
14796789,10816102,2004-03-31,CON
14796789,10816364,2004-03-31,CON
14796789,10816358,2004-03-31,CON
14796789,10816375,2004-03-31,CON
14796789,10834987,2004-04-30,CON
14796789,10844612,2004-05-12,CON
14796789,10844564,2004-05-12,CON
14796789,10844614,2004-05-12,CON
14796789,10844613,2004-05-12,CON
14796789,14744863,2015-06-19,CON
14796793,13497748,2012-07-26,CON
14796793,13779094,2013-02-27,CON
14796793,PCT/GB2010/051591,2010-09-22,NST
14796794,11611648,2006-12-15,DIV
14796794,13481953,2012-05-28,DIV
14796796,62023509,2014-07-11,PRO
14796797,62023362,2014-07-11,PRO
14796799,14391046,2014-10-07,CON
14796799,PCT/US2013/040831,2013-05-14,NST
14796800,62023684,2014-07-11,PRO
14796801,13120604,2011-03-23,CON
14796801,PCT/EP2009/063053,2009-10-07,NST
14796802,62024365,2014-07-14,PRO
14796803,62023813,2014-07-11,PRO
14796804,11969131,2008-01-03,CON
14796804,13569956,2012-08-08,CON
14796805,13994078,2013-06-13,CON
14796805,PCT/JP2011/078537,2011-12-09,NST
14796806,62022949,2014-07-10,PRO
14796807,62035282,2014-08-08,PRO
14796809,14552366,2014-11-24,CON
14796809,PCT/US2013/043921,2013-06-03,CON
14796812,61319831,2010-03-31,PRO
14796812,12877913,2010-09-08,CON
14796815,13194094,2011-07-29,CON
14796816,62030936,2014-07-30,PRO
14796819,12851514,2010-08-05,CON
14796819,13619772,2012-09-14,CON
14796819,14160425,2014-01-21,CON
14796819,14534059,2014-11-05,CON
14796821,13153999,2011-06-06,CON
14796823,62022703,2014-07-10,PRO
14796824,61475212,2011-04-13,PRO
14796824,13186374,2011-07-19,CON
14796825,13626636,2012-09-25,CON
14796826,62023813,2014-07-11,PRO
14796827,62023117,2014-07-10,PRO
14796828,13734572,2013-01-04,CON
14796829,61598816,2012-02-14,PRO
14796829,61598856,2012-02-14,PRO
14796829,13765652,2013-02-12,CIP
14796829,61764503,2013-02-13,PRO
14796829,61809281,2013-04-05,PRO
14796829,61835896,2013-06-17,PRO
14796829,14179494,2014-02-12,CON
14796829,62022801,2014-07-10,PRO
14796829,14622377,2015-02-13,CIP
14796832,62023670,2014-07-11,PRO
14796833,62036959,2014-08-13,PRO
14796833,62171725,2015-06-05,PRO
14796833,14796756,2015-07-10,CIP
14796834,13723001,2012-12-20,DIV
14796835,PCT/JP2014/079609,2014-11-07,CON
14796843,14027014,2013-09-13,DIV
14796844,13776118,2013-02-25,DIV
14796850,62035287,2014-08-08,PRO
14796852,13505712,2012-05-02,CON
14796852,14522381,2014-10-23,CON
14796852,PCT/JP2010/069452,2010-11-01,NST
14796854,61480361,2011-04-28,PRO
14796854,13458921,2012-04-27,CON
14796854,14047796,2013-10-07,CON
14796855,62024353,2014-07-14,PRO
14796858,61929050,2014-01-18,PRO
14796858,62023099,2014-07-10,PRO
14796858,PCT/US15/11884,2015-01-18,CIP
14796862,62040273,2014-08-21,PRO
14796866,13533707,2012-06-26,CON
14796867,13315663,2011-12-09,CIP
14796868,62023485,2014-07-11,PRO
14796869,62022861,2014-07-10,PRO
14796871,62023734,2014-07-11,PRO
14796871,62029975,2014-07-28,PRO
14796873,13092855,2011-04-22,CIP
14796873,13225990,2011-09-06,CIP
14796873,13827020,2013-03-14,CIP
14796874,61158892,2009-03-10,PRO
14796874,12721198,2010-03-10,CON
14796874,14024456,2013-09-11,CON
14796875,14495986,2014-09-25,CON
14796876,62022867,2014-07-10,PRO
14796876,62113187,2015-02-06,PRO
14796876,62173886,2015-06-10,PRO
14796878,61541211,2011-09-30,PRO
14796878,13616481,2012-09-14,CON
14796879,62023091,2014-07-10,PRO
14796880,PCT/CN2013/088639,2013-12-05,CON
14796882,62023869,2014-07-12,PRO
14796882,62061678,2014-10-08,PRO
14796882,62149878,2015-04-20,PRO
14796883,60950482,2007-07-18,PRO
14796883,11959993,2007-12-19,CON
14796886,PCT/JP2014/004662,2014-09-10,CON
14796888,12731323,2010-03-25,CON
14796893,13312785,2011-12-06,CON
14796894,13533707,2012-06-26,CON
14796899,12339988,2008-12-19,CON
14796899,14149789,2014-01-07,CON
14796901,11335980,2006-01-20,CIP
14796901,11761890,2007-06-12,CIP
14796901,11761890,2007-06-12,DIV
14796901,12605219,2009-10-23,CON
14796901,12790301,2010-05-28,CIP
14796901,13198442,2011-08-04,CON
14796901,13354763,2012-01-20,CON
14796901,61723531,2012-11-07,PRO
14796901,13745738,2013-01-18,CIP
14796901,13902716,2013-05-24,CIP
14796901,14074125,2013-11-07,CON
14796902,61871090,2013-08-28,PRO
14796902,14472269,2014-08-28,CIP
14796905,61059811,2008-06-09,PRO
14796905,61079121,2008-07-08,PRO
14796905,61115888,2008-11-18,PRO
14796905,61121178,2008-12-09,PRO
14796905,61138494,2008-12-17,PRO
14796905,61153973,2009-02-20,PRO
14796905,61153985,2009-02-20,PRO
14796905,61169711,2009-04-15,PRO
14796905,61179005,2009-05-17,PRO
14796905,12481563,2009-06-09,CON
14796905,13968239,2013-08-15,CON
14796907,10583239,2008-10-16,CON
14796907,14066597,2013-10-29,CON
14796907,PCT/US2005/003889,2005-02-07,NST
14796910,61860644,2013-07-31,PRO
14796910,14447412,2014-07-30,DIV
14796913,13180450,2011-07-11,CON
14796916,13484991,2012-05-31,CON
14796918,61828680,2013-05-30,PRO
14796918,14447562,2014-07-30,CON
14796921,61322779,2010-04-09,PRO
14796921,61355071,2010-06-15,PRO
14796921,13082323,2011-04-07,CIP
14796921,13439631,2012-04-04,CON
14796921,14183412,2014-02-18,CON
14796921,14491837,2014-09-19,CON
14796922,62023167,2014-07-10,PRO
14796923,13046763,2011-03-13,DIV
14796923,14576071,2014-12-18,CON
14796925,62023723,2014-07-11,PRO
14796928,12469273,2009-05-20,DIV
14796929,61677986,2012-07-31,PRO
14796929,13612582,2012-09-12,CIP
14796929,13706066,2012-12-05,CON
14796935,12397341,2009-03-03,CON
14796935,13114017,2011-05-23,CON
14796935,13607362,2012-09-07,CON
14796935,14203486,2014-03-10,CON
14796935,14620098,2015-02-11,CON
14796937,PCT/US2014/201401,2014-01-13,CON
14796939,14298100,2014-06-06,CON
14796942,60422844,2002-11-01,PRO
14796942,10647116,2003-08-25,DIV
14796942,13609030,2012-09-10,CON
14796944,62023667,2014-07-11,PRO
14796948,12372691,2009-02-17,CON
14796949,60442007,2003-01-22,PRO
14796949,10748603,2003-12-29,CON
14796949,13034591,2011-02-24,DIV
14796950,13426577,2012-03-21,CON
14796954,62023093,2014-07-10,PRO
14796956,11917727,2008-06-09,DIV
14796956,13091936,2011-04-21,DIV
14796956,13746773,2013-01-22,DIV
14796956,PCT/US2006/026046,2006-06-30,NST
14796965,13585039,2012-08-14,CIP
14796965,13795940,2013-03-12,CON
14796966,62027704,2014-07-22,PRO
14796970,PCT/US2014/011361,2014-01-13,CON
14796972,61802136,2013-03-15,PRO
14796972,14205224,2014-03-11,CIP
14796972,14703790,2015-05-04,CIP
14796973,61280043,2009-10-28,PRO
14796973,61280042,2009-10-28,PRO
14796973,61280041,2009-10-28,PRO
14796973,61280044,2009-10-28,PRO
14796973,61280034,2009-10-28,PRO
14796973,61280040,2009-10-28,PRO
14796973,61280060,2009-10-28,PRO
14796973,12914843,2010-10-28,CON
14796974,13646307,2012-10-05,DIV
14796975,29449958,2013-03-15,CON
14796977,61280043,2009-10-28,PRO
14796977,61280042,2009-10-28,PRO
14796977,61280041,2009-10-28,PRO
14796977,61280044,2009-10-28,PRO
14796977,61280034,2009-10-28,PRO
14796977,61280040,2009-10-28,PRO
14796977,61280060,2009-10-28,PRO
14796977,12914856,2010-10-28,CON
14796989,62023144,2014-07-10,PRO
14796991,62023282,2014-07-11,PRO
14796992,61103141,2008-10-06,PRO
14796992,12574655,2009-10-06,DIV
14796992,13745335,2013-01-18,CON
14796995,61357803,2010-06-23,PRO
14796995,12914969,2010-10-28,CON
14796995,14015937,2013-08-30,CON
14796996,62024363,2014-07-14,PRO
14796997,62022985,2014-07-10,PRO
14796998,62023579,2014-07-11,PRO
14796999,12612976,2009-11-05,CIP
14796999,13348494,2012-01-11,CON
14797003,61641464,2012-05-02,PRO
14797003,13791563,2013-03-08,DIV
14797006,PCT/US2014/011347,2014-01-13,CON
14797008,62023546,2014-07-11,PRO
14797016,61751001,2013-01-10,PRO
14797016,PCT/US13/71746,2013-11-25,CON
14797020,13549341,2012-07-13,CIP
14797020,13621727,2012-09-17,CIP
14797024,13530481,2012-06-22,DIV
14797029,62023759,2014-07-11,PRO
14797033,13631794,2012-09-28,CON
14797037,11965608,2007-12-27,CON
14797037,13625566,2012-09-24,CON
14797038,62023190,2014-07-11,PRO
14797039,14062884,2013-10-24,CON
14797044,62022798,2014-07-10,PRO
14797044,62162572,2015-05-15,PRO
14797045,60854586,2006-10-26,PRO
14797045,11925048,2007-10-26,CON
14797045,13310258,2011-12-02,CIP
14797045,13675775,2012-11-13,CON
14797047,61326616,2010-04-21,PRO
14797047,61326636,2010-04-21,PRO
14797047,13092101,2011-04-21,CON
14797047,14058661,2013-10-21,CON
14797048,13631774,2012-09-28,CON
14797051,62023115,2014-07-10,PRO
14797054,61437517,2011-01-28,PRO
14797054,61443702,2011-02-16,PRO
14797054,61443704,2011-02-16,PRO
14797054,61443707,2011-02-16,PRO
14797054,13111895,2011-05-19,CON
14797056,61775540,2013-03-09,PRO
14797056,61775544,2013-03-09,PRO
14797056,14056287,2013-10-17,CIP
14797056,14703359,2015-05-04,CIP
14797057,12519353,2009-06-15,CON
14797057,13562242,2012-07-30,CON
14797057,14278655,2014-05-15,CON
14797057,PCT/US2007/087359,2007-12-13,NST
14797061,13568960,2012-08-07,CON
14797063,61483551,2011-05-06,PRO
14797063,13464950,2012-05-04,DIV
14797065,62024332,2014-07-14,PRO
14797067,62023150,2014-07-10,PRO
14797067,62024770,2014-07-15,PRO
14797067,62024795,2014-07-15,PRO
14797068,62023872,2014-07-12,PRO
14797069,13684713,2012-11-26,CON
14797070,13592484,2012-08-23,CON
14797075,13929402,2013-06-27,DIV
14797080,61618830,2012-04-01,PRO
14797080,61654900,2012-06-03,PRO
14797080,13787370,2013-03-06,CON
14797082,61662191,2012-06-20,PRO
14797082,61696115,2012-08-31,PRO
14797082,13918987,2013-06-16,CON
14797085,14212301,2014-03-14,CIP
14797086,61170203,2009-04-17,PRO
14797086,61170207,2009-04-17,PRO
14797086,61170220,2009-04-17,PRO
14797086,12647340,2009-12-24,CIP
14797086,61473729,2011-04-08,PRO
14797086,61506464,2011-07-11,PRO
14797086,13441614,2012-04-06,CIP
14797086,13545922,2012-07-10,DIV
14797087,62031959,2014-08-01,PRO
14797088,62037038,2014-08-13,PRO
14797095,61538683,2011-09-23,PRO
14797095,13624889,2012-09-22,CON
14797095,14294902,2014-06-03,CON
14797095,14561300,2014-12-05,CON
14797095,14620429,2015-02-12,CON
14797097,62023353,2014-07-11,PRO
14797097,62169036,2015-06-01,PRO
14797097,62188938,2015-07-06,PRO
14797100,12938681,2010-11-03,CIP
14797100,13681071,2012-11-19,CIP
14797100,62072993,2014-10-30,PRO
14797100,62175408,2015-06-14,PRO
14797100,62191305,2015-07-10,PRO
14797102,62029374,2014-07-25,PRO
14797110,61418182,2010-11-30,PRO
14797110,13306212,2011-11-29,DIV
14797112,61577255,2011-12-19,PRO
14797112,61639759,2012-04-27,PRO
14797112,13719009,2012-12-18,CIP
14797112,13920983,2013-06-18,CON
14797113,13875553,2013-05-02,CIP
14797113,62173317,2015-06-09,PRO
14797113,62191305,2015-07-10,PRO
14797114,13875553,2013-05-02,CIP
14797114,62173317,2015-06-09,PRO
14797114,62191305,2015-07-10,PRO
14797116,13875553,2013-05-02,CIP
14797116,62173317,2015-06-09,PRO
14797116,62191305,2015-07-10,PRO
14797119,62023846,2014-07-12,PRO
14797121,61657791,2012-06-09,PRO
14797121,13798083,2013-03-13,CON
14797123,61587029,2012-01-16,PRO
14797123,61587287,2012-01-17,PRO
14797123,61587373,2012-01-17,PRO
14797123,13743254,2013-01-16,DIV
14797123,14182569,2014-02-18,CIP
14797125,62136311,2015-03-20,PRO
14797125,14684418,2015-04-12,CON
14797127,62023183,2014-07-11,PRO
14797132,62024464,2014-07-14,PRO
14797134,61577203,2011-12-19,PRO
14797134,61577206,2011-12-19,PRO
14797134,61577208,2011-12-19,PRO
14797134,13720920,2012-12-19,CON
14797134,14538380,2014-11-11,CON
14797134,14705497,2015-05-06,CON
14797136,61577203,2011-12-19,PRO
14797136,61577206,2011-12-19,PRO
14797136,61577208,2011-12-19,PRO
14797136,13716132,2012-12-15,CON
14797136,14499229,2014-09-28,CON
14797137,13693070,2012-12-04,CON
14797142,60435486,2002-12-20,PRO
14797142,60435828,2002-12-20,PRO
14797142,10740355,2003-12-18,CON
14797144,62025889,2014-07-17,PRO
14797145,11663711,2007-11-09,CON
14797145,PCT/AU2005/001471,2005-09-23,NST
14797146,11663711,2007-11-09,CON
14797146,PCT/AU2005/001471,2005-09-23,NST
14797156,14133985,2013-12-19,CON
14797161,13325006,2011-12-13,REI
14797162,61577255,2011-12-19,PRO
14797162,61639759,2012-04-27,PRO
14797162,13719009,2012-12-18,CON
14797172,13250361,2011-09-30,DIV
14797172,14219902,2014-03-19,DIV
14797177,61474277,2011-04-12,PRO
14797177,13444842,2012-04-11,CON
14797183,13244533,2011-09-25,CIP
14797183,61686448,2012-04-05,PRO
14797183,13842972,2013-03-15,CIP
14797183,14621930,2015-02-13,CIP
14797207,60635030,2004-12-10,PRO
14797207,11302531,2005-12-12,DIV
14797207,12432666,2009-04-29,DIV
14797207,13568562,2012-08-07,DIV
14797207,13735388,2013-01-07,CON
14797207,14541430,2014-11-14,CON
14797207,14703363,2015-05-04,CON
14797212,12845448,2010-07-28,DIV
14797212,14018706,2013-09-05,DIV
14797213,11903435,2007-09-22,CON
14797214,12282782,2009-09-28,CON
14797214,13948286,2013-07-23,CON
14797214,PCT/IB2007/000681,2007-03-15,NST
14797215,60950375,2007-07-18,PRO
14797215,12137061,2008-06-11,CIP
14797218,61210255,2009-03-17,PRO
14797218,61212459,2009-04-13,PRO
14797218,61215944,2009-05-12,PRO
14797218,61186100,2009-06-11,PRO
14797218,61227193,2009-07-21,PRO
14797218,61257979,2009-11-04,PRO
14797218,12726338,2010-03-17,CON
14797219,60787187,2006-03-30,PRO
14797219,11723501,2007-03-20,CON
14797221,14091352,2013-11-27,CIP
14797221,62181706,2015-06-18,PRO
14797222,62023421,2014-07-11,PRO
14797227,13051519,2011-03-18,CIP
14797227,13206337,2011-08-09,CIP
14797227,13243807,2011-09-23,CON
14797230,13031734,2011-02-22,CON
14797231,62027821,2014-07-23,PRO
14797234,13659109,2012-10-24,DIV
14797238,14686823,2015-04-15,CON
14797238,PCT/IL2014/050833,2014-09-17,CON
14797242,13127624,2011-11-18,CON
14797242,PCT/EP2009/064632,2009-11-04,NST
14797243,13386838,2012-06-01,CON
14797243,PCT/JP2010/062842,2010-07-29,NST
14797244,61998924,2014-07-11,PRO
14797246,10279000,2002-10-24,CON
14797246,12110379,2008-04-28,CON
14797246,13267261,2011-10-06,CON
14797246,13767038,2013-02-14,CON
14797246,14184757,2014-02-20,CON
14797246,14527921,2014-10-30,CON
14797247,13921305,2013-06-19,DIV
14797249,13123858,2011-05-06,CON
14797249,PCT/IB2009/054633,2009-10-21,NST
14797251,09924108,2001-08-08,DIV
14797251,11278841,2006-04-06,CON
14797251,12754702,2010-04-06,CON
14797251,13241346,2011-09-23,CON
14797251,13760121,2013-02-06,CON
14797255,12946611,2010-11-15,CON
14797255,13748454,2013-01-23,DIV
14797259,13756438,2013-01-31,CON
14797260,12341251,2008-12-22,CON
14797262,12793770,2010-06-04,CON
14797262,13862784,2013-04-15,CON
14797263,62023900,2014-07-13,PRO
14797268,12672357,2010-02-05,CON
14797268,PCT/EP2008/057722,2008-06-18,NST
14797270,60409570,2002-09-11,PRO
14797270,10640274,2003-08-14,DIV
14797270,12713513,2010-02-26,CON
14797270,13369743,2012-02-09,DIV
14797271,61605920,2012-03-02,PRO
14797271,13783725,2013-03-04,CON
14797272,62039520,2014-08-20,PRO
14797272,14599510,2015-01-18,CON
14797273,13942802,2013-07-16,CON
14797274,10955612,2004-09-30,CIP
14797274,11066058,2005-02-25,CON
14797276,61405796,2010-10-22,PRO
14797276,PCT/US11/56985,2011-10-20,NST
14797276,13880164,2013-04-18,CON
14797277,61313133,2010-03-12,PRO
14797277,13044080,2011-03-09,CIP
14797277,13583410,2012-09-07,CIP
14797277,13613948,2012-09-13,CON
14797277,PCT/JP2011/055759,2011-03-11,NST
14797278,12816856,2010-06-16,CON
14797278,13844856,2013-03-16,CON
14797279,10969706,2004-10-20,CON
14797279,60647669,2005-01-27,PRO
14797279,11341802,2006-01-27,CON
14797279,60921651,2007-04-03,PRO
14797279,60921659,2007-04-03,PRO
14797279,11998920,2007-12-03,CIP
14797279,12036356,2008-02-25,CIP
14797279,12061979,2008-04-03,CON
14797282,PCT/JP2014/052302,2014-01-31,CON
14797289,14045811,2013-10-04,CON
14797291,14034782,2013-09-24,DIV
14797292,61367894,2010-07-27,PRO
14797292,13069406,2011-03-23,CON
14797294,12988898,2010-10-21,CON
14797294,13891064,2013-05-09,CON
14797294,PCT/JP2009/057956,2009-04-22,NST
14797301,62028916,2014-07-25,PRO
14797307,61655711,2012-06-05,PRO
14797307,13910838,2013-06-05,CIP
14797308,60197677,2000-04-17,PRO
14797308,09828865,2001-04-10,CON
14797308,11075928,2005-03-10,CON
14797308,12222588,2008-08-12,CON
14797308,12776063,2010-05-07,CON
14797308,13099856,2011-05-03,CON
14797308,13614306,2012-09-13,CON
14797308,13837094,2013-03-15,CON
14797308,13940992,2013-07-12,CON
14797308,14090385,2013-11-26,CON
14797308,14282280,2014-05-20,CON
14797308,14478615,2014-09-05,CON
14797308,14595644,2015-01-13,CON
14797312,61547031,2011-10-13,PRO
14797312,13650232,2012-10-12,CON
14797314,11562867,2006-11-22,DIV
14797314,12783069,2010-05-19,DIV
14797314,13967442,2013-08-15,DIV
14797314,14250491,2014-04-11,CON
14797314,14508408,2014-10-07,CON
14797316,13381486,2012-03-08,CON
14797316,PCT/GB2010/001306,2010-07-08,NST
14797318,13138591,2012-01-19,DIV
14797318,PCT/GB2010/050404,2010-03-10,NST
14797319,14033045,2013-09-20,CIP
14797321,60837311,2006-08-11,PRO
14797321,11890533,2007-08-06,CON
14797322,60709078,2005-08-17,PRO
14797322,11502484,2006-08-10,DIV
14797326,62024087,2014-07-14,PRO
14797330,13547103,2012-07-12,DIV
14797332,13841546,2013-03-15,CON
14797333,13324347,2011-12-13,CON
14797334,PCT/JP2014/050343,2014-01-10,CON
14797335,62026318,2014-07-18,PRO
14797336,13338381,2011-12-28,CON
14797338,61362102,2010-07-07,PRO
14797338,13150700,2011-06-01,DIV
14797341,62024678,2014-07-15,PRO
14797342,PCT/CN2013/071030,2013-01-28,CON
14797343,61373086,2010-08-12,PRO
14797343,13205757,2011-08-09,DIV
14797344,12122024,2008-05-16,CIP
14797344,13630982,2012-09-28,CIP
14797346,13174670,2011-06-30,DIV
14797349,13856707,2013-04-04,CON
14797350,11813435,2008-06-02,CON
14797350,13326738,2011-12-15,CON
14797350,PCT/DK2006/000032,2006-01-20,NST
14797351,09684726,2000-10-06,DIV
14797351,10147669,2002-07-22,CON
14797357,12486948,2009-06-18,DIV
14797357,13705934,2012-12-05,DIV
14797357,PCT/JP2006/325608,2006-12-22,CON
14797361,13959975,2013-08-06,CON
14797363,13381486,2012-03-08,DIV
14797363,PCT/GB2010/001306,2010-07-08,NST
14797367,13992578,2013-06-07,CON
14797367,PCT/GB2011/052409,2011-12-06,NST
14797370,13578924,2012-08-14,CIP
14797370,14025261,2013-09-12,CIP
14797370,PCT/US2011/025253,2011-02-17,NST
14797371,60912618,2007-04-18,PRO
14797371,12104984,2008-04-17,CIP
14797371,61422961,2010-12-14,PRO
14797371,13325978,2011-12-14,CON
14797372,61244438,2009-09-21,PRO
14797372,61356874,2010-06-21,PRO
14797372,12887439,2010-09-21,CON
14797372,13841676,2013-03-15,CON
14797377,12827157,2010-06-30,CON
14797378,62025132,2014-07-16,PRO
14797379,13577007,2012-09-12,CON
14797379,PCT/EP2011/050229,2011-01-10,NST
14797381,11511035,2006-08-28,DIV
14797381,12850091,2010-08-04,DIV
14797381,13887506,2013-05-06,DIV
14797381,PCT/IB05/02352,2005-05-26,CON
14797385,13690170,2012-11-30,CON
14797386,62028592,2014-07-24,PRO
14797389,13864362,2013-04-17,CON
14797390,13543154,2012-07-06,DIV
14797390,14085361,2013-11-20,CON
14797392,13706171,2012-12-05,DIV
14797393,62024251,2014-07-14,PRO
14797394,62034573,2014-08-07,PRO
14797396,61344922,2010-11-18,PRO
14797396,13137761,2011-09-12,CON
14797397,12501705,2009-07-13,CON
14797397,13596784,2012-08-28,CON
14797397,13929034,2013-06-27,CON
14797397,14294796,2014-06-03,CON
14797397,14576992,2014-12-19,CON
14797398,61530473,2011-09-02,PRO
14797398,13585884,2012-08-15,DIV
14797400,12195034,2008-08-20,DIV
14797400,13071061,2011-03-24,CON
14797400,13524200,2012-06-15,CON
14797410,12990344,2010-10-29,CON
14797410,PCT/US2009/042118,2009-04-29,NST
14797411,61188021,2008-08-06,PRO
14797411,12348571,2009-01-05,CIP
14797413,13677808,2012-11-15,DIV
14797414,62024555,2014-07-15,PRO
14797415,60680243,2005-05-11,PRO
14797415,11432814,2006-05-11,CON
14797415,12573809,2009-10-05,CON
14797415,13104413,2011-05-10,CON
14797415,13559300,2012-07-26,CON
14797415,13861123,2013-04-11,DIV
14797415,14488751,2014-09-17,DIV
14797417,61604951,2012-02-29,PRO
14797417,13779324,2013-02-27,CON
14797419,14579416,2014-12-22,CON
14797420,62024068,2014-07-14,PRO
14797421,61156632,2009-03-02,PRO
14797421,61163710,2009-03-26,PRO
14797421,61269436,2009-06-24,PRO
14797421,61257731,2009-11-03,PRO
14797421,61294543,2010-01-13,PRO
14797421,12716229,2010-03-02,CON
14797422,60957955,2007-08-24,PRO
14797422,12229515,2008-08-22,CON
14797422,13532580,2012-06-25,CON
14797422,14202775,2014-03-10,CON
14797425,12072240,2008-02-25,CON
14797428,13636075,2013-08-02,DIV
14797428,PCT/BR2011/000071,2011-03-21,NST
14797431,PCT/KR2014/000417,2014-01-15,DIV
14797432,62024055,2014-07-14,PRO
14797436,13783557,2013-03-04,CIP
14797436,14142744,2013-12-27,CON
14797437,62014432,2014-06-19,PRO
14797437,62114227,2015-02-10,PRO
14797437,62168557,2015-05-29,PRO
14797437,14742282,2015-06-17,CON
14797438,12081927,2008-04-23,CON
14797439,PCT/CN2013/070998,2013-01-25,CON
14797441,12760189,2010-04-14,CON
14797443,PCT/CN2013/071008,2013-01-25,CON
14797447,62023238,2014-07-11,PRO
14797449,60943118,2007-06-11,PRO
14797449,12135507,2008-06-09,CON
14797452,12901919,2010-10-11,CON
14797453,61648189,2012-05-17,PRO
14797453,13896978,2013-05-17,CON
14797454,62025383,2014-07-16,PRO
14797455,13115512,2011-05-25,DIV
14797455,14023535,2013-09-11,CIP
14797455,14164568,2014-01-27,DIV
14797457,13681719,2012-11-20,CON
14797458,13029054,2011-02-16,CIP
14797458,61483314,2011-05-06,PRO
14797458,13277187,2011-10-19,CIP
14797458,14026163,2013-09-13,CIP
14797458,14053231,2013-10-14,CIP
14797458,14256192,2014-04-18,CIP
14797458,14560740,2014-12-04,CIP
14797460,12889284,2010-09-23,CON
14797460,13854823,2013-04-01,CON
14797460,PCT/US2010/049893,2010-09-22,CON
14797461,13675190,2012-11-13,DIV
14797465,61548090,2011-10-17,PRO
14797465,61548094,2011-10-17,PRO
14797465,13648371,2012-10-10,CON
14797466,11440325,2006-05-23,CON
14797466,13195226,2011-08-01,DIV
14797468,13976575,2013-06-27,CON
14797471,14111834,2013-10-25,CON
14797471,PCT/KR2012/002861,2012-04-16,NST
14797473,12561409,2009-09-17,CON
14797473,13181180,2011-07-12,CON
14797473,13585488,2012-08-14,CON
14797473,14043103,2013-10-01,CON
14797475,61292998,2010-01-07,PRO
14797475,12978273,2010-12-23,CON
14797479,61153614,2009-02-18,PRO
14797479,61159757,2009-03-12,PRO
14797479,61184273,2009-06-04,PRO
14797479,12660146,2010-02-18,CON
14797479,14161181,2014-01-22,CON
14797481,60949604,2007-07-13,PRO
14797481,12168308,2008-07-07,CON
14797481,14678675,2015-04-03,CON
14797484,14039690,2013-09-27,CON
14797487,61279438,2009-10-21,PRO
14797487,61306123,2010-02-19,PRO
14797487,12909572,2010-10-21,DIV
14797487,14627739,2015-02-20,CON
14797489,61787041,2013-03-15,PRO
14797489,14215287,2014-03-17,CIP
14797491,11138876,2005-05-25,CIP
14797491,13837243,2013-03-15,DIV
14797495,62024429,2014-07-14,PRO
14797497,61333932,2010-05-12,PRO
14797497,PCT/US11/35524,2011-05-06,NST
14797497,13697236,2013-02-21,DIV
14797498,PCT/GB2014/050368,2014-02-07,CIP
14797505,61186707,2009-06-12,PRO
14797505,61187113,2009-06-15,PRO
14797505,61187118,2009-06-15,PRO
14797505,12813856,2010-06-11,CIP
14797505,61421510,2010-12-09,PRO
14797505,13155102,2011-06-07,CIP
14797505,13182703,2011-07-14,CON
14797505,13953422,2013-07-29,CON
14797511,60195542,2000-04-07,PRO
14797511,60207460,2000-05-25,PRO
14797511,60266238,2001-02-04,PRO
14797511,09829223,2001-04-09,CON
14797511,11686156,2007-03-14,CON
14797511,12511809,2009-07-29,CON
14797511,12979834,2010-12-28,CON
14797511,13770394,2013-02-19,CON
14797511,14444493,2014-07-28,CIP
14797513,14035377,2013-09-24,CON
14797516,62037834,2014-08-15,PRO
14797518,13918506,2013-06-14,CIP
14797518,14104326,2013-12-12,CON
14797519,61387260,2010-09-28,PRO
14797519,13232134,2011-09-14,CON
14797519,14100450,2013-12-09,CON
14797521,62024231,2014-07-14,PRO
14797521,62158300,2015-05-07,PRO
14797522,61223633,2009-07-07,PRO
14797522,12831740,2010-07-07,CON
14797522,13681092,2012-11-19,CON
14797523,62024453,2014-07-14,PRO
14797525,13195247,2011-08-01,CON
14797526,61527928,2011-08-26,PRO
14797526,61527973,2011-08-26,PRO
14797526,13590737,2012-08-21,CON
14797527,61675853,2012-07-26,PRO
14797527,13946422,2013-07-19,CON
14797530,62026115,2014-07-18,PRO
14797532,14336311,2014-07-21,DIV
14797534,61093666,2008-09-02,PRO
14797534,61225660,2009-07-15,PRO
14797534,12584158,2009-08-31,DIV
14797534,13327358,2011-12-15,DIV
14797534,14081132,2013-11-15,CON
14797536,14042269,2013-09-30,CON
14797536,PCT/EP2012/056493,2012-04-11,CON
14797541,62024119,2014-07-14,PRO
14797542,62024123,2014-07-14,PRO
14797544,61387268,2010-09-28,PRO
14797544,13232139,2011-09-14,CON
14797544,14101464,2013-12-10,CON
14797546,14100206,2013-12-09,CON
14797548,62024158,2014-07-14,PRO
14797552,10789180,2004-02-26,CIP
14797552,11039506,2005-01-18,CON
14797552,11319880,2005-12-28,CON
14797552,11329598,2006-01-11,CON
14797552,12256655,2008-10-23,CON
14797554,13631064,2012-09-28,CON
14797556,61256365,2009-10-30,PRO
14797556,12909355,2010-10-21,DIV
14797556,14078660,2013-11-13,CON
14797560,13522270,2012-07-13,CON
14797560,PCT/KR11/00480,2011-01-24,NST
14797563,13795007,2013-03-12,CON
14797564,14374412,2014-07-24,CIP
14797564,PCT/IL2013/000009,2013-01-31,NST
14797565,62030835,2014-07-30,PRO
14797566,PCT/CN2013/070531,2013-01-16,CON
14797567,61196969,2008-10-22,PRO
14797567,12589368,2009-10-22,CON
14797567,13902925,2013-05-27,CON
14797568,62040274,2014-08-21,PRO
14797572,62027321,2014-07-22,PRO
14797573,61693076,2012-08-24,PRO
14797573,13974488,2013-08-23,DIV
14797585,12687048,2010-01-13,CIP
14797585,12714377,2010-02-26,CIP
14797585,12956542,2010-11-30,CIP
14797585,13005860,2011-01-13,CIP
14797585,13350518,2012-01-13,CON
14797587,PCT/FR2014/050087,2014-01-16,CON
14797588,62023816,2014-07-11,PRO
14797589,61513998,2011-08-01,PRO
14797589,61656731,2012-06-07,PRO
14797589,13564188,2012-08-01,CON
14797592,13723655,2012-12-21,CON
14797594,PCT/AT2013/000214,2013-12-23,CON
14797600,13337574,2011-12-27,CON
14797603,11883329,2007-07-30,CON
14797603,PCT/IL2006/000121,2006-01-31,NST
14797605,13634903,2012-11-27,DIV
14797605,PCT/EP2011/054395,2011-03-23,NST
14797606,11612320,2006-12-18,DIV
14797606,13053445,2011-03-22,DIV
14797606,13616762,2012-09-14,CON
14797606,14230097,2014-03-31,CON
14797608,13536733,2012-06-28,CON
14797609,61474521,2011-04-12,PRO
14797609,13445827,2012-04-12,CON
14797610,13803064,2013-03-14,DIV
14797611,61378894,2010-08-31,PRO
14797611,13079907,2011-04-05,DIV
14797614,13106521,2011-05-12,CON
14797615,13923893,2013-06-21,CON
14797618,12739417,2010-04-23,CON
14797618,13657901,2012-10-23,CON
14797618,PCT/IB08/54445,2008-10-28,NST
14797619,60567178,2004-04-30,PRO
14797619,11120634,2005-05-02,CON
14797619,12015470,2008-01-16,CON
14797619,12844665,2010-07-27,CON
14797619,13616524,2012-09-14,CON
14797619,14212111,2014-03-14,CON
14797625,62024446,2014-07-14,PRO
14797628,60709228,2005-08-18,PRO
14797628,11502347,2006-08-10,CON
14797628,14103420,2013-12-11,CON
14797630,61476230,2011-04-15,PRO
14797630,61487591,2011-05-18,PRO
14797630,61512366,2011-07-27,PRO
14797630,61545061,2011-10-07,PRO
14797630,13447121,2012-04-13,CON
14797630,14191363,2014-02-26,CON
14797632,61704302,2012-09-21,PRO
14797632,61778872,2013-03-13,PRO
14797632,61832075,2013-06-06,PRO
14797632,14030676,2013-09-18,CON
14797632,14543032,2014-11-17,CON
14797635,61113868,2008-11-12,PRO
14797635,12616424,2009-11-11,CON
14797635,14081443,2013-11-15,CON
14797637,61859070,2013-07-26,PRO
14797637,61872439,2013-08-30,PRO
14797637,14098772,2013-12-06,CIP
14797637,14142839,2013-12-28,CIP
14797637,14275811,2014-05-12,CIP
14797637,62016863,2014-06-25,PRO
14797637,62026639,2014-07-19,PRO
14797637,14492809,2014-09-22,CIP
14797637,14502601,2014-09-30,CIP
14797637,14589830,2015-01-05,CIP
14797637,14623741,2015-02-17,CIP
14797637,14726517,2015-05-30,CIP
14797637,14743849,2015-06-18,CIP
14797638,PCT/KR2014/004064,2014-05-08,CON
14797639,61699649,2012-09-11,PRO
14797639,13937978,2013-07-09,DIV
14797640,12595405,2009-10-09,DIV
14797640,PCT/EP08/54404,2008-04-11,NST
14797641,PCT/FR2014/050068,2014-01-14,CON
14797645,62028087,2014-07-23,PRO
14797646,61423822,2010-12-16,PRO
14797646,13316901,2011-12-12,CON
14797647,60017046,1996-04-26,PRO
14797647,60030571,1996-11-07,PRO
14797647,08847635,1997-04-25,CON
14797647,09545791,2000-04-07,CON
14797647,11115447,2005-04-27,CON
14797647,11974395,2007-10-12,CON
14797647,13776445,2013-02-25,CON
14797647,14206201,2014-03-12,CON
14797648,61165557,2009-04-01,PRO
14797648,12752500,2010-04-01,DIV
14797649,13901662,2013-05-24,CON
14797651,13457884,2012-04-27,DIV
14797652,11970232,2008-01-07,DIV
14797652,12908218,2010-10-20,CON
14797652,14455508,2014-08-08,CON
14797653,12103734,2008-04-16,CON
14797653,13932130,2013-07-01,CON
14797659,13698143,2012-11-15,DIV
14797659,PCT/JP2011/060846,2011-05-11,NST
14797661,14665274,2015-03-23,CON
14797663,13677410,2012-11-15,CON
14797665,13927906,2013-06-26,CON
14797669,11421320,2006-05-31,CON
14797669,13550180,2012-07-16,CON
14797673,12949330,2010-11-18,CON
14797677,13825991,2013-04-30,DIV
14797677,PCT/US2011/051916,2011-09-16,NST
14797678,PCT/JP2014/065000,2014-06-05,CON
14797679,13250680,2011-09-30,CIP
14797680,13042890,2011-03-08,CON
14797681,61059599,2008-06-06,PRO
14797681,61101575,2008-09-30,PRO
14797681,61101578,2008-09-30,PRO
14797681,12479239,2009-06-05,CON
14797681,13925135,2013-06-24,CON
14797684,13383076,2012-06-25,DIV
14797684,PCT/US2010/041566,2010-07-09,NST
14797685,12745939,2010-06-03,CON
14797685,PCT/JP2010/003103,2010-04-30,NST
14797686,PCT/EP2014/050072,2014-01-06,CON
14797688,13962372,2013-08-08,CON
14797696,62034824,2014-08-08,PRO
14797698,61671832,2012-07-16,PRO
14797698,13943726,2013-07-16,CON
14797700,13572055,2012-08-10,DIV
14797701,61532707,2011-09-09,PRO
14797701,13606072,2012-09-07,CON
14797703,13263835,2011-10-10,CON
14797704,62023560,2014-07-11,PRO
14797705,14152721,2014-01-10,DIV
14797707,13551505,2012-07-17,CON
14797711,61859070,2013-07-26,PRO
14797711,61872439,2013-08-30,PRO
14797711,14098772,2013-12-06,CIP
14797711,14142839,2013-12-28,CIP
14797711,14275811,2014-05-12,CIP
14797711,62016863,2014-06-25,PRO
14797711,62026639,2014-07-19,PRO
14797711,14492809,2014-09-22,CIP
14797711,14502601,2014-09-30,CIP
14797711,14589830,2015-01-05,CIP
14797711,14623741,2015-02-17,CIP
14797711,14726517,2015-05-30,CIP
14797711,14743849,2015-06-18,CIP
14797711,14797637,2015-07-13,CON
14797716,61254323,2009-10-23,PRO
14797716,PCT/US10/53459,2010-10-21,NST
14797716,13501274,2012-04-11,CON
14797716,14264357,2014-04-29,DIV
14797717,13832727,2013-03-15,CON
14797718,13062791,2011-03-25,CON
14797718,PCT/EP2009/007062,2009-10-02,NST
14797719,61375193,2010-08-19,PRO
14797719,PCT/US11/48518,2011-08-19,NST
14797719,13817721,2013-08-27,CON
14797720,12904975,2010-10-14,CON
14797721,11359863,2006-02-22,DIV
14797721,12839094,2010-07-19,CON
14797721,13866713,2013-04-19,DIV
14797724,14361157,2014-05-28,DIV
14797724,PCT/US2012/066793,2012-11-28,NST
14797725,62024799,2014-07-15,PRO
14797726,14016573,2013-09-03,CON
14797727,60127028,1999-03-31,PRO
14797727,09538193,2000-03-30,CIP
14797727,10348481,2003-01-20,CIP
14797727,10984507,2004-11-08,DIV
14797727,13660425,2012-10-25,CON
14797727,14487836,2014-09-16,CON
14797728,61692290,2012-08-23,PRO
14797728,13792034,2013-03-09,CON
14797729,PCT/JP2014/052899,2014-02-07,CON
14797733,61530273,2011-09-01,PRO
14797733,61605484,2012-03-01,PRO
14797733,61623110,2012-04-12,PRO
14797733,PCT/US12/53330,2012-08-31,NST
14797733,13823811,2013-03-15,CIP
14797733,13835399,2013-03-15,CIP
14797734,62023756,2014-07-11,PRO
14797736,60611313,2004-09-21,PRO
14797736,11230593,2005-09-21,DIV
14797736,12718476,2010-03-05,DIV
14797737,13578480,2012-10-03,CON
14797737,PCT/EP2010/007172,2010-11-26,NST
14797741,13365733,2012-02-03,DIV
14797743,60634794,2004-12-09,PRO
14797743,11299301,2005-12-09,CON
14797743,14021511,2013-09-09,CON
14797745,14217895,2014-03-18,CON
14797746,14118443,2013-11-18,CON
14797746,PCT/EP2012/059132,2012-05-16,NST
14797749,62024212,2014-07-14,PRO
14797751,61928798,2014-01-17,PRO
14797751,14599093,2015-01-16,CIP
14797752,PCT/JP2013/078054,2013-10-16,CON
14797754,PCT/US2014/052670,2014-08-26,CON
14797755,61433923,2011-01-18,PRO
14797755,13275481,2011-10-18,CON
14797758,10033242,2001-12-28,DIV
14797758,11328526,2006-01-10,CON
14797758,12545423,2009-08-21,CON
14797758,13335782,2011-12-22,CON
14797758,13875913,2013-05-02,CON
14797758,14107906,2013-12-16,CON
14797762,PCT/CN2013/071634,2013-02-18,CON
14797765,62024333,2014-07-14,PRO
14797766,61063918,2008-02-07,PRO
14797766,PCT/US09/00741,2009-02-05,NST
14797766,12735651,2010-10-27,CON
14797767,PCT/CN2013/071636,2013-02-18,CON
14797769,62024205,2014-07-14,PRO
14797771,12435675,2009-05-05,CON
14797772,61330304,2010-04-30,PRO
14797772,61348146,2010-05-25,PRO
14797772,13098977,2011-05-02,CON
14797773,61251874,2009-10-15,PRO
14797773,PCT/US10/52624,2010-10-14,NST
14797773,13501934,2012-06-06,CON
14797774,60865097,2006-11-09,PRO
14797774,11938002,2007-11-09,CON
14797774,13291500,2011-11-08,CON
14797775,62024151,2014-07-14,PRO
14797778,14273172,2014-05-08,DIV
14797779,61145501,2009-01-16,PRO
14797779,12687711,2010-01-14,CIP
14797779,13629114,2012-09-27,CIP
14797780,13396398,2012-02-14,CON
14797782,61192827,2008-09-23,PRO
14797782,12387937,2009-05-09,DIV
14797786,62023356,2014-07-11,PRO
14797787,13451261,2012-04-19,DIV
14797787,14336265,2014-07-21,DIV
14797788,61037973,2008-03-19,PRO
14797788,12392200,2009-02-25,CON
14797792,62024529,2014-07-15,PRO
14797795,11933974,2007-11-01,CON
14797800,PCT/CN2014/079442,2014-06-09,CON
14797801,62025789,2014-07-17,PRO
14797802,13127759,2011-05-05,CON
14797802,PCT/CN2009/000015,2009-01-06,NST
14797804,13936369,2013-07-08,DIV
14797807,13775511,2013-02-25,CON
14797807,PCT/NL2011/050577,2011-08-25,CIP
14797808,14055419,2013-10-16,CON
14797812,62026977,2014-07-21,PRO
14797815,13565982,2012-08-03,DIV
14797820,13621523,2012-09-17,CON
14797822,13321063,2012-01-23,DIV
14797822,PCT/EP2009/003565,2009-05-19,NST
14797824,62024385,2014-07-14,PRO
14797825,11417181,2006-05-04,DIV
14797825,12219468,2008-07-23,CON
14797825,13023489,2011-02-08,CON
14797826,62024779,2014-07-15,PRO
14797827,62024369,2014-07-14,PRO
14797827,62055343,2014-09-25,PRO
14797828,62024030,2014-07-14,PRO
14797830,61759619,2013-02-01,PRO
14797830,14169953,2014-01-31,CON
14797832,13488053,2012-06-04,CON
14797833,13157611,2011-06-10,DIV
14797834,12571036,2009-09-30,CON
14797834,13751815,2013-01-28,CON
14797836,13840878,2013-03-15,CON
14797837,13388540,2012-02-02,CON
14797837,PCT/JP2010/057351,2010-04-26,NST
14797839,PCT/JP2013/066558,2013-06-17,CON
14797841,61583989,2012-01-06,PRO
14797841,13735642,2013-01-07,CON
14797842,62024404,2014-07-14,PRO
14797843,61586010,2012-01-12,PRO
14797843,13739184,2013-01-11,CIP
14797843,14334239,2014-07-17,CIP
14797844,13896725,2013-05-17,DIV
14797846,11917288,2008-05-23,CON
14797846,PCT/GB2006/002153,2006-06-13,NST
14797847,61566162,2011-12-02,PRO
14797847,13690452,2012-11-30,CON
14797848,61556643,2011-11-07,PRO
14797848,13671109,2012-11-07,CON
14797849,12785613,2010-05-24,CON
14797851,62024420,2014-07-14,PRO
14797857,PCT/US09/42523,2009-05-01,NST
14797857,12989743,2011-01-05,DIV
14797858,14760239,2015-07-10,CON
14797858,PCT/CA2014/000016,2014-01-13,NST
14797859,61384932,2010-09-21,PRO
14797859,13195555,2011-08-01,DIV
14797860,13920903,2013-06-18,CON
14797861,62023556,2014-07-11,PRO
14797864,61585954,2012-01-12,PRO
14797864,13737811,2013-01-09,DIV
14797865,14398221,2014-10-31,DIV
14797865,PCT/EP2013/059024,2013-04-30,NST
14797866,60975715,2007-09-27,PRO
14797866,12238546,2008-09-26,CON
14797867,13956825,2013-08-01,CON
14797867,PCT/JP11/71776,2011-09-16,CON
14797870,61394501,2010-10-19,PRO
14797870,61526420,2011-08-23,PRO
14797870,PCT/US11/56952,2011-10-19,NST
14797870,13879656,2013-04-16,CON
14797870,14465070,2014-08-21,CON
14797872,61715696,2012-10-18,PRO
14797872,14057126,2013-10-18,CON
14797874,62026814,2014-07-21,PRO
14797875,61944115,2014-02-25,PRO
14797875,14284384,2014-05-21,CIP
14797875,PCT/US2015/017423,2015-02-25,CIP
14797877,12682001,2010-04-07,CON
14797877,13248749,2011-09-29,CON
14797877,13406839,2012-02-28,CON
14797877,PCT/EP2008/063682,2008-10-10,NST
14797883,11510144,2006-08-25,CON
14797884,60197677,2000-04-17,PRO
14797884,09828865,2001-04-10,CON
14797884,11075928,2005-03-10,CON
14797884,12222588,2008-08-12,CON
14797884,12776063,2010-05-07,CON
14797884,13099856,2011-05-03,CON
14797884,13614306,2012-09-13,CON
14797884,13837094,2013-03-15,CON
14797884,13940992,2013-07-12,CON
14797884,14090385,2013-11-26,CON
14797884,14282280,2014-05-20,CON
14797884,14478615,2014-09-05,CON
14797884,14597009,2015-01-14,CON
14797886,PCT/CN2013/070433,2013-01-14,CON
14797887,14053038,2013-10-14,CON
14797888,61882905,2013-09-26,PRO
14797888,14497936,2014-09-26,CIP
14797890,12979748,2010-12-28,CON
14797891,12350788,2009-01-08,CON
14797891,13532352,2012-06-25,CON
14797891,13866785,2013-04-19,CON
14797893,11462280,2006-08-03,DIV
14797894,61951783,2014-03-12,PRO
14797894,62030164,2014-07-29,PRO
14797894,PCT/IL2015/050265,2015-03-12,CIP
14797895,13389139,2012-04-04,CON
14797895,PCT/US2010/044774,2010-08-06,NST
14797896,60197677,2000-04-17,PRO
14797896,09828865,2001-04-10,CON
14797896,12222588,2008-08-12,CON
14797896,12776063,2010-05-07,CON
14797896,13099856,2011-05-03,CON
14797896,13614306,2012-09-13,CON
14797896,13837094,2013-03-15,CON
14797896,13940992,2013-07-12,CON
14797896,14090385,2013-11-26,CON
14797896,14282280,2014-05-20,CON
14797896,14478615,2014-09-05,CON
14797896,14597009,2015-01-14,CON
14797897,13917312,2013-06-13,CON
14797899,60314803,2001-08-24,PRO
14797899,PCT/US02/27056,2002-08-23,CON
14797899,10783502,2004-02-20,DIV
14797899,12762942,2010-04-19,CON
14797899,13403593,2012-02-23,CON
14797899,14040115,2013-09-27,CON
14797901,13643173,2012-11-29,CIP
14797901,PCT/IB2011/051823,2011-04-27,NST
14797902,11216790,2005-08-31,CON
14797902,13435652,2012-03-30,CON
14797903,14203985,2014-03-11,CON
14797904,14398204,2014-10-31,DIV
14797904,PCT/EP2013/059025,2013-04-30,NST
14797907,62023273,2014-07-11,PRO
14797909,62023410,2014-07-11,PRO
14797911,13732739,2013-01-02,DIV
14797913,13256924,2011-09-15,CON
14797913,14329113,2014-07-11,CON
14797913,PCT/KR2010/001611,2010-03-16,NST
14797915,61003407,2007-11-16,PRO
14797915,12271517,2008-11-14,DIV
14797915,13160950,2011-06-15,CON
14797915,14663558,2015-03-20,CON
14797917,14013800,2013-08-29,CON
14797920,61162417,2009-03-23,PRO
14797920,61162731,2009-03-24,PRO
14797920,61302283,2010-02-08,PRO
14797920,12728839,2010-03-22,DIV
14797921,13626387,2012-09-25,CON
14797921,14141139,2013-12-26,CON
14797924,12563696,2009-09-21,CON
14797925,13769133,2013-02-15,CON
14797928,12763347,2010-04-20,CON
14797932,13579458,2012-10-29,CON
14797932,PCT/GB2011/000202,2011-02-14,NST
14797933,10598969,2007-08-01,CON
14797933,PCT/GB2005/050039,2005-03-17,NST
14797937,62023561,2014-07-11,PRO
14797938,61304842,2010-02-16,PRO
14797938,13577021,2012-09-13,CON
14797940,62023333,2014-07-11,PRO
14797941,PCT/US2013/077120,2013-12-20,NST
14797942,13305499,2011-11-28,DIV
14797943,14218283,2014-03-18,CON
14797944,10786732,2004-02-25,REI
14797944,14163010,2014-01-24,CON
14797945,12696417,2010-01-29,DIV
14797945,13555242,2012-07-23,DIV
14797950,12963056,2010-12-08,CON
14797951,62026351,2014-07-18,PRO
14797953,62030816,2014-07-30,PRO
14797955,13908748,2013-06-03,CON
14797955,PCT/US2012/030912,2012-03-28,CIP
14797957,13882355,2013-04-29,CON
14797957,PCT/CA2011/001179,2011-10-26,NST
14797962,62023632,2014-07-11,PRO
14797965,62025972,2014-07-17,PRO
14797967,13785674,2013-03-05,DIV
14797968,60612852,2004-09-24,PRO
14797968,11162824,2005-09-23,CON
14797970,13514736,2012-06-08,CON
14797970,14292180,2014-05-30,CON
14797970,PCT/JP10/66464,2010-09-15,NST
14797971,13739977,2013-01-11,CIP
14797972,61406725,2010-10-26,PRO
14797972,13317717,2011-10-26,DIV
14797973,60508808,2003-10-02,PRO
14797973,10801355,2004-03-15,CIP
14797973,11606620,2006-11-29,CIP
14797973,13010055,2011-01-20,CON
14797973,13892492,2013-05-13,CON
14797978,PCT/JP2013/007187,2013-12-06,CON
14797979,11694068,2007-03-30,CON
14797980,09760635,2001-01-16,CIP
14797980,60294445,2001-05-30,PRO
14797980,10159893,2002-05-30,REI
14797982,14177481,2014-02-11,DIV
14797990,13302427,2011-11-22,DIV
14797992,11646853,2006-12-28,CON
14797992,13858371,2013-04-08,CON
14797995,PCT/FI2014/050042,2014-01-20,CON
14797997,61758580,2013-01-30,PRO
14797997,13826436,2013-03-14,CON
14797998,60568846,2004-05-07,PRO
14797998,60582609,2004-06-25,PRO
14797998,60599554,2004-08-09,PRO
14797998,11124367,2005-05-09,DIV
14797998,12886016,2010-09-20,DIV
14797998,13283344,2011-10-27,CON
14797998,13764086,2013-02-11,DIV
14797999,61478361,2011-04-22,PRO
14797999,13453608,2012-04-23,CON
14798000,61147304,2009-01-26,PRO
14798000,12693896,2010-01-26,CON
14798000,13780601,2013-02-28,CON
14798001,61382967,2010-09-15,PRO
14798001,61407670,2010-10-28,PRO
14798001,13232237,2011-09-14,CON
14798006,60859040,2006-11-15,PRO
14798006,60987135,2007-11-12,PRO
14798006,11940790,2007-11-15,DIV
14798006,13778064,2013-02-26,CON
14798008,13550473,2012-07-16,CIP
14798008,14286701,2014-05-23,CON
14798012,13622248,2012-09-18,DIV
14798012,PCT/US2011/029078,2011-03-18,CIP
14798013,14360068,2014-05-22,CON
14798013,PCT/IL2011/000946,2011-12-14,NST
14798014,60072447,1998-01-26,PRO
14798014,09581400,2000-06-13,CON
14798014,PCT/US99/01539,1999-01-26,NST
14798014,10175815,2002-06-21,CON
14798014,10778083,2004-02-17,CON
14798014,11090183,2005-03-28,CON
14798014,11289516,2005-11-30,CON
14798014,11425507,2006-06-21,CON
14798014,12615946,2009-11-10,CON
14798014,13152558,2011-06-03,CON
14798014,13887889,2013-05-06,CON
14798014,14092248,2013-11-27,CON
14798014,14295981,2014-06-04,CON
14798015,62025672,2014-07-17,PRO
14798018,13828748,2013-03-14,CON
14798020,61761577,2013-02-06,PRO
14798020,61838766,2013-06-24,PRO
14798020,13933007,2013-07-01,CON
14798021,62023784,2014-07-11,PRO
14798023,12575749,2009-10-08,CON
14798025,61392730,2010-10-13,PRO
14798025,13271915,2011-10-12,CON
14798025,14324741,2014-07-07,CON
14798026,13915571,2013-06-11,CON
14798027,13582469,2012-09-20,DIV
14798027,PCT/EP2011/052956,2011-03-01,NST
14798028,13331923,2011-12-20,CON
14798030,10366646,2003-02-13,CON
14798030,11841517,2007-08-20,CON
14798030,12554775,2009-09-04,CON
14798030,13250199,2011-09-30,CON
14798030,13304311,2011-11-24,CON
14798030,13620658,2012-09-14,CON
14798030,14084160,2013-11-19,CON
14798031,62023825,2014-07-12,PRO
14798033,12161288,2010-06-23,CON
14798033,PCT/FI2007/050025,2007-01-18,NST
14798035,62023348,2014-07-11,PRO
14798035,62023377,2014-07-11,PRO
14798036,62023413,2014-07-11,PRO
14798038,61471489,2011-04-04,PRO
14798038,13439611,2012-04-04,CON
14798042,13172550,2011-06-29,CON
14798043,62024042,2014-07-14,PRO
14798044,14093925,2013-12-02,DIV
14798047,61368553,2010-07-28,PRO
14798047,13192184,2011-07-27,CON
14798049,62023393,2014-07-11,PRO
14798050,13702112,2012-12-05,CON
14798050,14445516,2014-07-29,CON
14798050,PCT/US2011/046669,2011-08-04,NST
14798051,61521125,2011-08-08,PRO
14798051,13568674,2012-08-07,CON
14798055,11803836,2007-05-16,DIV
14798055,12978730,2010-12-27,DIV
14798060,61442369,2011-02-14,PRO
14798060,13372654,2012-02-14,CIP
14798060,61725903,2012-11-13,PRO
14798060,14078297,2013-11-12,CIP
14798061,61237153,2009-08-26,PRO
14798061,12813979,2010-06-11,DIV
14798061,14224921,2014-03-25,DIV
14798063,62023617,2014-07-11,PRO
14798063,62065542,2014-10-17,PRO
14798064,13011105,2011-01-21,CON
14798065,62024401,2014-07-14,PRO
14798072,61094664,2008-09-05,PRO
14798072,12550654,2009-08-31,CON
14798075,61658855,2012-06-12,PRO
14798075,13831365,2013-03-14,CON
14798076,61241089,2009-09-10,PRO
14798076,12878138,2010-09-09,DIV
14798077,13133680,2011-09-19,CON
14798077,PCT/US2009/068640,2009-12-18,NST
14798079,12638127,2009-12-15,DIV
14798079,14487255,2014-09-16,CON
14798080,60580986,2004-06-18,PRO
14798080,11155308,2005-06-16,CON
14798084,13742169,2013-01-15,CON
14798086,61556094,2011-11-04,PRO
14798086,13435763,2012-03-30,DIV
14798087,61624975,2012-04-16,PRO
14798087,13600841,2012-08-31,CON
14798088,61306396,2010-02-19,PRO
14798088,12964721,2010-12-09,DIV
14798089,11843049,2007-08-22,CON
14798092,62027555,2014-07-22,PRO
14798094,PCT/CN2014/070515,2014-01-13,CON
14798095,61368541,2010-07-28,PRO
14798095,61373661,2010-08-13,PRO
14798095,13190987,2011-07-26,CON
14798095,14245561,2014-04-04,CON
14798096,14372515,2014-07-16,DIV
14798096,PCT/EP2013/050969,2013-01-18,NST
14798097,62024153,2014-07-14,PRO
14798098,62028843,2014-07-25,PRO
14798101,12309208,2009-12-14,CON
14798101,PCT/IB2007/002364,2007-07-12,NST
14798103,61501143,2011-06-24,PRO
14798103,61542684,2011-10-03,PRO
14798103,13529995,2012-06-21,CON
14798105,62024281,2014-07-14,PRO
14798111,14268496,2014-05-02,CON
14798112,13804934,2013-03-14,DIV
14798113,12433546,2009-04-30,CON
14798113,14271135,2014-05-06,CON
14798115,62023778,2014-07-11,PRO
14798119,11990620,2009-03-11,CON
14798119,13365946,2012-02-03,CON
14798119,PCT/US2006/034007,2006-08-31,NST
14798120,14006953,2013-11-26,CON
14798120,PCT/SE2012/050301,2012-03-19,NST
14798122,62023750,2014-07-11,PRO
14798123,12957743,2010-12-01,DIV
14798123,14230787,2014-03-31,DIV
14798124,61409714,2010-11-03,PRO
14798124,PCT/US11/59174,2011-11-03,NST
14798124,13882912,2013-05-01,CON
14798126,13667964,2012-11-02,CON
14798127,61300580,2010-02-02,PRO
14798127,PCT/US11/23502,2011-02-02,NST
14798127,13576767,2012-08-02,CON
14798132,62023434,2014-07-11,PRO
14798133,11269741,2005-11-09,DIV
14798133,11889822,2007-08-16,DIV
14798133,12184797,2008-08-01,DIV
14798133,12851122,2010-08-05,DIV
14798133,13311318,2011-12-05,DIV
14798133,14102347,2013-12-10,CON
14798137,62024366,2014-07-14,PRO
14798137,62115842,2015-02-13,PRO
14798144,61323428,2010-04-13,PRO
14798144,13086034,2011-04-13,DIV
14798145,61494026,2011-06-07,PRO
14798145,61622727,2012-04-11,PRO
14798145,13491168,2012-06-07,CON
14798147,13622242,2012-09-18,CON
14798148,62024416,2014-07-14,PRO
14798149,60764845,2006-02-04,PRO
14798149,11671429,2007-02-05,CIP
14798149,13753340,2013-01-29,CON
14798151,61171772,2009-04-22,PRO
14798151,12765680,2010-04-22,CON
14798151,13246784,2011-09-27,CON
14798152,12709696,2010-02-22,DIV
14798154,61904278,2013-11-14,PRO
14798154,62023708,2014-07-11,PRO
14798154,14542487,2014-11-14,CIP
14798155,62023657,2014-07-11,PRO
14798156,62029214,2014-07-25,PRO
14798158,62027185,2014-07-21,PRO
14798160,13346479,2012-01-09,CON
14798160,14323813,2014-07-03,CON
14798162,62026281,2014-07-18,PRO
14798163,62025724,2014-07-17,PRO
14798163,62025730,2014-07-17,PRO
14798163,62038949,2014-08-19,PRO
14798165,62023659,2014-07-11,PRO
14798169,12626320,2009-11-25,CON
14798172,12338784,2008-12-18,CON
14798173,61381392,2010-09-09,PRO
14798173,13228967,2011-09-09,CON
14798174,13131527,2011-05-26,DIV
14798174,PCT/SE2008/000670,2008-11-28,NST
14798175,62025552,2014-07-17,PRO
14798178,62024005,2014-07-14,PRO
14798179,61371596,2010-08-06,PRO
14798179,13204559,2011-08-05,CON
14798180,11965281,2007-12-27,DIV
14798181,11016448,2004-12-17,CON
14798181,12177338,2008-07-22,DIV
14798181,13965807,2013-08-13,CON
14798184,62037992,2014-08-15,PRO
14798185,13522458,2012-12-04,CON
14798185,PCT/IB2010/055395,2010-11-24,NST
14798189,61759869,2013-02-01,PRO
14798189,14169839,2014-01-31,CON
14798194,13767095,2013-02-14,CON
14798195,10554656,2007-03-29,CON
14798195,10554570,2007-03-16,CIP
14798195,10554570,2007-03-16,CON
14798195,10554569,2005-10-25,CON
14798195,10554654,2008-02-07,CON
14798195,10554975,2006-08-02,CON
14798195,10554655,2005-10-25,CON
14798195,12033035,2008-02-19,CON
14798195,12097422,2008-06-13,CIP
14798195,12097422,2008-06-13,CON
14798195,12142005,2008-06-19,CIP
14798195,12211219,2008-09-16,CIP
14798195,12211219,2008-09-16,CON
14798195,12364067,2009-02-02,CIP
14798195,12371853,2009-02-16,CIP
14798195,61155572,2009-02-26,PRO
14798195,61181068,2009-05-26,PRO
14798195,61181070,2009-05-26,PRO
14798195,61181077,2009-05-26,PRO
14798195,61183591,2009-06-03,PRO
14798195,12478757,2009-06-04,CIP
14798195,12485897,2009-06-16,CIP
14798195,12485900,2009-06-16,CIP
14798195,61225257,2009-07-14,PRO
14798195,12651479,2010-01-03,CIP
14798195,12697073,2010-01-29,CIP
14798195,12712476,2010-02-25,CIP
14798195,12758764,2010-04-12,CIP
14798195,12787878,2010-05-26,CIP
14798195,12787930,2010-05-26,CIP
14798195,12788083,2010-05-26,CIP
14798195,12792931,2010-06-03,CIP
14798195,12835682,2010-07-13,CIP
14798195,13032593,2011-02-22,CON
14798195,PCT/GB2004/001729,2004-04-23,NST
14798195,PCT/GB2004/001731,2004-04-23,NST
14798195,PCT/GB2004/001732,2004-04-23,NST
14798195,PCT/GB2004/001741,2004-04-23,NST
14798195,PCT/GB2004/001747,2004-04-23,NST
14798195,PCT/GB2004/001751,2004-04-23,NST
14798195,PCT/GB2006/004684,2006-12-15,NST
14798197,13348814,2012-01-12,CON
14798198,13977155,2013-06-28,CON
14798198,PCT/CN2011/001661,2011-09-30,NST
14798199,13323612,2011-12-12,CON
14798200,61748054,2012-12-31,PRO
14798200,61748062,2012-12-31,PRO
14798200,13789603,2013-03-07,CON
14798206,13522458,2012-12-04,DIV
14798206,PCT/IB2010/055395,2010-11-24,NST
14798209,12620360,2009-11-17,CIP
14798209,12944623,2010-11-11,CON
14798209,14023109,2013-09-10,CON
14798213,61785104,2013-03-14,PRO
14798213,13906080,2013-05-30,DIV
14798214,14157167,2014-01-16,CIP
14798215,62029071,2014-07-25,PRO
14798216,13097790,2011-04-29,CON
14798217,12060000,2008-03-31,CON
14798217,13552587,2012-07-18,CON
14798217,14062350,2013-10-24,CON
14798218,62024339,2014-07-14,PRO
14798219,61588152,2012-01-18,PRO
14798219,13745519,2013-01-18,CON
14798225,62024285,2014-07-14,PRO
14798225,62037895,2014-08-15,PRO
14798226,61769902,2013-02-27,PRO
14798226,14192837,2014-02-27,CON
14798227,60577833,2004-06-07,PRO
14798227,11147985,2005-06-07,CON
14798227,12643812,2009-12-21,CON
14798227,13079644,2011-04-04,CON
14798227,14144225,2013-12-30,CON
14798231,62023457,2014-07-11,PRO
14798231,62113605,2015-02-09,PRO
14798233,13721951,2012-12-20,CON
14798234,61484939,2011-05-11,PRO
14798234,13113775,2011-05-23,CON
14798235,61606740,2012-03-05,PRO
14798235,13712988,2012-12-13,CON
14798237,61614269,2012-03-22,PRO
14798237,13802047,2013-03-13,CON
14798240,12628791,2009-12-01,CIP
14798240,12628801,2009-12-01,CIP
14798240,61355854,2010-06-17,PRO
14798240,12895593,2010-09-30,CIP
14798240,13161794,2011-06-16,CON
14798241,13811906,2013-06-05,DIV
14798241,PCT/IT2011/000266,2011-07-25,NST
14798245,PCT/CA2014/000019,2014-01-14,NST
14798246,12854810,2010-08-11,CON
14798247,61999562,2014-07-31,PRO
14798248,13535974,2012-06-28,CON
14798252,13330339,2011-12-19,DIV
14798254,11333994,2006-01-18,DIV
14798254,13271774,2011-10-12,DIV
14798254,14105044,2013-12-12,DIV
14798255,12362487,2009-01-29,CIP
14798255,13471447,2012-05-14,CON
14798257,62024457,2014-07-14,PRO
14798257,62030023,2014-07-28,PRO
14798257,62052394,2014-09-18,PRO
14798260,13522458,2012-12-04,DIV
14798260,PCT/IB2010/055395,2010-11-24,NST
14798264,61695995,2012-08-31,PRO
14798264,14011517,2013-08-27,CON
14798265,62026495,2014-07-18,PRO
14798266,14042080,2013-09-30,CON
14798268,62026309,2014-07-18,PRO
14798274,11936478,2007-11-07,DIV
14798274,14310907,2014-06-20,DIV
14798275,62023433,2014-07-11,PRO
14798275,62047187,2014-09-08,PRO
14798276,61682505,2012-08-13,PRO
14798276,13962658,2013-08-08,CON
14798277,60342329,2001-12-20,PRO
14798277,10329043,2002-12-20,CON
14798277,12838795,2010-07-19,CON
14798280,13326217,2011-12-14,CON
14798282,13451227,2012-04-19,CON
14798284,14056792,2013-10-17,CON
14798285,61639721,2012-04-27,PRO
14798285,13871597,2013-04-26,CON
14798286,62023807,2014-07-11,PRO
14798286,62029601,2014-07-28,PRO
14798287,10568672,2006-02-17,CON
14798287,14152733,2014-01-10,CON
14798287,PCT/JP2004/012309,2004-08-20,NST
14798293,62024435,2014-07-14,PRO
14798293,62026483,2014-07-18,PRO
14798295,61559051,2011-11-12,PRO
14798295,13675761,2012-11-13,CON
14798295,14659433,2015-03-16,CON
14798298,13842925,2013-03-15,CON
14798302,61387933,2010-09-29,PRO
14798302,13249111,2011-09-29,CON
14798302,13830899,2013-03-14,CON
14798303,61828852,2013-05-30,PRO
14798303,13925626,2013-06-24,CON
14798304,12556597,2009-09-10,CON
14798305,13153332,2011-06-03,CON
14798307,62023746,2014-07-11,PRO
14798309,13204647,2011-08-06,CON
14798310,61505617,2011-07-08,PRO
14798310,13279018,2011-10-21,CON
14798310,14569488,2014-12-12,CON
14798313,09899599,2001-07-05,CON
14798313,10681034,2003-10-08,CON
14798313,60872351,2006-11-30,PRO
14798313,11948007,2007-11-30,CIP
14798313,61040661,2008-03-29,PRO
14798313,12413547,2009-03-28,CIP
14798313,61223565,2009-07-07,PRO
14798313,61351677,2010-06-04,PRO
14798313,61351770,2010-06-04,PRO
14798313,61352242,2010-06-07,PRO
14798313,12821852,2010-06-23,CON
14798313,61376936,2010-08-25,PRO
14798313,61427753,2010-12-28,PRO
14798313,61427755,2010-12-28,PRO
14798313,12981403,2010-12-29,CON
14798313,61454664,2011-03-21,PRO
14798313,61472054,2011-04-05,PRO
14798313,61482834,2011-05-05,PRO
14798313,13153214,2011-06-03,CIP
14798313,13153238,2011-06-03,CIP
14798313,13153248,2011-06-03,CIP
14798313,13218256,2011-08-25,CIP
14798313,13252160,2011-10-03,CIP
14798313,61891828,2013-10-16,PRO
14798313,14189905,2014-02-25,CIP
14798313,14189918,2014-02-25,CIP
14798313,62023801,2014-07-11,PRO
14798313,62036278,2014-08-12,PRO
14798314,62023400,2014-07-11,PRO
14798315,61660898,2012-06-18,PRO
14798315,13920786,2013-06-18,CIP
14798315,14728781,2015-06-02,CIP
14798316,61248540,2009-10-05,PRO
14798316,12891136,2010-09-27,CON
14798316,14319658,2014-06-30,CON
14798317,62025276,2014-07-16,PRO
14798318,14243750,2014-04-02,CON
14798318,14594003,2015-01-09,CON
14798320,13327949,2011-12-16,CIP
14798323,13682542,2012-11-20,CIP
14798323,14279027,2014-05-15,CON
14798324,60304216,2001-07-10,PRO
14798324,10192488,2002-07-09,CIP
14798324,60396577,2002-07-16,PRO
14798324,10318480,2002-12-13,CIP
14798324,10318432,2002-12-13,CIP
14798324,10340352,2003-01-10,CIP
14798324,10710570,2004-07-21,CON
14798324,12816311,2010-06-15,DIV
14798324,13307976,2011-11-30,CON
14798329,13601783,2012-08-31,CON
14798330,12638842,2009-12-15,CON
14798331,13841862,2013-03-15,CON
14798332,61429065,2010-12-31,PRO
14798332,13193584,2011-07-28,CON
14798334,12865057,2010-07-28,CON
14798334,13732853,2013-01-02,DIV
14798334,PCT/US2009/033975,2009-02-12,NST
14798335,61240227,2009-09-06,PRO
14798335,61245657,2009-09-24,PRO
14798335,12875725,2010-09-03,DIV
14798336,61247060,2009-09-30,PRO
14798336,12649049,2009-12-29,CON
14798337,13979831,2014-02-06,DIV
14798337,PCT/CN2013/072040,2013-03-01,NST
14798338,62024335,2014-07-14,PRO
14798338,62113129,2015-02-06,PRO
14798345,13233985,2011-09-15,DIV
14798346,62023809,2014-07-11,PRO
14798346,62029646,2014-07-28,PRO
14798347,12894954,2010-09-30,CON
14798349,12842315,2010-07-23,CIP
14798349,13034182,2011-02-24,CIP
14798349,13117146,2011-05-27,CIP
14798349,14066654,2013-10-29,CIP
14798349,14716510,2015-05-19,CIP
14798351,62023358,2014-07-11,PRO
14798352,61259605,2009-11-09,PRO
14798352,12941213,2010-11-08,DIV
14798353,13261815,2014-05-16,CON
14798353,PCT/US2012/000357,2012-08-16,NST
14798354,62024435,2014-07-14,PRO
14798354,62026483,2014-07-18,PRO
14798356,61698390,2012-09-07,PRO
14798356,14020597,2013-09-06,CON
14798357,61507526,2011-07-13,PRO
14798357,PCT/US12/46777,2012-07-13,NST
14798357,14232105,2014-04-09,DIV
14798359,12059558,2008-03-31,CIP
14798359,61224347,2009-07-09,PRO
14798359,61231905,2009-08-06,PRO
14798359,12833938,2010-07-09,CON
14798359,13730083,2012-12-28,CON
14798360,62024341,2014-07-14,PRO
14798361,61660898,2012-06-18,PRO
14798361,13920786,2013-06-18,CIP
14798361,14728781,2015-06-02,CIP
14798361,14798315,2015-07-13,CON
14798362,14354688,2014-04-28,DIV
14798362,PCT/IB2012/055851,2012-10-24,NST
14798363,61481607,2011-05-02,PRO
14798363,13217123,2011-08-24,CON
14798363,13438534,2012-04-03,CON
14798363,14074619,2013-11-07,CIP
14798363,14473572,2014-08-29,CON
14798365,12943852,2010-11-10,CON
14798366,13925780,2013-06-24,CON
14798367,10038292,2002-01-04,CIP
14798367,10694311,2003-10-27,CON
14798367,13556002,2012-07-23,CON
14798367,14553930,2014-11-25,CON
14798368,61584613,2012-01-09,PRO
14798368,13737546,2013-01-09,CON
14798373,62024038,2014-07-14,PRO
14798375,10778416,2004-02-13,CIP
14798375,10911375,2004-08-03,CON
14798375,12254739,2008-10-20,CON
14798375,12781763,2010-05-17,CON
14798375,13022580,2011-02-07,CON
14798375,13179130,2011-07-08,CON
14798375,13442782,2012-04-09,CON
14798375,13758982,2013-02-04,CON
14798375,14165557,2014-01-27,CON
14798375,14444972,2014-07-28,CON
14798375,14605953,2015-01-26,CON
14798377,13652700,2012-10-16,CON
14798379,12937190,2010-10-08,DIV
14798379,PCT/US2009/040275,2009-04-10,NST
14798380,13976411,2013-06-26,DIV
14798380,PCT/US2011/065914,2011-12-19,NST
14798381,13433481,2012-03-29,CON
14798382,61660898,2012-06-18,PRO
14798382,13920786,2013-06-18,CIP
14798382,14728781,2015-06-02,CIP
14798382,14798315,2015-07-13,CON
14798386,62024177,2014-07-14,PRO
14798388,60755019,2005-12-29,PRO
14798388,11615604,2006-12-22,CON
14798392,61660898,2012-06-18,PRO
14798392,13920786,2013-06-18,CIP
14798392,14728781,2015-06-02,CIP
14798392,14798315,2015-07-13,CON
14798393,62024438,2014-07-14,PRO
14798395,12975934,2010-12-22,DIV
14798395,14481766,2014-09-09,DIV
14798396,13584651,2012-08-13,CON
14798396,PCT/CA2011/000182,2011-02-15,CON
14798398,12745235,2010-10-22,CON
14798398,PCT/CA2008/002094,2008-11-26,NST
14798399,62024017,2014-07-14,PRO
14798400,61561663,2011-11-18,PRO
14798400,13664335,2012-10-30,CON
14798402,61660898,2012-06-18,PRO
14798402,13920786,2013-06-18,CIP
14798402,14728781,2015-06-02,CIP
14798402,14798315,2015-07-13,CON
14798404,61061338,2008-06-13,PRO
14798404,61061347,2008-06-13,PRO
14798404,61061353,2008-06-13,PRO
14798404,61061358,2008-06-13,PRO
14798404,61061365,2008-06-13,PRO
14798404,61061369,2008-06-13,PRO
14798404,12484205,2009-06-13,CON
14798404,13494858,2012-06-12,CON
14798404,13942373,2013-07-15,CON
14798406,61331525,2010-05-05,PRO
14798406,13101771,2011-05-05,CON
14798407,61660898,2012-06-18,PRO
14798407,13920786,2013-06-18,CIP
14798407,14728781,2015-06-02,CIP
14798407,14798315,2015-07-13,CON
14798409,62024459,2014-07-14,PRO
14798410,62023733,2014-07-11,PRO
14798411,62023733,2014-07-11,PRO
14798412,61772191,2013-03-04,PRO
14798412,14195186,2014-03-03,CON
14798413,13849559,2013-03-25,CON
14798413,14495111,2014-09-24,CON
14798414,13262006,2011-09-29,CON
14798414,PCT/JP2010/055691,2010-03-30,NST
14798415,60854810,2006-10-27,PRO
14798415,11977859,2007-10-26,DIV
14798415,14485793,2014-09-14,DIV
14798416,10102910,2002-03-22,CON
14798416,11113173,2005-04-25,CON
14798416,11245203,2005-10-07,CON
14798416,12056638,2008-03-27,CON
14798416,13524815,2012-06-15,CON
14798416,14292421,2014-05-30,CON
14798417,61558840,2011-11-11,PRO
14798417,13371359,2012-02-10,CON
14798419,13760079,2013-02-06,CON
14798420,60237440,2000-10-03,PRO
14798420,09742313,2000-12-21,DIV
14798420,11472873,2006-06-21,DIV
14798420,12181979,2008-07-29,CON
14798420,13327873,2011-12-16,DIV
14798420,14320678,2014-07-01,CON
14798422,62023790,2014-07-11,PRO
14798423,61367342,2010-07-23,PRO
14798423,12890681,2010-09-26,DIV
14798423,13621778,2012-09-17,CON
14798424,13843348,2013-03-15,CON
14798424,14456504,2014-08-11,CON
14798432,13893249,2013-05-13,CON
14798435,62028332,2014-07-24,PRO
14798437,61543090,2011-10-04,PRO
14798437,13645237,2012-10-04,CIP
14798439,62023969,2014-07-14,PRO
14798440,12741534,2010-05-05,CON
14798440,13162861,2011-06-17,CON
14798440,13857858,2013-04-05,CON
14798440,PCT/KR2009/007430,2009-12-11,NST
14798441,12533032,2009-07-31,CON
14798444,13005468,2011-01-12,CON
14798444,13973593,2013-08-22,CON
14798450,62024386,2014-07-14,PRO
14798453,62029548,2014-07-27,PRO
14798454,11377167,2006-03-16,CON
14798454,13957810,2013-08-02,CON
14798457,62024422,2014-07-14,PRO
14798458,62024375,2014-07-14,PRO
14798463,13762388,2013-02-08,CIP
14798465,61684822,2012-08-20,PRO
14798465,13772378,2013-02-21,CON
14798465,14138145,2013-12-23,CON
14798466,13464101,2012-05-04,CIP
14798470,14502342,2014-09-30,CON
14798472,62024186,2014-07-14,PRO
14798473,61581345,2011-12-29,PRO
14798473,13732092,2012-12-31,CON
14798474,14088654,2013-11-25,DIV
14798484,13760079,2013-02-06,CIP
14798486,13304784,2011-11-28,CON
14798488,13294310,2011-11-11,CON
14798488,14557609,2014-12-02,CON
14798488,PCT/JP2010/055088,2010-03-24,CON
14798495,62027439,2014-07-22,PRO
14798498,61767531,2013-02-21,PRO
14798498,14185164,2014-02-20,CON
14798502,62024094,2014-07-14,PRO
14798503,13834332,2013-03-15,CON
14798505,62024827,2014-07-15,PRO
14798506,13946513,2013-07-19,CON
14798509,62024526,2014-07-15,PRO
14798510,09037957,1998-03-11,CON
14798510,09204286,1998-12-03,CON
14798510,09814213,2001-03-22,CON
14798510,10935120,2004-09-08,CON
14798510,13089854,2011-04-19,CON
14798511,62024102,2014-07-14,PRO
14798512,11267739,2005-11-04,CIP
14798512,11267702,2005-11-04,CIP
14798512,12341985,2008-12-22,CIP
14798512,12403955,2009-03-13,CON
14798514,61561471,2011-11-18,PRO
14798514,13681376,2012-11-19,CIP
14798516,62031449,2014-07-31,PRO
14798518,12223744,2008-11-11,DIV
14798518,12930748,2011-01-14,DIV
14798518,13564776,2012-08-02,DIV
14798518,PCT/IB07/00951,2007-02-08,NST
14798519,13165326,2011-06-21,DIV
14798525,11616593,2006-12-27,CON
14798525,12626282,2009-11-25,CON
14798525,13568185,2012-08-07,CON
14798525,14163006,2014-01-24,CON
14798526,62024599,2014-07-15,PRO
14798534,13878837,2013-04-11,CON
14798534,PCT/IB2011/054430,2011-10-07,NST
14798538,12132316,2008-06-03,DIV
14798538,13305196,2011-11-28,DIV
14798539,PCT/CN2014/080859,2014-06-26,CON
14798541,PCT/RU2014/000079,2014-02-04,NST
14798542,PCT/JP2013/005834,2013-10-01,CON
14798544,62024035,2014-07-14,PRO
14798547,62024908,2014-07-15,PRO
14798553,10243680,2002-09-16,CON
14798553,12696610,2010-01-29,CON
14798553,13492970,2012-06-11,CON
14798553,13789727,2013-03-08,CON
14798557,PCT/CN2014/081763,2014-07-07,CON
14798558,61020114,2008-01-09,PRO
14798558,61109638,2008-10-30,PRO
14798558,12350837,2009-01-08,CON
14798558,13894155,2013-05-14,CON
14798559,61721167,2012-11-01,PRO
14798559,14056639,2013-10-17,CON
14798562,60335865,2001-11-19,PRO
14798562,10300200,2002-11-19,CON
14798562,10645439,2003-08-20,CIP
14798562,10937048,2004-09-08,CIP
14798562,11456157,2006-07-07,DIV
14798562,12560621,2009-09-16,CON
14798562,14031700,2013-09-19,CON
14798562,14283055,2014-05-20,CON
14798562,14631740,2015-02-25,CON
14798565,PCT/JP2014/053085,2014-02-10,CON
14798567,09840641,2001-04-24,DIV
14798567,10424793,2003-04-29,CON
14798567,11460105,2006-07-26,DIV
14798567,12485958,2009-06-17,CON
14798567,12837117,2010-07-15,DIV
14798567,13325129,2011-12-14,CON
14798567,14148912,2014-01-07,CON
14798569,61692771,2012-08-24,PRO
14798569,13659148,2012-10-24,CON
14798574,12907513,2010-10-19,CON
14798575,61567132,2011-12-06,PRO
14798575,61727722,2012-11-18,PRO
14798575,61727755,2012-11-19,PRO
14798575,13693713,2012-12-04,CON
14798576,13101938,2011-05-05,CON
14798579,62024142,2014-07-14,PRO
14798581,62027216,2014-07-21,PRO
14798582,62024023,2014-07-14,PRO
14798584,13700196,2012-12-14,CON
14798584,PCT/EP2011/058849,2011-05-30,NST
14798591,62024127,2014-07-14,PRO
14798592,62027318,2014-07-22,PRO
14798598,61867916,2013-08-20,PRO
14798598,14464345,2014-08-20,CON
14798599,62023983,2014-07-14,PRO
14798610,61497232,2011-06-15,PRO
14798610,13524511,2012-06-15,CON
14798620,12532518,2009-09-22,CON
14798620,PCT/JP2008/055282,2008-03-21,NST
14798624,62024028,2014-07-14,PRO
14798625,PCT/CN2014/073590,2014-03-18,CON
14798629,PCT/CN2013/070935,2013-01-24,CON
14798630,62025063,2014-07-16,PRO
14798630,14682836,2015-04-09,CIP
14798632,61530487,2011-09-02,PRO
14798632,13598732,2012-08-30,DIV
14798635,62025137,2014-07-16,PRO
14798636,62027014,2014-07-21,PRO
14798636,62039264,2014-08-19,PRO
14798643,PCT/EP2014/050070,2014-01-06,CON
14798644,13711142,2012-12-11,CON
14798645,13700196,2012-12-14,CON
14798645,PCT/EP2011/058849,2011-05-30,NST
14798648,61224688,2009-07-10,PRO
14798648,12833551,2010-07-09,CON
14798648,13871682,2013-04-26,CON
14798650,12668136,2010-03-04,CON
14798650,PCT/JP2008/064168,2008-07-31,NST
14798651,61998933,2014-07-14,PRO
14798652,62032234,2014-08-01,PRO
14798657,61999016,2014-07-14,PRO
14798660,PCT/IB2013/050328,2013-01-14,CON
14798662,13509718,2012-05-14,DIV
14798662,PCT/JP2010/070612,2010-11-18,NST
14798663,12531900,2009-09-18,CON
14798663,PCT/JP2008/055274,2008-03-21,NST
14798672,13806467,2013-04-12,CON
14798672,PCT/NL2011/050473,2011-06-30,NST
14798685,12067120,2008-03-17,CIP
14798685,12966377,2010-12-13,DIV
14798685,PCT/GB2006/003650,2006-09-29,NST
14798686,61893467,2013-10-21,PRO
14798686,14157979,2014-01-17,CON
14798689,PCT/JP2013/081296,2013-11-20,CON
14798693,11774880,2007-07-09,DIV
14798694,PCT/KR2014/000545,2014-01-20,DIV
14798696,60547228,2004-02-23,PRO
14798696,11063090,2005-02-22,CON
14798696,12567321,2009-09-25,CON
14798696,14010593,2013-08-27,CON
14798699,14227030,2014-03-27,CON
14798700,61434622,2011-01-20,PRO
14798700,13355416,2012-01-20,CON
14798703,13497996,2012-03-23,CON
14798703,PCT/EP10/63665,2010-09-17,NST
14798704,62024181,2014-07-14,PRO
14798705,13509718,2012-05-14,DIV
14798705,PCT/JP2010/070612,2010-11-18,NST
14798706,14109075,2013-12-17,CON
14798709,60898064,2007-01-29,PRO
14798709,12022087,2008-01-29,CON
14798709,13070273,2011-03-23,CON
14798709,13584950,2012-08-14,CON
14798713,62025134,2014-07-16,PRO
14798717,12939138,2010-11-03,CIP
14798717,PCT/US11/59230,2011-11-03,NST
14798717,13823621,2013-03-14,CON
14798719,61307121,2010-02-23,PRO
14798719,61307186,2010-02-23,PRO
14798719,61346202,2010-05-19,PRO
14798719,61355773,2010-06-17,PRO
14798719,61374302,2010-08-17,PRO
14798719,61393237,2010-10-14,PRO
14798719,61405339,2010-10-21,PRO
14798719,61444952,2011-02-21,PRO
14798719,61445125,2011-02-22,PRO
14798719,61445130,2011-02-22,PRO
14798719,13033165,2011-02-23,CIP
14798719,13836032,2013-03-15,CON
14798721,13111284,2011-05-19,CON
14798722,12963511,2010-12-08,CON
14798723,13833528,2013-03-15,CON
14798726,60504119,2003-09-19,PRO
14798726,10946647,2004-09-20,DIV
14798726,12269636,2008-11-12,DIV
14798728,62024166,2014-07-14,PRO
14798728,62090168,2014-12-10,PRO
14798734,62024702,2014-07-15,PRO
14798737,62023962,2014-07-14,PRO
14798737,PCT/US2015/011148,2015-01-13,CIP
14798737,PCT/US2015/034706,2015-06-08,CIP
14798737,PCT/US2015/034738,2015-06-08,CIP
14798739,62025593,2014-07-17,PRO
14798740,PCT/JP2014/053219,2014-02-12,CON
14798743,13566710,2012-08-03,DIV
14798747,61410418,2010-11-05,PRO
14798747,13290202,2011-11-07,DIV
14798749,61527199,2011-08-25,PRO
14798749,61604333,2012-02-28,PRO
14798749,13569312,2012-08-08,CON
14798751,14455470,2014-08-08,CIP
14798753,62023962,2014-07-14,PRO
14798753,PCT/US2015/011148,2015-01-13,CIP
14798753,PCT/US2015/034706,2015-06-08,CIP
14798753,PCT/US2015/034738,2015-06-08,CIP
14798754,PCT/KR2013/007620,2013-08-26,CON
14798762,62024856,2014-07-15,PRO
14798762,62161709,2015-05-14,PRO
14798762,62171523,2015-06-05,PRO
14798765,62024243,2014-07-14,PRO
14798767,62026098,2014-07-18,PRO
14798774,61898324,2013-10-31,PRO
14798774,61904833,2013-11-15,PRO
14798774,14528070,2014-10-30,CON
14798775,10683501,2003-10-10,CIP
14798775,10870106,2004-06-17,CON
14798775,12578262,2009-10-13,CON
14798775,12862739,2010-08-24,CON
14798775,14333536,2014-07-17,CON
14798777,13905615,2013-05-30,CON
14798779,61808156,2013-04-03,PRO
14798779,13897655,2013-05-20,DIV
14798783,61777922,2013-03-12,PRO
14798783,14056576,2013-10-17,CON
14798787,13412792,2012-03-06,DIV
14798792,61811666,2013-04-12,PRO
14798792,14252254,2014-04-14,CIP
14798794,60888691,2007-02-07,PRO
14798794,60953803,2007-08-03,PRO
14798794,60976859,2007-10-02,PRO
14798794,12027394,2008-02-07,CIP
14798794,12688489,2010-01-15,CON
14798794,13185223,2011-07-18,CON
14798794,14276684,2014-05-13,CON
14798799,61638209,2012-04-25,PRO
14798799,13539243,2012-06-29,DIV
14798801,60304216,2001-07-10,PRO
14798801,10192488,2002-07-09,CIP
14798801,60396577,2002-07-16,PRO
14798801,10318480,2002-12-13,CIP
14798801,10318432,2002-12-13,CIP
14798801,10340352,2003-01-10,CIP
14798801,60512297,2003-10-17,PRO
14798801,10711964,2004-10-15,CON
14798801,14703443,2015-05-04,CON
14798802,62033161,2014-08-05,PRO
14798805,PCT/CN2014/077654,2014-05-16,CON
14798806,PCT/EP2013/050591,2013-01-14,CON
14798807,62024262,2014-07-14,PRO
14798809,11363548,2006-02-27,CIP
14798809,60812694,2006-06-09,PRO
14798809,60892349,2007-03-01,PRO
14798809,60911297,2007-04-12,PRO
14798809,60912178,2007-04-17,PRO
14798809,11756057,2007-05-31,CIP
14798809,60947813,2007-07-03,PRO
14798809,60953620,2007-08-02,PRO
14798809,60953637,2007-08-02,PRO
14798809,11971390,2008-01-09,CIP
14798809,12025414,2008-02-04,CIP
14798809,12039849,2008-02-29,CIP
14798809,12103824,2008-04-16,CIP
14798809,12103834,2008-04-16,CIP
14798809,12211407,2008-09-16,CIP
14798809,12371096,2009-02-13,CIP
14798809,12389901,2009-02-20,CIP
14798809,12483807,2009-06-12,CIP
14798809,12486992,2009-06-18,CIP
14798809,12571969,2009-10-01,CIP
14798809,12714023,2010-02-26,CIP
14798809,61310752,2010-03-05,PRO
14798809,12872663,2010-08-31,CIP
14798809,12888005,2010-09-22,CIP
14798809,12893306,2010-09-29,CON
14798810,13655977,2012-10-19,CON
14798811,PCT/CN2014/089939,2014-10-30,CON
14798813,62024001,2014-07-14,PRO
14798817,62028125,2014-07-23,PRO
14798819,PCT/IB2015/050102,2015-01-06,CON
14798820,62024343,2014-07-14,PRO
14798823,13827539,2013-03-14,CON
14798828,62026217,2014-07-18,PRO
14798832,62024103,2014-07-14,PRO
14798834,61267685,2009-12-08,PRO
14798834,12762886,2010-04-19,CIP
14798837,13533192,2012-06-26,CON
14798840,62024735,2014-07-15,PRO
14798843,62024588,2014-07-15,PRO
14798845,61625286,2012-04-17,PRO
14798845,13864659,2013-04-17,DIV
14798849,61309494,2010-03-02,PRO
14798849,13037932,2011-03-01,DIV
14798851,12280455,2008-08-22,CON
14798851,13245987,2011-09-27,CON
14798851,PCT/EP2007/052076,2007-03-06,NST
14798856,13515149,2012-07-25,CON
14798856,PCT/FR2009/001462,2009-12-18,NST
14798857,61394477,2010-10-19,PRO
14798857,12984669,2011-01-05,DIV
14798858,13357883,2012-01-25,CON
14798858,14317781,2014-06-27,CON
14798860,61264905,2009-11-30,PRO
14798860,12956039,2010-11-30,CIP
14798860,61441310,2011-02-10,PRO
14798860,61558483,2011-11-11,PRO
14798860,13370449,2012-02-10,CIP
14798860,61635965,2012-04-20,PRO
14798860,61728310,2012-11-20,PRO
14798860,61767840,2013-02-22,PRO
14798860,13866155,2013-04-19,CON
14798862,62026786,2014-07-21,PRO
14798862,14617982,2015-02-10,CIP
14798864,62024665,2014-07-15,PRO
14798866,62040960,2014-08-22,PRO
14798866,62133700,2015-03-16,PRO
14798874,61998951,2014-07-14,PRO
14798874,61996989,2014-11-05,PRO
14798877,62024135,2014-07-14,PRO
14798879,PCT/EP2014/050439,2014-01-13,CON
14798882,62024190,2014-07-14,PRO
14798882,62131535,2015-03-11,PRO
14798882,62187092,2015-06-30,PRO
14798883,12900603,2010-10-08,CON
14798888,12992028,2010-11-10,CON
14798888,13729879,2012-12-28,CON
14798888,14329171,2014-07-11,CON
14798888,PCT/JP2010/006310,2010-10-26,NST
14798890,13583305,2012-09-07,DIV
14798890,PCT/JP2011/053549,2011-02-18,NST
14798895,60162094,1999-10-28,PRO
14798895,60163426,1999-11-03,PRO
14798895,60188416,2000-03-10,PRO
14798895,60220749,2000-07-26,PRO
14798895,09698793,2000-10-27,CON
14798895,09803270,2001-03-08,CIP
14798895,60447621,2003-02-14,PRO
14798895,10602125,2003-06-23,CON
14798895,10778878,2004-02-13,CIP
14798895,11170489,2005-06-29,CIP
14798895,11318283,2005-12-23,CON
14798895,12558123,2009-09-11,CON
14798895,14177773,2014-02-11,CON
14798897,11135385,2005-05-24,DIV
14798899,12979212,2010-12-27,CON
14798899,14455565,2014-08-08,CON
14798900,10483563,2004-05-21,CON
14798900,12430768,2009-04-27,CON
14798900,13438352,2012-04-03,CON
14798900,PCT/IB02/03390,2002-07-12,NST
14798901,62024707,2014-07-15,PRO
14798904,62024350,2014-07-14,PRO
14798908,62025550,2014-07-17,PRO
14798910,62024010,2014-07-14,PRO
14798916,61241969,2009-09-14,PRO
14798916,61242286,2009-09-14,PRO
14798916,61250854,2009-10-12,PRO
14798916,61297430,2010-01-22,PRO
14798916,12862610,2010-08-24,CON
14798916,14246947,2014-04-07,CON
14798917,61508216,2011-07-15,PRO
14798917,13550003,2012-07-16,DIV
14798917,PCT/US2012/039630,2012-05-25,CIP
14798918,62024575,2014-07-15,PRO
14798919,61514885,2011-08-03,PRO
14798919,13559442,2012-07-26,CON
14798921,61143267,2009-01-08,PRO
14798921,61153592,2009-02-18,PRO
14798921,61162234,2009-03-20,PRO
14798921,61184198,2009-06-04,PRO
14798921,61253800,2009-10-21,PRO
14798921,12684774,2010-01-08,CON
14798921,13763414,2013-02-08,CON
14798924,62025775,2014-07-17,PRO
14798929,13889771,2013-05-08,CON
14798934,13520347,2012-07-03,DIV
14798934,PCT/US2010/060640,2010-12-16,NST
14798936,62024170,2014-07-14,PRO
14798939,62031458,2014-07-31,PRO
14798943,13834719,2013-03-15,CON
14798945,13885168,2013-05-23,CIP
14798945,PCT/US2011/059501,2011-11-07,NST
14798946,62027328,2014-07-22,PRO
14798950,14185474,2014-02-20,CIP
14798951,12192193,2008-08-15,CON
14798952,10477846,2003-11-14,REI
14798952,12487402,2009-06-18,CON
14798952,12701096,2010-02-05,CON
14798952,12884063,2010-09-16,CON
14798952,14551314,2014-11-24,CON
14798952,PCT/CA02/00698,2002-05-13,NST
14798953,13255457,2011-09-08,CON
14798953,13929279,2013-06-27,CON
14798953,PCT/JP2010/052047,2010-02-12,NST
14798954,13223688,2011-09-01,DIV
14798954,14176917,2014-02-10,CON
14798957,62024752,2014-07-15,PRO
14798958,13511085,2012-05-21,CIP
14798959,61750630,2013-01-09,PRO
14798959,61883594,2013-09-27,PRO
14798959,14151035,2014-01-09,CON
14798962,13617100,2012-09-14,CON
14798962,14187837,2014-02-24,CON
14798962,14613476,2015-02-04,CON
14798963,12343785,2008-12-24,CON
14798964,PCT/JP2014/053043,2014-02-10,CON
14798970,62024806,2014-07-15,PRO
14798975,13880227,2013-06-11,DIV
14798975,PCT/US2011/056729,2011-10-18,NST
14798977,13763848,2013-02-11,CON
14798981,14011064,2013-08-27,DIV
14798982,13882011,2013-07-12,CIP
14798982,PCT/EP2011/068637,2011-10-25,NST
14798985,61767272,2013-02-21,PRO
14798985,13875691,2013-05-02,CIP
14798985,14222695,2014-03-24,CIP
14798985,14729823,2015-06-03,CIP
14798985,PCT/US15/40154,2015-07-13,CON
14798985,PCT/US2012/051817,2012-08-22,CIP
14798987,62024999,2014-07-15,PRO
14798988,60560146,2004-04-07,PRO
14798988,11080389,2005-03-15,CIP
14798988,11081009,2005-03-15,CIP
14798988,11503476,2006-08-11,CON
14798990,13638979,2012-10-02,DIV
14798990,PCT/JP2011/001532,2011-03-16,NST
14798993,61473723,2011-04-08,PRO
14798993,61474242,2011-04-11,PRO
14798993,13441745,2012-04-06,CON
14798994,PCT/JP2014/050213,2014-01-09,CON
14798997,12405788,2009-03-17,DIV
14798999,PCT/EP2014/051255,2014-01-22,CON
14799001,13729011,2012-12-27,CON
14799002,61161847,2009-03-20,PRO
14799002,12726553,2010-03-18,CON
14799003,12663321,2010-03-16,CON
14799003,14269803,2014-05-05,CON
14799003,PCT/CH2008/000253,2008-06-06,NST
14799007,10538794,2005-06-13,CON
14799007,PCT/US2003/032284,2003-10-10,NST
14799008,62024240,2014-07-14,PRO
14799010,62024232,2014-07-14,PRO
14799012,61508286,2011-08-11,PRO
14799012,13572367,2012-08-10,CON
14799012,14076406,2013-11-11,DIV
14799013,61338863,2010-02-25,PRO
14799013,PCT/US11/00344,2011-02-25,NST
14799013,13581466,2012-08-27,CON
14799015,13758291,2013-02-04,CON
14799018,61031679,2008-02-26,PRO
14799018,61102801,2008-10-03,PRO
14799018,12393979,2009-02-26,CON
14799018,13650188,2012-10-12,CON
14799020,62024239,2014-07-14,PRO
14799020,62081754,2014-11-19,PRO
14799022,60815806,2006-06-22,PRO
14799022,11821190,2007-06-22,CIP
14799022,12214526,2008-06-19,CIP
14799022,13288529,2011-11-03,CIP
14799022,13547650,2012-07-12,CON
14799026,61858885,2013-07-26,PRO
14799026,PCT/US14/48439,2014-07-28,CIP
14799026,62096233,2014-12-23,PRO
14799027,62025201,2014-07-16,PRO
14799029,11894941,2007-08-22,CON
14799031,12884608,2010-09-17,CON
14799031,13535508,2012-06-28,CON
14799031,13895696,2013-05-16,CON
14799031,14246928,2014-04-07,CON
14799033,12719047,2010-03-08,CON
14799033,13653506,2012-10-17,CON
14799037,61224465,2009-07-09,PRO
14799037,12833928,2010-07-09,CON
14799037,14202717,2014-03-10,CON
14799038,13702027,2012-12-04,DIV
14799038,PCT/JP2010/065690,2010-09-07,NST
14799039,PCT/JP2014/053218,2014-02-12,CON
14799041,62024606,2014-07-15,PRO
14799043,61148422,2009-01-30,PRO
14799043,12696474,2010-01-29,CON
14799044,PCT/CA2013/000028,2013-01-15,CON
14799046,62024754,2014-07-15,PRO
14799049,PCT/EP2014/001179,2014-05-02,CON
14799050,62024654,2014-07-15,PRO
14799054,10670641,2003-09-25,CON
14799054,11942883,2007-11-20,CON
14799054,12897100,2010-10-04,CON
14799054,13968710,2013-08-16,CON
14799058,62024618,2014-07-15,PRO
14799060,12957743,2010-12-01,DIV
14799060,14230787,2014-03-31,DIV
14799062,62024196,2014-07-14,PRO
14799065,62025317,2014-07-16,PRO
14799066,61804548,2013-03-22,PRO
14799066,14014183,2013-08-29,CON
14799069,61286849,2009-12-16,PRO
14799069,12968853,2010-12-15,DIV
14799069,13789385,2013-03-07,CON
14799070,13031558,2011-02-21,DIV
14799070,14532857,2014-11-04,CON
14799071,62024626,2014-07-15,PRO
14799075,62036735,2014-08-13,PRO
14799080,62024772,2014-07-15,PRO
14799081,12386627,2009-04-21,CIP
14799081,13571542,2012-08-10,CIP
14799081,14089822,2013-11-26,CON
14799088,13574481,2012-10-11,DIV
14799088,PCT/KR2011/000455,2011-01-21,NST
14799090,61166498,2009-04-03,PRO
14799090,12752639,2010-04-01,DIV
14799090,13925302,2013-06-24,DIV
14799090,14476622,2014-09-03,CON
14799091,62024689,2014-07-15,PRO
14799092,10074434,2002-02-11,CON
14799092,11106247,2005-04-14,REI
14799094,PCT/CN2014/083377,2014-07-31,CON
14799096,13899401,2013-05-21,CON
14799099,13599489,2012-08-30,DIV
14799100,12818316,2010-06-18,DIV
14799103,12929093,2011-03-24,CON
14799104,09399521,1999-09-20,CIP
14799104,09444904,1999-11-22,DIV
14799104,09904790,2001-07-13,CON
14799104,10810990,2004-03-26,CON
14799104,11880265,2007-07-20,CON
14799104,13477404,2012-05-22,CON
14799104,14101112,2013-12-09,CON
14799108,61583193,2012-01-05,PRO
14799108,13736060,2013-01-07,CON
14799112,PCT/US2014/011746,2014-01-14,CON
14799114,13574481,2012-10-11,DIV
14799114,PCT/KR2011/000455,2011-01-21,NST
14799116,14150260,2014-01-08,CON
14799117,PCT/CN2014/070540,2014-01-13,CON
14799118,11970013,2008-01-07,REI
14799118,14048900,2013-10-08,CON
14799119,62024126,2014-07-14,PRO
14799120,62024037,2014-07-14,PRO
14799122,PCT/JP2014/051924,2014-01-29,CON
14799130,13484822,2012-05-31,CON
14799130,14089040,2013-11-25,CON
14799130,14496363,2014-09-25,CON
14799130,PCT/JP2010/071929,2010-12-07,CON
14799132,61730383,2012-11-27,PRO
14799132,13936529,2013-07-08,CON
14799134,62040279,2014-08-21,PRO
14799135,62031350,2014-07-31,PRO
14799137,62029372,2014-07-25,PRO
14799142,61999002,2014-07-14,PRO
14799144,62024561,2014-07-15,PRO
14799146,62024376,2014-07-14,PRO
14799147,13574481,2012-10-11,DIV
14799147,PCT/KR2011/000455,2011-01-21,NST
14799148,60942802,2007-06-08,PRO
14799148,12134946,2008-06-06,CIP
14799148,12726112,2010-03-17,DIV
14799148,13653004,2012-10-16,CON
14799153,14358872,2014-05-16,CON
14799153,PCT/SE2013/051044,2013-09-09,NST
14799154,13384157,2012-03-22,CIP
14799154,PCT/EP2010/060363,2010-07-16,NST
14799155,62033833,2014-08-06,PRO
14799156,13599489,2012-08-30,DIV
14799157,14264541,2014-04-29,CON
14799158,PCT/CN2013/070421,2013-01-14,CON
14799160,62025680,2014-07-17,PRO
14799161,13529790,2012-06-21,CON
14799161,13774466,2013-02-22,CON
14799167,62026467,2014-07-18,PRO
14799170,62024402,2014-07-14,PRO
14799177,13946011,2013-07-19,DIV
14799178,13574481,2012-10-11,DIV
14799178,PCT/KR2011/000455,2011-01-21,NST
14799179,62030752,2014-07-30,PRO
14799180,61532259,2011-09-08,PRO
14799180,PCT/US12/54300,2012-09-07,NST
14799180,14342713,2014-03-04,DIV
14799181,13957197,2013-08-01,CON
14799185,14119885,2013-11-25,CIP
14799186,14089556,2013-11-25,DIV
14799188,13882011,2013-07-12,CIP
14799188,PCT/EP2011/068637,2011-10-25,NST
14799189,61085315,2008-07-31,PRO
14799189,61093054,2008-08-29,PRO
14799189,12533937,2009-07-31,DIV
14799189,13709715,2012-12-10,CON
14799192,61918826,2013-12-20,PRO
14799192,61937018,2014-02-07,PRO
14799192,14502348,2014-09-30,CIP
14799192,14622448,2015-02-13,CIP
14799197,62026303,2014-07-18,PRO
14799197,62134416,2015-03-17,PRO
14799199,PCT/JP2014/051460,2014-01-24,CON
14799201,62025627,2014-07-17,PRO
14799207,62024331,2014-07-14,PRO
14799208,13627091,2012-09-26,DIV
14799208,14473147,2014-08-29,CIP
14799208,PCT/EP2011/055218,2011-04-04,CON
14799211,10525292,2005-10-27,CON
14799211,13471820,2012-05-15,CON
14799211,14091938,2013-11-27,CON
14799211,14322581,2014-07-02,CON
14799211,14453490,2014-08-06,CON
14799211,14558182,2014-12-02,CON
14799211,PCT/IB2003/004502,2003-08-15,NST
14799215,11474849,2006-06-26,CON
14799216,09684389,2000-10-10,CON
14799216,11088941,2005-03-25,CON
14799216,11980724,2007-10-31,CON
14799216,12461919,2009-08-27,CON
14799216,13086076,2011-04-13,CON
14799216,13617850,2012-09-14,CON
14799216,13939918,2013-07-11,CON
14799216,14093207,2013-11-29,CON
14799216,14282550,2014-05-20,CON
14799216,14473354,2014-08-29,CON
14799216,14606444,2015-01-27,CON
14799218,62027103,2014-07-21,PRO
14799222,PCT/US2014/011394,2014-01-14,CON
14799223,62024440,2014-07-14,PRO
14799223,14491259,2014-09-19,CIP
14799226,12588779,2009-10-28,CON
14799238,11734819,2007-04-13,CIP
14799238,11958412,2007-12-18,CIP
14799238,12760923,2010-04-15,CIP
14799238,13793711,2013-03-11,DIV
14799239,61418674,2010-12-01,PRO
14799239,13306296,2011-11-29,CON
14799243,10867610,2004-06-14,CIP
14799243,10967609,2004-10-18,CON
14799243,12750330,2010-03-30,CON
14799243,12975797,2010-12-22,CON
14799245,62024861,2014-07-15,PRO
14799250,62024364,2014-07-14,PRO
14799252,61933935,2014-01-31,PRO
14799252,61955881,2014-03-20,PRO
14799252,61978430,2014-04-11,PRO
14799252,14512023,2014-10-10,CON
14799253,14028024,2013-09-16,CON
14799253,PCT/JP2011/073851,2011-10-17,CON
14799255,13976754,2013-06-27,CON
14799255,PCT/US2011/060964,2011-11-16,NST
14799259,61472869,2011-04-07,PRO
14799259,61489928,2011-05-25,PRO
14799259,61583079,2012-01-04,PRO
14799259,13442547,2012-04-09,CIP
14799259,61656638,2012-06-07,PRO
14799259,61671481,2012-07-13,PRO
14799259,13775855,2013-02-25,CON
14799260,13695866,2012-11-02,DIV
14799260,PCT/JP10/72944,2010-12-21,NST
14799262,13404672,2012-02-24,CON
14799264,60804399,2006-06-09,PRO
14799264,60826872,2006-09-25,PRO
14799264,11759046,2007-06-06,CON
14799264,12707321,2010-02-17,CON
14799264,13782529,2013-03-01,CON
14799265,62026237,2014-07-18,PRO
14799269,62024889,2014-07-15,PRO
14799273,62024367,2014-07-14,PRO
14799273,62055347,2014-09-25,PRO
14799276,61999021,2014-07-14,PRO
14799279,12679352,2010-07-26,CON
14799279,PCT/CN2008/072445,2008-09-22,NST
14799280,14015145,2013-08-30,CON
14799280,14492634,2014-09-22,CON
14799281,61713314,2012-10-12,PRO
14799281,61779394,2013-03-13,PRO
14799281,14052661,2013-10-11,CON
14799284,13594544,2012-08-24,CON
14799290,60919470,2007-03-21,PRO
14799290,12053408,2008-03-21,CON
14799290,13401344,2012-02-21,DIV
14799291,62039810,2014-08-20,PRO
14799291,14591748,2015-01-07,CIP
14799295,62033709,2014-08-06,PRO
14799295,62033713,2014-08-06,PRO
14799296,PCT/CN2013/070713,2013-01-18,CON
14799298,12683727,2010-01-07,CON
14799304,61779911,2013-03-13,PRO
14799304,14206876,2014-03-12,CON
14799306,60641562,2005-01-05,PRO
14799306,11097719,2005-03-31,CON
14799306,13538702,2012-06-29,CON
14799308,62029150,2014-07-25,PRO
14799311,14337783,2014-07-22,CIP
14799312,62031840,2014-07-31,PRO
14799312,62066334,2014-10-20,PRO
14799312,62081440,2014-11-18,PRO
14799316,13201767,2011-08-16,CON
14799316,PCT/JP2010/001008,2010-02-17,NST
14799321,60585177,2004-07-01,PRO
14799321,11140540,2005-05-26,DIV
14799321,13312103,2011-12-06,CON
14799321,14095042,2013-12-03,CON
14799323,14041115,2013-09-30,CON
14799325,62031840,2014-07-31,PRO
14799325,62066334,2014-10-20,PRO
14799325,62081440,2014-11-18,PRO
14799328,12837409,2010-07-15,CON
14799328,13941287,2013-07-12,CON
14799328,PCT/US2009/000319,2009-01-15,CIP
14799329,60713203,2005-08-31,PRO
14799329,60815191,2006-06-20,PRO
14799329,PCT/US06/33724,2006-08-29,NST
14799329,12065257,2008-08-29,CON
14799330,PCT/AU2014/000023,2014-01-15,CON
14799332,62025502,2014-07-17,PRO
14799333,61455827,2010-10-27,PRO
14799333,13317725,2011-10-26,CON
14799337,13985553,2013-08-14,DIV
14799337,PCT/JP2012/053905,2012-02-14,NST
14799340,09684389,2000-10-10,CON
14799340,11088941,2005-03-25,CON
14799340,11980724,2007-10-31,CON
14799340,12461919,2009-08-27,CON
14799340,13086076,2011-04-13,CON
14799340,13617850,2012-09-14,CON
14799340,13939918,2013-07-11,CON
14799340,14093207,2013-11-29,CON
14799340,14282550,2014-05-20,CON
14799340,14473354,2014-08-29,CON
14799340,14610732,2015-01-30,CON
14799343,62031840,2014-07-31,PRO
14799343,62066334,2014-10-20,PRO
14799343,62081440,2014-11-18,PRO
14799344,61780520,2013-03-13,PRO
14799344,13901406,2013-05-23,CON
14799345,62024395,2014-07-14,PRO
14799346,60951655,2007-07-24,PRO
14799346,12179301,2008-07-24,CON
14799347,62024901,2014-07-15,PRO
14799349,62024137,2014-07-14,PRO
14799353,62024645,2014-07-15,PRO
14799354,13844813,2013-03-16,DIV
14799355,61552582,2011-10-28,PRO
14799355,61621198,2012-04-06,PRO
14799355,61700908,2012-09-14,PRO
14799355,13661342,2012-10-26,CON
14799356,13902834,2013-05-26,CIP
14799357,10615333,2003-07-08,CON
14799357,11371242,2006-01-23,CON
14799357,12983823,2011-01-03,CON
14799357,14216583,2014-03-17,CON
14799359,12845120,2010-07-28,CON
14799359,13740819,2013-01-14,CON
14799361,13919880,2013-06-17,CON
14799362,13980368,2013-09-06,CON
14799362,PCT/US2012/028289,2012-03-08,NST
14799364,60582928,2004-06-25,PRO
14799364,60582760,2004-06-25,PRO
14799364,60582959,2004-06-25,PRO
14799364,60582952,2004-06-25,PRO
14799364,11167903,2005-06-27,CON
14799364,12660534,2010-03-01,CON
14799364,13535817,2012-06-28,CON
14799364,13733360,2013-01-03,DIV
14799365,62031840,2014-07-31,PRO
14799365,62066334,2014-10-20,PRO
14799365,62081440,2014-11-18,PRO
14799370,62033819,2014-08-06,PRO
14799370,62034103,2014-08-06,PRO
14799371,62030532,2014-07-29,PRO
14799374,62037495,2014-08-14,PRO
14799378,60851659,2006-10-13,PRO
14799378,11974425,2007-10-12,CON
14799381,PCT/CN2013/070414,2013-01-14,CON
14799385,29484775,2014-03-12,CIP
14799385,62024467,2014-07-15,PRO
14799385,62024478,2014-07-15,PRO
14799385,62156191,2015-05-02,PRO
14799386,61288011,2009-12-18,PRO
14799386,12964380,2010-12-09,CIP
14799386,13719561,2012-12-19,CON
14799386,14226681,2014-03-26,CON
14799387,62033700,2014-08-06,PRO
14799388,60576566,2004-06-03,PRO
14799388,60646296,2005-01-24,PRO
14799388,60656470,2005-02-24,PRO
14799388,11145331,2005-06-03,DIV
14799389,62039817,2014-08-20,PRO
14799391,13790988,2013-03-08,CIP
14799392,61605598,2012-03-01,PRO
14799392,13741598,2013-01-15,CON
14799393,62024759,2014-07-15,PRO
14799396,11964844,2007-12-27,CON
14799396,13755041,2013-01-31,CON
14799397,61438144,2011-01-31,PRO
14799397,13351088,2012-01-16,CON
14799400,13804074,2013-03-14,CON
14799401,13738688,2013-01-10,CIP
14799403,13306015,2011-11-29,CON
14799404,13668116,2012-11-02,CON
14799405,61785225,2013-03-14,PRO
14799405,14209860,2014-03-13,DIV
14799409,13560212,2012-07-27,CON
14799410,13435802,2012-03-30,DIV
14799411,13070169,2011-03-23,DIV
14799411,13918637,2013-06-14,DIV
14799411,14248858,2014-04-09,DIV
14799413,62024537,2014-07-15,PRO
14799413,62045088,2014-09-03,PRO
14799413,62080623,2014-11-17,PRO
14799418,PCT/CN2013/070465,2013-01-15,CON
14799419,61323796,2010-04-13,PRO
14799419,61323801,2010-04-13,PRO
14799419,61323816,2010-04-13,PRO
14799419,13086389,2011-04-13,CON
14799421,62025417,2014-07-16,PRO
14799421,62025427,2014-07-16,PRO
14799424,62024169,2014-07-14,PRO
14799425,62024463,2014-07-14,PRO
14799426,11964844,2007-12-27,CON
14799426,13755041,2013-01-31,CON
14799430,12305870,2010-06-11,CON
14799430,PCT/EP2007/057392,2007-07-17,NST
14799431,13644356,2012-10-04,CIP
14799431,13708835,2012-12-07,CIP
14799431,14527594,2014-10-29,CIP
14799431,14581821,2014-12-23,CIP
14799435,14078286,2013-11-12,DIV
14799438,13266119,2012-02-15,CON
14799438,14160463,2014-01-21,CON
14799438,14552413,2014-11-24,CON
14799438,PCT/AU2010/000470,2010-04-23,NST
14799439,62024448,2014-07-14,PRO
14799439,62090582,2014-12-11,PRO
14799439,62173258,2015-06-09,PRO
14799440,13414544,2012-03-07,CON
14799440,14224887,2014-03-25,CON
14799441,61104380,2008-10-10,PRO
14799441,61194766,2008-09-30,PRO
14799441,12571174,2009-09-30,CON
14799441,14157402,2014-01-16,CON
14799443,13696052,2012-11-02,CON
14799443,14455236,2014-08-08,CON
14799443,PCT/CN2011/072389,2011-04-01,NST
14799447,14020824,2013-09-07,CIP
14799450,61437433,2011-01-28,PRO
14799450,13360579,2012-01-27,DIV
14799450,14221827,2014-03-21,CON
14799451,12287440,2008-10-08,CIP
14799451,12378496,2009-02-17,CIP
14799451,12655859,2010-01-07,CON
14799453,13706002,2012-12-05,DIV
14799453,14281100,2014-05-19,CON
14799458,13430051,2012-03-26,CIP
14799459,62024816,2014-07-15,PRO
14799464,13644356,2012-10-04,CIP
14799464,13708835,2012-12-07,CIP
14799464,14527594,2014-10-29,CIP
14799464,14581821,2014-12-23,CIP
14799465,62024413,2014-07-14,PRO
14799466,62023956,2014-07-14,PRO
14799467,13948980,2013-07-23,DIV
14799468,11934656,2007-11-02,CON
14799468,12534537,2009-08-03,CON
14799468,13224150,2011-09-01,CON
14799468,13844256,2013-03-15,CON
14799468,14606941,2015-01-27,CON
14799471,13624627,2012-09-21,DIV
14799473,62024346,2014-07-14,PRO
14799475,60729678,2005-10-24,PRO
14799475,11585725,2006-10-24,CON
14799475,12251336,2008-10-14,CON
14799475,13311952,2011-12-06,CON
14799475,13735577,2013-01-07,CON
14799475,14321535,2014-07-01,CON
14799478,61861960,2013-08-02,PRO
14799478,62024381,2014-07-14,PRO
14799478,14446149,2014-07-29,CIP
14799479,62024440,2014-07-14,PRO
14799479,14491259,2014-09-19,CIP
14799479,14799223,2015-07-14,CIP
14799481,62024060,2014-07-14,PRO
14799482,60563727,2004-04-20,PRO
14799482,11110653,2005-04-20,CON
14799482,13021594,2011-02-04,CON
14799482,13619168,2012-09-14,CON
14799482,13797365,2013-03-12,CON
14799484,62024179,2014-07-14,PRO
14799484,14635197,2015-03-02,CON
14799484,14716152,2015-05-19,CIP
14799486,12740350,2010-11-03,CON
14799486,13208933,2011-08-12,CON
14799486,PCT/US2009/056754,2009-09-11,NST
14799488,PCT/EP2013/050598,2013-01-14,CON
14799490,13448253,2012-04-16,CON
14799492,61606995,2012-03-06,PRO
14799492,61609875,2012-03-12,PRO
14799492,61672257,2012-07-16,PRO
14799492,61672661,2012-07-17,PRO
14799492,61673254,2012-07-19,PRO
14799492,61674691,2012-07-23,PRO
14799492,61676275,2012-07-26,PRO
14799492,13598582,2012-08-29,CIP
14799492,13784573,2013-03-04,DIV
14799495,61773084,2013-03-05,PRO
14799495,14196123,2014-03-04,CIP
14799495,14341657,2014-07-25,CIP
14799496,62028241,2014-07-23,PRO
14799497,60127178,1999-03-30,PRO
14799497,09422121,1999-10-20,CIP
14799497,60347181,2002-01-08,PRO
14799497,10339700,2003-01-08,CON
14799497,12360102,2009-01-26,CON
14799497,12806661,2010-08-17,CON
14799497,13686806,2012-11-27,CON
14799499,62024377,2014-07-14,PRO
14799503,PCT/EP2014/050445,2014-01-13,CON
14799506,62035959,2014-08-11,PRO
14799507,62024440,2014-07-14,PRO
14799507,14491259,2014-09-19,CIP
14799507,14799223,2015-07-14,CIP
14799507,14799479,2015-07-14,CON
14799509,PCT/JP2014/000274,2014-01-21,CON
14799512,11238724,2005-09-29,CON
14799512,13485570,2012-05-31,CON
14799513,62024342,2014-07-14,PRO
14799514,62024714,2014-07-15,PRO
14799515,62039284,2014-08-19,PRO
14799516,13684145,2012-11-21,DIV
14799519,14490249,2014-09-18,CIP
14799519,PCT/AU2013/000903,2013-08-14,CON
14799520,60347181,2002-01-08,PRO
14799520,10339700,2003-01-08,CON
14799520,12360102,2009-01-26,CON
14799520,12806661,2010-08-17,CON
14799520,13686806,2012-11-27,CON
14799522,61302516,2010-02-08,PRO
14799522,13023505,2011-02-08,CON
14799522,14138635,2013-12-23,CON
14799523,61588565,2012-01-19,PRO
14799523,13744102,2013-01-17,CON
14799527,62024989,2014-07-15,PRO
14799527,62028250,2014-07-23,PRO
14799528,60937552,2007-06-28,PRO
14799528,60999619,2007-10-19,PRO
14799528,12028400,2008-02-08,CON
14799528,12037256,2008-02-26,CON
14799528,13555034,2012-07-20,CON
14799528,14198043,2014-03-05,CON
14799532,10943400,2004-09-17,DIV
14799532,11870234,2007-10-10,CON
14799532,13229441,2011-09-09,CON
14799532,14025497,2013-09-12,DIV
14799532,PCT/US2003/033058,2003-10-17,CON
14799533,12481439,2009-06-09,CON
14799537,62024164,2014-07-14,PRO
14799539,60291947,2001-05-18,PRO
14799539,60293109,2001-05-22,PRO
14799539,09908182,2001-07-17,DIV
14799539,11773207,2007-07-03,DIV
14799544,13654456,2012-10-18,DIV
14799547,62024323,2014-07-14,PRO
14799547,62024423,2014-07-14,PRO
14799550,13814503,2013-02-05,CIP
14799550,PCT/CN2010/000785,2010-06-02,NST
14799552,62024014,2014-07-14,PRO
14799568,61999870,2014-08-08,PRO
14799568,62230408,2015-06-05,PRO
14799577,12661787,2010-03-24,CON
14799577,14177226,2014-02-11,CON
14799579,13471481,2012-05-15,CON
14799581,PCT/JP2014/082718,2014-12-10,CON
14799585,13005545,2011-01-13,CON
14799586,62025493,2014-07-17,PRO
14799590,PCT/JP2014/000077,2014-01-10,CON
14799595,62024987,2014-07-15,PRO
14799597,14211051,2014-03-14,CON
14799598,13303245,2011-11-23,DIV
14799598,PCT/NL2010/000068,2010-04-15,CIP
14799598,PCT/NL2010/000075,2010-05-06,CIP
14799603,14126572,2014-01-28,CON
14799603,PCT/GB2012/050897,2012-04-24,NST
14799607,13152850,2011-06-03,CON
14799613,PCT/JP2013/072364,2013-08-22,CON
14799617,62025515,2014-07-17,PRO
14799618,62025423,2014-07-16,PRO
14799621,62026087,2014-07-18,PRO
14799621,62142691,2015-04-03,PRO
14799624,14070823,2013-11-04,DIV
14799626,62025251,2014-07-16,PRO
14799629,60428356,2002-11-22,PRO
14799629,60428358,2002-11-22,PRO
14799629,60428450,2002-11-22,PRO
14799629,60428452,2002-11-22,PRO
14799629,60440693,2003-01-17,PRO
14799629,60440692,2003-01-17,PRO
14799629,60523712,2003-11-19,PRO
14799629,60523716,2003-11-19,PRO
14799629,10719680,2003-11-20,CIP
14799629,10720027,2003-11-20,CIP
14799629,10721800,2003-11-24,CIP
14799629,60574278,2004-05-24,PRO
14799629,60574616,2004-05-25,PRO
14799629,60582138,2004-06-22,PRO
14799629,60582728,2004-06-24,PRO
14799629,60582730,2004-06-24,PRO
14799629,60612352,2004-09-22,PRO
14799629,60626013,2004-11-05,PRO
14799629,60626230,2004-11-09,PRO
14799629,60643396,2005-01-12,PRO
14799629,11138070,2005-05-24,CON
14799629,12558919,2009-09-14,CON
14799629,13889036,2013-05-07,CON
14799631,12647345,2009-12-24,CON
14799632,13201114,2011-08-11,DIV
14799632,PCT/JP2010/001200,2010-02-23,NST
14799633,13695683,2013-03-08,DIV
14799633,PCT/EP2011/056887,2011-04-29,NST
14799636,62025265,2014-07-16,PRO
14799637,62038218,2014-08-16,PRO
14799640,PCT/US15/01174,2015-01-16,CON
14799655,12405498,2009-03-17,CON
14799656,10029559,2001-12-20,CON
14799656,10091641,2002-03-05,CON
14799656,11333595,2006-01-17,CON
14799656,12566104,2009-09-24,CON
14799656,13245652,2011-09-26,CON
14799658,09700559,2000-11-16,DIV
14799658,10366176,2003-02-13,CON
14799658,13599341,2012-08-30,CON
14799658,14268170,2014-05-02,CON
14799658,PCT/US1998/010841,1998-05-28,NST
14799660,62024789,2014-07-15,PRO
14799661,12551514,2009-08-31,CON
14799661,14293153,2014-06-02,CON
14799662,12578780,2009-10-14,DIV
14799665,09700559,2000-11-16,DIV
14799665,PCT/US98/10841,1998-05-28,NST
14799665,10366176,2003-02-13,CON
14799665,13599341,2012-08-30,CON
14799665,14268170,2014-05-02,CON
14799668,13340051,2011-12-29,CON
14799668,14303289,2014-06-12,CON
14799669,62024514,2014-07-15,PRO
14799671,10505440,2004-08-24,CON
14799671,PCT/EP03/01929,2003-02-26,NST
14799672,12730445,2010-03-24,CON
14799672,14198970,2014-03-06,CON
14799673,61693245,2012-08-24,PRO
14799673,61695541,2012-08-31,PRO
14799673,13975073,2013-08-23,CON
14799673,14518257,2014-10-20,CON
14799676,61455211,2010-10-15,PRO
14799676,13317280,2011-10-13,CIP
14799676,14275267,2014-05-12,CIP
14799676,62025691,2014-07-17,PRO
14799677,14036836,2013-09-25,DIV
14799681,61547305,2011-10-14,PRO
14799681,PCT/US12/59859,2012-10-12,NST
14799681,14350417,2014-04-08,DIV
14799684,62024652,2014-07-15,PRO
14799686,60428958,2002-11-25,PRO
14799686,60512841,2003-10-20,PRO
14799686,PCT/US03/37894,2003-11-25,NST
14799686,10550223,2006-06-09,CON
14799686,13946503,2013-07-19,CON
14799687,60883764,2007-01-05,PRO
14799687,60883768,2007-01-05,PRO
14799687,60883769,2007-01-05,PRO
14799687,61019440,2008-01-07,PRO
14799687,11970448,2008-01-07,CIP
14799687,61061852,2008-06-16,PRO
14799687,12350164,2009-01-07,CIP
14799687,61145756,2009-01-20,PRO
14799687,61149025,2009-02-02,PRO
14799687,61149027,2009-02-02,PRO
14799687,61150010,2009-02-05,PRO
14799687,61150053,2009-02-05,PRO
14799687,61150331,2009-02-06,PRO
14799687,61169316,2009-04-15,PRO
14799687,61235362,2009-08-20,PRO
14799687,61254214,2009-10-23,PRO
14799687,12690749,2010-01-20,CIP
14799687,61308704,2010-02-26,PRO
14799687,61310287,2010-03-04,PRO
14799687,61332413,2010-05-07,PRO
14799687,61380003,2010-09-03,PRO
14799687,61380155,2010-09-03,PRO
14799687,61386962,2010-09-27,PRO
14799687,61407454,2010-10-28,PRO
14799687,61431926,2011-01-12,PRO
14799687,13036783,2011-02-28,CIP
14799687,62024699,2014-07-15,PRO
14799687,62120378,2015-02-25,PRO
14799689,13912368,2013-06-07,CON
14799690,PCT/JP2014/050656,2014-01-16,CON
14799691,09700559,2000-11-16,DIV
14799691,PCT/US98/10841,1998-05-28,NST
14799691,10366176,2003-02-13,CON
14799691,13599341,2012-08-30,CON
14799691,14268170,2014-05-02,CON
14799692,10505440,2004-08-24,CON
14799692,PCT/EP03/01929,2003-02-26,NST
14799696,PCT/JP2013/050701,2013-01-16,CON
14799697,PCT/JP2014/053091,2014-02-10,CON
14799699,09700559,2000-11-16,DIV
14799699,PCT/US98/10841,1998-05-28,NST
14799699,10366176,2003-02-13,CON
14799699,13599341,2012-08-30,CON
14799699,14268170,2014-05-02,CON
14799701,10418373,2003-04-18,CON
14799701,11842792,2007-08-21,CON
14799701,12414568,2009-03-30,CON
14799701,13081705,2011-04-07,CON
14799701,13616441,2012-09-14,CON
14799701,14068978,2013-10-31,CON
14799703,62025119,2014-07-16,PRO
14799704,61788732,2013-03-15,PRO
14799704,14210037,2014-03-13,CIP
14799704,62024738,2014-07-15,PRO
14799705,61541642,2011-09-30,PRO
14799705,13628282,2012-09-27,CON
14799707,14233955,2014-01-21,CON
14799707,PCT/EP2012/003456,2012-08-13,NST
14799708,13327229,2011-12-15,DIV
14799710,61543477,2011-10-05,PRO
14799710,13632199,2012-10-01,CON
14799711,PCT/JP2014/050579,2014-01-15,CON
14799715,13838221,2013-03-15,CON
14799716,61999487,2014-07-29,PRO
14799718,61397111,2010-06-07,PRO
14799718,13702772,2013-06-06,CON
14799720,60887994,2007-02-02,PRO
14799720,61012310,2007-12-07,PRO
14799720,12024530,2008-02-01,CON
14799720,13484702,2012-05-31,CIP
14799720,14013918,2013-08-29,DIV
14799721,62027837,2014-07-23,PRO
14799727,PCT/JP2014/052695,2014-02-05,CON
14799728,61541644,2011-09-30,PRO
14799728,13628277,2012-09-27,CON
14799732,PCT/CN2014/073745,2014-03-20,CON
14799733,62026117,2014-07-18,PRO
14799738,14129321,2013-12-26,CON
14799738,PCT/KR2013/001486,2013-02-25,NST
14799740,61344150,2010-06-01,PRO
14799740,61457022,2010-12-09,PRO
14799740,61485109,2011-05-11,PRO
14799740,13149140,2011-05-31,DIV
14799740,13740684,2013-01-14,CON
14799740,14293307,2014-06-02,CON
14799743,61371110,2010-08-05,PRO
14799743,61406968,2010-10-26,PRO
14799743,13204504,2011-08-05,CON
14799744,PCT/IB2013/050368,2013-01-15,CON
14799744,PCT/IB2014/058224,2014-01-13,CON
14799744,PCT/IB2014/058225,2014-01-13,CON
14799745,61817661,2013-04-30,PRO
14799745,61819335,2013-05-03,PRO
14799745,13930988,2013-06-28,CON
14799746,PCT/JP2013/069267,2013-07-16,CON
14799750,62040706,2014-08-22,PRO
14799751,PCT/CN2013/070492,2013-01-15,CON
14799754,62027839,2014-07-23,PRO
14799755,62024866,2014-07-15,PRO
14799758,62024734,2014-07-15,PRO
14799762,61910172,2013-11-29,PRO
14799762,14193527,2014-02-28,CON
14799763,61788546,2013-03-15,PRO
14799763,13934143,2013-07-02,CON
14799764,62026773,2014-07-21,PRO
14799765,13687066,2012-11-28,CON
14799768,13623209,2012-09-20,DIV
14799769,62025603,2014-07-17,PRO
14799771,14360928,2014-05-27,CON
14799771,PCT/US2012/065133,2012-11-14,NST
14799774,60236973,2000-09-29,PRO
14799774,60284017,2001-04-16,PRO
14799774,09965610,2001-09-26,CON
14799774,12851808,2010-08-06,CON
14799774,13275498,2011-10-18,CON
14799774,13672057,2012-11-08,CON
14799774,13937365,2013-07-09,CON
14799774,14188909,2014-02-25,CON
14799774,14507981,2014-10-07,CON
14799777,14255092,2014-04-17,CON
14799778,61493923,2011-06-06,PRO
14799778,13490360,2012-06-06,CON
14799780,13562222,2012-07-30,CON
14799780,14291162,2014-05-30,CON
14799788,13318483,2012-01-17,DIV
14799788,PCT/GB2010/050710,2010-04-29,NST
14799792,13859514,2013-04-09,DIV
14799793,13575845,2012-10-16,CON
14799793,PCT/IB2011/050366,2011-01-27,NST
14799795,13875448,2013-05-02,CON
14799796,13806907,2012-12-26,DIV
14799796,14275153,2014-05-12,DIV
14799796,PCT/JP2011/064532,2011-06-24,NST
14799799,62026101,2014-07-18,PRO
14799800,13582967,2012-09-05,CON
14799800,PCT/EP11/62068,2011-07-14,NST
14799805,13728664,2012-12-27,CON
14799808,61459978,2010-12-22,PRO
14799808,13332985,2011-12-21,CON
14799813,62024629,2014-07-15,PRO
14799815,13476333,2012-05-21,CON
14799815,14540218,2014-11-13,CON
14799824,61382438,2010-09-13,PRO
14799824,61384612,2010-09-20,PRO
14799824,13231881,2011-09-13,CON
14799824,14334526,2014-07-17,CON
14799825,13571990,2012-08-10,CON
14799832,62041174,2014-08-25,PRO
14799833,13646270,2012-10-05,CIP
14799833,14594147,2015-01-11,CON
14799837,62024629,2014-07-15,PRO
14799839,62033310,2014-08-05,PRO
14799840,14374071,2014-07-23,DIV
14799840,PCT/FR2013/050136,2013-01-23,NST
14799844,62024602,2014-07-15,PRO
14799847,62025235,2014-07-16,PRO
14799849,12469381,2009-05-20,CIP
14799849,13633180,2012-10-02,CON
14799850,62024767,2014-07-15,PRO
14799863,60757704,2006-01-10,PRO
14799863,11478322,2006-06-29,DIV
14799863,12931151,2011-01-25,CON
14799863,14197573,2014-03-05,CON
14799866,11913907,2007-11-08,CON
14799866,PCT/JP2006/309434,2006-05-01,NST
14799869,13036210,2011-02-28,CON
14799870,60025898,1996-09-13,PRO
14799876,61624102,2012-04-13,PRO
14799876,13733046,2013-01-02,DIV
14799877,62026461,2014-07-18,PRO
14799878,14031089,2013-09-19,DIV
14799881,61449523,2011-03-04,PRO
14799881,13412584,2012-03-05,CON
14799884,13669850,2012-11-06,CON
14799888,62024565,2014-07-15,PRO
14799895,10512911,2004-10-29,CON
14799895,13926940,2013-06-25,CON
14799895,PCT/GB2003/001861,2003-04-29,NST
14799896,61972020,2014-03-28,PRO
14799896,14278762,2014-05-15,CON
14799896,14592007,2015-01-08,CON
14799898,13637670,2012-09-27,DIV
14799898,PCT/EP2011/053175,2011-03-03,NST
14799901,13024925,2011-02-10,CON
14799904,62025331,2014-07-16,PRO
14799908,PCT/EP2014/050940,2014-01-17,CIP
14799909,61424447,2010-12-17,PRO
14799909,13328997,2011-12-16,CON
14799914,62024720,2014-07-15,PRO
14799915,14225202,2014-03-25,CON
14799920,62019995,2014-07-15,PRO
14799923,PCT/JP2014/000214,2014-01-17,CON
14799926,60334235,2001-11-27,PRO
14799926,10305662,2002-11-26,CIP
14799926,10998199,2004-11-26,CON
14799926,12857635,2010-08-17,CIP
14799926,61412817,2010-11-12,PRO
14799926,13294538,2011-11-11,CON
14799929,13239637,2011-09-22,CON
14799930,62024828,2014-07-15,PRO
14799933,61323181,2010-04-12,PRO
14799933,13085156,2011-04-12,DIV
14799935,62025638,2014-07-17,PRO
14799937,13509117,2012-07-11,CON
14799937,PCT/US2010/056549,2010-11-12,NST
14799945,13657150,2012-10-22,DIV
14799946,PCT/CN2013/070805,2013-01-21,CON
14799947,14527871,2014-10-30,CON
14799948,13712294,2012-12-12,CON
14799952,13528808,2012-06-20,CON
14799953,62026544,2014-07-18,PRO
14799954,62026393,2014-07-18,PRO
14799955,13554635,2012-07-20,DIV
14799956,62028670,2014-07-24,PRO
14799959,13742517,2013-01-16,CON
14799962,61789033,2013-03-15,PRO
14799962,14181764,2014-02-17,CIP
14799963,62026175,2014-07-18,PRO
14799965,13343250,2012-01-04,DIV
14799966,10543327,2006-03-10,DIV
14799966,13655483,2012-10-19,CON
14799966,PCT/GB2004/000230,2004-01-22,NST
14799968,13561717,2012-07-30,DIV
14799969,62041181,2014-08-25,PRO
14799971,11545787,2006-10-11,DIV
14799971,14075783,2013-11-08,DIV
14799973,62027422,2014-07-22,PRO
14799975,62040493,2014-08-22,PRO
14799976,62025542,2014-07-17,PRO
14799979,62024595,2014-07-15,PRO
14799980,PCT/JP2014/053032,2014-02-10,CON
14799981,62024546,2014-07-15,PRO
14799983,62033829,2014-08-06,PRO
14799986,10860083,2004-06-03,CIP
14799986,11447266,2006-06-06,CON
14799986,12403056,2009-03-12,CON
14799986,13418115,2012-03-12,CON
14799988,62026843,2014-07-21,PRO
14799989,13701568,2013-02-19,CON
14799989,PCT/US2011/038780,2011-06-01,NST
14799993,62025230,2014-07-16,PRO
14799994,62032039,2014-08-01,PRO
14799998,13480441,2012-05-24,DIV
14799998,14489861,2014-09-18,DIV
14799998,14578945,2014-12-22,DIV
14800001,62024701,2014-07-15,PRO
14800002,14276522,2014-05-13,CON
14800002,14606395,2015-01-27,CON
14800003,61882498,2013-09-25,PRO
14800003,14494001,2014-09-23,CIP
14800003,14660523,2015-03-17,CIP
14800004,62025573,2014-07-17,PRO
14800006,61847424,2013-07-17,PRO
14800006,61925515,2014-01-09,PRO
14800006,61952408,2014-03-13,PRO
14800006,62003119,2014-05-27,PRO
14800006,14333373,2014-07-16,DIV
14800007,13736265,2013-01-08,CON
14800008,13554635,2012-07-20,DIV
14800016,61551137,2011-10-25,PRO
14800016,13659690,2012-10-24,CON
14800016,14272216,2014-05-07,CON
14800018,61609078,2012-03-09,PRO
14800018,13790048,2013-03-08,CON
14800020,13844125,2013-03-15,CON
14800020,14065332,2013-10-28,CON
14800020,14466882,2014-08-22,CON
14800023,62025146,2014-07-16,PRO
14800024,13494723,2012-06-12,CON
14800025,PCT/JP2014/002057,2014-04-09,CON
14800027,62025548,2014-07-17,PRO
14800028,09408443,1999-09-29,CIP
14800028,10665536,2003-09-22,CON
14800028,13682852,2012-11-21,CON
14800028,14540619,2014-11-13,CON
14800029,61357745,2010-06-23,PRO
14800029,13167654,2011-06-23,CON
14800029,14105778,2013-12-13,CON
14800031,14207765,2014-03-13,CON
14800032,12442934,2009-03-25,CON
14800032,13494825,2012-06-12,CIP
14800032,13840784,2013-03-15,DIV
14800032,PCT/US2007/079575,2007-09-26,NST
14800041,61256381,2009-10-30,PRO
14800041,PCT/US10/54929,2010-11-01,NST
14800041,13504438,2012-07-18,CON
14800042,61382749,2010-09-14,PRO
14800042,PCT/US11/47848,2011-08-16,NST
14800042,13816618,2013-04-26,DIV
14800045,PCT/CA2013/001075,2013-12-24,CON
14800046,62031895,2014-08-01,PRO
14800047,62024519,2014-07-15,PRO
14800049,62025041,2014-07-16,PRO
14800049,62036762,2014-08-13,PRO
14800050,13024392,2011-02-10,DIV
14800051,13534277,2012-06-27,DIV
14800056,14095008,2013-12-03,CON
14800063,61488844,2011-05-23,PRO
14800063,13474247,2012-05-17,DIV
14800063,14217607,2014-03-18,CON
14800066,13977001,2013-06-27,CON
14800066,PCT/US2012/032842,2012-04-10,NST
14800072,60990413,2007-11-27,PRO
14800072,12277817,2008-11-25,DIV
14800072,13524716,2012-06-15,CON
14800074,62024517,2014-07-15,PRO
14800076,62026316,2014-07-18,PRO
14800077,13318030,2012-02-01,CON
14800077,PCT/SE11/51158,2011-09-28,NST
14800079,11816016,2008-12-19,CON
14800079,PCT/ES2005/000669,2005-12-09,NST
14800081,62024524,2014-07-15,PRO
14800084,PCT/JP2014/002054,2014-04-09,CON
14800088,62025223,2014-07-16,PRO
14800089,13428422,2012-03-23,DIV
14800092,62024629,2014-07-15,PRO
14800093,61926407,2014-01-13,PRO
14800093,62023196,2014-07-11,PRO
14800093,62100467,2015-01-06,PRO
14800093,14594749,2015-01-12,CIP
14800094,09889016,2001-10-15,CON
14800094,11621775,2007-01-10,CON
14800094,12832143,2010-07-08,CON
14800094,14085365,2013-11-20,CON
14800094,PCT/JP00/07974,2000-11-10,NST
14800096,62026577,2014-07-18,PRO
14800098,61804794,2013-03-25,PRO
14800098,61823042,2013-05-14,PRO
14800098,14276000,2014-05-13,DIV
14800098,14608828,2015-01-29,CIP
14800102,62024648,2014-07-15,PRO
14800106,62025283,2014-07-16,PRO
14800109,62024582,2014-07-15,PRO
14800109,62026847,2014-07-21,PRO
14800109,62041249,2014-08-25,PRO
14800109,62043016,2014-08-28,PRO
14800109,62056805,2014-09-29,PRO
14800113,62025285,2014-07-16,PRO
14800115,62026269,2014-07-18,PRO
14800116,13194394,2011-07-29,CON
14800117,13683774,2012-11-21,DIV
14800118,13956432,2013-08-01,CON
14800119,13705496,2012-12-05,CON
14800119,13784304,2013-03-04,CON
14800121,61538034,2011-09-22,PRO
14800121,61539865,2011-09-27,PRO
14800121,61597000,2012-02-09,PRO
14800121,13624760,2012-09-21,CON
14800123,13884214,2013-07-22,DIV
14800123,PCT/ES2011/000124,2011-04-14,NST
14800126,62024577,2014-07-15,PRO
14800130,13026036,2011-02-11,DIV
14800130,PCT/CA2009/001118,2009-08-11,CON
14800131,62025282,2014-07-16,PRO
14800131,62025320,2014-07-16,PRO
14800133,62025313,2014-07-16,PRO
14800134,61595563,2012-02-06,PRO
14800134,61642983,2012-05-04,PRO
14800134,13760823,2013-02-06,CON
14800135,60907609,2007-04-11,PRO
14800135,12081114,2008-04-10,DIV
14800138,14231692,2014-03-31,CON
14800139,13131824,2011-05-27,DIV
14800139,PCT/SE2008/000671,2008-11-28,NST
14800143,62024852,2014-07-15,PRO
14800145,62024696,2014-07-15,PRO
14800147,62037464,2014-08-14,PRO
14800150,61646223,2012-05-11,PRO
14800150,13631213,2012-09-28,CON
14800151,13544601,2012-07-09,CON
14800154,13537600,2012-06-29,CON
14800154,13758134,2013-02-04,CON
14800156,60453800,2003-03-10,PRO
14800156,PCT/US04/07434,2004-03-10,NST
14800156,10547530,2005-08-31,DIV
14800156,12252200,2008-10-15,CON
14800156,14565676,2014-12-10,CON
14800157,62027333,2014-07-22,PRO
14800159,PCT/JP2013/084914,2013-12-26,CON
14800160,PCT/JP2014/000293,2014-01-22,CON
14800161,62025131,2014-07-16,PRO
14800162,62024733,2014-07-15,PRO
14800166,13085939,2011-04-13,CON
14800170,62024505,2014-07-15,PRO
14800172,13538144,2012-06-29,CON
14800173,60676077,2005-04-28,PRO
14800173,11413499,2006-04-28,CON
14800174,60825838,2006-09-15,PRO
14800174,11853575,2007-09-11,DIV
14800174,13680441,2012-11-19,DIV
14800175,62028670,2014-07-24,PRO
14800177,62030041,2014-07-28,PRO
14800177,62112093,2015-02-04,PRO
14800177,62157770,2015-05-06,PRO
14800178,12013567,2008-01-14,CON
14800178,13218620,2011-08-26,CON
14800181,62024586,2014-07-15,PRO
14800183,61666605,2012-06-29,PRO
14800183,13930176,2013-06-28,DIV
14800186,13925414,2013-06-24,DIV
14800188,61427747,2010-12-28,PRO
14800188,13338753,2011-12-28,CON
14800189,61760825,2013-02-05,PRO
14800189,14172485,2014-02-04,CON
14800189,14551829,2014-11-24,CON
14800190,13705496,2012-12-05,CON
14800190,13784341,2013-03-04,CON
14800194,61752940,2013-01-15,PRO
14800194,61839280,2013-06-25,PRO
14800194,PCT/US14/11720,2014-01-15,CIP
14800194,PCT/US14/44116,2014-06-25,CIP
14800198,10708281,2004-02-22,CON
14800198,11376036,2006-03-15,CIP
14800198,60745398,2006-04-22,PRO
14800198,11738491,2007-04-22,CON
14800198,12651368,2009-12-31,CIP
14800198,13010762,2011-01-20,CON
14800200,62024655,2014-07-15,PRO
14800203,13544539,2012-07-09,DIV
14800209,62024498,2014-07-15,PRO
14800212,62024540,2014-07-15,PRO
14800214,62025260,2014-07-16,PRO
14800216,13891745,2013-05-10,CON
14800216,13891758,2013-05-10,CON
14800216,13891773,2013-05-10,CON
14800217,61474363,2011-04-12,PRO
14800217,13445731,2012-04-12,CON
14800218,PCT/CN2013/070526,2013-01-16,CON
14800221,62029031,2014-07-25,PRO
14800225,62025206,2014-07-16,PRO
14800228,13466721,2012-05-08,CON
14800228,14264444,2014-04-29,CON
14800229,61672953,2012-07-18,PRO
14800229,13926744,2013-06-25,CON
14800231,61170090,2009-04-16,PRO
14800231,PCT/US10/31492,2010-04-16,NST
14800231,13264453,2012-05-29,CON
14800232,62025635,2014-07-17,PRO
14800236,11613445,2006-12-20,DIV
14800236,13790921,2013-03-08,CON
14800236,14246622,2014-04-07,CON
14800236,14503869,2014-10-01,CON
14800237,61619041,2012-04-02,PRO
14800237,13542814,2012-07-06,CON
14800240,14307818,2014-06-18,CON
14800241,PCT/JP2013/051916,2013-01-29,CON
14800242,60542585,2004-02-05,PRO
14800242,10871120,2004-06-18,CON
14800246,62026306,2014-07-18,PRO
14800247,14199411,2014-03-06,DIV
14800248,62028515,2014-07-24,PRO
14800249,13789942,2013-03-08,CON
14800251,14192239,2014-02-27,DIV
14800253,61288562,2009-12-21,PRO
14800253,12971080,2010-12-17,CON
14800253,13466225,2012-05-08,DIV
14800253,14152106,2014-01-10,CON
14800256,13775935,2013-02-25,DIV
14800257,61357314,2010-06-22,PRO
14800257,61357317,2010-06-22,PRO
14800257,13166200,2011-06-22,CON
14800257,14715147,2015-05-18,CON
14800258,62031455,2014-07-31,PRO
14800261,13591231,2012-08-22,CON
14800263,61357314,2010-06-22,PRO
14800263,61357317,2010-06-22,PRO
14800263,13166171,2011-06-22,DIV
14800263,13945582,2013-07-18,CON
14800263,14638429,2015-03-04,CON
14800264,62025273,2014-07-16,PRO
14800266,13253879,2011-10-05,DIV
14800268,61714755,2012-10-17,PRO
14800268,14052134,2013-10-11,CIP
14800270,12439410,2009-11-09,DIV
14800270,PCT/EP2007/058978,2007-08-29,NST
14800273,62025380,2014-07-16,PRO
14800274,13127567,2011-05-04,CON
14800274,PCT/CN2009/000013,2009-01-06,NST
14800275,10503936,2004-08-16,CON
14800275,11954838,2007-12-12,CON
14800275,13476673,2012-05-21,CON
14800275,13757109,2013-02-01,CON
14800275,14587903,2014-12-31,CON
14800275,PCT/JP2003/013753,2003-10-28,NST
14800276,60483437,2003-06-27,PRO
14800276,10874054,2004-06-21,DIV
14800276,12165928,2008-07-01,DIV
14800276,12791133,2010-06-01,DIV
14800276,13289577,2011-11-04,DIV
14800276,13551080,2012-07-17,DIV
14800276,13782540,2013-03-01,DIV
14800276,14085072,2013-11-20,DIV
14800276,14546722,2014-11-18,DIV
14800279,61645431,2012-05-10,PRO
14800279,13594076,2012-08-24,CON
14800279,14493150,2014-09-22,CON
14800283,62024520,2014-07-15,PRO
14800285,62025330,2014-07-16,PRO
14800286,60557599,2004-03-29,PRO
14800286,11096082,2005-03-29,CON
14800286,13864953,2013-04-17,CON
14800288,13317658,2011-10-24,DIV
14800291,13049419,2011-03-16,REI
14800296,61695972,2012-08-31,PRO
14800296,14015325,2013-08-30,CON
14800299,13814923,2013-02-07,CON
14800299,PCT/JP2011/004699,2011-08-24,NST
14800301,62024664,2014-07-15,PRO
14800304,11692087,2007-03-27,CON
14800304,12757755,2010-04-09,CON
14800304,PCT/US2005/034743,2005-09-27,CON
14800306,61140879,2008-12-25,PRO
14800306,12646907,2009-12-23,DIV
14800306,13658582,2012-10-23,DIV
14800306,14504558,2014-10-02,DIV
14800309,12025984,2008-02-05,CON
14800311,12688773,2010-01-15,CON
14800311,14063610,2013-10-25,CON
14800312,62025288,2014-07-16,PRO
14800313,11788726,2007-04-20,CON
14800313,12641765,2009-12-18,CON
14800313,13568744,2012-08-07,CON
14800313,14268461,2014-05-02,CON
14800314,11553972,2006-10-27,CIP
14800314,12234569,2008-09-19,CIP
14800314,12843296,2010-07-26,CIP
14800314,13019208,2011-02-01,CON
14800314,PCT/CA2005/000812,2005-05-30,CIP
14800314,PCT/CA2007/001915,2007-10-25,CIP
14800315,60553320,2004-03-15,PRO
14800315,60635231,2004-12-10,PRO
14800315,11066745,2005-02-25,CON
14800315,12767222,2010-04-26,CON
14800315,13429838,2012-03-26,CON
14800315,13861804,2013-04-12,CON
14800315,14249638,2014-04-10,CON
14800315,14704183,2015-05-05,CON
14800316,62025790,2014-07-17,PRO
14800317,13430342,2012-03-26,CON
14800317,14299794,2014-06-09,CON
14800319,62024521,2014-07-15,PRO
14800322,13231177,2011-09-13,CON
14800322,14255170,2014-04-17,CON
14800323,62029145,2014-07-25,PRO
14800324,13120642,2011-03-23,CON
14800324,14243505,2014-04-02,CON
14800324,PCT/JP2009/065344,2009-09-02,NST
14800325,12312140,2009-04-28,DIV
14800325,PCT/US2007/023068,2007-10-31,NST
14800326,62024824,2014-07-15,PRO
14800328,09684389,2000-10-10,CON
14800328,11088941,2005-03-25,CON
14800328,11980724,2007-10-31,CON
14800328,12461919,2009-08-27,CON
14800328,13086076,2011-04-13,CON
14800328,13617850,2012-09-14,CON
14800328,13939918,2013-07-11,CON
14800328,14093207,2013-11-29,CON
14800328,14282550,2014-05-20,CON
14800328,14473354,2014-08-29,CON
14800328,14610732,2015-01-30,CON
14800330,13757615,2013-02-01,DIV
14800331,14152644,2014-01-10,CIP
14800331,14217902,2014-03-18,CIP
14800331,14262927,2014-04-28,CIP
14800331,14300689,2014-06-10,CIP
14800331,62024510,2014-07-15,PRO
14800331,14520835,2014-10-22,CIP
14800331,14520900,2014-10-22,CIP
14800335,60558499,2004-04-01,PRO
14800335,60558717,2004-04-01,PRO
14800335,60558370,2004-04-01,PRO
14800335,60558527,2004-04-01,PRO
14800335,60558789,2004-04-01,PRO
14800335,60558791,2004-04-01,PRO
14800335,60558760,2004-04-01,PRO
14800335,60559033,2004-04-02,PRO
14800335,60559087,2004-04-02,PRO
14800335,60558969,2004-04-01,PRO
14800335,60558968,2004-04-01,PRO
14800335,60558892,2004-04-01,PRO
14800335,60558867,2004-04-01,PRO
14800335,60559226,2004-04-01,PRO
14800335,60559279,2004-04-01,PRO
14800335,60559278,2004-04-01,PRO
14800335,60559277,2004-04-01,PRO
14800335,60559265,2004-04-01,PRO
14800335,60559131,2004-04-02,PRO
14800335,60559127,2004-04-02,PRO
14800335,60559125,2004-04-02,PRO
14800335,60558909,2004-04-02,PRO
14800335,60559766,2004-04-06,PRO
14800335,60559893,2004-04-06,PRO
14800335,60561768,2004-04-12,PRO
14800335,60563485,2004-04-19,PRO
14800335,60563520,2004-04-19,PRO
14800335,60564688,2004-04-23,PRO
14800335,60564846,2004-04-23,PRO
14800335,60566667,2004-04-30,PRO
14800335,60571381,2004-05-14,PRO
14800335,60571560,2004-05-14,PRO
14800335,60571715,2004-05-17,PRO
14800335,60589203,2004-07-19,PRO
14800335,60589201,2004-07-19,PRO
14800335,60589202,2004-07-19,PRO
14800335,60598821,2004-08-02,PRO
14800335,60602947,2004-08-18,PRO
14800335,60602956,2004-08-18,PRO
14800335,60603081,2004-08-19,PRO
14800335,60603082,2004-08-19,PRO
14800335,60602930,2004-08-18,PRO
14800335,60602925,2004-08-18,PRO
14800335,60602897,2004-08-18,PRO
14800335,60602896,2004-08-18,PRO
14800335,60602898,2004-08-18,PRO
14800335,60603358,2004-08-20,PRO
14800335,60603466,2004-08-19,PRO
14800335,60603498,2004-08-20,PRO
14800335,60604098,2004-08-23,PRO
14800335,60604100,2004-08-23,PRO
14800335,60604102,2004-08-23,PRO
14800335,60604103,2004-08-23,PRO
14800335,60605105,2004-08-27,PRO
14800335,60605229,2004-08-27,PRO
14800335,60613340,2004-09-27,PRO
14800335,60613341,2004-09-27,PRO
14800335,60613339,2004-09-27,PRO
14800335,60613589,2004-09-27,PRO
14800335,60613243,2004-09-27,PRO
14800335,60613242,2004-09-27,PRO
14800335,60613634,2004-09-27,PRO
14800335,60613633,2004-09-27,PRO
14800335,60613632,2004-09-27,PRO
14800335,60613628,2004-09-27,PRO
14800335,60613602,2004-09-27,PRO
14800335,60613400,2004-09-27,PRO
14800335,60613361,2004-09-27,PRO
14800335,60613456,2004-09-27,PRO
14800335,60613455,2004-09-27,PRO
14800335,60613454,2004-09-27,PRO
14800335,60613461,2004-09-27,PRO
14800335,60613460,2004-09-27,PRO
14800335,60615378,2004-10-01,PRO
14800335,60615112,2004-10-01,PRO
14800335,60615538,2004-10-01,PRO
14800335,60617122,2004-10-07,PRO
14800335,60622906,2004-10-28,PRO
14800335,11004637,2004-12-03,CIP
14800335,11097103,2005-04-01,CON
14800335,12538731,2009-08-10,CON
14800335,13031316,2011-02-21,CON
14800335,13614770,2012-09-13,CON
14800335,14302023,2014-06-11,CON
14800336,13173732,2011-06-30,CON
14800336,14041809,2013-09-30,CON
14800338,61601923,2012-02-22,PRO
14800338,13773176,2013-02-21,DIV
14800339,13660779,2012-10-25,DIV
14800340,14178010,2014-02-11,DIV
14800341,11854830,2007-09-13,DIV
14800341,13588301,2012-08-17,CON
14800342,60213122,2000-06-22,PRO
14800342,09795685,2001-02-28,CON
14800342,12776015,2010-05-07,CON
14800342,14082069,2013-11-15,CON
14800344,12577619,2009-10-12,CIP
14800345,11219996,2005-09-06,CON
14800345,12179063,2008-07-24,CON
14800345,13356852,2012-01-24,CON
14800345,13744048,2013-01-17,CON
14800345,14445785,2014-07-29,CON
14800347,13549178,2012-07-13,CON
14800349,09684389,2000-10-10,CON
14800349,11088941,2005-03-25,CON
14800349,11980724,2007-10-31,CON
14800349,12461919,2009-08-27,CON
14800349,13086076,2011-04-13,CON
14800349,13617850,2012-09-14,CON
14800349,13939918,2013-07-11,CON
14800349,14093207,2013-11-29,CON
14800349,14282550,2014-05-20,CON
14800349,14473354,2014-08-29,CON
14800349,14610732,2015-01-30,CON
14800350,13461351,2012-05-01,CON
14800350,14556958,2014-12-01,CON
14800351,13764031,2013-02-11,CON
14800352,61563294,2011-11-23,PRO
14800352,13683662,2012-11-21,DIV
14800355,61687333,2012-04-23,PRO
14800355,13862619,2013-04-15,CIP
14800355,61880001,2013-09-19,PRO
14800355,61888793,2013-10-09,PRO
14800355,61970161,2014-03-25,PRO
14800355,14482369,2014-09-10,CON
14800357,PCT/JP2014/051801,2014-01-28,CON
14800358,62024515,2014-07-15,PRO
14800359,13926433,2013-06-25,CON
14800368,12143255,2008-06-20,DIV
14800369,62025397,2014-07-16,PRO
14800370,13290852,2011-11-07,CON
14800373,PCT/CN2013/070721,2013-01-18,CON
14800374,12912476,2010-10-26,CIP
14800374,61664940,2012-06-27,PRO
14800374,13659066,2012-10-24,DIV
14800376,13793962,2013-03-11,CON
14800377,62024874,2014-07-15,PRO
14800378,61010619,2008-01-09,PRO
14800378,12165554,2008-06-30,DIV
14800378,13559495,2012-07-26,CON
14800379,62024559,2014-07-15,PRO
14800382,13265298,2011-10-19,CON
14800382,PCT/JP2010/002611,2010-04-09,NST
14800383,12750359,2010-03-30,CON
14800383,13708266,2012-12-07,CON
14800384,62024650,2014-07-15,PRO
14800385,13687825,2012-11-28,CON
14800388,62025267,2014-07-16,PRO
14800388,62130234,2015-03-09,PRO
14800389,60491521,2003-08-01,PRO
14800389,10669791,2003-09-25,CIP
14800389,10981733,2004-11-05,CIP
14800389,11014234,2004-12-17,CON
14800390,13131824,2011-05-27,DIV
14800390,PCT/SE2008/000671,2008-11-28,NST
14800391,13118339,2011-05-27,CON
14800396,12949132,2010-11-18,CON
14800396,14457203,2014-08-12,CON
14800397,62025115,2014-07-16,PRO
14800399,61150590,2009-02-06,PRO
14800399,12701390,2010-02-05,REI
14800401,62024816,2014-07-15,PRO
14800404,13829612,2013-03-14,CON
14800404,14074373,2013-11-07,CON
14800407,12574614,2009-10-06,CON
14800408,60979056,2007-10-10,PRO
14800408,60982265,2007-10-24,PRO
14800408,61023528,2008-01-25,PRO
14800408,12248303,2008-10-09,CON
14800409,12912638,2010-10-26,DIV
14800410,14279800,2014-05-16,CON
14800410,14280582,2014-05-17,CIP
14800410,14666673,2015-03-24,CIP
14800411,09566514,2000-05-08,CIP
14800411,10011264,2001-12-07,REI
14800411,11397887,2006-03-29,CON
14800411,13331675,2011-12-20,CON
14800411,14172631,2014-02-04,CON
14800413,61345559,2010-05-17,PRO
14800413,13108832,2011-05-16,CON
14800413,14245756,2014-04-04,CON
14800415,61501291,2011-06-27,PRO
14800415,13533025,2012-06-26,CON
14800415,14250099,2014-04-10,CON
14800415,14575335,2014-12-18,CON
14800418,PCT/JP2014/074917,2014-09-19,CIP
14800420,61450027,2011-03-07,PRO
14800420,13414631,2012-03-07,DIV
14800423,61506384,2011-07-11,PRO
14800423,13546831,2012-07-11,CON
14800425,12999836,2010-12-17,CON
14800425,14579286,2014-12-22,CON
14800425,PCT/KR2009/003264,2009-06-18,NST
14800432,PCT/JP2014/050555,2014-01-15,CON
14800434,61158997,2009-03-10,PRO
14800434,12720986,2010-03-10,DIV
14800434,13919938,2013-06-17,DIV
14800435,13361725,2012-01-30,CON
14800437,61614888,2012-03-23,PRO
14800437,13842496,2013-03-15,CIP
14800437,14569089,2014-12-12,CON
14800440,PCT/US2014/012289,2014-01-21,CON
14800448,62024980,2014-07-15,PRO
14800448,62068518,2014-10-24,PRO
14800453,62025437,2014-07-16,PRO
14800457,10551217,2006-12-12,CON
14800457,12269418,2008-11-12,CON
14800457,13176222,2011-07-05,DIV
14800457,14065587,2013-10-29,DIV
14800457,PCT/US2004/009704,2004-03-31,NST
14800460,61324156,2010-04-14,PRO
14800460,13085395,2011-04-12,DIV
14800463,PCT/CN2013/070480,2013-01-15,CON
14800466,62024750,2014-07-15,PRO
14800467,60966706,2007-08-29,PRO
14800467,12201008,2008-08-29,DIV
14800467,13590669,2012-08-21,CON
14800467,14015338,2013-08-30,DIV
14800467,14306878,2014-06-17,CON
14800471,62025335,2014-07-16,PRO
14800472,62025426,2014-07-16,PRO
14800473,61371596,2010-08-06,PRO
14800473,13204559,2011-08-05,DIV
14800474,12837409,2010-07-15,CON
14800474,13941276,2013-07-12,CON
14800474,PCT/US2009/000319,2009-01-15,CIP
14800475,61746505,2012-12-27,PRO
14800475,61777674,2013-03-12,PRO
14800475,14138965,2013-12-23,CON
14800476,13806642,2012-12-21,CON
14800476,PCT/KR2011/004492,2011-06-20,NST
14800480,62025432,2014-07-16,PRO
14800484,11577299,2007-11-28,CIP
14800484,12169406,2008-07-08,CON
14800484,13279099,2011-10-21,CIP
14800484,PCT/CA2005/001601,2005-10-17,NST
14800485,13386252,2012-07-31,CON
14800485,PCT/US2010/042930,2010-07-22,NST
14800486,60491521,2003-08-01,PRO
14800486,10669791,2003-09-25,CIP
14800486,10981733,2004-11-05,CIP
14800486,11014235,2004-12-17,CIP
14800486,11132429,2005-05-19,CON
14800487,PCT/CN2014/083957,2014-08-08,CON
14800488,62025241,2014-07-16,PRO
14800493,10885489,2004-07-07,CON
14800493,12289591,2008-10-30,CON
14800493,13685410,2012-11-26,CON
14800495,61999190,2014-07-19,PRO
14800497,61321780,2010-04-07,PRO
14800497,13071452,2011-03-24,CON
14800498,62025432,2014-07-16,PRO
14800500,PCT/CN2013/073523,2013-03-30,CON
14800501,13133889,2011-11-01,CON
14800501,PCT/US2009/067565,2009-12-10,NST
14800507,PCT/CN2014/076129,2014-04-24,CON
14800509,11425883,2006-06-22,CON
14800509,12772232,2010-05-02,DIV
14800509,14466146,2014-08-22,CON
14800510,61999060,2014-07-15,PRO
14800511,62026647,2014-07-20,PRO
14800512,13744177,2013-01-17,DIV
14800515,61439940,2011-02-07,PRO
14800515,13211247,2011-08-16,CON
14800515,14260145,2014-04-23,CON
14800520,61762894,2013-02-09,PRO
14800520,13888584,2013-05-07,CON
14800524,61675492,2012-07-25,PRO
14800524,PCT/US13/52106,2013-07-25,CIP
14800524,PCT/US13/52108,2013-07-25,CIP
14800524,13951244,2013-07-25,CIP
14800524,13951244,2013-07-25,CON
14800524,13951248,2013-07-25,CIP
14800524,PCT/US15/20266,2015-03-12,CON
14800524,14656554,2015-03-12,CON
14800524,14726707,2015-06-01,CIP
14800525,60927032,2007-04-30,PRO
14800525,12107580,2008-04-22,DIV
14800525,13163548,2011-06-17,DIV
14800525,13961795,2013-08-07,DIV
14800526,61871232,2013-08-28,PRO
14800526,61952036,2014-03-12,PRO
14800526,62012237,2014-06-13,PRO
14800526,14472363,2014-08-28,CON
14800527,62035611,2014-08-11,PRO
14800530,61021897,2008-01-18,PRO
14800530,12357262,2009-01-21,CIP
14800530,61495848,2011-06-10,PRO
14800530,13492785,2012-06-08,CON
14800532,61610354,2012-03-13,PRO
14800532,61723262,2012-11-06,PRO
14800532,13787243,2013-03-06,CIP
14800532,62024700,2014-07-15,PRO
14800533,62038390,2014-08-18,PRO
14800533,62038392,2014-08-18,PRO
14800536,14461159,2014-08-15,CIP
14800536,14682014,2015-04-08,CIP
14800536,14697537,2015-04-27,CIP
14800536,62187737,2015-07-01,CON
14800538,61993953,2014-05-15,PRO
14800538,14299976,2014-06-09,CIP
14800538,14464551,2014-08-20,CON
14800540,13493839,2012-06-11,CON
14800545,PCT/CN2014/070038,2014-01-02,CON
14800548,62026546,2014-07-18,PRO
14800549,61083436,2008-07-24,PRO
14800549,61103085,2008-10-06,PRO
14800549,12508907,2009-07-24,DIV
14800549,13750964,2013-01-25,CON
14800551,13374799,2012-01-13,CIP
14800551,13838717,2013-03-15,CON
14800551,14034528,2013-09-23,CON
14800551,14489316,2014-09-17,CON
14800551,PCT/US2013/021414,2013-01-14,CIP
14800554,62024825,2014-07-15,PRO
14800555,61999073,2014-07-16,PRO
14800556,60911691,2007-04-13,PRO
14800556,12102555,2008-04-14,CON
14800556,14087056,2013-11-22,CON
14800558,62024910,2014-07-15,PRO
14800560,61999104,2014-07-16,PRO
14800562,62024842,2014-07-15,PRO
14800565,62024918,2014-07-15,PRO
14800569,PCT/US2014/012018,2014-01-17,CON
14800581,61050206,2008-05-03,PRO
14800581,12434569,2009-05-01,CON
14800581,13753384,2013-01-29,CON
14800582,62025158,2014-07-16,PRO
14800582,62025162,2014-07-16,PRO
14800585,62025158,2014-07-16,PRO
14800585,62025162,2014-07-16,PRO
14800586,13714273,2012-12-13,DIV
14800590,60911684,2007-04-13,PRO
14800590,12099622,2008-04-08,CON
14800591,61240164,2009-09-04,PRO
14800591,12722454,2010-03-11,CON
14800591,13794415,2013-03-11,CON
14800604,13687304,2012-11-28,DIV
14800605,13421786,2012-03-15,DIV
14800608,14375771,2014-07-30,CON
14800608,PCT/EP2013/053029,2013-02-14,NST
14800610,62025247,2014-07-16,PRO
14800612,13361261,2012-01-30,DIV
14800620,13474633,2012-05-17,CIP
14800620,14293930,2014-06-02,CIP
14800620,62095708,2014-12-22,PRO
14800620,62106229,2015-01-22,PRO
14800620,14703783,2015-05-04,CIP
14800620,14789944,2015-07-01,CIP
14800621,62025447,2014-07-16,PRO
14800621,62025452,2014-07-16,PRO
14800624,62024471,2014-07-15,PRO
14800629,62024949,2014-07-15,PRO
14800633,62024560,2014-07-15,PRO
14800636,62024967,2014-07-15,PRO
14800639,60707548,2005-08-12,PRO
14800639,11503260,2006-08-14,CON
14800639,12345129,2008-12-29,DIV
14800644,62025003,2014-07-15,PRO
14800648,62025441,2014-07-16,PRO
14800648,62025453,2014-07-16,PRO
14800648,62025958,2014-07-17,PRO
14800648,62025961,2014-07-17,PRO
14800648,62193002,2015-07-15,PRO
14800651,60908188,2007-03-27,PRO
14800651,12057030,2008-03-27,CON
14800653,62025412,2014-07-16,PRO
14800676,13372336,2012-02-13,CON
14800680,61569755,2011-12-12,PRO
14800680,13586664,2012-08-15,CON
14800682,61546039,2011-10-11,PRO
14800682,61555468,2011-11-03,PRO
14800682,13649131,2012-10-11,CIP
14800682,13666993,2012-11-02,CON
14800687,62024886,2014-07-15,PRO
14800688,62024800,2014-07-15,PRO
14800692,62025081,2014-07-16,PRO
14800693,PCT/CN2013/071157,2013-01-30,CIP
14800694,14027817,2013-09-16,CON
14800699,62025907,2014-07-17,PRO
14800703,PCT/JP2014/050556,2014-01-15,CON
14800704,PCT/JP2014/000076,2014-01-10,CON
14800705,62025646,2014-07-17,PRO
14800708,12447470,2009-04-28,CON
14800708,14248419,2014-04-09,CON
14800708,PCT/IL2008/000070,2008-01-16,NST
14800712,12750671,2010-03-30,REI
14800716,62027801,2014-07-23,PRO
14800723,13816016,2013-02-12,DIV
14800723,PCT/KR2011/005837,2011-08-10,NST
14800725,12188816,2008-08-08,CON
14800725,13396316,2012-02-14,CON
14800725,13645726,2012-10-05,CIP
14800725,14053086,2013-10-14,CIP
14800734,62031478,2014-07-31,PRO
14800735,61693565,2012-08-27,PRO
14800735,13975481,2013-08-26,CON
14800736,PCT/JP2013/004547,2013-07-26,CON
14800737,13859174,2013-04-09,DIV
14800739,PCT/JP2014/000325,2014-01-23,CON
14800746,13859174,2013-04-09,DIV
14800749,PCT/JP2014/051149,2014-01-21,CON
14800752,14445773,2014-07-29,CIP
14800753,10002641,2001-11-28,CIP
14800753,10341574,2003-01-13,CIP
14800753,10773906,2004-02-06,CIP
14800753,11767070,2007-06-22,CIP
14800753,12048003,2008-03-13,CIP
14800753,12233776,2008-09-19,CON
14800753,13024901,2011-02-10,CON
14800753,13397906,2012-02-16,CON
14800753,13416102,2012-03-09,CIP
14800753,13466357,2012-05-08,DIV
14800755,14303078,2014-06-12,DIV
14800758,60397034,2002-07-19,PRO
14800758,60397033,2002-07-19,PRO
14800758,60397147,2002-07-19,PRO
14800758,60397304,2002-07-19,PRO
14800758,60397302,2002-07-19,PRO
14800758,10624948,2003-07-21,CON
14800758,13795245,2013-03-12,CON
14800759,PCT/JP2014/050532,2014-01-15,CON
14800760,13386062,2012-02-03,DIV
14800760,PCT/SE2009/000374,2009-07-23,NST
14800761,62025532,2014-07-17,PRO
14800762,12204272,2008-09-04,CON
14800764,13515076,2012-06-11,CON
14800764,PCT/JP2010/007222,2010-12-13,NST
14800765,11539429,2006-10-06,CON
14800769,62025133,2014-07-16,PRO
14800772,61643222,2012-05-04,PRO
14800772,13799885,2013-03-13,DIV
14800775,62025298,2014-07-16,PRO
14800778,12563219,2009-09-21,DIV
14800778,13482391,2012-05-29,CON
14800779,11023318,2004-12-27,CON
14800780,62025565,2014-07-17,PRO
14800781,61827830,2013-05-28,PRO
14800781,14272941,2014-05-08,CON
14800785,14761319,2015-07-16,CON
14800785,PCT/EP2014/050829,2014-01-16,NST
14800788,13310007,2011-12-02,CON
14800788,13891589,2013-05-10,CON
14800788,14516740,2014-10-17,CON
14800792,62036667,2014-08-13,PRO
14800794,62025107,2014-07-16,PRO
14800798,14063142,2013-10-25,CON
14800798,PCT/CN2013/079131,2013-07-10,CON
14800799,PCT/US2014/012753,2014-01-23,CON
14800807,10305179,2002-11-27,CON
14800807,11834560,2007-08-06,CON
14800807,13922582,2013-06-20,CON
14800808,14274103,2014-05-09,CON
14800809,11416049,2006-05-02,CON
14800809,13739861,2013-01-11,CON
14800809,14267104,2014-05-01,CON
14800812,62025559,2014-07-17,PRO
14800814,61711995,2012-10-10,PRO
14800814,13801120,2013-03-13,DIV
14800815,62025128,2014-07-16,PRO
14800820,61520947,2011-06-18,PRO
14800820,13459154,2012-04-28,CON
14800822,11658539,2007-01-25,CIP
14800822,PCT/SE2004/001384,2004-09-29,NST
14800824,62026291,2014-07-18,PRO
14800827,12901817,2010-10-11,CON
14800828,13322614,2011-11-28,CON
14800828,PCT/EP2010/002683,2010-05-03,NST
14800829,PCT/EP2014/050860,2014-01-17,CON
14800832,62030283,2014-07-29,PRO
14800837,62029293,2014-07-25,PRO
14800842,61307904,2010-02-25,PRO
14800842,13597443,2012-08-29,DIV
14800846,13210810,2011-08-16,CIP
14800846,13587431,2012-08-16,CON
14800849,61720453,2012-10-31,PRO
14800849,61720457,2012-10-31,PRO
14800849,61720466,2012-10-31,PRO
14800849,PCT/US13/63347,2013-10-04,CIP
14800849,PCT/US13/63351,2013-10-04,CIP
14800849,PCT/US13/63356,2013-10-04,CIP
14800849,14596596,2015-01-14,DIV
14800850,13118899,2011-05-31,CON
14800850,14031840,2013-09-19,CON
14800851,12332826,2008-12-11,CON
14800851,13101587,2011-05-05,CON
14800851,13623423,2012-09-20,CON
14800851,14045401,2013-10-03,CON
14800852,13444131,2012-04-11,DIV
14800856,13266933,2012-04-17,CON
14800856,PCT/SE2011/051159,2011-09-28,NST
14800859,13458568,2012-04-27,CON
14800861,62027611,2014-07-22,PRO
14800864,13059178,2011-05-11,CON
14800864,14154936,2014-01-14,CON
14800864,PCT/US2009/054058,2009-08-17,NST
14800867,62025651,2014-07-17,PRO
14800868,13896760,2013-05-17,CIP
14800870,12439226,2010-08-30,CON
14800870,13862879,2013-04-15,DIV
14800870,14563564,2014-12-08,CON
14800870,PCT/JP2007/066691,2007-08-28,NST
14800871,14337577,2014-07-22,DIV
14800873,PCT/JP2013/062467,2013-04-26,CON
14800875,13562468,2012-07-31,DIV
14800878,61542514,2011-10-03,PRO
14800878,13632781,2012-10-01,CON
14800879,62025633,2014-07-17,PRO
14800883,62036270,2014-08-12,PRO
14800885,12973182,2010-12-20,CON
14800886,13323277,2011-12-12,CON
14800893,61323541,2010-04-13,PRO
14800893,PCT/US11/32062,2011-04-12,NST
14800893,13640863,2012-10-12,CON
14800894,61967364,2014-03-18,PRO
14800894,14658384,2015-03-16,CIP
14800894,62178823,2015-04-21,PRO
14800896,13479575,2012-05-24,DIV
14800898,62028603,2014-07-24,PRO
14800901,62025416,2014-07-16,PRO
14800902,13825933,2013-03-25,DIV
14800902,PCT/JP2011/068111,2011-08-09,NST
14800903,14173147,2014-02-05,CIP
14800903,14481204,2014-09-09,DIV
14800910,12980515,2010-12-29,DIV
14800914,13825933,2013-03-25,DIV
14800914,PCT/JP2011/068111,2011-08-09,NST
14800915,62027236,2014-07-21,PRO
14800917,14054522,2013-10-15,CON
14800919,14333310,2014-07-16,CON
14800920,62026371,2014-07-18,PRO
14800924,12733052,2010-02-04,DIV
14800924,14225833,2014-03-26,DIV
14800924,PCT/JP2008/064095,2008-08-06,NST
14800925,14274103,2014-05-09,CON
14800933,14251049,2014-04-11,CON
14800934,13192302,2011-07-27,CIP
14800934,14507189,2014-10-06,CON
14800945,62025252,2014-07-16,PRO
14800949,09651777,2000-08-30,CON
14800949,10248267,2003-01-03,CON
14800949,10867445,2004-06-14,CON
14800949,13942245,2013-07-15,CON
14800949,13965499,2013-08-13,CON
14800951,PCT/CN2013/070579,2013-01-17,CON
14800953,13786751,2013-03-06,DIV
14800955,61393487,2010-10-15,PRO
14800955,13107678,2011-05-13,CON
14800956,62025058,2014-07-16,PRO
14800961,62126279,2015-02-27,PRO
14800962,61794413,2013-03-15,PRO
14800962,61858868,2013-07-26,PRO
14800962,14209765,2014-03-13,CIP
14800962,14210048,2014-03-13,CON
14800966,61423180,2010-12-15,PRO
14800966,13325425,2011-12-14,DIV
14800966,14050733,2013-10-10,CON
14800969,61420950,2010-12-08,PRO
14800969,PCT/US11/63950,2011-12-08,NST
14800969,13992255,2013-08-15,CON
14800971,14060764,2013-10-23,CON
14800972,11573548,2008-04-21,CON
14800972,PCT/RU2005/000210,2005-04-20,NST
14800976,13760203,2013-02-06,DIV
14800979,13996160,2013-06-20,DIV
14800979,PCT/JP2012/006744,2012-10-22,NST
14800980,62025750,2014-07-17,PRO
14800982,61040910,2008-03-31,PRO
14800982,PCT/US09/38585,2009-03-27,NST
14800982,12935500,2010-12-20,CON
14800983,62025090,2014-07-16,PRO
14800991,14347892,2014-03-27,CON
14800991,PCT/KR2012/007940,2012-09-28,NST
14800992,13590665,2012-08-21,DIV
14800992,14147614,2014-01-06,CON
14800997,62025176,2014-07-16,PRO
14800999,62025073,2014-07-16,PRO
14800999,62025077,2014-07-16,PRO
14800999,62049994,2014-09-12,PRO
14801001,13637336,2012-09-25,DIV
14801001,PCT/JP2012/051503,2012-01-25,NST
14801003,61522016,2011-08-10,PRO
14801003,13570017,2012-08-08,CON
14801007,62025264,2014-07-16,PRO
14801008,14347892,2014-03-27,CON
14801008,PCT/KR2012/007940,2012-09-28,NST
14801010,62025356,2014-07-16,PRO
14801011,13865963,2013-04-18,DIV
14801016,62026349,2014-07-18,PRO
14801018,62025035,2014-07-16,PRO
14801020,PCT/CN2013/070681,2013-01-18,CON
14801022,62026072,2014-07-18,PRO
14801024,14464088,2014-08-20,CON
14801025,12399982,2009-03-09,REI
14801026,13403260,2012-02-23,CON
14801026,PCT/US2011/063637,2011-12-07,CON
14801037,62025073,2014-07-16,PRO
14801037,62025077,2014-07-16,PRO
14801037,62049994,2014-09-12,PRO
14801038,62034079,2014-08-06,PRO
14801039,14347892,2014-03-27,CON
14801039,PCT/KR2012/007940,2012-09-28,NST
14801040,13874965,2013-05-01,CON
14801043,14036911,2013-09-25,DIV
14801045,09752817,2001-01-03,CON
14801045,12618926,2009-11-16,CON
14801045,13587968,2012-08-17,CON
14801045,14275961,2014-05-13,CON
14801050,14347892,2014-03-27,CON
14801050,PCT/KR2012/007940,2012-09-28,NST
14801053,12365408,2009-02-04,CON
14801055,13742307,2013-01-15,CIP
14801056,14086442,2013-11-21,CIP
14801056,14603636,2015-01-23,CIP
14801057,09995624,2001-11-29,CON
14801057,12285453,2008-10-06,CON
14801057,13067300,2011-05-23,CON
14801057,13713607,2012-12-13,CON
14801058,62026528,2014-07-18,PRO
14801059,61431334,2011-01-10,PRO
14801059,61551923,2011-10-26,PRO
14801059,13347513,2012-01-10,DIV
14801060,PCT/JP2014/064967,2014-06-05,CON
14801061,62029285,2014-07-25,PRO
14801064,PCT/JP2014/054524,2014-02-25,CON
14801066,13686246,2012-11-27,DIV
14801074,61999263,2014-07-22,PRO
14801075,61267312,2009-12-07,PRO
14801075,12962468,2010-12-07,CON
14801075,14644680,2015-03-11,CON
14801081,11112877,2005-04-22,CON
14801081,13210363,2011-08-15,CON
14801084,61716238,2012-10-19,PRO
14801084,13953948,2013-07-30,CIP
14801084,14451589,2014-08-05,CIP
14801084,14615976,2015-02-06,CIP
14801086,61178753,2009-05-15,PRO
14801086,12776784,2010-05-10,CON
14801088,13576956,2012-09-19,CON
14801088,PCT/EP2011/051554,2011-02-03,NST
14801089,13522867,2012-10-12,DIV
14801089,PCT/JP2011/050995,2011-01-20,NST
14801091,62025073,2014-07-16,PRO
14801091,62025077,2014-07-16,PRO
14801091,62049994,2014-09-12,PRO
14801093,11902514,2007-09-21,DIV
14801093,13406603,2012-02-28,CON
14801093,14540348,2014-11-13,CON
14801095,13229985,2011-09-12,REI
14801097,62025270,2014-07-16,PRO
14801098,10407184,2003-04-07,DIV
14801098,11196251,2005-08-04,CON
14801098,12533669,2009-07-31,CON
14801098,12840350,2010-07-21,DIV
14801098,13396625,2012-02-15,CON
14801098,13957870,2013-08-02,CON
14801098,14133820,2013-12-19,CON
14801098,14582242,2014-12-24,CON
14801101,62026923,2014-07-21,PRO
14801107,13610682,2012-09-11,CON
14801109,61480337,2011-04-28,PRO
14801109,13326233,2011-12-14,DIV
14801109,14167967,2014-01-29,CON
14801115,61578597,2011-12-21,PRO
14801115,13712083,2012-12-12,CON
14801116,13816182,2013-02-08,CON
14801116,14547112,2014-11-18,CON
14801116,PCT/KR2011/005919,2011-08-11,NST
14801117,12816718,2010-06-16,DIV
14801118,62025271,2014-07-16,PRO
14801119,PCT/JP2014/051493,2014-01-24,CON
14801120,14040860,2013-09-30,DIV
14801121,62027401,2014-07-22,PRO
14801122,10944993,2004-09-20,DIV
14801122,11818416,2007-06-14,CON
14801122,13454624,2012-04-24,REI
14801126,61904042,2013-11-14,PRO
14801126,14541487,2014-11-14,CON
14801129,61531243,2011-09-06,PRO
14801129,13585261,2012-08-14,DIV
14801130,13463092,2012-05-03,DIV
14801130,14474516,2014-09-02,CON
14801133,62026415,2014-07-18,PRO
14801134,62025269,2014-07-16,PRO
14801135,62025648,2014-07-17,PRO
14801140,62026961,2014-07-21,PRO
14801141,60930739,2007-05-18,PRO
14801141,12152764,2008-05-16,CON
14801142,14116071,2013-11-06,CON
14801142,PCT/EP13/70093,2013-09-26,NST
14801145,13733718,2013-01-03,CON
14801146,62025650,2014-07-17,PRO
14801149,61145722,2009-01-19,PRO
14801149,12688518,2010-01-15,CON
14801150,62025678,2014-07-17,PRO
14801152,PCT/JP2013/050990,2013-01-18,CON
14801153,61684933,2012-08-20,PRO
14801153,13969783,2013-08-19,DIV
14801160,13957601,2013-08-02,DIV
14801161,60977272,2007-10-03,PRO
14801161,12244027,2008-10-02,CON
14801161,13112635,2011-05-20,DIV
14801161,13765216,2013-02-12,CON
14801162,62028135,2014-07-23,PRO
14801163,PCT/EP2014/053449,2014-02-21,CON
14801165,PCT/CN2013/070688,2013-01-18,CON
14801166,13011216,2011-01-21,CON
14801166,14541235,2014-11-14,CON
14801167,62029142,2014-07-25,PRO
14801169,62032712,2014-08-04,PRO
14801172,13322435,2012-02-14,CON
14801172,14055763,2013-10-16,CON
14801172,PCT/US2010/036238,2010-05-26,NST
14801175,62025339,2014-07-16,PRO
14801176,PCT/JP2014/001382,2014-03-11,CON
14801177,PCT/EP2014/050395,2014-01-10,CON
14801183,PCT/JP2014/000078,2014-01-10,CON
14801186,11744777,2007-05-04,CON
14801186,12910757,2010-10-22,CON
14801186,13723179,2012-12-20,CON
14801191,12192068,2008-08-14,CON
14801199,61679627,2012-08-03,PRO
14801199,13711316,2012-12-11,CON
14801200,14467999,2014-08-25,CON
14801203,62026362,2014-07-18,PRO
14801204,62025456,2014-07-16,PRO
14801208,13773313,2013-02-21,CON
14801211,61145003,2009-01-15,PRO
14801211,61171749,2009-04-22,PRO
14801211,61177895,2009-05-13,PRO
14801211,12688524,2010-01-15,CIP
14801211,12765712,2010-04-22,CIP
14801211,61578415,2011-12-21,PRO
14801211,13722185,2012-12-20,DIV
14801215,62029479,2014-07-26,PRO
14801216,62027236,2014-07-21,PRO
14801217,62025469,2014-07-16,PRO
14801217,62043495,2014-08-29,PRO
14801218,13699611,2013-06-10,DIV
14801218,PCT/US2011/037742,2011-05-24,NST
14801219,13696747,2013-02-06,CON
14801219,PCT/US2011/037787,2011-05-24,NST
14801220,PCT/EP2014/050551,2014-01-14,CON
14801221,62025291,2014-07-16,PRO
14801223,14122126,2014-03-24,DIV
14801223,PCT/CA2012/050340,2012-05-24,NST
14801225,12422890,2009-04-13,CON
14801228,61301752,2010-02-05,PRO
14801228,13022191,2011-02-07,DIV
14801229,13576380,2012-07-31,CON
14801229,PCT/CA2010/000238,2010-02-22,NST
14801234,62025700,2014-07-17,PRO
14801235,10790676,2004-03-03,DIV
14801235,12431429,2009-04-28,CON
14801235,13457527,2012-04-27,CON
14801235,14081619,2013-11-15,CON
14801238,62135319,2015-03-19,PRO
14801239,62040719,2014-08-22,PRO
14801240,62026477,2014-07-18,PRO
14801247,PCT/US2014/011930,2014-01-16,CON
14801250,62025226,2014-07-16,PRO
14801250,62091169,2014-12-12,PRO
14801253,61599197,2012-02-15,PRO
14801253,13766239,2013-02-13,CON
14801255,61376105,2010-08-23,PRO
14801255,13068517,2011-05-13,DIV
14801259,13193814,2011-07-29,DIV
14801259,14450109,2014-08-01,CON
14801262,61819701,2013-05-06,PRO
14801262,14271177,2014-05-06,DIV
14801263,62025062,2014-07-16,PRO
14801266,62027019,2014-07-21,PRO
14801266,62087445,2014-12-04,PRO
14801266,62150064,2015-04-20,PRO
14801266,62159504,2015-05-11,PRO
14801270,62025189,2014-07-16,PRO
14801274,13162120,2011-06-16,CON
14801274,14204326,2014-03-11,CON
14801275,09897004,2001-07-02,CON
14801275,12476378,2009-06-02,CON
14801278,61693875,2012-08-28,PRO
14801278,13973195,2013-08-22,DIV
14801279,13678042,2012-11-15,DIV
14801280,13847319,2013-03-19,CON
14801283,61569712,2011-12-12,PRO
14801283,61646152,2012-05-11,PRO
14801283,61673683,2012-07-19,PRO
14801283,13709822,2012-12-10,CON
14801286,13922282,2013-06-20,DIV
14801288,12227426,2009-04-15,CON
14801288,PCT/US2007/069370,2007-05-21,NST
14801292,62027788,2014-07-23,PRO
14801292,PCT/IL2014/000006,2014-01-16,CIP
14801293,62025070,2014-07-16,PRO
14801297,PCT/JP2014/052223,2014-01-31,CON
14801298,61977694,2014-04-10,PRO
14801298,14618675,2015-02-10,CIP
14801298,14619258,2015-02-11,CON
14801300,62025290,2014-07-16,PRO
14801301,13576080,2012-10-22,CON
14801301,PCT/IB11/00440,2011-01-28,NST
14801303,62025737,2014-07-17,PRO
14801304,11496001,2006-07-28,DIV
14801310,62026063,2014-07-18,PRO
14801311,62025340,2014-07-16,PRO
14801314,62025262,2014-07-16,PRO
14801318,PCT/JP2014/051150,2014-01-21,CON
14801320,62025580,2014-07-17,PRO
14801321,PCT/JP2014/050689,2014-01-16,CON
14801322,13428059,2012-03-23,DIV
14801324,14062225,2013-10-24,CON
14801325,61841768,2013-07-01,PRO
14801325,61898186,2013-10-31,PRO
14801325,14321196,2014-07-01,CON
14801330,12645867,2009-12-23,CIP
14801330,13763842,2013-02-11,CON
14801333,62026279,2014-07-18,PRO
14801334,62025438,2014-07-16,PRO
14801335,61580543,2011-12-27,PRO
14801335,PCT/US12/71883,2012-12-27,NST
14801335,14369348,2014-06-27,CON
14801336,11199599,2005-08-08,CON
14801336,12432088,2009-04-29,CON
14801336,12969330,2010-12-15,CON
14801336,14273760,2014-05-09,CON
14801336,PCT/CH2003/000089,2003-02-06,CON
14801338,62027019,2014-07-21,PRO
14801338,62087445,2014-12-04,PRO
14801338,62150064,2015-04-20,PRO
14801338,62159504,2015-05-11,PRO
14801341,12868882,2010-08-26,CIP
14801341,12901806,2010-10-11,CIP
14801341,13048850,2011-03-15,CIP
14801341,13191309,2011-07-26,CIP
14801341,13219525,2011-08-26,CIP
14801341,13267784,2011-10-06,CIP
14801341,13298158,2011-11-16,CIP
14801341,13679879,2012-11-16,CIP
14801341,13757029,2013-02-01,CIP
14801341,13914525,2013-06-10,CIP
14801341,14257959,2014-04-21,CIP
14801341,14549422,2014-11-20,CIP
14801343,62027058,2014-07-21,PRO
14801344,62028148,2014-07-23,PRO
14801345,61535686,2011-09-16,PRO
14801345,61618329,2012-03-30,PRO
14801345,13619074,2012-09-14,CON
14801346,62025172,2014-07-16,PRO
14801348,62027149,2014-07-21,PRO
14801350,13951796,2013-07-26,CON
14801355,61101049,2008-09-29,PRO
14801355,12569659,2009-09-29,CON
14801355,13272977,2011-10-13,CON
14801357,PCT/KR2014/000391,2014-01-14,CIP
14801358,62025282,2014-07-16,PRO
14801359,PCT/EP2013/076363,2013-12-12,CON
14801362,14069910,2013-11-01,CON
14801362,PCT/IB2012/052173,2012-05-01,CON
14801364,13752672,2013-01-29,DIV
14801365,PCT/EP2014/050592,2014-01-14,CON
14801366,13977453,2013-08-01,CON
14801366,PCT/EP2011/074099,2011-12-27,NST
14801370,PCT/CN2013/070635,2013-01-17,CON
14801371,13805844,2013-02-05,CON
14801371,PCT/US2011/041829,2011-06-24,NST
14801376,13763888,2013-02-11,DIV
14801377,61376757,2010-08-25,PRO
14801377,13173456,2011-06-30,CON
14801378,14221317,2014-03-21,DIV
14801380,62026490,2014-07-18,PRO
14801380,62160053,2015-05-12,PRO
14801386,13562803,2012-07-31,CON
14801386,14721496,2015-05-26,CON
14801388,62025263,2014-07-16,PRO
14801389,PCT/EP2014/050619,2014-01-14,CON
14801390,13264381,2012-03-01,DIV
14801390,PCT/EP2010/054846,2010-04-13,NST
14801391,61798496,2013-03-15,PRO
14801391,14186788,2014-02-21,CON
14801393,10387571,2003-03-14,CON
14801393,12831502,2010-07-07,CON
14801393,14334883,2014-07-18,CON
14801398,13933803,2013-07-02,CIP
14801398,14096614,2013-12-04,CON
14801399,62029051,2014-07-25,PRO
14801404,13357866,2012-01-25,DIV
14801404,14294931,2014-06-03,CON
14801404,14552633,2014-11-25,CON
14801405,14124084,2013-12-05,CON
14801405,PCT/IB12/52824,2012-06-05,NST
14801406,62025171,2014-07-16,PRO
14801408,PCT/CN2013/070683,2013-01-18,CON
14801414,61375592,2010-08-20,PRO
14801414,13213736,2011-08-19,CON
14801418,13819038,2013-02-26,DIV
14801418,PCT/JP2011/067452,2011-07-29,NST
14801423,62025349,2014-07-16,PRO
14801425,62025505,2014-07-17,PRO
14801428,12868882,2010-08-26,CIP
14801428,12901806,2010-10-11,CIP
14801428,13048850,2011-03-15,CIP
14801428,13191309,2011-07-26,CIP
14801428,13219525,2011-08-26,CIP
14801428,13267784,2011-10-06,CIP
14801428,13298158,2011-11-16,CIP
14801428,13679879,2012-11-16,CIP
14801428,13757029,2013-02-01,CIP
14801428,13914525,2013-06-10,CIP
14801428,14257959,2014-04-21,CIP
14801428,14549422,2014-11-20,CIP
14801429,62027019,2014-07-21,PRO
14801429,62087445,2014-12-04,PRO
14801429,62150064,2015-04-20,PRO
14801429,62159504,2015-05-11,PRO
14801432,61621365,2012-04-06,PRO
14801432,13724945,2012-12-21,CON
14801433,62025171,2014-07-16,PRO
14801434,62026477,2014-07-18,PRO
14801435,PCT/EP2014/052348,2014-02-06,NST
14801439,13204377,2011-08-05,CIP
14801439,13358148,2012-01-25,CON
14801440,14220472,2014-03-20,DIV
14801442,61257186,2009-11-02,PRO
14801442,12917684,2010-11-02,CON
14801448,13028898,2011-02-16,DIV
14801451,62025829,2014-07-17,PRO
14801453,62025860,2014-07-17,PRO
14801454,62026397,2014-07-18,PRO
14801459,PCT/JP2013/084076,2013-12-19,CON
14801461,14122017,2013-11-25,DIV
14801461,PCT/GB2012/051332,2012-06-13,NST
14801462,60948367,2007-07-06,PRO
14801462,12165744,2008-07-01,DIV
14801462,13230587,2011-09-12,DIV
14801462,14087257,2013-11-22,CON
14801463,61552530,2011-10-28,PRO
14801463,13660262,2012-10-25,DIV
14801463,14254592,2014-04-16,CON
14801464,13058689,2011-02-11,REI
14801464,PCT/KR2009/004532,2009-08-13,NST
14801467,61588917,2012-01-20,PRO
14801467,13745063,2013-01-18,CON
14801468,10860670,2004-06-03,CON
14801476,13839949,2013-03-15,CIP
14801476,13840563,2013-03-15,CIP
14801476,13841074,2013-03-15,CIP
14801476,13841622,2013-03-15,CIP
14801476,13842521,2013-03-15,CIP
14801476,13938877,2013-07-10,CIP
14801476,14015801,2013-08-30,CIP
14801476,14101051,2013-12-09,CIP
14801476,14101086,2013-12-09,CIP
14801476,14101129,2013-12-09,CIP
14801476,14101132,2013-12-09,CIP
14801476,14101147,2013-12-09,CIP
14801476,61922017,2013-12-30,PRO
14801476,PCT/US14/13931,2014-01-30,CIP
14801476,PCT/US14/13937,2014-01-30,CIP
14801476,PCT/US14/30017,2014-03-15,CIP
14801476,62020666,2014-07-03,CIP
14801476,14472035,2014-08-28,CIP
14801476,14472064,2014-08-28,CIP
14801476,14472078,2014-08-28,CIP
14801476,14577730,2014-12-19,CIP
14801477,62026295,2014-07-18,PRO
14801478,13929285,2013-06-27,CON
14801479,62030024,2014-07-28,PRO
14801482,62025856,2014-07-17,PRO
14801486,62025670,2014-07-17,PRO
14801487,13686233,2012-11-27,CON
14801488,13371479,2012-02-13,CON
14801490,13655470,2012-10-19,CON
14801491,61173599,2009-04-29,PRO
14801491,61181755,2009-05-28,PRO
14801491,12770715,2010-04-29,CON
14801491,13756158,2013-01-31,CON
14801493,61299744,2010-01-29,PRO
14801493,13014482,2011-01-26,DIV
14801493,13870873,2013-04-25,CON
14801498,62025976,2014-07-17,PRO
14801500,12491423,2009-06-25,CON
14801503,62027019,2014-07-21,PRO
14801503,62087445,2014-12-04,PRO
14801503,62150064,2015-04-20,PRO
14801503,62159504,2015-05-11,PRO
14801506,13084356,2011-04-11,CON
14801507,12126714,2008-05-23,CON
14801508,12469119,2009-05-20,CON
14801509,14031732,2013-09-19,CON
14801511,61451067,2011-03-09,PRO
14801511,61517910,2011-04-26,PRO
14801511,13416821,2012-03-09,DIV
14801514,62025308,2014-07-16,PRO
14801515,62026498,2014-07-18,PRO
14801516,PCT/JP2014/051016,2014-01-20,CON
14801517,62026488,2014-07-18,PRO
14801521,62025460,2014-07-16,PRO
14801524,PCT/CN2014/081339,2014-07-01,CON
14801533,PCT/JP2014/057064,2014-03-17,CON
14801534,61496073,2011-06-13,PRO
14801534,61496074,2011-06-13,PRO
14801534,61496075,2011-06-13,PRO
14801534,61496076,2011-06-13,PRO
14801534,61496079,2011-06-13,PRO
14801534,61496080,2011-06-13,PRO
14801534,61496081,2011-06-13,PRO
14801534,61496084,2011-06-13,PRO
14801534,61496088,2011-06-13,PRO
14801534,13495807,2012-06-13,CON
14801539,12392053,2009-02-24,CON
14801539,12392055,2009-02-24,CON
14801539,13849707,2013-03-25,CON
14801541,62025743,2014-07-17,PRO
14801545,11731478,2007-03-30,CON
14801545,14231327,2014-03-31,CON
14801545,14515642,2014-10-16,CON
14801545,14616423,2015-02-06,CON
14801546,12721390,2010-03-10,CON
14801546,13663738,2012-10-30,CON
14801547,PCT/CN2013/070590,2013-01-17,CON
14801548,62027019,2014-07-21,PRO
14801548,62087445,2014-12-04,PRO
14801548,62150064,2015-04-20,PRO
14801548,62159504,2015-05-11,PRO
14801550,61482513,2011-05-04,PRO
14801550,13246697,2011-09-27,CON
14801551,61648009,2012-05-16,PRO
14801551,13895190,2013-05-15,DIV
14801552,62027981,2014-07-23,PRO
14801553,62026317,2014-07-18,PRO
14801554,62025752,2014-07-17,PRO
14801555,10322187,2002-12-16,CON
14801555,10667108,2003-09-19,CON
14801555,10965088,2004-10-14,CON
14801555,14156103,2014-01-15,CON
14801557,62027219,2014-07-21,PRO
14801558,62028537,2014-07-24,PRO
14801561,13628324,2012-09-27,CON
14801564,62035133,2014-08-08,PRO
14801566,60859225,2006-11-15,PRO
14801566,PCT/US07/84637,2007-11-14,NST
14801566,12515123,2009-05-15,CON
14801566,13751560,2013-01-28,DIV
14801568,12868882,2010-08-26,CIP
14801568,12901806,2010-10-11,CIP
14801568,13048850,2011-03-15,CIP
14801568,13191309,2011-07-26,CIP
14801568,13219525,2011-08-26,CIP
14801568,13267784,2011-10-06,CIP
14801568,13298158,2011-11-16,CIP
14801568,13679879,2012-11-16,CIP
14801568,13757029,2013-02-01,CIP
14801568,13914525,2013-06-10,CIP
14801568,14257959,2014-04-21,CIP
14801568,14549422,2014-11-20,CIP
14801569,62025451,2014-07-16,PRO
14801572,62026595,2014-07-18,PRO
14801572,62075203,2014-11-04,PRO
14801575,13282000,2011-10-26,CON
14801577,13160842,2011-06-15,CON
14801577,14301149,2014-06-10,CON
14801582,62025884,2014-07-17,PRO
14801583,13830004,2013-03-14,DIV
14801584,61589714,2012-01-23,PRO
14801584,13732899,2013-01-02,CON
14801584,14616409,2015-02-06,CIP
14801585,13830004,2013-03-14,DIV
14801586,09624668,2000-07-24,CON
14801586,10322187,2002-12-16,CON
14801586,10667108,2003-09-19,CON
14801586,10965088,2004-10-14,CON
14801586,14156027,2014-01-15,CON
14801587,62025451,2014-07-16,PRO
14801588,13830004,2013-03-14,DIV
14801593,13471330,2012-05-14,CON
14801594,13979736,2013-07-15,DIV
14801594,PCT/CA2012/000051,2012-01-17,NST
14801595,61512808,2011-07-28,PRO
14801595,14481359,2014-09-09,CON
14801595,14571101,2014-12-15,CON
14801595,14676973,2015-04-02,CON
14801598,62025451,2014-07-16,PRO
14801601,10564151,2006-01-11,DIV
14801601,PCT/JP2004/009841,2004-07-09,NST
14801602,11334898,2006-01-19,CON
14801602,13077200,2011-03-31,CON
14801602,14069707,2013-11-01,CON
14801602,14568708,2014-12-12,CON
14801603,61554443,2011-11-01,PRO
14801603,13666460,2012-11-01,CON
14801606,62025376,2014-07-16,PRO
14801606,62161857,2015-05-14,PRO
14801607,62025352,2014-07-16,PRO
14801608,62025451,2014-07-16,PRO
14801612,PCT/CN2013/070522,2013-01-16,CON
14801613,62026475,2014-07-18,PRO
14801613,62059378,2014-10-03,PRO
14801613,14565915,2014-12-10,CIP
14801613,14612671,2015-02-03,CIP
14801614,62035281,2014-08-08,PRO
14801614,62127142,2015-03-02,PRO
14801615,62025806,2014-07-17,PRO
14801623,10787227,2004-02-27,CON
14801624,14105073,2013-12-12,CON
14801625,61794355,2013-03-15,PRO
14801625,14207347,2014-03-12,CON
14801627,62025181,2014-07-16,PRO
14801628,12545376,2009-08-21,CON
14801628,14543722,2014-11-17,CON
14801629,62025806,2014-07-17,PRO
14801630,14334608,2014-07-17,CIP
14801630,62039840,2014-08-20,CON
14801631,12868882,2010-08-26,CIP
14801631,12901806,2010-10-11,CIP
14801631,13048850,2011-03-15,CIP
14801631,13191309,2011-07-26,CIP
14801631,13219525,2011-08-26,CIP
14801631,13267784,2011-10-06,CIP
14801631,13298158,2011-11-16,CIP
14801631,13679879,2012-11-16,CIP
14801631,13757029,2013-02-01,CIP
14801631,13914525,2013-06-10,CIP
14801631,14257959,2014-04-21,CIP
14801631,14549422,2014-11-20,CIP
14801632,60803501,2006-05-30,PRO
14801632,60803506,2006-05-30,PRO
14801632,11755691,2007-05-30,CON
14801632,12913733,2010-10-27,CON
14801632,13757692,2013-02-01,CON
14801632,14516504,2014-10-16,CON
14801634,13660779,2012-10-25,DIV
14801637,61869881,2013-08-26,PRO
14801637,14465065,2014-08-21,CON
14801639,62025957,2014-07-17,PRO
14801642,11994095,2007-12-27,CON
14801642,12820889,2010-06-22,CON
14801642,14084549,2013-11-19,CON
14801642,PCT/GB2006/002361,2006-06-27,NST
14801643,13989040,2013-05-22,CON
14801643,PCT/US2012/031714,2012-03-30,NST
14801644,13922014,2013-06-19,CON
14801647,62025379,2014-07-16,PRO
14801649,60947821,2007-07-03,PRO
14801649,12164861,2008-06-30,DIV
14801650,62032217,2014-08-01,PRO
14801650,62184556,2015-06-25,PRO
14801651,13498160,2012-03-26,DIV
14801651,PCT/SE2010/000232,2010-09-24,NST
14801652,61429600,2011-01-04,PRO
14801652,13342743,2012-01-03,CON
14801653,62026242,2014-07-18,PRO
14801653,62034718,2014-08-07,PRO
14801657,13408915,2012-02-29,DIV
14801660,13182314,2011-07-13,DIV
14801660,14049131,2013-10-08,CON
14801665,62025444,2014-07-16,PRO
14801672,13909803,2013-06-04,CON
14801674,12957206,2010-11-30,CIP
14801674,13485807,2012-05-31,CON
14801674,14691229,2015-04-20,CON
14801674,PCT/US2012/062538,2011-11-30,CIP
14801675,13880653,2013-04-19,CON
14801675,PCT/KR2011/008292,2011-11-02,NST
14801679,14458006,2014-08-12,CON
14801680,11411744,2006-04-25,CON
14801680,13975105,2013-08-23,CON
14801685,11479751,2006-06-30,CIP
14801685,60839333,2006-08-22,PRO
14801685,11583288,2006-10-19,CIP
14801685,11583765,2006-10-19,CIP
14801685,60897543,2007-01-26,PRO
14801685,60905624,2007-03-07,PRO
14801685,60922246,2007-04-05,PRO
14801685,11809533,2007-05-31,CON
14801685,13932252,2013-07-01,CON
14801685,14608041,2015-01-28,CON
14801687,61323791,2010-04-13,PRO
14801687,13086291,2011-04-13,CON
14801687,14486835,2014-09-15,CON
14801695,13786211,2013-03-05,CON
14801698,61662183,2012-06-20,PRO
14801698,13919351,2013-06-17,CON
14801700,13660851,2012-10-25,DIV
14801701,60203374,2000-05-09,PRO
14801701,09852336,2001-05-08,CON
14801701,12757953,2010-04-09,CON
14801701,13476882,2012-05-21,CON
14801701,14315215,2014-06-25,CON
14801704,60140603,1999-06-23,PRO
14801704,09602222,2000-06-23,CON
14801704,10601317,2003-06-20,CON
14801704,11128116,2005-05-11,CON
14801704,11380036,2006-04-25,CON
14801704,12900015,2010-10-07,CON
14801704,13900815,2013-05-23,CON
14801704,14064560,2013-10-28,CON
14801710,62025368,2014-07-16,PRO
14801711,61661161,2012-06-18,PRO
14801711,61679090,2012-08-03,PRO
14801711,13887407,2013-05-06,CON
14801711,14558416,2014-12-02,CON
14801713,61266774,2009-12-04,PRO
14801713,61287099,2009-12-16,PRO
14801713,12959292,2010-12-02,CON
14801713,13597122,2012-08-28,CON
14801713,14025594,2013-09-12,CON
14801713,14255179,2014-04-17,CON
14801716,61832843,2013-06-08,PRO
14801716,14055847,2013-10-16,DIV
14801717,62025912,2014-07-17,PRO
14801718,62016050,2014-06-23,PRO
14801718,62016053,2014-06-23,PRO
14801718,62016057,2014-06-23,PRO
14801718,62018606,2014-06-29,PRO
14801718,62026639,2014-07-19,PRO
14801718,14469583,2014-08-27,CON
14801718,14572852,2014-12-17,CIP
14801718,62135133,2015-03-18,PRO
14801718,14740199,2015-06-15,CIP
14801718,14743849,2015-06-18,CIP
14801720,13631014,2012-09-28,CON
14801721,13874423,2013-04-30,CIP
14801721,13874434,2013-04-30,CIP
14801721,13874441,2013-04-30,CIP
14801721,13874448,2013-04-30,CIP
14801721,61883869,2013-09-27,PRO
14801721,61900700,2013-11-06,PRO
14801721,14167316,2014-01-29,CIP
14801721,61979484,2014-04-14,PRO
14801721,14253548,2014-04-15,CON
14801726,14228126,2014-03-27,CON
14801732,61413230,2010-11-12,PRO
14801732,61438162,2011-01-31,PRO
14801732,61447393,2011-02-28,PRO
14801732,61465350,2011-03-18,PRO
14801732,61516388,2011-04-04,PRO
14801732,13231219,2011-09-13,DIV
14801732,13748546,2013-01-23,CON
14801736,12184958,2008-08-01,CON
14801737,13193571,2011-07-28,CON
14801737,14477771,2014-09-04,CON
14801739,61469360,2011-03-30,PRO
14801739,13434600,2012-03-29,CON
14801744,62025372,2014-07-16,PRO
14801747,13608475,2012-09-10,CON
14801752,62025440,2014-07-16,PRO
14801754,62025359,2014-07-16,PRO
14801757,61115013,2008-11-14,PRO
14801757,12618700,2009-11-13,CON
14801757,13540539,2012-07-02,CON
14801757,13571141,2012-08-09,CON
14801760,62025486,2014-07-16,PRO
14801761,62025746,2014-07-17,PRO
14801762,13528779,2012-06-20,CON
14801763,62025450,2014-07-16,PRO
14801763,62025950,2014-07-17,PRO
14801764,13377325,2012-01-13,CON
14801764,14455840,2014-08-08,CIP
14801764,PCT/IB2010/052757,2010-06-18,NST
14801767,14237939,2014-02-10,DIV
14801767,PCT/EP2012/063765,2012-07-13,NST
14801769,12230407,2008-08-28,CON
14801770,12918487,2011-02-28,CON
14801772,12230407,2008-08-28,CON
14801775,61801959,2013-03-15,PRO
14801775,61802245,2013-03-15,PRO
14801775,61930807,2014-01-23,PRO
14801775,14216936,2014-03-17,CIP
14801775,14216936,2014-03-17,CON
14801775,14604197,2015-01-23,CIP
14801775,14604272,2015-01-23,CIP
14801778,61447583,2011-02-28,PRO
14801778,13407635,2012-02-28,DIV
14801783,62025490,2014-07-17,PRO
14801792,62025952,2014-07-17,PRO
14801793,13164112,2011-06-20,CON
14801794,62025960,2014-07-17,PRO
14801796,62025487,2014-07-16,PRO
14801797,62025962,2014-07-17,PRO
14801799,61313129,2010-03-12,PRO
14801799,61321508,2010-04-07,PRO
14801799,61362707,2010-07-09,PRO
14801799,12910186,2010-10-22,CON
14801799,14052603,2013-10-11,CON
14801800,62025966,2014-07-17,PRO
14801801,62026053,2014-07-18,PRO
14801802,62025971,2014-07-17,PRO
14801803,61478436,2011-04-22,PRO
14801803,13452882,2012-04-22,DIV
14801805,62026574,2014-07-18,PRO
14801805,62068159,2014-10-24,PRO
14801808,14477840,2014-09-04,CIP
14801816,61564022,2011-11-28,PRO
14801816,13675733,2012-11-13,REI
14801818,14645402,2015-03-11,CIP
14801819,13383519,2012-01-11,CON
14801819,PCT/KR2010/004527,2010-07-13,NST
14801820,61891973,2013-10-17,PRO
14801820,61891975,2013-10-17,PRO
14801820,14516523,2014-10-16,CIP
14801832,13772213,2013-02-20,CIP
14801836,62026091,2014-07-18,PRO
14801842,14362917,2014-09-05,CON
14801842,PCT/KR2012/010630,2012-12-07,NST
14801847,62026020,2014-07-17,PRO
14801848,61293578,2010-01-08,PRO
14801848,12964515,2010-12-09,CON
14801850,12532630,2010-04-26,CON
14801850,PCT/US2007/024558,2007-11-29,NST
14801852,61324654,2010-04-15,PRO
14801852,13087169,2011-04-14,CIP
14801853,61455421,2010-10-18,PRO
14801853,13273000,2011-10-13,DIV
14801854,PCT/CN2015/074623,2015-03-19,CON
14801857,PCT/JP2013/084537,2013-12-24,CON
14801859,61866047,2013-08-15,PRO
14801859,14185942,2014-02-21,CON
14801862,14282173,2014-05-20,CIP
14801863,62035678,2014-08-11,PRO
14801865,PCT/JP2013/083303,2013-12-12,CON
14801867,62028987,2014-07-25,PRO
14801869,60625164,2004-11-05,PRO
14801869,11029025,2005-01-05,DIV
14801869,12153057,2008-05-13,CON
14801871,62026092,2014-07-18,PRO
14801873,PCT/JP2013/083302,2013-12-12,CON
14801875,60895736,2007-03-19,PRO
14801875,12050806,2008-03-18,CON
14801875,13460368,2012-04-30,CON
14801875,14287292,2014-05-27,CON
14801878,PCT/IB2014/001089,2014-01-19,CON
14801882,13239903,2011-09-22,CON
14801885,60284621,2001-04-18,PRO
14801885,10124665,2002-04-17,CIP
14801885,11060169,2005-02-17,CIP
14801885,12498850,2009-07-07,CIP
14801885,13621408,2012-09-17,CIP
14801886,11662490,2007-03-15,CON
14801886,14059169,2013-10-21,CON
14801886,PCT/JP2006/322207,2006-10-31,NST
14801889,13697377,2012-11-12,DIV
14801889,PCT/CA2011/000585,2011-05-17,NST
14801893,14084896,2013-11-20,DIV
14801896,14174923,2014-02-07,CON
14801897,61487461,2011-05-18,PRO
14801897,13475618,2012-05-18,CON
14801898,62027375,2014-07-22,PRO
14801898,62052600,2014-09-19,PRO
14801898,62055209,2014-09-25,PRO
14801899,62030823,2014-07-30,PRO
14801902,61487461,2011-05-18,PRO
14801902,13475618,2012-05-18,DIV
14801910,62025745,2014-07-17,PRO
14801911,62028041,2014-07-23,PRO
14801912,12871483,2010-08-30,CON
14801912,13875520,2013-05-02,CON
14801912,14033780,2013-09-23,CON
14801912,14263434,2014-04-28,CON
14801912,14565457,2014-12-10,CON
14801919,13462935,2012-05-03,DIV
14801920,62035598,2014-08-11,PRO
14801922,10992862,2004-11-19,DIV
14801925,PCT/US2012/072271,2012-12-31,CIP
14801927,62026127,2014-07-18,PRO
14801928,62026350,2014-07-18,PRO
14801929,13474755,2012-05-18,DIV
14801929,PCT/JP2010/070326,2010-11-16,CON
14801934,13461958,2012-05-02,REI
14801935,PCT/JP2014/050848,2014-01-17,CON
14801936,11571859,2007-01-09,CON
14801936,14266930,2014-05-01,CON
14801936,PCT/JP2005/012967,2005-07-07,NST
14801938,12809420,2010-06-18,DIV
14801939,61462492,2011-02-03,PRO
14801939,61463212,2011-02-14,PRO
14801939,61465703,2011-03-23,PRO
14801939,61518248,2011-05-03,PRO
14801939,61519323,2011-05-20,PRO
14801939,13364651,2012-02-02,DIV
14801939,14100714,2013-12-09,DIV
14801940,61829623,2013-05-31,PRO
14801940,14265937,2014-04-30,CIP
14801944,12101903,2008-04-11,DIV
14801947,PCT/CA2014/000359,2014-04-17,CIP
14801948,12531722,2011-05-10,CON
14801948,PCT/SE2008/050142,2008-02-05,NST
14801949,13525306,2012-06-16,CON
14801955,62026018,2014-07-17,PRO
14801956,14758366,2015-06-29,CON
14801956,PCT/US2014/010047,2014-01-02,NST
14801960,62025636,2014-07-17,PRO
14801961,62025766,2014-07-17,PRO
14801961,62146463,2015-04-13,PRO
14801966,13967473,2013-08-15,DIV
14801969,PCT/CN2013/070719,2013-01-18,CON
14801972,14352597,2014-04-17,CON
14801972,PCT/US2012/060383,2012-10-16,NST
14801973,PCT/JP2014/051676,2014-01-27,CON
14801977,13627230,2012-09-26,DIV
14801978,14234717,2014-01-24,DIV
14801978,14669492,2015-03-26,DIV
14801978,PCT/JP2012/070409,2012-08-03,NST
14801982,61443456,2011-02-16,PRO
14801982,13398236,2012-02-16,CON
14801984,PCT/JP2014/050751,2014-01-17,CON
14801986,PCT/EP2014/053012,2014-02-17,CON
14801987,62027347,2014-07-22,PRO
14801989,62026249,2014-07-18,PRO
14801991,13525306,2012-06-16,CON
14801996,PCT/CN2013/070652,2013-01-18,CON
14801999,13967473,2013-08-15,DIV
14802000,62026392,2014-07-18,PRO
14802001,12964405,2010-12-09,DIV
14802004,61541874,2011-09-30,PRO
14802004,13630695,2012-09-28,CON
14802005,13780726,2013-02-28,CON
14802009,14289696,2014-05-29,CIP
14802011,62026268,2014-07-18,PRO
14802013,61112442,2008-11-07,PRO
14802013,12614067,2009-11-06,CON
14802013,14286680,2014-05-23,CON
14802013,14643299,2015-03-10,CON
14802017,61384782,2010-09-21,PRO
14802017,13239279,2011-09-21,DIV
14802020,62026128,2014-07-18,PRO
14802023,12302931,2009-03-01,CON
14802023,14536796,2014-11-10,CON
14802023,PCT/DK2007/000254,2007-05-30,NST
14802024,14336310,2014-07-21,CIP
14802024,62132786,2015-03-13,PRO
14802025,61366617,2010-07-22,PRO
14802025,61366620,2010-07-22,PRO
14802025,61366624,2010-07-22,PRO
14802025,13189331,2011-07-22,CON
14802027,61695975,2012-08-31,PRO
14802027,13631364,2012-09-28,DIV
14802032,61328925,2010-04-28,PRO
14802032,13096556,2011-04-28,DIV
14802034,61262216,2009-11-18,PRO
14802034,12949559,2010-11-18,CON
14802036,12746968,2010-06-09,CON
14802036,PCT/EP2008/067225,2008-12-10,NST
14802038,13750936,2013-01-25,CON
14802039,62030828,2014-07-30,PRO
14802039,62030841,2014-07-30,PRO
14802042,62025749,2014-07-17,PRO
14802042,62181264,2015-06-18,PRO
14802053,62026058,2014-07-18,PRO
14802053,62089434,2014-12-09,PRO
14802056,11394332,2006-03-29,CON
14802056,13862919,2013-04-15,CON
14802057,13796372,2013-03-12,CON
14802058,PCT/US2014/016512,2014-02-14,CON
14802059,PCT/JP2014/050494,2014-01-15,CON
14802060,61462492,2011-02-03,PRO
14802060,61463212,2011-02-14,PRO
14802060,61465703,2011-03-23,PRO
14802060,61518248,2011-05-03,PRO
14802060,61519323,2011-05-20,PRO
14802060,13364651,2012-02-02,DIV
14802060,14100714,2013-12-09,CIP
14802072,13967473,2013-08-15,DIV
14802073,62026256,2014-07-18,PRO
14802083,PCT/JP2014/065881,2014-06-16,CON
14802085,12095358,2008-05-29,CON
14802085,PCT/SE2006/050521,2006-11-29,NST
14802087,12999105,2010-12-15,CON
14802087,PCT/US2009/046721,2009-06-09,NST
14802088,61322176,2010-04-08,PRO
14802088,13076242,2011-03-30,DIV
14802091,61180521,2009-05-22,PRO
14802091,61291206,2009-12-30,PRO
14802091,12785734,2010-05-24,CIP
14802091,12973479,2010-12-20,CON
14802091,13605302,2012-09-06,CON
14802091,13871403,2013-04-26,CON
14802092,14078833,2013-11-13,DIV
14802092,PCT/JP2012/064003,2012-05-30,CON
14802093,62026294,2014-07-18,PRO
14802094,62025683,2014-07-17,PRO
14802095,14141728,2013-12-27,DIV
14802097,61560080,2011-11-15,PRO
14802097,13674705,2012-11-12,DIV
14802097,14499982,2014-09-29,CIP
14802099,13424717,2012-03-20,DIV
14802100,62030828,2014-07-30,PRO
14802100,62030841,2014-07-30,PRO
14802103,61589565,2012-01-23,PRO
14802103,13746105,2013-01-21,DIV
14802106,13383781,2012-04-06,CIP
14802106,PCT/JP2010/004529,2010-07-13,NST
14802108,13881810,2013-04-26,DIV
14802108,PCT/FR2011/052355,2011-10-10,NST
14802109,61694522,2012-08-29,PRO
14802109,14012250,2013-08-28,DIV
14802110,62008011,2014-06-05,PRO
14802110,14613610,2015-02-04,DIV
14802112,62026287,2014-07-18,PRO
14802115,61258167,2009-11-04,PRO
14802115,12641054,2009-12-17,CON
14802116,62025736,2014-07-17,PRO
14802118,61589565,2012-01-23,PRO
14802118,13746105,2013-01-21,DIV
14802119,62027035,2014-07-21,PRO
14802123,61771600,2013-03-01,PRO
14802123,14186697,2014-02-21,CON
14802127,61340360,2010-03-16,PRO
14802127,13049632,2011-03-16,CON
14802128,14010388,2013-08-26,DIV
14802129,62026131,2014-07-18,PRO
14802131,13428667,2012-03-23,CON
14802136,62036301,2014-08-12,PRO
14802141,62028635,2014-07-24,PRO
14802144,61349126,2010-05-27,PRO
14802144,12977041,2010-12-22,CON
14802147,PCT/JP2014/050927,2014-01-20,CON
14802151,11219346,2005-09-01,DIV
14802151,12827506,2010-06-30,DIV
14802155,12957687,2010-12-01,CON
14802161,13309137,2011-12-01,CON
14802164,PCT/JP2013/083441,2013-12-13,CON
14802168,10533811,2005-04-29,DIV
14802168,12350179,2009-01-07,DIV
14802168,14097991,2013-12-05,DIV
14802168,PCT/US2003/034453,2003-10-29,NST
14802169,12961620,2010-12-07,CON
14802169,14676155,2015-04-01,CON
14802172,13297314,2011-11-16,CON
14802172,13447925,2012-04-16,CON
14802174,14150654,2014-01-08,CON
14802181,PCT/US2014/012631,2014-01-23,CON
14802185,13147709,2011-08-03,DIV
14802185,PCT/JP2010/051246,2010-01-29,NST
14802187,62026473,2014-07-18,PRO
14802188,13297314,2011-11-16,CON
14802188,13447925,2012-04-16,CON
14802189,62027854,2014-07-23,PRO
14802195,14258283,2014-04-22,CIP
14802199,13274237,2011-10-14,CIP
14802199,61646619,2012-05-14,PRO
14802199,13889984,2013-05-08,DIV
14802201,62026518,2014-07-18,PRO
14802204,14290611,2014-05-29,CON
14802204,14502639,2014-09-30,CIP
14802208,61436609,2011-01-27,PRO
14802208,13244530,2011-09-25,CON
14802211,13710944,2012-12-11,CON
14802213,13215794,2011-08-23,CON
14802216,13989317,2013-07-08,CON
14802216,PCT/KR2011/008951,2011-11-23,NST
14802218,09458849,1999-12-10,CON
14802218,10179732,2002-06-24,CON
14802218,11927520,2007-10-29,CON
14802219,14240220,2014-02-21,DIV
14802219,PCT/US2012/069404,2012-12-13,NST
14802220,61238582,2009-08-31,PRO
14802220,12873246,2010-08-31,CON
14802220,14027559,2013-09-16,CON
14802221,60712987,2005-08-31,PRO
14802221,60727005,2005-10-15,PRO
14802221,60727250,2005-10-15,PRO
14802221,60727249,2005-10-15,PRO
14802221,60726993,2005-10-15,PRO
14802221,60726983,2005-10-15,PRO
14802221,60726981,2005-10-15,PRO
14802221,11513750,2006-08-31,DIV
14802221,13228677,2011-09-09,CON
14802221,13646989,2012-10-08,CON
14802221,13975614,2013-08-26,CON
14802223,61740051,2012-12-20,PRO
14802223,61889086,2013-10-10,PRO
14802223,61911878,2013-12-04,PRO
14802223,14104044,2013-12-12,CON
14802235,14315399,2014-06-26,DIV
14802239,13486633,2012-06-01,CIP
14802239,13588893,2012-08-17,DIV
14802240,10675760,2003-09-30,CON
14802241,14345864,2014-04-03,DIV
14802241,PCT/CN2013/089596,2013-12-16,NST
14802248,PCT/JP2013/078044,2013-10-16,CON
14802253,62026255,2014-07-18,PRO
14802254,62026347,2014-07-18,PRO
14802256,PCT/EP2014/051033,2014-01-20,CON
14802260,61480946,2011-04-29,PRO
14802260,61513514,2011-07-29,PRO
14802260,61531147,2011-09-06,PRO
14802260,61531153,2011-09-06,PRO
14802260,61531164,2011-09-06,PRO
14802260,61531168,2011-09-06,PRO
14802260,61531175,2011-09-06,PRO
14802260,61531180,2011-09-06,PRO
14802260,61531194,2011-09-06,PRO
14802260,61531204,2011-09-06,PRO
14802260,61531209,2011-09-06,PRO
14802260,61531215,2011-09-06,PRO
14802260,13458980,2012-04-27,CON
14802262,12782142,2010-05-18,CON
14802262,14329032,2014-07-11,CON
14802263,62025812,2014-07-17,PRO
14802267,12917285,2010-11-01,DIV
14802270,14408436,,CIP
14802270,PCT/US2014/051217,2014-08-15,NST
14802271,13866216,2013-04-19,CON
14802274,62026313,2014-07-18,PRO
14802275,62025875,2014-07-17,PRO
14802276,PCT/EP2014/050292,2014-01-09,CON
14802281,62026261,2014-07-18,PRO
14802282,62026428,2014-07-18,PRO
14802282,62032956,2014-08-04,PRO
14802284,62027324,2014-07-22,PRO
14802285,PCT/JP2014/051015,2014-01-20,CON
14802293,61718077,2012-10-24,PRO
14802293,61718092,2012-10-24,PRO
14802293,61719171,2012-10-26,PRO
14802293,14058028,2013-10-18,CON
14802294,PCT/US2014/012625,2014-01-23,CON
14802295,13410924,2012-03-02,CON
14802295,14070961,2013-11-04,CON
14802295,14316860,2014-06-27,CON
14802298,12552095,2009-09-01,CON
14802301,13569611,2012-08-08,CON
14802301,13849159,2013-03-22,CON
14802305,62027890,2014-07-23,PRO
14802314,11778002,2007-07-13,CIP
14802314,11938408,2007-11-12,CIP
14802314,12687784,2010-01-14,CON
14802314,13670083,2012-11-06,CON
14802314,13951857,2013-07-26,CON
14802317,14445165,2014-07-29,CON
14802318,62026505,2014-07-18,PRO
14802318,62163817,2015-05-19,PRO
14802319,60938635,2007-05-17,PRO
14802319,60988071,2007-11-14,PRO
14802319,PCT/US08/63837,2008-05-16,NST
14802319,12600553,2010-04-26,CON
14802321,60792108,2006-04-13,PRO
14802321,60868427,2006-12-04,PRO
14802321,60868801,2006-12-06,PRO
14802321,11734623,2007-04-12,CON
14802321,14194690,2014-03-01,CON
14802323,13611929,2012-09-12,CON
14802325,62032595,2014-08-03,PRO
14802330,11480217,2006-06-30,DIV
14802330,12782076,2010-05-18,CON
14802330,13787225,2013-03-06,CON
14802331,61261673,2009-11-16,PRO
14802331,12947025,2010-11-16,CIP
14802331,13279727,2011-10-24,DIV
14802337,PCT/CA2014/050033,2014-01-17,CIP
14802338,14577618,2014-12-19,CON
14802339,62026409,2014-07-18,PRO
14802340,61081450,2008-07-17,PRO
14802340,12505309,2009-07-17,CON
14802340,14039673,2013-09-27,CON
14802342,PCT/JP2014/051084,2014-01-21,CON
14802347,13578563,2012-08-10,CON
14802347,PCT/JP2011/058042,2011-03-30,NST
14802348,13263233,2011-10-06,CON
14802348,PCT/KR2010/001541,2010-03-11,NST
14802350,62026320,2014-07-18,PRO
14802352,61733494,2012-12-05,PRO
14802352,14093606,2013-12-02,CIP
14802354,11717793,2007-03-13,DIV
14802354,13116530,2011-05-26,DIV
14802354,13716914,2012-12-17,CON
14802360,62029393,2014-07-25,PRO
14802362,12978158,2010-12-23,DIV
14802362,14262527,2014-04-25,DIV
14802363,61715010,2012-10-17,PRO
14802363,13828074,2013-03-14,CON
14802366,60304434,2001-07-10,PRO
14802366,60310141,2001-08-02,PRO
14802366,10193462,2002-07-10,CIP
14802366,10346620,2003-01-16,CON
14802366,11655785,2007-01-18,CON
14802366,12551333,2009-08-31,CON
14802366,13098932,2011-05-02,CON
14802367,13495422,2012-06-13,DIV
14802370,61508474,2011-07-15,PRO
14802370,13550078,2012-07-16,CON
14802371,14465899,2014-08-22,CIP
14802373,13786059,2013-03-05,CON
14802373,14524210,2014-10-27,CIP
14802376,PCT/EP2014/050946,2014-01-17,CON
14802377,62026027,2014-07-17,PRO
14802377,62026029,2014-07-17,PRO
14802377,62041633,2014-08-25,PRO
14802377,62059119,2014-10-02,PRO
14802378,62037695,2014-08-15,PRO
14802379,61383715,2010-09-16,PRO
14802379,61384189,2010-09-17,PRO
14802379,13233810,2011-09-15,DIV
14802380,PCT/EP2014/050827,2014-01-16,CON
14802382,62025919,2014-07-17,PRO
14802384,61297207,2010-01-21,PRO
14802384,61309292,2010-03-01,PRO
14802384,13010761,2011-01-20,DIV
14802384,14511778,2014-10-10,CON
14802385,61299843,2010-01-29,PRO
14802385,13015399,2011-01-27,CON
14802386,62025826,2014-07-17,PRO
14802391,61617955,2012-03-30,PRO
14802391,61651094,2012-05-24,PRO
14802391,13799863,2013-03-13,DIV
14802394,62026302,2014-07-18,PRO
14802395,PCT/US2014/010059,2014-01-02,CON
14802396,14369933,2014-06-30,DIV
14802396,PCT/DK2012/050485,2012-12-20,NST
14802398,60843471,2006-09-07,PRO
14802398,60932772,2007-06-01,PRO
14802398,11899747,2007-09-07,CON
14802398,12368048,2009-02-09,CON
14802398,13896923,2013-05-17,CON
14802400,62026569,2014-07-18,PRO
14802402,12866822,2010-10-14,CON
14802402,PCT/GB2009/050227,2009-03-06,NST
14802404,62025695,2014-07-17,PRO
14802405,12529160,2009-08-28,DIV
14802405,13291840,2011-11-08,DIV
14802405,14315090,2014-06-25,CON
14802405,PCT/JP2008/064217,2008-08-07,NST
14802407,13906505,2013-05-31,DIV
14802416,PCT/JP2014/050783,2014-01-17,CON
14802419,62064494,2014-10-16,PRO
14802422,61523356,2011-08-14,PRO
14802422,61595310,2012-02-06,PRO
14802422,61602052,2012-02-22,PRO
14802422,13584536,2012-08-13,CON
14802425,09954067,2001-09-18,CON
14802425,10733396,2003-12-12,CON
14802425,11104564,2005-04-13,CON
14802425,11892506,2007-08-23,CON
14802425,11976681,2007-10-26,CON
14802425,12654889,2010-01-07,CON
14802425,13416307,2012-03-09,CON
14802425,13760537,2013-02-06,CON
14802425,14269729,2014-05-05,CON
14802433,PCT/EP2014/000084,2014-01-15,CON
14802437,62025742,2014-07-17,PRO
14802438,PCT/JP2014/050754,2014-01-17,CON
14802440,12888241,2010-09-22,CIP
14802440,62110507,2015-01-31,PRO
14802442,62025586,2014-07-17,PRO
14802444,PCT/JP2014/076806,2014-10-07,CON
14802446,14011894,2013-08-28,CON
14802447,11650896,2007-01-08,CON
14802447,14164959,2014-01-27,CON
14802448,13688047,2012-11-28,CON
14802449,61020778,2008-01-14,PRO
14802449,61090999,2008-08-22,PRO
14802449,12353855,2009-01-14,CON
14802449,13625680,2012-09-24,CON
14802449,13892476,2013-05-13,CON
14802450,62026096,2014-07-18,PRO
14802455,PCT/CN2014/070220,2014-01-07,CON
14802456,62026248,2014-07-18,PRO
14802459,62026747,2014-07-21,PRO
14802461,60844351,2006-09-14,PRO
14802461,11898481,2007-09-12,CON
14802462,62026352,2014-07-18,PRO
14802462,62078451,2014-11-12,PRO
14802466,13182344,2011-07-13,CON
14802466,13869327,2013-04-24,CON
14802468,60871264,2006-12-21,PRO
14802468,12002819,2007-12-19,CIP
14802468,13296629,2011-11-15,CON
14802469,PCT/EP2014/050526,2014-01-14,CON
14802473,13133062,2011-09-22,CON
14802473,14616002,2015-02-06,CON
14802473,PCT/US2009/066809,2009-12-04,NST
14802474,12691655,2010-01-21,CON
14802475,62026251,2014-07-18,PRO
14802476,60812215,2006-06-09,PRO
14802476,11811199,2007-06-08,CIP
14802476,12611022,2009-11-02,CON
14802480,62026753,2014-07-21,PRO
14802481,61579317,2011-12-22,PRO
14802481,13710824,2012-12-11,DIV
14802482,62025554,2014-07-17,PRO
14802485,14315427,2014-06-26,CON
14802486,62026775,2014-07-21,PRO
14802494,12497162,2009-07-02,DIV
14802496,PCT/JP2014/053657,2014-02-17,CON
14802498,12192789,2008-08-15,CON
14802499,61531925,2011-09-07,PRO
14802499,13607078,2012-09-07,DIV
14802500,62025543,2014-07-17,PRO
14802501,62026218,2014-07-18,PRO
14802503,61051422,2008-05-08,PRO
14802503,61197750,2008-10-30,PRO
14802503,61197817,2008-10-30,PRO
14802503,61198144,2008-11-03,PRO
14802503,61201197,2008-12-08,PRO
14802503,61150515,2009-02-06,PRO
14802503,12463258,2009-05-08,DIV
14802503,13912562,2013-06-07,CON
14802504,61424499,2010-12-17,PRO
14802504,13086252,2011-04-13,DIV
14802505,PCT/JP2014/052065,2014-01-30,CON
14802506,62025653,2014-07-17,PRO
14802507,60388112,2002-06-12,PRO
14802507,60453308,2003-03-10,PRO
14802507,10414959,2003-04-16,CON
14802507,13856089,2013-04-03,DIV
14802509,62026102,2014-07-18,PRO
14802511,62025764,2014-07-17,PRO
14802512,62028476,2014-07-24,PRO
14802513,10756699,2004-01-12,CON
14802513,12551399,2009-08-31,CON
14802513,13608528,2012-09-10,CON
14802513,14213706,2014-03-14,CON
14802524,PCT/CN2013/070718,2013-01-18,CON
14802525,PCT/JP2014/051414,2014-01-23,CON
14802527,11689178,2007-03-21,CON
14802527,12844645,2010-07-27,CON
14802527,13607061,2012-09-07,CON
14802527,14078583,2013-11-13,CON
14802528,11780876,2007-07-20,CIP
14802528,11780917,2007-07-20,CIP
14802528,12759437,2010-04-13,DIV
14802532,62026353,2014-07-18,PRO
14802534,12717540,2010-03-04,DIV
14802537,61677254,2012-07-30,PRO
14802537,61677266,2012-07-30,PRO
14802537,61677298,2012-07-30,PRO
14802537,61677418,2012-07-30,PRO
14802537,61677426,2012-07-30,PRO
14802537,13953877,2013-07-30,CIP
14802537,62026420,2014-07-18,PRO
14802539,62027566,2014-07-22,PRO
14802539,62068415,2014-10-24,PRO
14802539,62079190,2014-11-13,PRO
14802541,13290952,2011-11-07,CON
14802542,13119504,2011-03-17,CON
14802542,14134326,2013-12-19,CON
14802542,PCT/SE2011/050052,2011-01-18,NST
14802543,61801959,2013-03-15,PRO
14802543,61802245,2013-03-15,PRO
14802543,14216936,2014-03-17,DIV
14802543,14604272,2015-01-23,CON
14802544,61187203,2009-06-15,PRO
14802544,61245190,2009-09-23,PRO
14802544,12816232,2010-06-15,CON
14802545,61664795,2012-06-27,PRO
14802545,13928504,2013-06-27,DIV
14802549,60716362,2005-09-12,PRO
14802549,60734692,2005-11-08,PRO
14802549,11411761,2006-04-25,CIP
14802549,11760196,2007-06-08,CIP
14802549,12357860,2009-01-22,CIP
14802549,12639656,2009-12-16,CIP
14802549,61530736,2011-09-02,PRO
14802549,61542473,2011-10-03,PRO
14802549,61553545,2011-10-31,PRO
14802549,13542419,2012-07-05,CIP
14802549,13839674,2013-03-15,CIP
14802549,61861843,2013-08-02,PRO
14802549,14136029,2013-12-20,CIP
14802550,13469789,2012-05-11,CON
14802555,PCT/CN2013/070726,2013-01-18,CON
14802556,PCT/JP2014/000213,2014-01-17,CON
14802561,PCT/CN2013/070638,2013-01-17,CON
14802562,13732526,2013-01-02,CON
14802564,62025514,2014-07-17,PRO
14802568,62026111,2014-07-18,PRO
14802569,13270487,2011-10-11,DIV
14802572,PCT/US2014/017694,2014-02-21,CON
14802575,62026273,2014-07-18,PRO
14802576,62032293,2014-08-01,PRO
14802583,60985537,2007-11-05,PRO
14802583,12265053,2008-11-05,CON
14802584,13080066,2011-04-05,CON
14802584,14627042,2015-02-20,CON
14802585,PCT/CN2013/070731,2013-01-18,CON
14802587,13944018,2013-07-17,CIP
14802589,12319335,2009-01-06,CIP
14802589,61451565,2011-03-10,PRO
14802589,13418233,2012-03-12,CON
14802589,13888219,2013-05-06,CON
14802590,12277654,2008-11-25,DIV
14802593,13140202,2011-08-25,CON
14802593,14457974,2014-08-12,CON
14802593,PCT/GB2008/051218,2008-12-19,NST
14802594,61438313,2011-02-01,PRO
14802594,61453402,2011-03-16,PRO
14802594,13364114,2012-02-01,CIP
14802594,13422593,2012-03-16,CON
14802595,62026300,2014-07-18,PRO
14802596,13284233,2011-10-28,REI
14802602,14110475,2013-11-25,DIV
14802602,PCT/EP2012/056069,2012-04-03,NST
14802607,62026221,2014-07-18,PRO
14802607,62039011,2014-08-19,PRO
14802609,62025802,2014-07-17,PRO
14802609,62065416,2014-10-17,PRO
14802612,13389401,2012-02-07,CON
14802612,PCT/JP2010/063407,2010-08-06,NST
14802613,62026070,2014-07-18,PRO
14802613,62162260,2015-05-15,PRO
14802616,12866575,2010-11-09,CON
14802616,PCT/FR09/50193,2009-02-06,NST
14802619,61766842,2013-02-20,PRO
14802619,14178754,2014-02-12,CON
14802620,PCT/KR2013/011504,2013-12-12,CON
14802624,62026132,2014-07-18,PRO
14802625,62028371,2014-07-24,PRO
14802626,12926262,2010-11-04,DIV
14802635,60443845,2003-01-31,PRO
14802635,60500221,2003-09-05,PRO
14802635,10767863,2004-01-30,DIV
14802635,12493996,2009-06-29,DIV
14802637,62026290,2014-07-18,PRO
14802641,61955673,2014-03-19,PRO
14802641,PCT/US15/21435,2015-03-19,CON
14802642,13886474,2013-05-03,DIV
14802644,12740267,2010-04-28,CON
14802644,PCT/KR2008/004956,2008-08-25,NST
14802647,60968954,2007-08-30,PRO
14802647,12202863,2008-09-02,CON
14802648,13914312,2013-06-10,CON
14802649,62026436,2014-07-18,PRO
14802649,62055561,2014-09-25,PRO
14802650,12388264,2009-02-18,CON
14802651,13002398,2011-01-03,CON
14802651,14501769,2014-09-30,CON
14802651,PCT/KR2009/003634,2009-07-02,NST
14802652,62026354,2014-07-18,PRO
14802656,13520053,2012-10-05,CON
14802656,PCT/JP2012/063564,2012-05-25,NST
14802659,62026238,2014-07-18,PRO
14802660,60794529,2006-04-25,PRO
14802660,11740063,2007-04-25,CON
14802660,13314335,2011-12-08,CON
14802663,62025924,2014-07-17,PRO
14802664,13101736,2011-05-05,CON
14802670,12477866,2009-06-03,DIV
14802673,61549576,2011-10-20,PRO
14802673,13648491,2012-10-10,CON
14802674,13886193,2013-05-02,CIP
14802679,61076253,2008-06-27,PRO
14802679,12204454,2008-09-04,CIP
14802679,61102122,2008-10-02,PRO
14802679,61102151,2008-10-02,PRO
14802679,61102169,2008-10-02,PRO
14802679,61102186,2008-10-02,PRO
14802679,61102205,2008-10-02,PRO
14802679,12493109,2009-06-26,CIP
14802679,12539497,2009-08-11,CIP
14802679,12568087,2009-09-28,CIP
14802679,12569192,2009-09-29,CIP
14802679,12571356,2009-09-30,CIP
14802679,12572202,2009-10-01,CIP
14802679,12572260,2009-10-01,CON
14802679,14075011,2013-11-08,CON
14802679,14665518,2015-03-23,CON
14802681,12676840,2010-08-09,CON
14802681,PCT/KR2008/004700,2008-08-13,NST
14802682,PCT/IB2014/000099,2014-02-03,CON
14802685,60706633,2005-08-09,PRO
14802685,11463479,2006-08-09,DIV
14802685,12493881,2009-06-29,DIV
14802685,12822694,2010-06-24,DIV
14802685,12970148,2010-12-16,DIV
14802685,13364514,2012-02-02,DIV
14802685,13627553,2012-09-26,DIV
14802685,13851587,2013-03-27,DIV
14802685,14097738,2013-12-05,DIV
14802685,14297051,2014-06-05,DIV
14802685,14531459,2014-11-03,DIV
14802686,14193271,2014-02-28,CON
14802693,PCT/EP2014/050912,2014-01-17,CON
14802694,62037046,2014-08-13,PRO
14802698,12787328,2010-05-25,DIV
14802698,61356427,2010-06-18,PRO
14802698,13163627,2011-06-17,CON
14802698,14167804,2014-01-29,CON
14802699,13842512,2013-03-15,CIP
14802699,14495756,2014-09-24,DIV
14802707,62026308,2014-07-18,PRO
14802710,14007933,2013-09-26,CON
14802710,14038558,2013-09-26,CON
14802710,PCT/KR12/07677,2012-09-24,NST
14802711,60966706,2007-08-29,PRO
14802711,12201206,2008-08-29,CON
14802711,13742042,2013-01-15,DIV
14802711,14294351,2014-06-03,CON
14802713,62025808,2014-07-17,PRO
14802714,62026109,2014-07-18,PRO
14802716,62026203,2014-07-18,PRO
14802720,61673241,2012-07-18,PRO
14802720,61693541,2012-08-27,PRO
14802720,13843129,2013-03-15,CON
14802725,61549576,2011-10-20,PRO
14802725,13648491,2012-10-10,CON
14802727,62025885,2014-07-17,PRO
14802727,62051558,2014-09-17,PRO
14802728,13766467,2013-02-13,CON
14802730,14258830,2014-04-22,DIV
14802737,13692540,2012-12-03,DIV
14802740,62027226,2014-07-21,PRO
14802743,61651442,2012-05-24,PRO
14802743,13902017,2013-05-24,DIV
14802746,PCT/JP2013/079081,2013-10-28,CON
14802747,14260547,2014-04-24,CON
14802748,14337422,2014-07-22,CIP
14802750,13801722,2013-03-13,DIV
14802751,62026430,2014-07-18,PRO
14802753,61830585,2013-06-03,PRO
14802753,61902090,2013-11-08,PRO
14802753,14295148,2014-06-03,CON
14802754,62026449,2014-07-18,PRO
14802754,62180987,2015-06-17,PRO
14802754,14752030,2015-06-26,CIP
14802754,62190089,2015-07-08,PRO
14802754,62190999,2015-07-10,PRO
14802755,PCT/CN2013/087510,2013-11-20,CON
14802758,61260903,2009-11-13,PRO
14802758,61260910,2009-11-13,PRO
14802758,61260915,2009-11-13,PRO
14802758,12945740,2010-11-12,DIV
14802758,13903997,2013-05-28,CON
14802760,61674615,2012-07-23,PRO
14802760,13949048,2013-07-23,CIP
14802760,62025664,2014-07-17,CON
14802760,62032385,2014-08-01,PRO
14802761,13045980,2011-03-11,CIP
14802761,13357141,2012-01-24,CIP
14802761,13608530,2012-09-10,CIP
14802761,14502483,2014-09-30,CIP
14802763,60917161,2007-05-10,PRO
14802763,60943293,2007-06-11,PRO
14802763,12118592,2008-05-09,CON
14802763,13928316,2013-06-26,CON
14802765,13143941,2011-08-17,CON
14802765,PCT/NO2009/000224,2009-06-16,NST
14802766,13478999,2012-05-23,CON
14802768,62026449,2014-07-18,PRO
14802768,62180987,2015-06-17,PRO
14802768,14752030,2015-06-26,CIP
14802768,62190089,2015-07-08,PRO
14802768,62190999,2015-07-10,PRO
14802769,13343818,2012-01-05,DIV
14802769,14053867,2013-10-15,CON
14802769,14225632,2014-03-26,CON
14802770,PCT/CN2014/070354,2014-01-09,CON
14802771,62115726,2015-02-13,PRO
14802771,PCT/US2014/012061,2014-01-17,CIP
14802772,62027411,2014-07-22,PRO
14802772,62116794,2015-02-16,PRO
14802774,13149096,2011-05-31,CON
14802778,13029968,2011-02-17,CON
14802793,61509470,2011-07-19,PRO
14802793,13551535,2012-07-17,DIV
14802795,62029939,2014-07-28,PRO
14802795,62107765,2015-01-26,PRO
14802796,14590699,2015-01-06,CIP
14802796,14719520,2015-05-22,CON
14802802,60933631,2007-06-06,PRO
14802802,13221892,2011-08-30,CON
14802802,13425371,2012-03-20,CON
14802802,13669438,2012-11-05,CON
14802802,13856431,2013-04-03,CON
14802803,62025884,2014-07-17,PRO
14802804,62026733,2014-07-21,PRO
14802806,61166186,2009-04-02,PRO
14802806,12753631,2010-04-02,CON
14802806,14450264,2014-08-03,DIV
14802808,13426849,2012-03-22,REI
14802812,13392828,2012-05-04,DIV
14802812,PCT/US2010/046890,2010-08-27,NST
14802813,62025916,2014-07-17,PRO
14802816,61766667,2013-02-19,PRO
14802816,14183445,2014-02-18,CON
14802820,62025916,2014-07-17,PRO
14802821,62025703,2014-07-17,PRO
14802823,62026470,2014-07-18,PRO
14802824,14224950,2014-03-25,CON
14802827,61468849,2011-03-29,PRO
14802827,13433185,2012-03-28,DIV
14802829,61773636,2013-03-06,PRO
14802829,13925566,2013-06-24,CON
14802832,62025744,2014-07-17,PRO
14802835,14132605,2013-12-18,CON
14802836,11443126,2006-05-31,CON
14802836,12708805,2010-02-19,CON
14802836,13038237,2011-03-01,CON
14802836,13327757,2011-12-16,CON
14802836,13662516,2012-10-28,CON
14802836,13922232,2013-06-19,CON
14802836,14198414,2014-03-05,CON
14802836,14628059,2015-02-20,CON
14802837,13989687,2013-08-13,DIV
14802837,PCT/US2010/058106,2010-11-24,NST
14802839,12938107,2010-11-02,CON
14802844,13637968,2012-09-27,CON
14802844,14334448,2014-07-17,CON
14802844,PCT/KR11/02150,2011-03-29,NST
14802845,13800913,2013-03-13,CON
14802848,13358488,2012-01-25,CON
14802849,13386803,2012-02-13,CON
14802849,14283752,2014-05-21,CON
14802849,14500045,2014-09-29,CON
14802849,PCT/KR2010/004868,2010-07-23,NST
14802850,62025842,2014-07-17,PRO
14802854,13189393,2011-07-22,CON
14802856,13143941,2011-08-17,CON
14802856,PCT/NO2009/000224,2009-06-16,NST
14802858,13787080,2013-03-06,CON
14802860,61867307,2013-08-19,PRO
14802860,14270904,2014-05-06,DIV
14802863,PCT/CN2013/088138,2013-11-29,CON
14802866,61683638,2012-08-15,PRO
14802866,13967606,2013-08-15,CON
14802869,12345865,2008-12-30,CON
14802870,62026516,2014-07-18,PRO
14802872,13496864,2012-03-16,CON
14802872,14092831,2013-11-27,CON
14802872,PCT/CA2009/001317,2009-09-17,NST
14802879,61150265,2009-02-05,PRO
14802879,12701417,2010-02-05,DIV
14802879,14159259,2014-01-20,CON
14802882,13117697,2011-05-27,CIP
14802882,13673743,2012-11-09,CON
14802882,14259349,2014-04-23,CIP
14802885,10334303,2002-12-31,DIV
14802885,12855721,2010-08-13,CON
14802885,13385642,2012-02-28,CON
14802885,14223010,2014-03-24,CON
14802886,62026447,2014-07-18,PRO
14802891,PCT/US2014/012093,2014-01-17,CIP
14802895,62025813,2014-07-17,PRO
14802895,62032292,2014-08-01,PRO
14802896,14155318,2014-01-14,CON
14802899,PCT/CN2013/072694,2013-03-15,CON
14802900,13837187,2013-03-15,DIV
14802902,13992542,2013-06-07,CON
14802902,PCT/US2011/063433,2011-12-06,NST
14802904,11970369,2008-01-07,CON
14802904,13176438,2011-07-05,DIV
14802905,PCT/CN2014/071157,2014-01-22,CON
14802906,62032491,2014-08-01,PRO
14802906,62094044,2014-12-18,PRO
14802908,62032489,2014-08-01,PRO
14802908,62094043,2014-12-18,PRO
14802911,62026110,2014-07-18,PRO
14802912,14114169,2013-10-25,DIV
14802912,PCT/JP2012/059969,2012-04-12,NST
14802913,13355974,2012-01-23,CON
14802917,PCT/CN2014/070904,2014-01-20,CON
14802918,14242154,2014-04-01,CIP
14802919,62025891,2014-07-17,PRO
14802920,62031769,2014-07-31,PRO
14802921,PCT/EP2013/000138,2013-01-17,CON
14802922,62027653,2014-07-22,PRO
14802923,60426815,2002-11-18,PRO
14802923,60479918,2003-06-20,PRO
14802923,10715205,2003-11-18,CON
14802926,62025941,2014-07-17,PRO
14802928,62026239,2014-07-18,PRO
14802929,12517026,2010-03-05,CON
14802929,13863306,2013-04-15,CON
14802929,PCT/CA07/02150,2007-11-29,NST
14802930,13735908,2013-01-07,DIV
14802931,62025900,2014-07-17,PRO
14802933,62026575,2014-07-18,PRO
14802934,13804340,2013-03-14,CON
14802936,62026548,2014-07-18,PRO
14802938,PCT/CN2013/070740,2013-01-18,CON
14802939,13868434,2013-04-23,CON
14802941,11834765,2007-08-07,DIV
14802941,12852925,2010-08-09,CON
14802941,14273138,2014-05-08,DIV
14802942,14225304,2014-03-25,CON
14802943,13751056,2013-01-26,DIV
14802948,62025837,2014-07-17,PRO
14802951,62038840,2014-08-19,PRO
14802952,09665394,2000-09-20,CON
14802952,10700352,2003-11-03,CON
14802952,11231537,2005-09-20,REI
14802952,12816928,2010-06-16,CON
14802952,13861313,2013-04-11,CON
14802954,13685127,2012-11-26,CIP
14802954,13685245,2012-11-26,CIP
14802954,13746624,2013-01-22,CIP
14802954,13772024,2013-02-20,CON
14802958,13685127,2012-11-26,CON
14802960,61182104,2009-05-29,PRO
14802960,61182105,2009-05-29,PRO
14802960,61182106,2009-05-29,PRO
14802960,12787343,2010-05-25,CIP
14802960,12789303,2010-05-27,DIV
14802960,13678101,2012-11-15,CON
14802960,13938048,2013-07-09,CIP
14802960,14262208,2014-04-25,CON
14802960,14743971,2015-06-18,CIP
14802962,13258373,2012-09-26,CON
14802962,PCT/CN11/77941,2011-08-03,NST
14802963,PCT/JP2013/006911,2013-11-25,CON
14802964,62038847,2014-08-19,PRO
14802965,12260046,2008-10-28,CIP
14802965,12895590,2010-09-30,CIP
14802965,12895609,2010-09-30,CIP
14802965,12895640,2010-09-30,CIP
14802965,12896842,2010-10-01,CON
14802966,60665364,2005-03-28,PRO
14802966,11390461,2006-03-28,CON
14802967,60896247,2007-03-21,PRO
14802967,12053175,2008-03-21,CIP
14802967,61365838,2010-07-20,PRO
14802967,61394230,2010-10-18,PRO
14802967,13043399,2011-03-08,CIP
14802967,61736356,2012-12-12,PRO
14802967,61753189,2013-01-16,PRO
14802967,14105008,2013-12-12,CIP
14802967,62026593,2014-07-18,PRO
14802968,61083004,2008-07-23,PRO
14802968,12415669,2009-03-31,CON
14802968,13622851,2012-09-19,CON
14802969,61736534,2012-12-12,PRO
14802969,61739680,2012-12-19,PRO
14802969,13776702,2013-02-25,CON
14802970,09842408,2001-04-24,DIV
14802970,11002484,2004-12-01,DIV
14802970,11336102,2006-01-19,DIV
14802970,11624141,2007-01-17,CON
14802970,12253126,2008-10-16,CON
14802970,12912671,2010-10-26,CON
14802970,13244108,2011-09-23,CON
14802970,14055784,2013-10-16,CON
14802972,61246526,2009-09-28,PRO
14802972,12890990,2010-09-27,DIV
14802973,62026550,2014-07-18,PRO
14802974,62038844,2014-08-19,PRO
14802975,62026550,2014-07-18,PRO
14802978,14552890,2014-11-25,CIP
14802978,PCT/IB2013/001336,2013-05-30,CON
14802978,PCT/IL2013/050981,2013-11-27,CON
14802982,13808243,2013-04-30,DIV
14802982,PCT/GB2011/051276,2011-07-08,NST
14802984,61595049,2012-02-04,PRO
14802984,13756891,2013-02-01,CIP
14802987,61999191,2014-07-17,PRO
14802987,62070211,2014-08-19,PRO
14802991,62038849,2014-08-19,PRO
14802994,62026345,2014-07-18,PRO
14802996,13856985,2013-04-04,CON
14802999,62025661,2014-07-17,PRO
14803001,10846807,2004-05-13,DIV
14803001,11833942,2007-08-03,CIP
14803001,14623830,2015-02-17,CIP
14803002,62025936,2014-07-17,PRO
14803003,62039931,2014-08-21,PRO
14803004,62025910,2014-07-17,PRO
14803005,62028180,2014-07-23,PRO
14803006,10815895,2004-03-31,CIP
14803006,11027719,2004-12-30,CIP
14803006,11140092,2005-05-26,CON
14803006,13567126,2012-08-06,CON
14803006,14557020,2014-12-01,CON
14803008,61583032,2012-01-04,PRO
14803008,61609892,2012-03-12,PRO
14803008,13726063,2012-12-22,DIV
14803009,62028211,2014-07-23,PRO
14803013,13050236,2011-03-17,CON
14803015,62025509,2014-07-17,PRO
14803019,61812018,2013-04-15,PRO
14803019,14253574,2014-04-15,CON
14803020,12918789,2010-11-17,CON
14803020,PCT/GB2009/000522,2009-02-25,NST
14803024,61316752,2010-03-23,PRO
14803024,61368490,2010-07-28,PRO
14803024,13070396,2011-03-23,CON
14803025,13931795,2013-06-28,CON
14803026,61494867,2011-06-08,PRO
14803026,13411548,2012-03-03,CIP
14803029,61999401,2014-07-25,PRO
14803031,61758513,2013-01-30,PRO
14803031,14168371,2014-01-30,CIP
14803036,62030012,2014-07-28,PRO
14803037,14066740,2013-10-30,DIV
14803039,13136746,2011-08-09,DIV
14803039,PCT/EP2010/000638,2010-02-03,CIP
14803040,13962066,2013-08-08,DIV
14803054,14122986,2013-11-27,CIP
14803054,14274687,2014-05-10,DIV
14803054,14601682,2015-01-21,DIV
14803054,PCT/IB2012/054706,2012-09-11,NST
14803060,13468992,2012-05-10,CON
14803061,14016038,2013-08-30,CON
14803065,13952579,2013-07-26,CON
14803066,62026960,2014-07-21,PRO
14803067,61992160,2014-05-12,PRO
14803067,62024462,2014-07-14,PRO
14803067,62026038,2014-07-18,PRO
14803067,14477794,2014-09-04,CIP
14803070,62026527,2014-07-18,PRO
14803074,13290146,2011-11-07,DIV
14803076,62028175,2014-07-23,PRO
14803082,13355789,2012-01-23,CON
14803089,13741649,2013-01-15,CON
14803090,13385991,2012-03-19,CIP
14803091,62026657,2014-07-20,PRO
14803101,62028290,2014-07-23,PRO
14803102,61529929,2011-09-01,PRO
14803102,13591257,2012-08-22,CIP
14803102,13787796,2013-03-06,CON
14803104,61529929,2011-09-01,PRO
14803104,13591257,2012-08-22,CIP
14803104,13787787,2013-03-06,CIP
14803104,14047011,2013-10-06,CIP
14803104,14636359,2015-03-03,CIP
14803112,61153620,2009-02-18,PRO
14803112,61214667,2009-04-27,PRO
14803112,61215732,2009-05-08,PRO
14803112,12497135,2009-07-02,CIP
14803112,61271627,2009-07-23,PRO
14803112,61283035,2009-11-25,PRO
14803112,61342755,2010-04-19,PRO
14803112,61397854,2010-06-17,PRO
14803112,12843004,2010-07-23,CIP
14803112,61402166,2010-08-25,PRO
14803112,61463537,2011-02-19,PRO
14803112,61520927,2011-06-17,PRO
14803112,13216208,2011-08-23,DIV
14803118,12853664,2010-08-10,CON
14803128,13920093,2013-06-18,CON
14803129,60695124,2005-06-30,PRO
14803129,11380944,2006-06-08,CON
14803129,12406327,2009-03-18,CON
14803129,13106863,2011-05-13,CON
14803129,13607819,2012-09-10,CON
14803129,14280879,2014-05-19,CON
14803132,12857482,2010-08-16,REI
14803137,13225495,2011-09-05,CIP
14803137,14099997,2013-12-08,DIV
14803138,13802769,2013-03-14,DIV
14803145,11818489,2007-06-14,CON
14803145,13676342,2012-11-14,CON
14803147,13979871,2013-11-12,CON
14803147,PCT/US2012/022517,2012-01-25,NST
14803149,13362352,2012-01-31,CIP
14803149,13362387,2012-01-31,CIP
14803149,13362417,2012-01-31,CIP
14803149,61692393,2012-08-23,PRO
14803149,61692409,2012-08-23,PRO
14803149,13972000,2013-08-21,CIP
14803149,14732982,2015-06-08,CIP
14803154,61670581,2012-07-11,PRO
14803154,13940217,2013-07-11,CON
14803155,12994165,2010-11-23,CON
14803155,PCT/EP2009/003803,2009-05-22,NST
14803158,13250282,2011-09-30,CON
14803158,14176417,2014-02-10,CON
14803161,13934857,2013-07-03,DIV
14803166,62038865,2014-08-19,PRO
14803167,62026726,2014-07-21,PRO
14803169,14146100,2014-01-02,CIP
14803171,62027598,2014-07-22,PRO
14803176,61235768,2009-08-21,PRO
14803176,12574775,2009-10-07,CON
14803177,PCT/JP2013/051281,2013-01-23,CON
14803178,62141306,2015-04-01,PRO
14803180,PCT/JP2014/051140,2014-01-21,CON
14803182,62037046,2014-08-13,PRO
14803185,13425692,2012-03-21,DIV
14803189,61471303,2011-04-04,PRO
14803189,13438305,2012-04-03,CON
14803192,60980443,2007-10-16,PRO
14803192,61027879,2008-02-12,PRO
14803192,61028386,2008-02-13,PRO
14803192,12288170,2008-10-16,CIP
14803192,12370591,2009-02-12,CIP
14803192,12371575,2009-02-13,CON
14803192,13586449,2012-08-15,CON
14803194,13877467,2013-04-03,CIP
14803194,13871098,2013-04-26,CON
14803194,PCT/US2011/057875,2011-10-26,NST
14803195,62026611,2014-07-19,PRO
14803198,14247367,2014-04-08,CON
14803203,61163086,2009-03-25,PRO
14803203,12731817,2010-03-25,CON
14803204,11177827,2005-07-08,DIV
14803204,11877348,2007-10-23,DIV
14803205,13280786,2011-10-25,CON
14803207,12663563,2009-12-08,DIV
14803207,13856905,2013-04-04,CON
14803207,14337959,2014-07-22,CON
14803207,14491556,2014-09-19,CON
14803207,PCT/JP2008/060844,2008-06-13,NST
14803210,62027613,2014-07-22,PRO
14803214,12678378,2010-06-24,CON
14803214,PCT/GB2008/003173,2008-09-19,NST
14803215,62026897,2014-07-21,PRO
14803216,13867241,2013-04-22,DIV
14803221,13419126,2012-03-13,CON
14803227,PCT/JP2014/082806,2014-12-11,CON
14803228,61090384,2008-08-20,PRO
14803228,61102730,2008-10-03,PRO
14803228,61106472,2008-10-17,PRO
14803228,61153271,2009-02-17,PRO
14803228,12543986,2009-08-19,CIP
14803228,12544136,2009-08-19,CIP
14803228,61295562,2010-01-15,PRO
14803228,12706576,2010-02-16,CIP
14803228,12840978,2010-07-21,CIP
14803228,61374594,2010-08-17,PRO
14803228,61378910,2010-08-31,PRO
14803228,61431827,2011-01-11,PRO
14803228,61431830,2011-02-07,PRO
14803228,61439970,2011-02-07,PRO
14803228,61446312,2011-02-24,PRO
14803228,61514391,2011-08-02,PRO
14803228,13210581,2011-08-16,CIP
14803228,13211729,2011-08-17,CIP
14803228,13222931,2011-08-31,CIP
14803228,13347445,2012-01-10,CIP
14803228,13366882,2012-02-06,CIP
14803228,13403741,2012-02-23,CIP
14803228,61605422,2012-03-01,PRO
14803228,61605429,2012-03-01,PRO
14803228,61605434,2012-03-01,PRO
14803228,13565345,2012-08-02,DIV
14803229,13950442,2013-07-25,DIV
14803234,61784182,2013-03-14,PRO
14803234,14211510,2014-03-14,DIV
14803236,60980443,2007-10-16,PRO
14803236,61027879,2008-02-12,PRO
14803236,61028386,2008-02-13,PRO
14803236,12288170,2008-10-16,CIP
14803236,12370591,2009-02-12,CIP
14803236,12371575,2009-02-13,CON
14803236,13586449,2012-08-15,DIV
14803242,61712929,2012-10-12,PRO
14803242,14051432,2013-10-10,CON
14803247,13391477,2012-02-21,CON
14803247,PCT/JP2012/000922,2012-02-10,NST
14803250,14744025,2015-06-19,CIP
14803254,61306634,2010-02-22,PRO
14803254,13032169,2011-02-22,CIP
14803254,13269668,2011-10-10,DIV
14803257,14264084,2014-04-29,CON
14803257,14496099,2014-09-25,DIV
14803257,PCT/EP2012/071748,2012-11-02,CON
14803258,61391299,2010-10-08,PRO
14803258,13269344,2011-10-07,CON
14803261,PCT/JP2014/083828,2014-12-22,CON
14803262,PCT/JP2014/083830,2014-12-22,CON
14803263,13273005,2011-10-13,DIV
14803263,13769249,2013-02-15,DIV
14803266,14089858,2013-11-26,CON
14803268,62026144,2014-07-18,PRO
14803270,62026659,2014-07-20,PRO
14803272,13163022,2011-06-17,CON
14803272,14220153,2014-03-20,CON
14803274,14296706,2014-06-05,CON
14803275,12663009,2009-12-04,DIV
14803275,14456054,2014-08-11,DIV
14803275,PCT/EP2008/056983,2008-06-05,NST
14803283,62027998,2014-07-23,PRO
14803284,13380401,2011-12-22,CON
14803284,14033939,2013-09-23,CON
14803284,PCT/SE2010/050113,2010-02-02,NST
14803306,61775915,2013-03-11,PRO
14803306,14203873,2014-03-11,CON
14803308,10733805,2003-12-10,CIP
14803308,11751523,2007-05-21,CON
14803308,13100186,2011-05-03,CON
14803308,14050022,2013-10-09,DIV
14803311,13580696,2012-10-25,DIV
14803311,PCT/EP2010/052240,2010-02-23,NST
14803312,61593295,2012-01-31,PRO
14803312,PCT/US13/24160,2013-01-31,CON
14803312,14341978,2014-07-28,DIV
14803314,62028381,2014-07-24,PRO
14803318,12329716,2008-12-08,CON
14803318,13403495,2012-02-23,CON
14803318,13906704,2013-05-31,CON
14803325,62029336,2014-07-25,PRO
14803330,61438831,2011-02-02,PRO
14803333,14065076,2013-10-28,CON
14803334,61725995,2012-11-13,PRO
14803334,14079567,2013-11-13,CON
14803335,12646061,2009-12-23,CON
14803335,13745312,2013-01-18,CON
14803335,14036386,2013-09-25,CON
14803335,14486086,2014-09-15,CON
14803336,14006819,2013-10-29,CON
14803336,PCT/JP2012/055832,2012-03-07,NST
14803342,12931272,2011-01-27,DIV
14803344,12600343,2009-11-16,CON
14803344,13887755,2013-05-06,CIP
14803344,PCT/EP2008/056024,2008-05-16,NST
14803345,14238974,2014-04-10,CON
14803345,PCT/FR2012/000325,2012-08-02,NST
14803347,13299872,2011-11-18,CON
14803347,14267503,2014-05-01,CON
14803348,13887439,2013-05-06,CON
14803348,14690876,2015-04-20,CON
14803350,13739152,2013-01-11,CON
14803350,14329601,2014-07-11,CON
14803351,62026884,2014-07-21,PRO
14803352,13786926,2013-03-06,CON
14803352,PCT/US2012/021732,2012-01-18,CIP
14803354,PCT/EP2014/052662,2014-02-11,CON
14803355,62030224,2014-07-29,PRO
14803358,13226845,2011-09-07,DIV
14803361,61236810,2009-08-25,PRO
14803361,PCT/US10/46421,2010-08-24,NST
14803361,13322790,2011-11-28,CIP
14803363,PCT/EP2014/000013,2014-01-07,CON
14803364,14303188,2014-06-12,CIP
14803365,13109906,2011-05-17,DIV
14803365,13931017,2013-06-28,CON
14803365,14331503,2014-07-15,CIP
14803367,PCT/JP2014/050928,2014-01-20,CON
14803369,62026160,2014-07-18,PRO
14803370,13900670,2013-05-23,CON
14803373,13800788,2013-03-13,CON
14803374,62026228,2014-07-18,PRO
14803375,61159977,2009-03-13,PRO
14803375,12617844,2009-11-13,CON
14803375,13857335,2013-04-05,CON
14803377,14041514,2013-09-30,DIV
14803381,60773357,2006-02-13,PRO
14803381,60817603,2006-06-28,PRO
14803381,11706041,2007-02-12,CIP
14803381,12150111,2008-04-23,DIV
14803382,60660193,2005-03-10,PRO
14803382,60699591,2005-07-15,PRO
14803382,PCT/US06/08587,2006-03-10,NST
14803382,11886109,2008-10-07,CON
14803382,14104207,2013-12-12,DIV
14803383,12677601,2010-05-03,DIV
14803383,PCT/EP2008/062116,2008-09-12,NST
14803384,13639632,2012-10-05,DIV
14803384,PCT/EP11/53270,2011-03-04,NST
14803385,12202449,2008-09-02,CIP
14803385,14012266,2013-08-28,CON
14803385,14460183,2014-08-14,CON
14803385,PCT/ES2007/000181,2007-03-30,CIP
14803388,13822405,2013-03-12,CON
14803388,PCT/EP2011/065269,2011-09-05,NST
14803389,61358202,2010-06-24,PRO
14803389,13167567,2011-06-23,CIP
14803392,13942710,2013-07-16,CON
14803393,62038762,2014-08-18,PRO
14803396,62026228,2014-07-18,PRO
14803397,13779729,2013-02-27,CON
14803398,13203506,2011-08-26,DIV
14803398,PCT/EP2010/000590,2010-02-01,NST
14803399,14257316,2014-04-21,CON
14803401,14436883,2015-04-18,CON
14803401,PCT/US2013/031020,2013-03-13,NST
14803403,PCT/EP2014/000099,2014-01-16,CON
14803406,10855200,2004-05-27,CON
14803406,13073362,2011-03-28,CON
14803406,13463326,2012-05-03,CON
14803406,13947199,2013-07-22,CON
14803406,14529239,2014-10-31,CON
14803410,13318138,2012-01-18,CON
14803410,PCT/EP2010/002342,2010-04-16,NST
14803414,13782421,2013-03-01,CON
14803414,PCT/US2011/048909,2011-08-24,CON
14803416,13823505,2013-03-14,DIV
14803416,PCT/IB2011/002232,2011-09-23,NST
14803426,61497270,2011-06-15,PRO
14803426,13524381,2012-06-15,DIV
14803428,61829932,2013-05-31,PRO
14803428,14294123,2014-06-02,CON
14803430,62040073,2014-08-21,PRO
14803431,13821443,2013-05-20,CON
14803431,PCT/GB2011/051582,2011-08-22,NST
14803433,14131665,2014-01-08,CON
14803433,PCT/US2012/048265,2012-07-26,NST
14803434,62027375,2014-07-22,PRO
14803434,62052600,2014-09-19,PRO
14803434,62055209,2014-09-25,PRO
14803434,14801898,2015-07-17,CON
14803439,62028154,2014-07-23,PRO
14803440,13434245,2012-03-29,CON
14803441,61342160,2010-04-09,PRO
14803441,13065937,2011-06-08,CIP
14803441,13986528,2013-05-13,DIV
14803442,13762956,2013-02-08,CIP
14803443,62026216,2014-07-18,PRO
14803444,14315673,2014-06-26,CIP
14803447,11733095,2007-04-09,CON
14803447,13214632,2011-08-22,CON
14803450,13762956,2013-02-08,CIP
14803451,61500801,2011-06-24,PRO
14803451,13523058,2012-06-14,CIP
14803451,13919547,2013-06-17,DIV
14803453,13762956,2013-02-08,CIP
14803454,13577750,2012-08-08,CON
14803454,PCT/KR2011/000866,2011-02-09,NST
14803455,62040762,2014-08-22,PRO
14803457,13762956,2013-02-08,CIP
14803458,62027477,2014-07-22,PRO
14803461,62031606,2014-07-31,PRO
14803462,13503838,2012-07-10,DIV
14803462,PCT/AU2010/001096,2010-08-25,NST
14803465,12304193,2011-02-23,CON
14803465,PCT/IB06/51894,2006-06-13,NST
14803467,13078206,2011-04-01,CON
14803467,14461993,2014-08-18,CON
14803468,12520565,2009-06-22,DIV
14803468,13781228,2013-02-28,DIV
14803468,PCT/EP2007/064430,2007-12-21,NST
14803471,12636367,2009-12-11,CIP
14803471,13210957,2011-08-16,CON
14803471,14018916,2013-09-05,CON
14803473,60542153,2004-02-04,PRO
14803473,10895177,2004-07-20,CON
14803473,11861003,2007-09-25,CON
14803473,12638433,2009-12-15,CON
14803473,13207120,2011-08-10,CON
14803473,13875099,2013-05-01,CON
14803473,14103204,2013-12-11,CON
14803476,14089922,2013-11-26,CON
14803478,14239184,2014-02-17,CON
14803478,PCT/US2012/051349,2012-08-17,NST
14803481,13478541,2012-05-23,DIV
14803482,61310786,2010-03-05,PRO
14803482,13024503,2011-02-10,CON
14803483,13222513,2011-08-31,DIV
14803483,14508075,2014-10-07,CON
14803484,PCT/JP2014/051145,2014-01-21,CON
14803485,13045092,2011-03-10,CON
14803485,13737075,2013-01-09,CON
14803485,14147670,2014-01-06,CON
14803486,14194890,2014-03-03,CON
14803489,62026355,2014-07-18,PRO
14803495,61512657,2011-07-28,PRO
14803495,13561379,2012-07-30,CIP
14803497,62032856,2014-08-04,PRO
14803498,13673705,2012-11-09,DIV
14803499,13840996,2013-03-15,CON
14803501,12723055,2010-03-12,CON
14803501,14085438,2013-11-20,CON
14803502,09684389,2000-10-10,CON
14803502,11088941,2005-03-25,CON
14803502,11980724,2007-10-31,CON
14803502,12461919,2009-08-27,CON
14803502,13086076,2011-04-13,CON
14803502,13617850,2012-09-14,CON
14803502,13939918,2013-07-11,CON
14803502,14093207,2013-11-29,CON
14803502,14282550,2014-05-20,CON
14803502,14473354,2014-08-29,CON
14803502,14610732,2015-01-30,CON
14803505,11368860,2006-03-06,CIP
14803505,11749501,2007-05-16,DIV
14803505,14511848,2014-10-10,CON
14803505,14688734,2015-04-16,CON
14803507,62037401,2014-08-14,PRO
14803509,61595517,2012-02-06,PRO
14803509,13760957,2013-02-06,CON
14803512,61643600,2012-05-07,PRO
14803512,13888651,2013-05-07,DIV
14803513,13790687,2013-03-08,DIV
14803515,13803277,2013-03-14,CON
14803520,61172499,2009-04-24,PRO
14803520,12765310,2010-04-22,CON
14803520,14301006,2014-06-10,CON
14803523,14141600,2013-12-27,DIV
14803526,13700003,2012-12-10,CON
14803526,PCT/JP2012/065225,2012-06-14,NST
14803527,13448681,2012-04-17,CON
14803531,61294681,2010-01-13,PRO
14803531,61320128,2010-04-01,PRO
14803531,12908531,2010-10-20,CIP
14803531,12908549,2010-10-20,CIP
14803531,61663864,2012-06-25,PRO
14803531,61712650,2012-10-11,PRO
14803531,61770618,2013-02-28,PRO
14803531,13921496,2013-06-19,CON
14803534,60197676,2000-04-17,PRO
14803534,09835559,2001-04-17,CON
14803534,11211541,2005-08-26,CON
14803534,11980820,2007-10-31,CON
14803534,13032265,2011-02-22,CON
14803534,13610346,2012-09-11,CON
14803534,14242606,2014-04-01,CON
14803534,14481405,2014-09-09,CON
14803534,14601826,2015-01-21,CON
14803536,12206489,2008-09-08,CON
14803536,14255910,2014-04-17,CON
14803536,14516939,2014-10-17,CON
14803538,61489922,2011-05-25,PRO
14803538,13479951,2012-05-24,DIV
14803539,10515094,2004-11-19,CON
14803539,11326752,2006-01-06,CON
14803539,12479295,2009-06-05,CON
14803539,13450756,2012-04-19,CON
14803539,13797845,2013-03-12,CON
14803539,14524357,2014-10-27,CON
14803539,PCT/GB03/02171,2003-05-21,NST
14803540,61818208,2013-05-01,PRO
14803540,14264420,2014-04-29,DIV
14803545,61656306,2012-06-06,PRO
14803545,13911749,2013-06-06,DIV
14803546,12671981,2010-02-03,DIV
14803552,13692717,2012-12-03,CON
14803554,62027802,2014-07-23,PRO
14803556,62026974,2014-07-21,PRO
14803559,13633177,2012-10-02,CIP
14803561,11368756,2006-03-06,DIV
14803561,12262805,2008-10-31,DIV
14803561,12829114,2010-07-01,CON
14803563,60508204,2003-10-02,PRO
14803563,10836318,2004-04-30,CON
14803563,11687061,2007-03-16,CON
14803563,12607598,2009-10-28,CON
14803563,13210569,2011-08-16,DIV
14803563,14231799,2014-04-01,CON
14803565,62027023,2014-07-21,PRO
14803570,13221398,2011-08-30,CON
14803572,13150434,2011-06-01,CON
14803573,14669529,2015-03-26,CON
14803574,62026093,2014-07-18,PRO
14803575,61818208,2013-05-01,PRO
14803575,14264420,2014-04-29,DIV
14803576,12363066,2009-01-30,CON
14803577,14131898,2014-03-10,CON
14803577,PCT/US2012/046669,2012-07-13,NST
14803579,62026472,2014-07-18,PRO
14803580,62026993,2014-07-21,PRO
14803583,13261255,2012-06-06,DIV
14803583,PCT/US2009/065568,2009-11-23,NST
14803585,62026740,2014-07-21,PRO
14803588,62026835,2014-07-21,PRO
14803594,61325023,2010-04-16,PRO
14803594,61325044,2010-04-16,PRO
14803594,61363002,2010-07-09,PRO
14803594,13088112,2011-04-15,CON
14803594,14044247,2013-10-02,CON
14803597,14073098,2013-11-06,DIV
14803599,14163792,2014-01-24,CON
14803599,14640486,2015-03-06,CON
14803600,61276954,2009-09-19,PRO
14803600,12924072,2010-09-20,CON
14803602,13023676,2011-02-09,CON
14803603,11550356,2006-10-17,CON
14803605,62027304,2014-07-22,PRO
14803610,61545147,2011-10-08,PRO
14803610,13396449,2012-02-14,CON
14803611,62029000,2014-07-25,PRO
14803612,13732664,2013-01-02,DIV
14803613,13737584,2013-01-09,CIP
14803614,62027430,2014-07-22,PRO
14803616,12670579,2010-01-25,DIV
14803622,61794018,2013-03-15,PRO
14803622,14201528,2014-03-07,CON
14803623,12329848,2008-12-08,CON
14803626,12730895,2010-03-24,CON
14803627,12942211,2010-11-09,DIV
14803629,60097678,1998-08-23,PRO
14803629,09789780,2001-02-20,REI
14803629,PCT/US99/19108,1999-08-19,CON
14803632,62027020,2014-07-21,PRO
14803635,61583091,2012-01-04,PRO
14803635,13734051,2013-01-04,CON
14803639,PCT/JP2014/052421,2014-02-03,CON
14803640,13818025,2013-02-20,CON
14803640,PCT/KR2011/006151,2011-08-19,NST
14803643,62026301,2014-07-18,PRO
14803643,PCT/US2014/033981,2014-04-14,CIP
14803643,PCT/US2014/062351,2014-10-27,CIP
14803645,61084439,2008-07-29,PRO
14803645,61084453,2008-07-29,PRO
14803645,61084458,2008-07-29,PRO
14803645,61084463,2008-07-29,CIP
14803645,61084471,2008-07-29,PRO
14803645,61084474,2008-07-29,PRO
14803645,12511973,2009-07-29,DIV
14803645,13964574,2013-08-12,DIV
14803645,14504665,2014-10-02,DIV
14803647,11528893,2006-09-27,DIV
14803650,13498036,2012-12-12,DIV
14803650,PCT/US2010/050206,2010-09-24,NST
14803652,13383203,2012-01-09,CIP
14803652,PCT/US2010/046028,2010-08-19,NST
14803654,61031665,2008-02-26,PRO
14803656,13119049,2011-03-15,CON
14803656,PCT/JP2009/067330,2009-10-05,NST
14803659,10714869,2003-11-18,CON
14803659,12509102,2009-07-24,CON
14803659,13279927,2011-10-24,DIV
14803660,61981449,2014-04-18,PRO
14803660,14666399,2015-03-24,DIV
14803662,14056026,2013-10-17,DIV
14803666,13639931,2012-10-08,CON
14803666,PCT/JP2012/004615,2012-07-20,NST
14803667,62027502,2014-07-22,PRO
14803668,11689473,2007-03-21,CON
14803668,13301549,2011-11-21,CON
14803672,13926020,2013-06-25,CON
14803677,60627277,2004-11-12,PRO
14803677,11273896,2005-11-14,CON
14803677,12540703,2009-08-13,CON
14803677,13748983,2013-01-24,CON
14803678,61747001,2012-12-28,PRO
14803678,14101442,2013-12-10,DIV
14803681,13617564,2012-09-14,CIP
14803681,13956234,2013-07-31,CIP
14803681,14486843,2014-09-15,CIP
14803683,60566546,2004-04-29,PRO
14803683,PCT/US04/28817,2004-09-30,NST
14803683,10573600,2006-03-24,CON
14803683,13023918,2011-02-09,DIV
14803686,13967104,2013-08-14,CON
14803689,62031630,2014-07-31,PRO
14803692,62026330,2014-07-18,PRO
14803692,62158466,2015-05-07,PRO
14803692,62183669,2015-06-23,PRO
14803693,61701888,2012-09-17,PRO
14803693,14028844,2013-09-17,DIV
14803695,12440868,2009-10-14,CON
14803695,13233110,2011-09-15,CON
14803695,13856576,2013-04-04,CON
14803695,PCT/IB2007/003992,2007-12-18,NST
14803696,61526388,2011-08-23,PRO
14803696,61526404,2011-08-23,PRO
14803696,13592687,2012-08-23,CIP
14803698,61078581,2008-07-07,PRO
14803698,12806181,2009-07-03,CIP
14803698,12830959,2010-07-06,CON
14803698,14270025,2014-05-05,CON
14803702,62027639,2014-07-22,PRO
14803709,13776466,2013-02-25,CON
14803711,61532922,2011-09-09,PRO
14803711,13597450,2012-08-29,CON
14803712,14550638,2014-11-21,CON
14803713,13225345,2011-09-02,CON
14803714,62027939,2014-07-23,PRO
14803715,PCT/EP2014/050869,2014-01-17,CON
14803720,14327096,2014-07-09,CIP
14803722,61973091,2014-03-31,PRO
14803722,14323634,2014-07-03,CON
14803723,14166131,2014-01-28,CON
14803724,61676454,2012-07-27,PRO
14803724,13953727,2013-07-29,CON
14803725,61278685,2009-10-09,PRO
14803725,61335415,2010-01-07,PRO
14803725,12900913,2010-10-08,DIV
14803725,PCT/US2009/039810,2009-04-07,CIP
14803726,PCT/JP2014/051300,2014-01-22,CON
14803727,PCT/JP2014/052962,2014-02-07,CON
14803730,62026253,2014-07-18,PRO
14803731,13382072,2012-03-15,CON
14803731,PCT/EP2010/059419,2010-07-02,NST
14803734,62026680,2014-07-20,PRO
14803734,62093612,2014-12-18,PRO
14803734,62127265,2015-03-02,PRO
14803734,62148246,2015-04-16,PRO
14803738,14014034,2013-08-29,CON
14803739,10468203,2003-08-18,CON
14803739,11979033,2007-10-30,REI
14803740,13521003,2012-07-06,CON
14803740,14536105,2014-11-07,CON
14803740,14537189,2014-11-10,CON
14803740,PCT/KR2011/000397,2011-01-19,NST
14803741,62026304,2014-07-18,PRO
14803744,PCT/JP2014/051355,2012-01-23,CON
14803746,13439893,2012-04-05,CON
14803746,14268085,2014-05-02,CON
14803750,10055336,2002-01-23,CON
14803750,11637750,2006-12-13,CON
14803750,13418130,2012-03-12,CON
14803750,13959576,2013-08-05,CON
14803751,13846850,2013-03-18,CON
14803752,13180838,2011-07-12,CON
14803757,61110775,2008-11-03,PRO
14803757,12608445,2009-10-29,DIV
14803757,13655194,2012-10-18,CON
14803757,14280033,2014-05-16,CON
14803758,13547190,2012-07-12,CIP
14803759,61552514,2011-10-28,PRO
14803759,13663015,2012-10-29,DIV
14803761,PCT/JP2014/051930,2014-01-29,CON
14803763,60560307,2004-04-07,PRO
14803763,PCT/US05/11602,2005-04-07,NST
14803763,10599695,2006-10-05,DIV
14803763,12774445,2010-05-05,CON
14803769,61719929,2012-10-29,PRO
14803769,13738799,2013-01-10,CIP
14803769,14183300,2014-02-18,CIP
14803769,62168468,2015-05-29,PRO
14803770,12901078,2010-10-08,CON
14803771,13878682,2013-09-30,CON
14803771,PCT/US2011/055624,2011-10-10,NST
14803772,62026956,2014-07-21,PRO
14803775,11411361,2006-04-24,CON
14803775,12238977,2008-09-26,CIP
14803775,12433999,2009-05-01,CON
14803775,12951704,2010-11-22,CON
14803775,13342512,2012-01-03,CON
14803775,13924823,2013-06-24,CON
14803775,PCT/US2004/035468,2004-10-25,CON
14803776,14045243,2013-10-03,CON
14803777,13690275,2012-11-30,CIP
14803778,12023648,2008-01-31,CON
14803779,61437573,2011-01-28,PRO
14803779,61467758,2011-03-25,PRO
14803779,13113524,2011-05-23,CON
14803779,13205315,2011-08-08,CON
14803779,14475130,2014-09-02,CON
14803780,62026995,2014-07-21,PRO
14803780,62105856,2015-01-21,PRO
14803783,13162657,2011-06-17,CON
14803783,14036047,2013-09-25,CON
14803784,61644432,2012-05-09,PRO
14803784,13832025,2013-03-15,CON
14803791,13760641,2013-02-06,CON
14803792,61644673,2012-05-09,PRO
14803792,13888925,2013-05-07,CON
14803795,14158287,2014-01-17,CON
14803796,62026444,2014-07-18,PRO
14803797,62026359,2014-07-18,PRO
14803800,13562637,2012-07-31,DIV
14803801,12954045,2010-11-24,CON
14803808,60861992,2006-11-29,PRO
14803808,PCT/US07/24746,2007-11-29,NST
14803808,12516426,2009-06-11,DIV
14803808,13961146,2013-08-07,DIV
14803814,09940110,2001-08-27,DIV
14803814,10457144,2003-06-09,CON
14803814,12538741,2009-08-10,CON
14803814,13936132,2013-07-05,CON
14803814,14161392,2014-01-22,CON
14803815,14011305,2013-08-27,CON
14803819,61300087,2010-02-01,PRO
14803819,13015506,2011-01-27,CIP
14803820,61505177,2011-07-07,PRO
14803820,13544731,2012-07-09,CON
14803821,61436301,2011-01-26,PRO
14803821,13357935,2012-01-25,CON
14803825,62026907,2014-07-21,PRO
14803826,14093315,2013-11-29,CIP
14803827,61422730,2010-12-14,PRO
14803827,13245412,2011-09-26,DIV
14803829,62027509,2014-07-22,PRO
14803830,13631922,2012-09-29,DIV
14803831,60713070,2005-08-31,PRO
14803831,11512479,2006-08-30,CIP
14803831,12755070,2010-04-06,CON
14803832,13791541,2013-03-08,CIP
14803834,13729979,2012-12-28,CON
14803837,14257609,2014-04-21,CIP
14803839,62026792,2014-07-21,PRO
14803840,13579820,2012-08-17,CON
14803840,PCT/EP2011/052366,2011-02-17,NST
14803841,60898297,2007-01-30,PRO
14803841,12022095,2008-01-29,DIV
14803841,13915818,2013-06-12,CON
14803842,62028374,2014-07-24,PRO
14803846,61056165,2008-05-27,PRO
14803846,12472403,2009-05-27,CON
14803847,13535868,2012-06-28,CON
14803847,13544439,2012-07-09,CON
14803848,61033064,2008-03-03,PRO
14803848,61039454,2008-03-26,PRO
14803848,61053713,2008-05-16,PRO
14803848,61057599,2008-05-30,PRO
14803848,61076126,2008-06-26,PRO
14803848,61095615,2008-09-09,PRO
14803848,12234307,2008-09-19,CIP
14803848,12234360,2008-09-19,CIP
14803848,12235200,2008-09-22,CIP
14803848,12237365,2008-09-24,CIP
14803848,61115333,2008-11-17,PRO
14803848,12411925,2009-03-26,CIP
14803848,12556029,2009-09-09,CIP
14803848,12620330,2009-11-17,CON
14803848,13605530,2012-09-06,CON
14803848,13937777,2013-07-09,CON
14803848,14508767,2014-10-07,CON
14803856,60915974,2007-05-04,PRO
14803856,12050473,2008-03-18,CON
14803856,13182304,2011-07-13,CON
14803856,14198468,2014-03-05,CON
14803860,13993473,2013-06-12,DIV
14803860,PCT/EP2011/072993,2011-12-15,NST
14803861,62031433,2014-07-31,PRO
14803865,62029125,2014-07-25,PRO
14803866,60796212,2006-04-27,PRO
14803866,60859634,2006-11-18,PRO
14803866,11796374,2007-04-27,DIV
14803866,13285899,2011-10-31,DIV
14803866,14053322,2013-10-14,DIV
14803868,13925339,2013-06-24,DIV
14803871,61999359,2014-07-24,PRO
14803872,62027458,2014-07-22,PRO
14803873,13867513,2013-04-22,CON
14803873,14311855,2014-06-23,CON
14803873,PCT/JP2011/074273,2011-10-21,CON
14803874,62029268,2014-07-25,PRO
14803878,62026062,2014-07-18,PRO
14803880,62027019,2014-07-21,PRO
14803880,62087445,2014-12-04,PRO
14803880,62150064,2015-04-20,PRO
14803880,62159504,2015-05-11,PRO
14803880,14801503,2015-07-16,DIV
14803882,12517505,2009-06-03,CON
14803882,PCT/JP2008/060489,2008-06-06,NST
14803883,PCT/CN2013/070730,2013-01-18,CON
14803884,10651003,2003-08-28,CIP
14803884,10650910,2003-08-28,CON
14803884,11024543,2004-12-20,CIP
14803884,11140343,2005-05-27,CIP
14803884,60722300,2005-09-30,PRO
14803884,60725445,2005-10-11,PRO
14803884,60728912,2005-10-21,PRO
14803884,60736112,2005-11-10,PRO
14803884,60832644,2006-07-21,PRO
14803884,11522503,2006-09-14,CON
14803884,60931362,2007-05-23,PRO
14803884,12011048,2008-01-24,CIP
14803884,12154460,2008-05-23,CIP
14803884,61279383,2009-10-20,PRO
14803884,12804580,2010-07-23,CIP
14803884,12925342,2010-10-19,DIV
14803884,13694954,2013-01-22,CON
14803885,13571849,2012-08-10,CON
14803891,PCT/CN2013/086880,2013-11-11,CON
14803893,62026948,2014-07-21,PRO
14803894,62027953,2014-07-23,PRO
14803896,13995888,2013-06-19,CON
14803896,PCT/RU2013/000208,2013-03-15,NST
14803897,62029627,2014-08-13,PRO
14803898,11760692,2007-06-08,CON
14803900,13587724,2012-08-16,CON
14803902,10296571,2003-01-21,CON
14803902,11329212,2006-01-10,CON
14803902,12538603,2009-08-10,CON
14803902,13328095,2011-12-16,CON
14803902,13801773,2013-03-13,CON
14803902,13934763,2013-07-03,CON
14803902,14175171,2014-02-07,CON
14803902,14455190,2014-08-08,CON
14803902,PCT/EP01/05738,2001-05-18,NST
14803903,12161082,2010-05-20,DIV
14803903,PCT/EP2006/069101,2006-11-30,NST
14803904,61253271,2009-10-20,PRO
14803904,12897451,2010-10-04,REI
14803910,13760277,2013-02-06,DIV
14803911,13652983,2012-10-16,CIP
14803915,13484717,2012-05-31,CON
14803915,14536861,2014-11-10,CON
14803918,13219439,2011-08-26,CON
14803918,61620628,2012-04-05,PRO
14803918,61620636,2012-04-05,PRO
14803918,13563314,2012-07-31,DIV
14803919,PCT/US11/67232,2011-12-23,NST
14803919,13995930,2013-06-19,DIV
14803923,12064332,2008-07-16,CON
14803923,13445672,2012-04-12,CON
14803923,PCT/US2006/032525,2006-08-18,NST
14803924,62026338,2014-07-18,PRO
14803927,14042056,2013-09-30,CON
14803928,13152361,2011-06-03,CIP
14803931,13005552,2011-01-13,CON
14803935,11774923,2007-07-09,CON
14803936,14240220,2014-02-21,DIV
14803936,PCT/US2012/069404,2012-12-13,NST
14803937,13236794,2011-09-20,CON
14803938,13820892,2013-03-05,DIV
14803938,PCT/JP2010/066084,2010-09-16,NST
14803939,61908706,2013-11-25,PRO
14803939,14548485,2014-11-20,CON
14803941,14054470,2013-10-15,CON
14803941,PCT/US2012/034114,2012-04-18,CON
14803942,61409904,2010-11-03,PRO
14803942,13171622,2011-06-29,CON
14803943,PCT/JP2014/000351,2014-01-24,CON
14803944,62027019,2014-07-21,PRO
14803944,62087445,2014-12-04,PRO
14803944,62150064,2015-04-20,PRO
14803944,62159504,2015-05-11,PRO
14803944,14801503,2015-07-16,DIV
14803945,10304240,2002-11-26,CON
14803945,12833710,2010-07-09,CON
14803945,13369751,2012-02-09,CON
14803945,14202975,2014-03-10,CON
14803947,13071547,2011-03-25,CON
14803947,14177723,2014-02-11,CON
14803948,61587009,2012-01-16,PRO
14803948,13471229,2012-05-14,CON
14803950,13656968,2012-10-22,DIV
14803950,14327899,2014-07-10,CON
14803953,60577284,2004-06-05,PRO
14803953,11147116,2005-06-06,CON
14803953,13618829,2012-09-14,CON
14803953,13863083,2013-04-15,CON
14803954,11397413,2006-04-04,DIV
14803954,12353592,2009-01-14,CON
14803954,13357347,2012-01-24,DIV
14803962,14240220,2014-02-21,DIV
14803962,PCT/US2012/069404,2012-12-13,NST
14803963,13837370,2013-03-15,CIP
14803964,13779142,2013-02-27,CON
14803964,14565051,2014-12-09,CON
14803965,61641033,2012-05-01,PRO
14803965,13874993,2013-05-01,DIV
14803966,62026384,2014-07-18,PRO
14803969,62029925,2014-07-28,PRO
14803971,12916017,2010-10-29,DIV
14803972,62028038,2014-07-23,PRO
14803974,61550201,2011-10-21,PRO
14803974,13656050,2012-10-19,CON
14803975,61478053,2011-04-21,PRO
14803975,13452674,2012-04-20,CON
14803975,13903650,2013-05-28,CON
14803980,62026694,2014-07-20,PRO
14803980,62027166,2014-07-21,PRO
14803981,61345854,2010-05-18,PRO
14803981,PCT/US11/36905,2011-05-18,NST
14803981,13696017,2013-01-04,DIV
14803982,61832099,2013-06-06,PRO
14803982,14708673,2015-05-11,CIP
14803983,14469374,2014-08-26,CON
14803985,62031979,2014-08-01,PRO
14803987,11857709,2007-09-19,CON
14803988,10771523,2004-02-05,DIV
14803988,11345493,2006-02-02,DIV
14803988,12233653,2008-09-19,CON
14803988,12582363,2009-10-20,REI
14803988,13861124,2013-04-11,CON
14803988,13973783,2013-08-22,CON
14803989,14012310,2013-08-28,DIV
14803990,14234593,2014-01-23,CON
14803990,PCT/KR2012/005887,2012-07-24,NST
14803992,PCT/EP2013/050924,2013-01-18,CON
14803993,11307262,2006-01-30,CIP
14803993,60823573,2006-08-25,PRO
14803993,PCT/US07/61328,2007-01-30,NST
14803993,12161554,2008-07-18,CIP
14803993,61313132,2010-03-12,PRO
14803993,12973947,2010-12-21,CIP
14803993,61590733,2012-01-25,PRO
14803993,13751035,2013-01-25,CON
14803994,PCT/JP2014/000251,2014-01-20,CON
14803996,62026860,2014-07-21,PRO
14803997,62026694,2014-07-20,PRO
14803997,62027166,2014-07-21,PRO
14803999,62028016,2014-07-23,PRO
14804002,61099460,2008-09-23,PRO
14804002,12564557,2009-09-22,CON
14804003,13837493,2013-03-15,CON
14804004,13954620,2013-07-30,DIV
14804008,60759835,2006-01-17,PRO
14804008,60783632,2006-03-17,PRO
14804008,60824552,2006-09-05,PRO
14804008,11624168,2007-01-17,CON
14804009,11853726,2007-09-11,CON
14804011,62026200,2014-07-18,PRO
14804013,62028571,2014-07-24,PRO
14804015,13527670,2012-06-20,CON
14804016,61705440,2012-09-25,PRO
14804016,61718503,2012-10-25,PRO
14804016,61725865,2012-11-13,PRO
14804016,61729158,2012-11-21,PRO
14804016,61729489,2012-11-23,PRO
14804016,61783193,2013-03-14,PRO
14804016,61784002,2013-03-14,PRO
14804016,14024717,2013-09-12,CON
14804016,14146857,2014-01-03,DIV
14804018,61416093,2010-11-22,PRO
14804018,61473726,2011-04-08,PRO
14804018,61477587,2011-04-20,PRO
14804018,61514435,2011-08-02,PRO
14804018,13303135,2011-11-22,CON
14804019,12924307,2010-09-24,CON
14804019,14060557,2013-10-22,CON
14804020,62028120,2014-07-23,PRO
14804021,14072413,2013-11-05,DIV
14804024,62037592,2014-08-14,PRO
14804027,12366379,2009-02-05,CON
14804028,61891610,2013-10-16,PRO
14804028,14513551,2014-10-14,DIV
14804030,14155209,2014-01-14,CIP
14804031,62026694,2014-07-20,PRO
14804031,62027166,2014-07-21,PRO
14804033,60745928,2006-04-28,PRO
14804033,11697575,2007-04-06,CON
14804033,12372235,2009-02-17,CON
14804033,13029966,2011-02-17,CIP
14804033,13269426,2011-10-07,CIP
14804033,61648533,2012-05-17,PRO
14804033,13897278,2013-05-17,CIP
14804033,62027180,2014-07-21,PRO
14804034,62027719,2014-07-22,PRO
14804035,13299938,2011-11-18,CON
14804035,14179249,2014-02-12,CON
14804037,61546275,2011-10-12,PRO
14804037,13651281,2012-10-12,CON
14804038,61734820,2012-12-07,PRO
14804038,13827779,2013-03-14,CON
14804040,61232754,2009-08-10,PRO
14804040,12852557,2010-08-09,CON
14804040,13964595,2013-08-12,CON
14804041,60963936,2007-08-08,PRO
14804041,12187502,2008-08-07,CON
14804041,13781143,2013-02-28,DIV
14804041,14282545,2014-05-20,CON
14804044,61314889,2010-03-17,PRO
14804044,61351704,2010-06-04,PRO
14804044,13050709,2011-03-17,DIV
14804045,PCT/CN2013/074883,2013-04-27,CON
14804047,62026694,2014-07-20,PRO
14804047,62027166,2014-07-21,PRO
14804048,61352504,2010-06-08,PRO
14804048,13155145,2011-06-07,CON
14804049,62026344,2014-07-18,PRO
14804050,PCT/CN2013/070725,2013-01-18,CON
14804051,62026267,2014-07-18,PRO
14804052,62032114,2014-08-01,PRO
14804052,62093492,2014-12-18,PRO
14804053,13034674,2011-02-24,CIP
14804053,13034678,2011-02-24,CIP
14804053,13267877,2011-10-06,CIP
14804053,61627996,2011-10-21,PRO
14804053,PCT/US11/61437,2011-11-18,CIP
14804053,13467025,2012-05-08,CIP
14804053,13601574,2012-08-31,CON
14804053,13958191,2013-08-02,CON
14804053,14293915,2014-06-02,CON
14804056,13739374,2013-01-11,CON
14804057,62027631,2014-07-22,PRO
14804058,61663606,2012-06-24,PRO
14804058,13919978,2013-06-17,CON
14804059,11665581,2007-12-18,CON
14804059,PCT/NZ05/00270,2005-10-14,NST
14804060,62026305,2014-07-18,PRO
14804062,61891284,2013-10-15,PRO
14804062,14242535,2014-04-01,CON
14804064,62032308,2014-08-01,PRO
14804066,11816716,2007-08-21,CON
14804066,PCT/IB06/50528,2006-02-17,NST
14804068,62027191,2014-07-21,PRO
14804068,62181084,2015-06-17,PRO
14804070,12472192,2009-05-26,DIV
14804070,13868821,2013-04-23,CON
14804071,62026171,2014-07-18,PRO
14804076,PCT/US11/64201,2011-12-09,NST
14804076,13498859,2012-03-28,CON
14804077,62026694,2014-07-20,PRO
14804077,62027166,2014-07-21,PRO
14804081,12256245,2008-10-22,CIP
14804081,12603280,2009-10-21,CIP
14804081,13109410,2011-05-17,CON
14804082,62027015,2014-07-21,PRO
14804084,61350266,2010-06-01,PRO
14804084,13151048,2011-06-01,CON
14804088,13785458,2013-03-05,CON
14804089,13673705,2012-11-09,DIV
14804090,61503210,2011-06-30,PRO
14804090,13530468,2012-06-22,CON
14804093,61443410,2011-02-16,PRO
14804093,61542120,2011-09-30,PRO
14804093,13356399,2012-01-23,CIP
14804093,14142650,2013-12-27,CON
14804094,60989802,2007-11-21,PRO
14804094,12276261,2008-11-21,DIV
14804094,13411510,2012-03-02,CON
14804096,PCT/CN2013/070784,2013-01-21,CON
14804097,14072151,2013-11-05,DIV
14804099,13612189,2012-09-12,CON
14804099,PCT/CA2011/050266,2011-05-02,CON
14804100,62026637,2014-07-19,PRO
14804101,61979703,2014-04-15,PRO
14804101,14328661,2014-07-10,CIP
14804101,62026042,2014-07-18,PRO
14804102,62027402,2014-07-22,PRO
14804102,62163325,2015-05-18,PRO
14804104,61877142,2013-09-12,PRO
14804104,14198155,2014-03-05,CON
14804105,60945801,2007-06-22,PRO
14804105,PCT/US08/67708,2008-06-20,NST
14804105,12666168,2010-06-23,DIV
14804105,13710390,2012-12-10,CON
14804106,61999194,2014-07-21,PRO
14804107,13763451,2013-02-08,CON
14804109,13762199,2013-02-07,CON
14804110,14011289,2013-08-27,DIV
14804111,PCT/JP2013/000328,2013-01-23,CON
14804114,11596027,2006-11-10,CON
14804114,13007273,2011-01-14,CON
14804114,13369205,2012-02-08,CON
14804114,PCT/US2005/016427,2005-05-11,NST
14804122,13096966,2011-04-28,CON
14804122,13974731,2013-08-23,CON
14804122,14325075,2014-07-07,CON
14804123,13340914,2011-12-30,CON
14804123,14077026,2013-11-11,CON
14804125,62026451,2014-07-18,PRO
14804126,13780089,2013-02-28,DIV
14804128,60222525,2000-08-02,PRO
14804128,09921158,2001-08-01,CIP
14804128,60389239,2002-06-14,PRO
14804128,10463754,2003-06-16,CON
14804128,12862402,2010-08-24,CON
14804128,13923235,2013-06-20,CON
14804131,14198232,2014-03-05,DIV
14804131,PCT/CN2012/083962,2012-11-02,CON
14804132,61253544,2009-10-21,PRO
14804132,12909506,2010-10-21,CON
14804133,13122849,2011-09-15,CON
14804133,PCT/EP2009/062682,2009-09-30,NST
14804135,09599242,2000-06-22,DIV
14804135,10641179,2003-08-14,DIV
14804135,12697374,2010-02-01,CON
14804138,13914086,2013-06-10,CON
14804142,12605953,2009-10-26,CON
14804144,61117608,2008-11-25,PRO
14804144,12626384,2009-11-25,CON
14804145,61121061,2008-12-09,PRO
14804145,61170404,2009-04-17,PRO
14804145,61224386,2009-07-09,PRO
14804145,61227378,2009-07-21,PRO
14804145,61242635,2009-09-15,PRO
14804145,12632194,2009-12-07,CON
14804145,13679803,2012-11-16,CON
14804145,14089633,2013-11-25,CON
14804145,14321689,2014-07-01,CON
14804148,13312704,2011-12-06,CON
14804148,14474776,2014-09-02,CON
14804154,62036628,2014-08-13,PRO
14804156,60970780,2007-09-07,PRO
14804156,60986665,2007-11-09,PRO
14804156,60989299,2007-11-20,PRO
14804156,12206508,2008-09-08,CON
14804156,12428908,2009-04-23,CON
14804156,13569134,2012-08-07,CON
14804156,13765640,2013-02-12,CON
14804156,13861305,2013-04-11,CON
14804156,14171511,2014-02-03,CON
14804156,14262590,2014-04-25,CON
14804156,14323964,2014-07-03,CON
14804157,61241349,2009-09-10,PRO
14804157,12880027,2010-09-10,CON
14804159,14069147,2013-10-31,CON
14804161,62026222,2014-07-18,PRO
14804161,62062224,2014-10-10,PRO
14804162,PCT/JP2014/000049,2014-01-09,CON
14804163,60761972,2006-01-24,PRO
14804163,11624613,2007-01-18,CON
14804163,13421785,2012-03-15,CON
14804166,62031060,2014-07-30,PRO
14804178,61108420,2008-10-24,PRO
14804178,12605065,2009-10-23,CON
14804178,13692596,2012-12-03,DIV
14804182,PCT/JP2014/051386,2014-01-23,CIP
14804187,61495776,2011-06-10,PRO
14804187,13287804,2011-11-02,CON
14804187,13448991,2012-04-17,CON
14804187,13528563,2012-06-20,CIP
14804187,13565013,2012-08-02,CIP
14804187,61736181,2012-12-12,PRO
14804187,13763831,2013-02-11,CON
14804189,13603594,2012-09-05,CON
14804193,61288124,2009-12-18,PRO
14804193,12970898,2010-12-16,CON
14804193,14085606,2013-11-20,CON
14804196,09599242,2000-06-22,DIV
14804196,10641179,2003-08-14,DIV
14804196,12697374,2010-02-01,CON
14804199,62027094,2014-07-21,PRO
14804210,61605714,2012-03-01,PRO
14804210,13752056,2013-01-28,CIP
14804210,PCT/US13/28555,2013-03-01,CIP
14804210,14228174,2014-03-27,CON
14804211,13660748,2012-10-25,DIV
14804212,12451304,2010-05-19,CON
14804212,PCT/US2008/005909,2008-05-07,NST
14804213,13359028,2012-01-26,CON
14804214,62027044,2014-07-21,PRO
14804216,12226834,2008-10-29,CON
14804216,PCT/US2007/008008,2007-03-30,NST
14804218,12763162,2010-04-19,CIP
14804218,13556046,2012-07-23,CIP
14804218,13732175,2012-12-31,CIP
14804218,14052548,2013-10-11,CON
14804220,62026591,2014-07-18,PRO
14804221,60974391,2007-09-21,PRO
14804221,12234088,2008-09-19,CON
14804221,13439588,2012-04-04,CON
14804222,62031778,2014-07-31,PRO
14804223,62026686,2014-07-20,PRO
14804224,14335219,2014-07-18,CIP
14804228,61295922,2010-01-18,PRO
14804228,13008892,2011-01-18,CON
14804230,61535827,2011-09-16,PRO
14804230,13620074,2012-09-14,CON
14804234,12763162,2010-04-19,CIP
14804234,13556046,2012-07-23,CIP
14804234,13732175,2012-12-31,CIP
14804234,14052585,2013-10-11,CON
14804235,12756103,2010-04-07,CON
14804237,14252747,2014-04-14,CON
14804238,62027965,2014-07-23,PRO
14804239,13783070,2013-03-01,CON
14804240,13462114,2012-05-02,DIV
14804241,10957080,2004-10-01,CIP
14804241,60710767,2005-08-23,PRO
14804241,11327087,2006-01-05,CIP
14804241,60792912,2006-04-17,PRO
14804241,60807654,2006-07-18,PRO
14804241,11461017,2006-07-31,CIP
14804241,11461024,2006-07-31,CIP
14804241,11461032,2006-07-31,CIP
14804241,11461037,2006-07-31,CIP
14804241,11461049,2006-07-31,CIP
14804241,11461064,2006-07-31,CIP
14804241,11461075,2006-07-31,CIP
14804241,11461085,2006-07-31,CIP
14804241,11461091,2006-07-31,CIP
14804241,11461095,2006-07-31,CIP
14804241,11461090,2006-07-31,CIP
14804241,11461109,2006-07-31,CIP
14804241,11461126,2006-07-31,CIP
14804241,11461143,2006-07-31,CIP
14804241,11461147,2006-07-31,CIP
14804241,11461164,2006-07-31,CIP
14804241,11461268,2006-07-31,CIP
14804241,11461272,2006-07-31,CIP
14804241,11461279,2006-07-31,CIP
14804241,11461286,2006-07-31,CIP
14804241,11461294,2006-07-31,CIP
14804241,11461300,2006-07-31,CIP
14804241,11466414,2006-08-22,CIP
14804241,11624466,2007-01-18,CIP
14804241,60949050,2007-07-11,PRO
14804241,11776510,2007-07-11,CIP
14804241,11776520,2007-07-11,CIP
14804241,11776530,2007-07-11,CIP
14804241,60949232,2007-07-11,PRO
14804241,11777142,2007-07-12,CIP
14804241,11827530,2007-07-11,CIP
14804241,12059583,2008-03-31,CIP
14804241,12060194,2008-03-31,CIP
14804241,12060198,2008-03-31,CIP
14804241,12060200,2008-03-31,CIP
14804241,12060206,2008-03-31,CIP
14804241,12121275,2008-05-15,CIP
14804241,12210511,2008-09-15,CIP
14804241,12210519,2008-09-15,CIP
14804241,12210532,2008-09-15,CIP
14804241,12210540,2008-09-15,CIP
14804241,12342330,2008-12-23,CON
14804241,13789669,2013-03-07,CON
14804244,61184234,2009-06-04,PRO
14804244,12794721,2010-06-04,CON
14804244,14040601,2013-09-27,CON
14804246,61444597,2011-02-18,PRO
14804246,13053081,2011-03-21,CIP
14804246,13208264,2011-08-11,CON
14804246,13794414,2013-03-11,CON
14804247,13915585,2013-06-11,CON
14804249,13098438,2011-04-30,DIV
14804250,12385153,2009-03-31,CON
14804255,11734732,2007-04-12,CIP
14804255,61381856,2010-09-10,PRO
14804255,13105582,2011-05-11,CON
14804255,13350583,2012-01-13,CON
14804255,13620717,2012-09-15,CON
14804255,13890183,2013-05-08,CON
14804255,14263567,2014-04-28,CON
14804255,14505280,2014-10-02,CON
14804256,62026046,2014-07-18,PRO
14804257,60567542,2004-05-03,PRO
14804257,11027564,2004-12-31,DIV
14804257,13336813,2011-12-23,DIV
14804258,12240881,2008-09-29,CON
14804258,12363304,2009-01-30,CON
14804258,13166460,2011-06-22,CON
14804258,13476519,2012-05-21,CON
14804258,13841996,2013-03-15,CON
14804260,61494609,2011-06-08,PRO
14804260,61501136,2011-06-24,PRO
14804260,61521217,2011-08-08,PRO
14804260,61560715,2011-11-16,PRO
14804260,61588852,2012-01-20,PRO
14804260,61622790,2012-04-11,PRO
14804260,13492538,2012-06-08,DIV
14804262,12686252,2010-01-12,CIP
14804269,13125033,2011-04-19,CON
14804269,PCT/AU2009/001421,2009-10-30,NST
14804270,61818788,2013-05-02,PRO
14804270,14266844,2014-05-01,CON
14804271,62026068,2014-07-18,PRO
14804272,14269091,2014-05-03,CIP
14804274,62027190,2014-07-21,PRO
14804275,62026484,2014-07-18,PRO
14804276,61586062,2012-01-12,PRO
14804276,61720958,2012-10-31,PRO
14804276,13740123,2013-01-11,CON
14804276,14334558,2014-07-17,CON
14804276,14569375,2014-12-12,CIP
14804278,12368685,2009-02-10,CON
14804278,13691610,2012-11-30,CON
14804278,13948046,2013-07-22,CIP
14804278,14176006,2014-02-07,CON
14804278,14588147,2014-12-31,CIP
14804281,61586062,2012-01-12,PRO
14804281,61720958,2012-10-31,PRO
14804281,13740145,2013-01-11,CIP
14804282,14148415,2014-01-06,CIP
14804288,14024485,2013-09-11,CON
14804291,13050830,2011-03-17,CON
14804292,12973458,2010-12-20,CON
14804294,14023751,2013-09-11,DIV
14804295,62026396,2014-07-18,PRO
14804296,62027393,2014-07-22,PRO
14804299,62026556,2014-07-18,PRO
14804301,62027728,2014-07-22,PRO
14804302,62026568,2014-07-18,PRO
14804302,62148709,2015-04-16,PRO
14804302,62148719,2015-04-16,PRO
14804302,62148724,2015-04-16,PRO
14804304,61117005,2008-11-21,PRO
14804304,12623223,2009-11-20,CON
14804304,14332131,2014-07-15,CON
14804310,14210329,2014-03-13,DIV
14804311,13223170,2011-08-31,CON
14804311,13484200,2012-05-30,CON
14804312,61333747,2010-05-11,PRO
14804312,13104926,2011-05-10,CON
14804314,62026565,2014-07-18,PRO
14804314,62038175,2014-08-15,PRO
14804314,62077849,2014-11-10,PRO
14804315,12013734,2008-01-14,CIP
14804315,12776216,2010-05-07,CON
14804317,13604906,2012-09-06,CON
14804319,13572533,2012-08-10,CIP
14804320,62026479,2014-07-18,PRO
14804320,62040791,2014-08-22,PRO
14804322,13964783,2013-08-12,CIP
14804324,12553901,2009-09-03,CON
14804327,61333746,2010-05-11,PRO
14804327,61333747,2010-05-11,PRO
14804327,13104919,2011-05-10,CIP
14804327,13104926,2011-05-10,CON
14804327,13548187,2012-07-12,CON
14804328,13663815,2012-10-30,DIV
14804330,62026904,2014-07-21,PRO
14804337,14322872,2014-07-02,DIV
14804340,11999475,2007-12-05,CON
14804340,12359150,2009-01-23,CON
14804343,61170203,2009-04-17,PRO
14804343,61170207,2009-04-17,PRO
14804343,61170220,2009-04-17,PRO
14804343,12647344,2009-12-24,CIP
14804343,61473729,2011-04-08,PRO
14804343,13441614,2012-04-06,DIV
14804348,13834750,2013-03-15,CIP
14804348,62051298,2014-09-16,PRO
14804351,13629625,2012-09-28,DIV
14804357,62026764,2014-07-21,PRO
14804360,62027447,2014-07-22,PRO
14804363,62027376,2014-07-22,PRO
14804365,13849087,2013-03-22,CON
14804365,13888690,2013-05-07,CON
14804367,61512333,2011-07-27,PRO
14804367,61581594,2011-12-29,PRO
14804367,13559821,2012-07-27,CON
14804376,12142423,2008-06-19,CON
14804380,62034141,2014-08-06,PRO
14804381,13547805,2012-07-12,CON
14804381,14452314,2014-08-05,CON
14804382,62027481,2014-07-22,PRO
14804383,62027507,2014-07-22,PRO
14804384,61999239,2014-07-21,PRO
14804384,61999300,2014-07-22,PRO
14804388,62026858,2014-07-21,PRO
14804391,60953269,2007-08-01,PRO
14804391,12184573,2008-08-01,CON
14804400,62027437,2014-07-22,PRO
14804401,61716675,2012-10-22,PRO
14804401,14060173,2013-10-22,CIP
14804404,14185016,2014-02-20,CIP
14804404,62027379,2014-07-22,PRO
14804404,14574561,2014-12-18,CIP
14804405,62026881,2014-07-21,PRO
14804406,62027576,2014-07-22,PRO
14804409,13265948,2011-10-24,CIP
14804409,PCT/US2010/032396,2010-04-26,NST
14804410,62027049,2014-07-21,PRO
14804410,62061933,2014-10-09,PRO
14804410,62102637,2015-01-13,PRO
14804415,60885700,2007-01-19,PRO
14804415,12016077,2008-01-17,CIP
14804415,12016085,2008-01-17,CON
14804415,12016085,2008-01-17,DIV
14804415,61503406,2011-06-30,PRO
14804415,61540881,2011-09-29,PRO
14804415,61545879,2011-10-11,PRO
14804415,61555668,2011-11-04,PRO
14804415,61595222,2012-02-06,PRO
14804415,13434555,2012-03-29,CIP
14804415,61645956,2012-05-11,PRO
14804415,13473354,2012-05-16,CIP
14804415,13536957,2012-06-28,CIP
14804415,13897302,2013-05-17,CON
14804415,14461159,2014-08-15,CON
14804418,PCT/CN2013/070873,2013-01-23,CON
14804419,13717727,2012-12-18,CON
14804421,62027236,2014-07-21,PRO
14804427,62026945,2014-07-21,PRO
14804428,61522072,2011-08-10,PRO
14804428,13568663,2012-08-07,DIV
14804428,14464853,2014-08-21,DIV
14804430,13005601,2011-01-13,DIV
14804437,62028292,2014-07-23,PRO
14804440,62027642,2014-07-22,PRO
14804443,13229712,2011-09-10,CON
14804443,14739228,2015-06-15,CIP
14804446,12142423,2008-06-19,DIV
14804449,13058364,2011-02-10,DIV
14804449,PCT/EP2009/058784,2009-07-10,NST
14804455,13661048,2012-10-26,DIV
14804458,61777791,2013-03-12,PRO
14804458,14206699,2014-03-12,CON
14804459,PCT/EP2014/050971,2014-01-20,CON
14804461,PCT/CN2014/077650,2014-05-16,CON
14804462,62035045,2014-08-08,PRO
14804466,14116632,2013-11-08,CON
14804466,PCT/JP2012/003272,2012-05-18,NST
14804469,PCT/CN2013/070887,2013-01-23,CON
14804474,12305048,2009-01-08,CON
14804474,PCT/EP2007/056282,2007-06-22,NST
14804476,PCT/JP2014/051087,2014-01-21,CON
14804478,12914672,2010-10-28,DIV
14804478,14336107,2014-07-21,CON
14804482,13881097,2013-04-23,CON
14804482,PCT/JP2011/074060,2011-10-19,NST
14804483,62027290,2014-07-22,PRO
14804484,61363557,2010-07-12,PRO
14804484,61431454,2011-01-11,PRO
14804484,13039555,2011-03-03,CON
14804485,61350294,2010-06-01,PRO
14804485,13150599,2011-06-01,CON
14804489,61672412,2012-07-17,PRO
14804489,13942775,2013-07-16,DIV
14804491,12989841,2010-10-27,CON
14804491,PCT/EP2009/055127,2009-04-28,NST
14804492,62026876,2014-07-21,PRO
14804493,PCT/JP2014/051405,2014-01-23,CON
14804498,62027530,2014-07-22,PRO
14804501,62027342,2014-07-22,PRO
14804503,62028035,2014-07-23,PRO
14804504,12253457,2008-10-17,CON
14804505,12528531,2009-08-25,DIV
14804505,PCT/AU2008/000252,2008-02-26,NST
14804506,62028447,2014-07-24,PRO
14804508,12828464,2010-07-01,CON
14804508,13632709,2012-10-01,CON
14804508,14228663,2014-03-28,CON
14804509,14042466,2013-09-30,DIV
14804512,61143750,2009-01-09,PRO
14804512,12684921,2010-01-09,CON
14804515,13393187,2012-02-28,CON
14804515,PCT/AU2010/001106,2010-08-27,NST
14804517,PCT/CN2014/070900,2014-01-20,CON
14804519,61480806,2011-04-29,PRO
14804519,61556116,2011-11-04,PRO
14804519,13458946,2012-04-27,CON
14804520,12305048,2009-01-08,CON
14804520,PCT/EP2007/056282,2007-06-22,NST
14804526,62027176,2014-07-21,PRO
14804527,12573709,2009-10-05,CON
14804530,13156092,2011-06-08,CON
14804531,13994457,2013-08-08,DIV
14804531,PCT/EP2011/072180,2011-12-08,NST
14804535,62026751,2014-07-21,PRO
14804536,13424588,2012-03-20,DIV
14804538,11754913,2007-05-29,CON
14804539,PCT/CN2015/074608,2015-03-19,CON
14804541,PCT/JP2014/051867,2014-01-28,CON
14804543,62028520,2014-07-24,PRO
14804545,61847689,2013-07-18,PRO
14804545,61900423,2013-11-06,PRO
14804545,14334940,2014-07-18,CIP
14804546,13046458,2011-03-11,CON
14804546,13902607,2013-05-24,CON
14804549,62027580,2014-07-22,PRO
14804550,13292695,2011-11-09,CON
14804551,13252393,2011-10-04,DIV
14804551,PCT/JP2011/062117,2011-05-26,CON
14804554,PCT/JP2014/051368,2014-01-23,CON
14804556,12251857,2008-10-15,CON
14804559,12628511,2009-12-01,CON
14804563,12251629,2008-10-15,CON
14804563,13613846,2012-09-13,CON
14804566,13518360,2012-06-21,CON
14804566,PCT/EP09/67931,2009-12-24,NST
14804567,12439281,2009-09-30,CON
14804567,PCT/US2007/019233,2007-08-30,NST
14804569,13718298,2012-12-18,CON
14804571,62026757,2014-07-21,PRO
14804572,61454205,2011-03-18,PRO
14804572,13358916,2012-01-26,CIP
14804572,62040178,2014-08-21,PRO
14804576,61407650,2010-10-28,PRO
14804576,13245194,2011-09-26,DIV
14804578,61627601,2011-10-14,PRO
14804578,PCT/US12/59185,2012-10-08,NST
14804578,14351447,2014-04-11,CON
14804580,13947494,2013-09-22,CIP
14804581,PCT/CN2013/089784,2013-12-18,CON
14804583,62028869,2014-07-25,PRO
14804583,62144492,2015-04-08,PRO
14804585,62027466,2014-07-22,PRO
14804589,62027300,2014-07-22,PRO
14804590,12696671,2010-01-29,CON
14804594,62026983,2014-07-21,PRO
14804595,60801824,2006-05-19,PRO
14804595,60833319,2006-07-25,PRO
14804595,11804720,2007-05-18,CON
14804595,13492559,2012-06-08,CON
14804596,62027008,2014-07-21,PRO
14804598,13290357,2011-11-07,CON
14804599,61027869,2008-02-12,PRO
14804599,12369534,2009-02-11,CON
14804599,13534235,2012-06-27,CON
14804599,14032676,2013-09-20,CON
14804602,PCT/EP2014/050362,2014-01-10,CON
14804605,13673385,2012-11-09,DIV
14804606,62040178,2014-08-21,PRO
14804607,61267616,2009-12-08,PRO
14804607,12960909,2010-12-06,CON
14804607,14460267,2014-08-14,CON
14804612,61627601,2011-10-14,PRO
14804612,PCT/US12/59185,2012-10-08,NST
14804612,14351447,2014-04-11,CON
14804617,61702624,2012-09-18,PRO
14804617,61707442,2012-09-28,PRO
14804617,61707609,2012-09-28,PRO
14804617,61707644,2012-09-28,PRO
14804617,13904885,2013-05-29,CON
14804619,60711977,2005-08-26,PRO
14804619,60712214,2005-08-29,PRO
14804619,11510017,2006-08-25,DIV
14804619,13075218,2011-03-30,CON
14804621,62028389,2014-07-24,PRO
14804622,61267616,2009-12-08,PRO
14804622,12960909,2010-12-06,CON
14804622,14460267,2014-08-14,CON
14804623,62027488,2014-07-22,PRO
14804625,13253842,2011-10-05,CON
14804625,14506453,2014-10-03,CON
14804627,13353238,2012-01-18,CON
14804631,62026932,2014-07-21,PRO
14804632,61544802,2011-10-07,PRO
14804632,13644677,2012-10-04,DIV
14804634,62028216,2014-07-23,PRO
14804635,60358633,2002-02-21,PRO
14804635,10371730,2003-02-21,DIV
14804635,13326558,2011-12-15,DIV
14804635,14613568,2015-02-04,DIV
14804637,62091502,2014-12-13,PRO
14804639,13396686,2012-02-15,CON
14804641,13008848,2011-01-18,CON
14804642,13122445,2011-04-04,REI
14804642,PCT/JP2009/005177,2009-10-06,NST
14804643,PCT/CN2013/070785,2013-01-21,CON
14804644,61766268,2013-02-19,PRO
14804644,14180463,2014-02-14,CON
14804649,PCT/CN2013/079841,2013-07-23,CON
14804651,14123339,2013-12-02,DIV
14804651,PCT/CN2012/085479,2012-11-28,NST
14804656,12568883,2009-09-29,CON
14804663,13744804,2013-01-18,CON
14804665,PCT/EP2014/050836,2014-01-16,CIP
14804668,13089519,2011-04-19,CON
14804669,60401282,2002-08-06,PRO
14804669,10243482,2002-09-13,CIP
14804669,10635847,2003-08-05,CON
14804669,11877396,2007-10-23,CIP
14804669,12510890,2009-07-28,CIP
14804669,12643890,2009-12-21,CIP
14804674,62028812,2014-07-25,PRO
14804675,61375758,2010-08-20,PRO
14804675,PCT/US11/48528,2011-08-20,NST
14804675,13202884,2011-09-19,CON
14804676,62026980,2014-07-21,PRO
14804679,62027707,2014-07-22,PRO
14804683,61930796,2014-01-23,PRO
14804683,61985058,2014-04-28,PRO
14804683,14603176,2015-01-22,CON
14804689,10853928,2004-05-26,DIV
14804689,12632293,2009-12-07,DIV
14804689,13897694,2013-05-20,CON
14804690,14245066,2014-04-04,CON
14804691,13821609,2013-05-20,DIV
14804691,PCT/US2011/051994,2011-09-16,NST
14804693,12279383,2009-03-13,CON
14804693,PCT/AU2007/000176,2007-02-16,NST
14804694,PCT/CN2014/070905,2014-01-20,CON
14804696,61708794,2012-10-02,PRO
14804696,13772163,2013-02-20,CIP
14804696,62027136,2014-07-21,PRO
14804696,62027245,2014-07-22,PRO
14804696,14479140,2014-09-05,CIP
14804696,62067380,2014-10-22,PRO
14804698,60502615,2003-09-15,PRO
14804698,60550346,2004-03-08,PRO
14804698,60564944,2004-04-26,PRO
14804698,PCT/IL04/00843,2004-09-14,NST
14804698,10571793,2007-02-15,CON
14804707,62026842,2014-07-21,PRO
14804709,62027832,2014-07-23,PRO
14804712,62027009,2014-07-21,PRO
14804714,61755388,2013-01-22,PRO
14804714,PCT/US14/12398,2014-01-21,CON
14804715,61211600,2009-03-31,PRO
14804715,12459998,2009-07-10,CIP
14804715,12660865,2010-03-04,CON
14804715,13665790,2012-10-31,CON
14804717,61563323,2011-11-23,PRO
14804717,13683430,2012-11-21,DIV
14804720,61211600,2009-03-31,PRO
14804720,12459998,2009-07-10,CIP
14804720,12660865,2010-03-04,CON
14804720,13665790,2012-10-31,CON
14804721,13751670,2013-01-28,DIV
14804723,14322869,2014-07-02,CON
14804725,60970754,2007-09-07,PRO
14804725,60972401,2007-09-14,PRO
14804725,60978415,2007-10-09,PRO
14804725,60978687,2007-10-09,PRO
14804725,12205530,2008-09-05,CON
14804725,12913654,2010-10-27,CON
14804725,13312804,2011-12-06,CON
14804725,14244097,2014-04-03,CON
14804726,12142423,2008-06-19,DIV
14804727,13784878,2013-03-05,CON
14804727,14476032,2014-09-03,CON
14804732,12812569,2010-11-08,CON
14804732,PCT/IB2009/000076,2009-01-19,NST
14804733,13811021,2013-01-18,DIV
14804733,14447027,2014-07-30,CON
14804733,14644834,2015-03-11,CON
14804733,PCT/JP2011/005801,2011-10-17,NST
14804734,62027987,2014-07-23,PRO
14804736,12176679,2008-07-21,CON
14804736,13922975,2013-06-20,CON
14804740,61241682,2009-09-11,PRO
14804740,12880904,2010-09-13,CON
14804741,62026979,2014-07-21,PRO
14804743,11565773,2006-12-01,CON
14804743,PCT/US2005/019220,2005-06-02,CON
14804746,62027467,2014-07-22,PRO
14804749,60268601,2001-02-15,PRO
14804749,10067372,2002-02-07,DIV
14804749,11098703,2005-04-05,CON
14804749,11806098,2007-05-30,CIP
14804749,12222931,2008-08-20,CIP
14804749,12797302,2010-06-09,CON
14804749,13309987,2011-12-02,CON
14804749,13894670,2013-05-15,DIV
14804749,14092044,2013-11-27,CON
14804750,61267616,2009-12-08,PRO
14804750,12960909,2010-12-06,CON
14804750,14460267,2014-08-14,CON
14804751,14029563,2013-09-17,CIP
14804751,62027161,2014-07-21,PRO
14804755,61492728,2011-06-02,PRO
14804755,13484533,2012-05-31,DIV
14804756,60083758,1998-05-01,PRO
14804756,60094869,1998-07-31,PRO
14804756,60098994,1998-09-02,PRO
14804756,60099062,1998-09-02,PRO
14804756,60103749,1998-10-09,PRO
14804756,60103794,1998-10-09,PRO
14804756,60103796,1998-10-09,PRO
14804756,60121528,1999-02-25,PRO
14804756,09674546,2002-11-04,CON
14804756,PCT/US99/09346,1999-04-30,NST
14804756,12013047,2008-01-11,DIV
14804756,13070448,2011-03-23,CON
14804756,13359442,2012-01-26,CON
14804756,14450082,2014-08-01,CON
14804763,12595579,2009-10-12,DIV
14804764,11050127,2005-02-03,CON
14804764,11821715,2007-06-25,DIV
14804764,11978453,2007-10-29,CON
14804764,13333609,2011-12-21,CON
14804764,13872694,2013-04-29,CON
14804764,14296967,2014-06-05,CON
14804767,62026891,2014-07-21,PRO
14804770,13260762,2012-01-03,CON
14804770,PCT/EP2010/058181,2010-06-10,NST
14804771,60907717,2007-04-13,PRO
14804771,12081232,2008-04-11,CON
14804774,14068899,2013-10-31,DIV
14804780,13104451,2011-05-10,CIP
14804782,13538197,2012-06-29,DIV
14804783,62026984,2014-07-21,PRO
14804783,62034504,2014-08-07,PRO
14804790,13183856,2011-07-15,CON
14804790,14546152,2014-11-18,CON
14804793,61211600,2009-03-31,PRO
14804793,12459998,2009-07-10,CIP
14804793,12660865,2010-03-04,CON
14804793,13665790,2012-10-31,CON
14804796,13801296,2013-03-13,CON
14804797,13400218,2012-02-20,DIV
14804797,14188167,2014-02-24,DIV
14804797,PCT/US2010/045954,2010-08-19,CON
14804798,62027943,2014-07-23,PRO
14804799,61689139,2012-05-31,PRO
14804799,61690348,2012-06-25,PRO
14804799,13573981,2012-10-18,CIP
14804800,61487165,2011-05-17,PRO
14804800,13453698,2012-04-23,CON
14804806,61810988,2013-04-11,PRO
14804806,13911568,2013-06-06,DIV
14804810,11475950,2006-06-28,CIP
14804810,13785931,2013-03-05,CON
14804811,12946076,2010-11-15,CON
14804811,14456067,2014-08-11,CON
14804812,12533531,2009-07-31,CON
14804813,12730411,2010-03-24,CON
14804813,14465962,2014-08-22,CON
14804816,62028570,2014-07-24,PRO
14804819,14204145,2014-03-11,CON
14804821,61557331,2011-11-08,PRO
14804821,13668506,2012-11-05,CON
14804826,61962914,2013-11-18,PRO
14804826,61998037,2014-06-16,PRO
14804826,14487315,2014-09-16,CIP
14804827,14187657,2014-02-24,CON
14804828,14016238,2013-09-03,DIV
14804828,14624997,2015-02-18,CON
14804834,61581964,2011-12-30,PRO
14804834,13729645,2012-12-28,DIV
14804836,11788390,2007-04-19,CON
14804836,14181038,2014-02-14,CON
14804836,14540890,2014-11-13,CON
14804838,61689139,2012-05-31,PRO
14804838,61690348,2012-06-25,PRO
14804838,13573981,2012-10-18,CIP
14804844,14081724,2013-11-15,CON
14804845,13939706,2013-07-11,CON
14804846,61591809,2012-01-27,PRO
14804846,13750710,2013-01-25,CON
14804847,11126139,2005-05-11,DIV
14804847,12372340,2009-02-17,DIV
14804847,13225008,2011-09-02,DIV
14804847,PCT/EP2003/012305,2003-11-05,CON
14804848,62027461,2014-07-22,PRO
14804849,12742129,2010-08-02,REI
14804849,PCT/KR2008/006223,2008-10-21,NST
14804855,62027011,2014-07-21,PRO
14804856,61435563,2011-01-24,PRO
14804856,61587999,2012-01-18,PRO
14804856,13357374,2012-01-24,CON
14804857,13520801,2012-07-06,DIV
14804857,PCT/JP2010/073291,2010-12-24,NST
14804859,61466326,2011-03-22,PRO
14804859,13223412,2011-09-01,CON
14804860,62027403,2014-07-22,PRO
14804862,62027455,2014-07-22,PRO
14804863,62027213,2014-07-21,PRO
14804865,62028853,2014-07-25,PRO
14804866,13185641,2011-07-19,CON
14804866,14158995,2014-01-20,CON
14804866,14453458,2014-08-06,CON
14804870,13798519,2013-03-13,CON
14804870,14542921,2014-11-17,CON
14804874,62026893,2014-07-21,PRO
14804876,14575807,2014-12-18,CON
14804879,62032173,2014-08-01,PRO
14804885,13228742,2011-09-09,CON
14804890,62027291,2014-07-22,PRO
14804891,62029098,2014-07-25,PRO
14804892,13548783,2012-07-13,DIV
14804894,62031198,2014-07-31,PRO
14804895,61521647,2011-08-09,PRO
14804895,13462778,2012-05-02,CIP
14804896,13842016,2013-03-15,CON
14804901,60978117,2007-10-06,PRO
14804901,12246225,2008-10-06,CON
14804903,62026963,2014-07-21,PRO
14804907,62032173,2014-08-01,PRO
14804911,62028004,2014-07-23,PRO
14804912,12325194,2008-12-01,DIV
14804912,PCT/US2007/012747,2007-05-29,CON
14804915,PCT/JP2014/053817,2014-02-18,CON
14804917,62027288,2014-07-22,PRO
14804918,12857175,2010-08-16,CON
14804920,13917998,2013-06-14,DIV
14804922,12742194,2010-09-03,DIV
14804922,PCT/EP2008/009076,2008-10-27,NST
14804923,13549903,2012-07-16,CON
14804924,11475950,2006-06-28,CIP
14804924,13785931,2013-03-05,CON
14804926,62031303,2014-07-31,PRO
14804928,13400922,2012-02-21,CON
14804928,14227439,2014-03-27,CON
14804935,13816137,2013-04-02,CON
14804935,PCT/JP2011/068497,2011-08-09,NST
14804937,62032173,2014-08-01,PRO
14804938,14012539,2013-08-28,CON
14804938,PCT/EP2011/070595,2011-11-21,CON
14804939,60738049,2005-11-21,PRO
14804939,11602278,2006-11-21,CON
14804939,13599147,2012-08-30,CON
14804940,13259635,2011-11-21,CON
14804940,14456445,2014-08-11,CON
14804940,14667857,2015-03-25,CON
14804940,PCT/US2010/028961,2010-03-26,NST
14804941,62026825,2014-07-21,PRO
14804943,12742201,2010-09-03,DIV
14804943,PCT/EP08/09247,2008-11-03,NST
14804945,13972330,2013-08-21,DIV
14804947,13029711,2011-02-17,CON
14804947,14472640,2014-08-29,CON
14804952,60492056,2003-07-31,PRO
14804952,60516303,2003-10-31,PRO
14804952,60531596,2003-12-19,PRO
14804952,60562417,2004-04-14,PRO
14804952,10909125,2004-07-30,CON
14804952,12345854,2008-12-30,DIV
14804952,14245541,2014-04-04,DIV
14804953,13801280,2013-03-13,CON
14804956,62027926,2014-07-23,PRO
14804957,61088170,2008-08-12,PRO
14804957,12539049,2009-08-11,DIV
14804958,62032173,2014-08-01,PRO
14804960,13138406,2011-09-23,DIV
14804960,PCT/EP2010/051555,2010-02-09,NST
14804961,62038927,2014-08-19,PRO
14804962,PCT/US2014/027161,2014-03-14,CON
14804963,12981779,2010-12-30,CON
14804964,62027546,2014-07-22,PRO
14804965,62026949,2014-07-21,PRO
14804971,PCT/EP2013/056046,2013-03-22,CON
14804973,13359596,2012-01-27,DIV
14804974,11815440,2008-03-04,CON
14804974,14058009,2013-10-18,CON
14804974,PCT/US2006/003696,2006-02-02,NST
14804977,62032173,2014-08-01,PRO
14804978,13124019,2011-04-13,CON
14804978,14066253,2013-10-29,CON
14804978,PCT/CA2009/001466,2009-10-14,NST
14804981,13818362,2013-02-22,DIV
14804981,PCT/JP2011/079217,2011-12-16,NST
14804982,62027172,2014-07-21,PRO
14804983,13970674,2013-08-20,DIV
14804984,10967065,2004-10-15,CIP
14804984,10966970,2004-10-15,CIP
14804984,10967038,2004-10-15,CIP
14804984,60785864,2006-03-24,PRO
14804984,11690735,2007-03-23,CON
14804984,13072861,2011-03-28,CON
14804984,13567533,2012-08-06,CON
14804988,11688145,2007-03-19,CON
14804988,13234834,2011-09-16,CON
14804988,13740132,2013-01-11,CON
14804989,PCT/EP2014/051244,2014-01-22,CON
14804990,PCT/GB2014/050155,2014-01-21,CIP
14804992,12738154,,CON
14804992,12950620,2010-11-19,DIV
14804992,13784111,2013-03-04,CON
14804992,PCT/US2008/079995,2008-10-15,NST
14804995,62032173,2014-08-01,PRO
14804999,61841019,2013-06-28,PRO
14804999,14317896,2014-06-27,CON
14805001,61241020,2009-09-09,PRO
14805001,PCT/US10/48310,2010-09-09,NST
14805001,13395354,2012-10-16,CON
14805003,13323166,2011-12-12,CIP
14805003,13426493,2012-03-21,CIP
14805003,13567262,2012-08-06,CON
14805004,62034626,2014-08-07,PRO
14805014,62032173,2014-08-01,PRO
14805015,13451043,2012-04-19,CON
14805016,62027408,2014-07-22,PRO
14805022,62026894,2014-07-21,PRO
14805023,13978390,2013-08-13,DIV
14805023,PCT/GB2012/050010,2012-01-05,NST
14805024,61556603,2011-11-07,PRO
14805024,13669207,2012-11-05,DIV
14805027,12157670,2008-06-12,DIV
14805027,13466874,2012-05-08,CON
14805027,14017268,2013-09-03,CON
14805031,11880119,2007-07-19,CON
14805033,62032173,2014-08-01,PRO
14805034,12340257,2008-12-19,DIV
14805034,13300059,2011-11-18,CON
14805034,PCT/US2008/056545,2008-03-11,CON
14805039,62027606,2014-07-22,PRO
14805041,61841019,2013-06-28,PRO
14805041,14317896,2014-06-27,CON
14805042,PCT/US2014/012470,2014-01-22,CON
14805044,61820043,2013-05-06,PRO
14805044,14266641,2014-04-30,CON
14805046,13730134,2012-12-28,DIV
14805047,13222629,2011-08-31,CIP
14805047,13927324,2013-06-26,CIP
14805047,14195109,2014-03-03,CIP
14805048,60638611,2004-12-23,PRO
14805048,PCT/US05/46732,2005-12-22,NST
14805048,60815712,2006-06-22,PRO
14805048,11721186,2007-06-08,CIP
14805048,PCT/US07/14370,2007-06-20,NST
14805048,11995223,2008-01-10,CON
14805048,13343231,2012-01-04,DIV
14805048,14223042,2014-03-24,CON
14805051,09689243,2000-10-11,CON
14805051,11703065,2007-02-06,CON
14805051,13360334,2012-01-27,CON
14805051,14059220,2013-10-21,CON
14805051,14078246,2013-11-12,CON
14805052,62030976,2014-07-30,PRO
14805054,PCT/JP2014/051147,2014-01-21,CON
14805056,61421989,2010-12-10,PRO
14805056,13295644,2011-11-14,DIV
14805059,61615321,2012-03-25,PRO
14805059,13849546,2013-03-25,CON
14805065,62027420,2014-07-22,PRO
14805065,62027433,2014-07-22,PRO
14805065,62027444,2014-07-22,PRO
14805065,62027472,2014-07-22,PRO
14805067,13924221,2013-06-21,CON
14805071,61841019,2013-06-28,PRO
14805071,14317896,2014-06-27,CON
14805073,62027289,2014-07-22,PRO
14805080,61797410,2012-12-06,PRO
14805080,14098013,2013-12-05,CON
14805084,62041402,2014-08-25,PRO
14805085,60577284,2004-06-05,PRO
14805085,11147116,2005-06-06,CON
14805085,13618829,2012-09-14,CON
14805085,13932864,2013-07-01,CON
14805087,62028378,2014-07-24,PRO
14805089,13265849,2011-10-21,CON
14805089,PCT/KR2010/002507,2010-04-21,NST
14805095,12276717,2008-11-24,CON
14805095,14512771,2014-10-13,CON
14805099,13624925,2012-09-22,CON
14805100,61841019,2013-06-28,PRO
14805100,14317896,2014-06-27,CON
14805102,61709429,2012-10-04,PRO
14805102,14041351,2013-09-30,CIP
14805103,13581047,2012-10-12,CON
14805103,PCT/EP2011/052734,2011-02-24,NST
14805104,14201017,2014-03-07,DIV
14805107,11815163,2007-07-31,DIV
14805107,13846094,2013-03-18,DIV
14805107,PCT/JP2006/301357,2006-01-27,NST
14805110,61620072,2012-04-04,PRO
14805110,13856871,2013-04-04,CIP
14805111,62027155,2014-07-21,PRO
14805113,61585055,2012-01-10,PRO
14805113,13734790,2013-01-04,DIV
14805114,61952505,2014-03-13,PRO
14805114,14285488,2014-05-22,CIP
14805116,62027556,2014-07-22,PRO
14805121,13889120,2013-05-07,CIP
14805123,PCT/JP2014/059247,2014-03-28,CON
14805125,62026968,2014-07-21,PRO
14805129,62039294,2014-08-19,PRO
14805130,62027673,2014-07-22,PRO
14805132,62027070,2014-07-21,PRO
14805133,61118400,2008-11-26,PRO
14805133,12395342,2009-02-27,CON
14805134,13356700,2012-01-24,CON
14805136,12340257,2008-12-19,DIV
14805136,13300059,2011-11-18,CON
14805136,PCT/US2008/056545,2008-03-11,CON
14805137,60728838,2005-10-21,PRO
14805137,11550543,2006-10-18,DIV
14805141,14175199,2014-02-07,DIV
14805143,61841019,2013-06-28,PRO
14805143,14317896,2014-06-27,CON
14805144,11335980,2006-01-20,CIP
14805144,11761890,2007-06-12,CIP
14805144,12605219,2009-10-23,CON
14805144,13354763,2012-01-20,CON
14805144,13902716,2013-05-24,CON
14805144,14471975,2014-08-28,CON
14805146,13474170,2012-05-17,CON
14805146,13731748,2012-12-31,CON
14805148,62027350,2014-07-22,PRO
14805151,62029371,2014-07-25,PRO
14805157,13921077,2013-06-18,CON
14805164,61118400,2008-11-26,PRO
14805164,12490033,2009-06-23,CON
14805164,12498446,2009-07-07,CON
14805165,13663577,2012-10-30,CON
14805166,12347897,2008-12-31,CON
14805171,13460390,2012-04-30,CON
14805173,61187509,2009-06-16,PRO
14805173,12815894,2010-06-15,DIV
14805173,14106301,2013-12-13,CON
14805176,13289282,2011-11-04,CON
14805176,13892427,2013-05-13,CON
14805176,14458453,2014-08-13,CON
14805177,62030868,2014-07-30,PRO
14805179,09345824,1999-06-30,CON
14805179,09795803,2001-02-28,CON
14805179,10139741,2002-05-02,CON
14805179,11110402,2005-04-20,CON
14805179,11942690,2007-11-19,CON
14805179,12953977,2010-11-24,CON
14805179,13278813,2011-10-21,CON
14805179,14089332,2013-11-25,CON
14805179,PCT/EP97/07337,1997-12-31,CON
14805182,13807428,2013-07-22,DIV
14805182,PCT/EP2011/060132,2011-06-17,NST
14805184,PCT/JP2014/000226,2014-01-17,CON
14805186,PCT/JP2014/052064,2014-01-30,CON
14805187,PCT/KR2014/003979,2014-05-02,CIP
14805188,13660918,2012-10-25,CIP
14805192,62027208,2014-07-21,PRO
14805195,13056911,2011-09-30,DIV
14805195,PCT/CN2009/073007,2009-07-30,NST
14805196,61788256,2013-03-15,PRO
14805196,14060450,2013-10-22,CIP
14805196,14061147,2013-10-23,CON
14805197,62029375,2014-07-25,PRO
14805199,61015531,2007-12-20,PRO
14805199,12338446,2008-12-18,DIV
14805199,14329512,2014-07-11,DIV
14805200,PCT/CN2014/070988,2014-01-21,CON
14805201,60492457,2003-08-04,PRO
14805201,10912433,2004-08-04,CON
14805201,13960426,2013-08-06,CON
14805201,14275633,2014-05-12,CON
14805204,61018730,2008-01-03,PRO
14805204,PCT/US08/13632,2008-12-12,NST
14805204,12811384,2010-07-01,CON
14805206,61751483,2013-01-11,PRO
14805206,14153707,2014-01-13,DIV
14805211,13724623,2012-12-21,DIV
14805212,13015744,2011-01-28,DIV
14805213,62029276,2014-07-25,PRO
14805218,13771235,2013-02-20,DIV
14805218,14613179,2015-02-03,CON
14805219,13738857,2013-01-10,CON
14805220,14081025,2013-11-15,CON
14805222,13897910,2013-05-20,CON
14805226,62027201,2014-07-21,PRO
14805228,12267397,2008-11-07,CON
14805228,13225237,2011-09-02,CON
14805228,13951771,2013-07-26,CON
14805231,13523108,2012-06-14,DIV
14805232,62027186,2014-07-21,PRO
14805232,62112009,2015-02-04,PRO
14805234,62027005,2014-07-21,PRO
14805234,62029764,2014-07-28,PRO
14805238,12321424,2009-01-20,CON
14805238,13240963,2011-09-22,CON
14805241,61497814,2011-06-16,PRO
14805241,13526288,2012-06-18,CON
14805241,14286768,2014-05-23,CON
14805241,14523818,2014-10-24,CON
14805242,14213633,2014-03-14,CON
14805243,61249858,2009-10-08,PRO
14805243,12900158,2010-10-07,CON
14805243,13863589,2013-04-16,CON
14805243,14486753,2014-09-15,CON
14805248,PCT/CN2014/071125,2014-01-22,CON
14805249,12898379,2010-10-05,DIV
14805250,13229474,2011-09-09,CON
14805250,14515444,2014-10-15,CON
14805252,60749642,2005-12-09,PRO
14805252,11371741,2006-03-09,CON
14805253,14078180,2013-11-12,CIP
14805255,62026859,2014-07-21,PRO
14805257,12769865,2010-04-29,DIV
14805257,13889620,2013-05-08,DIV
14805261,PCT/FI2013/050111,2013-02-01,CON
14805266,13745948,2013-01-21,DIV
14805267,PCT/US2014/016462,2014-02-14,CON
14805271,14356751,2014-05-07,CON
14805271,PCT/EP2012/072069,2012-11-07,NST
14805274,11938734,2007-11-12,CON
14805274,13448172,2012-04-16,CON
14805276,62026937,2014-07-21,PRO
14805277,62027184,2014-07-21,PRO
14805278,62026777,2014-07-21,PRO
14805279,62027106,2014-07-21,PRO
14805281,PCT/EP2014/051744,2014-01-29,CON
14805282,62025831,2014-07-17,PRO
14805282,14684982,2015-04-13,CON
14805283,61158310,2009-03-06,PRO
14805283,12718903,2010-03-05,CON
14805283,14065344,2013-10-28,CON
14805284,60712434,2005-08-31,PRO
14805284,11514377,2006-08-30,CON
14805284,12646323,2009-12-23,CON
14805284,13631206,2012-09-28,CON
14805285,12535046,2009-08-04,CON
14805285,13692781,2012-12-03,CON
14805286,62027772,2014-07-22,PRO
14805286,62100454,2015-01-06,PRO
14805287,13589157,2012-08-19,CON
14805288,12532556,2009-10-19,CON
14805288,PCT/JP2008/055269,2008-03-21,NST
14805289,61303149,2010-02-10,PRO
14805289,13023158,2011-02-08,CIP
14805289,14161432,2014-01-22,CIP
14805291,PCT/CN2013/083934,2013-09-22,CON
14805292,61328569,2010-04-27,PRO
14805292,61377825,2010-08-27,PRO
14805292,61407819,2010-10-28,PRO
14805292,61422088,2010-12-10,PRO
14805292,61430894,2011-01-07,PRO
14805292,61439786,2011-02-04,PRO
14805292,13085324,2011-04-12,DIV
14805292,13969401,2013-08-16,CIP
14805295,61466317,2011-03-22,PRO
14805295,13423980,2012-03-19,CON
14805299,60278440,2001-03-26,PRO
14805299,09820964,2001-03-30,CON
14805299,12773776,2010-05-04,CON
14805299,12773779,2010-05-04,CON
14805299,14295230,2014-06-03,CON
14805301,61589485,2012-01-23,PRO
14805301,61703764,2012-09-20,PRO
14805301,13747790,2013-01-23,CON
14805303,61952840,2014-03-13,PRO
14805303,61953668,2014-03-14,PRO
14805303,61988094,2014-05-02,PRO
14805303,62005836,2014-05-30,PRO
14805303,62027163,2014-07-21,PRO
14805303,14656578,2015-03-12,CIP
14805303,14703434,2015-05-04,CIP
14805304,60278440,2001-03-26,PRO
14805304,09820964,2001-03-30,CON
14805304,12773776,2010-05-04,CON
14805304,12773779,2010-05-04,CON
14805304,14295230,2014-06-03,CON
14805307,60278440,2001-03-26,PRO
14805307,09820964,2001-03-30,CON
14805307,12773776,2010-05-04,CON
14805307,12773779,2010-05-04,CON
14805307,14295230,2014-06-03,CON
14805308,60925475,2007-04-20,PRO
14805308,12103944,2008-04-16,DIV
14805308,14500650,2014-09-29,DIV
14805311,13708984,2012-12-08,CON
14805311,13937196,2013-07-08,CON
14805315,62027677,2014-07-22,PRO
14805315,62194748,2015-07-20,PRO
14805322,PCT/CN2014/071132,2014-01-22,CON
14805323,61836079,2013-06-17,PRO
14805323,14165517,2014-01-27,CON
14805325,62000386,2014-05-19,PRO
14805325,14714142,2015-05-15,DIV
14805328,61096787,2008-09-13,PRO
14805328,12257994,2008-10-24,CON
14805328,13567550,2012-08-06,CON
14805328,13943242,2013-07-16,CON
14805329,62027200,2014-07-21,PRO
14805331,61382747,2010-09-14,PRO
14805331,13232855,2011-09-14,CON
14805332,62028408,2014-07-24,PRO
14805333,62027118,2014-07-21,PRO
14805334,10902085,2004-07-30,CON
14805334,11769469,2007-06-27,CON
14805334,13171600,2011-06-29,CON
14805334,14082588,2013-11-18,CON
14805335,12871428,2010-08-30,CON
14805335,14174498,2014-02-06,CON
14805336,61609875,2012-03-12,PRO
14805336,61672257,2012-07-16,PRO
14805336,61672661,2012-07-17,PRO
14805336,61673254,2012-07-19,PRO
14805336,61674691,2012-07-23,PRO
14805336,13598582,2012-08-29,CIP
14805336,13769699,2013-02-18,DIV
14805338,12692015,2010-01-22,CON
14805338,13969345,2013-08-16,CON
14805338,14470522,2014-08-27,CON
14805341,61108321,2008-10-24,PRO
14805341,61108326,2008-10-24,PRO
14805341,61108329,2008-10-24,PRO
14805341,61155431,2009-02-25,PRO
14805341,61184530,2009-06-05,PRO
14805341,12605337,2009-10-24,CON
14805341,13177772,2011-07-07,CON
14805342,61833377,2013-06-10,PRO
14805342,14053536,2013-10-14,CON
14805343,61478769,2011-04-25,PRO
14805343,13452620,2012-04-20,CON
14805343,14242135,2014-04-01,CON
14805345,61672191,2012-07-16,PRO
14805345,61768297,2013-02-22,PRO
14805345,61832566,2013-06-07,PRO
14805345,13942443,2013-07-15,CON
14805346,61626339,2011-09-23,PRO
14805346,61606995,2012-03-06,PRO
14805346,61609875,2012-03-12,PRO
14805346,61672257,2012-07-16,PRO
14805346,61672661,2012-07-17,PRO
14805346,61673254,2012-07-19,PRO
14805346,61674691,2012-07-23,PRO
14805346,61676275,2012-07-26,PRO
14805346,13622653,2012-09-19,DIV
14805346,14669155,2015-03-26,CON
14805347,62028177,2014-07-23,PRO
14805347,62033350,2014-08-05,PRO
14805347,62039784,2014-08-20,PRO
14805347,62064301,2014-10-15,PRO
14805348,62027668,2014-07-22,PRO
14805350,60944640,2007-06-18,PRO
14805350,12141479,2008-06-18,CON
14805352,12547387,2009-08-25,CON
14805353,62027150,2014-07-21,PRO
14805354,62029281,2014-07-25,PRO
14805355,61575869,2011-08-30,PRO
14805355,61606995,2012-03-06,PRO
14805355,61609875,2012-03-12,PRO
14805355,61672257,2012-07-16,PRO
14805355,61672661,2012-07-17,PRO
14805355,61674691,2012-07-23,PRO
14805355,61676275,2012-07-26,PRO
14805355,13598575,2012-08-29,DIV
14805355,14446500,2014-07-30,CON
14805356,62027157,2014-07-21,PRO
14805357,PCT/CN2014/071120,2014-01-22,CON
14805358,62027645,2014-07-22,PRO
14805358,62104969,2015-01-19,PRO
14805364,13702934,2012-12-07,DIV
14805364,PCT/US2012/028806,2012-03-12,NST
14805368,62027636,2014-07-22,PRO
14805371,13766717,2013-02-13,CON
14805372,61615419,2012-03-26,PRO
14805372,13584720,2012-08-13,CON
14805379,12686905,2010-01-13,CON
14805380,62032422,2014-08-01,PRO
14805383,62028396,2014-07-24,PRO
14805384,PCT/CN2014/071121,2014-01-22,CON
14805385,PCT/US2014/012388,2014-01-21,CON
14805386,62027059,2014-07-21,PRO
14805386,62032306,2014-08-01,PRO
14805386,62058554,2014-10-01,PRO
14805386,62079483,2014-11-13,PRO
14805388,13846655,2013-03-18,CON
14805389,60982233,2007-10-24,PRO
14805389,60982402,2007-10-24,PRO
14805389,PCT/US08/80695,2008-10-22,NST
14805389,12739561,2010-11-03,CON
14805389,14091252,2013-11-26,CON
14805390,14201903,2014-03-09,DIV
14805391,62027144,2014-07-21,PRO
14805392,62027210,2014-07-21,PRO
14805396,10449559,2003-05-29,CON
14805396,12948502,2010-11-17,CON
14805398,PCT/CN2013/070808,2013-01-22,CON
14805399,13488438,2012-06-04,CON
14805400,61349619,2010-05-28,PRO
14805400,13117119,2011-05-26,CIP
14805400,13117119,2011-05-26,CON
14805400,61615884,2012-03-26,PRO
14805400,13430690,2012-03-27,CON
14805400,61664020,2012-06-25,PRO
14805400,13927091,2013-06-25,CIP
14805400,62027231,2014-07-21,PRO
14805400,14341820,2014-07-27,CON
14805400,14583911,2014-12-29,CIP
14805400,14751041,2015-06-25,CON
14805400,14751049,2015-06-25,CIP
14805403,62027145,2014-07-21,PRO
14805403,62027764,2014-07-22,PRO
14805403,62129798,2015-03-07,PRO
14805404,62038664,2014-08-18,PRO
14805407,61349619,2010-05-28,PRO
14805407,13117119,2011-05-26,CIP
14805407,13117119,2011-05-26,CON
14805407,61615884,2012-03-26,PRO
14805407,13430690,2012-03-27,CIP
14805407,61664020,2012-06-25,PRO
14805407,13927091,2013-06-25,CIP
14805407,62027231,2014-07-21,PRO
14805407,14341820,2014-07-27,CIP
14805407,14583911,2014-12-29,CIP
14805410,61622707,2012-04-11,PRO
14805410,61641578,2012-05-02,PRO
14805410,61648399,2012-05-17,PRO
14805410,61650639,2012-05-23,PRO
14805410,13860960,2013-04-11,CON
14805411,62027026,2014-07-21,PRO
14805412,61665724,2012-06-28,PRO
14805412,13931724,2013-06-28,DIV
14805413,62027056,2014-07-21,PRO
14805415,14329759,2014-07-11,DIV
14805418,62027745,2014-07-22,PRO
14805418,62033099,2014-08-04,PRO
14805419,62027747,2014-07-22,PRO
14805420,61936263,2014-02-05,PRO
14805420,14321046,2014-07-01,DIV
14805421,62027061,2014-07-21,PRO
14805423,62028770,2014-07-24,PRO
14805424,13132891,2011-08-17,DIV
14805424,13900720,2013-05-23,DIV
14805424,PCT/JP2009/006573,2009-12-03,NST
14805427,62027223,2014-07-21,PRO
14805436,62027059,2014-07-21,PRO
14805436,62029913,2014-07-28,PRO
14805436,62032306,2014-08-01,PRO
14805436,62079483,2014-11-13,PRO
14805442,12904867,2010-10-14,CON
14805443,14264163,2014-04-29,DIV
14805445,61730139,2012-11-27,PRO
14805445,61828713,2013-05-30,PRO
14805445,61830671,2013-06-04,PRO
14805445,61833161,2013-06-10,PRO
14805445,61838296,2013-06-23,PRO
14805445,61846089,2013-07-15,PRO
14805445,14088458,2013-11-25,CON
14805445,61911915,2013-12-04,PRO
14805445,61919759,2013-12-22,PRO
14805445,14140635,2013-12-26,CIP
14805445,61923775,2014-01-06,PRO
14805445,61929992,2014-01-22,PRO
14805445,61950868,2014-03-11,PRO
14805445,61972435,2014-03-31,PRO
14805445,61986341,2014-04-30,PRO
14805445,PCT/US14/40112,2014-05-30,CON
14805445,PCT/US14/40579,2014-06-03,CON
14805445,14311366,2014-06-23,CIP
14805445,14312711,2014-06-24,CON
14805445,14312787,2014-06-24,CIP
14805445,14551096,2014-11-24,CIP
14805445,14555731,2014-11-28,CIP
14805445,14590010,2015-01-06,CON
14805446,13518907,2012-06-25,CON
14805446,PCT/EP2010/070502,2010-12-22,NST
14805452,62027374,2014-07-22,PRO
14805453,13723815,2012-12-21,CON
14805455,62027391,2014-07-22,PRO
14805458,PCT/JP2014/000302,2014-01-22,CON
14805461,61366046,2010-07-20,PRO
14805461,13187448,2011-07-20,CON
14805461,14317872,2014-06-27,CON
14805464,62026798,2014-07-21,PRO
14805471,13720522,2012-12-19,CIP
14805471,14541088,2014-11-13,CON
14805475,62030083,2014-07-29,PRO
14805481,61160715,2009-03-17,PRO
14805481,12721515,2010-03-10,DIV
14805485,13802650,2013-03-13,DIV
14805485,14288403,2014-05-28,DIV
14805490,13884989,2013-05-13,CON
14805490,PCT/IL2011/050010,2011-11-15,NST
14805491,13050977,2011-03-18,DIV
14805494,12663714,2010-07-26,CON
14805494,PCT/IL08/00786,2008-06-11,NST
14805497,62007974,2014-06-05,PRO
14805497,62138551,2015-03-26,PRO
14805497,14730358,2015-06-04,CIP
14805499,62028659,2014-07-24,PRO
14805504,13498652,2012-03-28,DIV
14805504,PCT/EP2010/064324,2010-09-28,NST
14805505,10817333,2004-04-02,CON
14805506,PCT/JP2014/051060,2014-01-21,CON
14805509,14385802,2014-09-17,DIV
14805509,PCT/EP2013/055865,2013-03-20,NST
14805517,62027373,2014-07-22,PRO
14805517,62128727,2015-03-05,PRO
14805520,14461926,2014-08-18,CON
14805525,PCT/JP2014/051826,2014-01-28,CON
14805529,14282050,2014-05-20,DIV
14805531,62027510,2014-07-22,PRO
14805532,60745039,2006-04-18,PRO
14805532,60745043,2006-04-18,PRO
14805532,60745058,2006-04-18,PRO
14805532,60745059,2006-04-18,PRO
14805532,60745914,2006-04-28,PRO
14805532,60745950,2006-04-28,PRO
14805532,60746797,2006-05-09,PRO
14805532,60746801,2006-05-09,PRO
14805532,60806412,2006-06-30,PRO
14805532,60807104,2006-07-12,PRO
14805532,11639566,2006-12-15,CON
14805532,13030418,2011-02-18,CON
14805532,14526928,2014-10-29,CON
14805534,PCT/JP2013/081625,2013-11-25,CON
14805535,62028503,2014-07-24,PRO
14805539,61726066,2012-11-14,PRO
14805539,14080326,2013-11-14,CIP
14805540,61700748,2012-09-13,PRO
14805540,14026295,2013-09-13,CIP
14805540,14026730,2013-09-13,CIP
14805540,14026812,2013-09-13,CON
14805541,61541398,2011-09-30,PRO
14805541,13626147,2012-09-25,DIV
14805542,62029800,2014-07-28,PRO
14805544,PCT/JP2015/051126,2014-01-21,CON
14805549,10501001,2004-07-08,DIV
14805549,11980618,2007-10-31,DIV
14805549,13412708,2012-03-06,DIV
14805549,13909331,2013-06-04,CON
14805549,PCT/JP03/13679,2003-10-27,NST
14805551,12367603,2009-02-09,CON
14805552,10603724,2003-06-24,CON
14805552,11949309,2007-12-03,CON
14805553,12549931,2009-08-28,CON
14805553,13658378,2012-10-23,CON
14805556,61490988,2011-05-27,PRO
14805556,13477551,2012-05-22,CON
14805556,14635861,2015-03-02,CIP
14805557,10501001,2004-07-08,DIV
14805557,11980618,2007-10-31,DIV
14805557,13412708,2012-03-06,DIV
14805557,13909331,2013-06-04,CON
14805557,PCT/JP03/13679,2003-10-27,NST
14805558,13650470,2012-10-12,CON
14805558,14294550,2014-06-03,CON
14805560,61490988,2011-05-27,PRO
14805560,13477551,2012-05-22,CON
14805560,14635861,2015-03-02,CIP
14805561,11774270,2007-07-06,DIV
14805561,12881582,2010-09-14,CON
14805562,61490988,2011-05-27,PRO
14805562,13477551,2012-05-22,CON
14805562,14635861,2015-03-02,CIP
14805566,PCT/US2014/011900,2014-01-16,CON
14805567,61613770,2012-03-21,PRO
14805567,13804000,2013-03-14,CON
14805568,61490988,2011-05-27,PRO
14805568,13477551,2012-05-22,CON
14805568,14635861,2015-03-02,CIP
14805570,11878020,2007-07-20,DIV
14805572,61729601,2012-11-25,PRO
14805572,61803534,2013-03-20,PRO
14805572,61832872,2013-06-09,PRO
14805572,61868591,2013-08-22,PRO
14805572,14085844,2013-11-21,CIP
14805572,62029598,2014-07-28,PRO
14805573,60640073,2004-12-29,PRO
14805573,11319795,2005-12-29,CON
14805573,11532665,2006-09-18,DIV
14805574,13939263,2013-07-11,CON
14805575,62029174,2014-07-25,PRO
14805576,61620682,2012-04-05,PRO
14805576,13803294,2013-03-14,CON
14805578,13959794,2013-08-06,CON
14805580,61407696,2010-10-28,PRO
14805580,61514981,2011-08-04,PRO
14805580,PCT/US11/58309,2011-10-28,NST
14805580,13882326,2013-07-22,CON
14805582,62029385,2014-07-25,PRO
14805583,13264177,2012-01-18,CON
14805583,PCT/GB2010/000781,2010-04-19,NST
14805587,62028678,2014-07-24,PRO
14805588,13278844,2011-10-21,DIV
14805588,14317179,2014-06-27,DIV
14805589,60374936,2002-04-23,PRO
14805589,10420726,2003-04-23,CON
14805589,13116584,2011-05-26,CON
14805589,13748448,2013-01-23,CON
14805589,14181474,2014-02-14,CON
14805589,14514124,2014-10-14,CON
14805590,62027938,2014-07-23,PRO
14805590,62169207,2015-06-01,PRO
14805591,13110312,2011-05-18,CON
14805593,12235751,2008-09-23,CIP
14805593,12553174,2009-09-03,CIP
14805593,12759897,2010-04-14,CIP
14805593,12952371,2010-11-23,CON
14805593,13493346,2012-06-11,CON
14805595,62027543,2014-07-22,PRO
14805595,62167044,2015-05-27,PRO
14805595,62184629,2015-06-25,PRO
14805597,14736771,2015-06-11,CON
14805597,PCT/EP2014/060587,2014-05-22,CON
14805598,61999268,2014-07-22,PRO
14805598,61999955,2014-08-11,PRO
14805599,12948222,2010-11-17,CON
14805599,13467408,2012-05-09,CON
14805599,14083485,2013-11-19,CON
14805600,61792654,2013-03-15,PRO
14805600,14213186,2014-03-14,CIP
14805601,61990341,2014-05-08,PRO
14805601,14699011,2015-04-29,CON
14805604,61320634,2010-04-02,PRO
14805604,13078607,2011-04-01,CON
14805604,13937928,2013-07-09,CON
14805605,62041180,2014-08-25,PRO
14805605,62106357,2015-01-22,PRO
14805607,61792654,2013-03-15,PRO
14805607,14213186,2014-03-14,CIP
14805611,61680059,2012-08-06,PRO
14805611,13779020,2013-02-27,CON
14805616,62028485,2014-07-24,PRO
14805616,62114684,2015-02-11,PRO
14805617,12706346,2010-02-16,DIV
14805619,61792654,2013-03-15,PRO
14805619,14213186,2014-03-14,CIP
14805620,62027840,2014-07-23,PRO
14805621,62032802,2014-08-04,PRO
14805625,62027849,2014-07-23,PRO
14805626,61792654,2013-03-15,PRO
14805626,14213186,2014-03-14,CIP
14805627,61792654,2013-03-15,PRO
14805627,14213186,2014-03-14,CIP
14805629,13285842,2011-10-31,CON
14805632,PCT/EP2014/051091,2014-01-21,CON
14805633,61426192,2010-12-22,PRO
14805633,13334678,2011-12-22,CON
14805634,PCT/CN2014/076530,2014-04-29,CON
14805635,62027452,2014-07-22,PRO
14805636,62027569,2014-07-22,PRO
14805638,12920443,2010-08-31,DIV
14805638,13674248,2012-11-12,CON
14805638,PCT/JP2009/054171,2009-03-05,NST
14805640,13782486,2013-03-01,CON
14805641,14736771,2015-06-11,CON
14805641,PCT/EP2014/060587,2014-05-22,CON
14805642,13927351,2013-06-26,CON
14805647,62027348,2014-07-22,PRO
14805648,61312291,2010-03-10,PRO
14805648,61334808,2010-05-14,PRO
14805648,61359080,2010-06-28,PRO
14805648,13044777,2011-03-10,CIP
14805648,13787139,2013-03-06,CON
14805655,14108795,2013-12-17,CON
14805657,62027856,2014-07-23,PRO
14805660,PCT/CN2014/080242,2014-06-18,CON
14805661,14736771,2015-06-11,CON
14805661,PCT/EP2014/060587,2014-05-22,CON
14805662,61423484,2010-12-15,PRO
14805662,13082775,2011-04-08,CON
14805664,61993767,2014-05-15,PRO
14805664,14288857,2014-05-28,CIP
14805667,12354126,2009-01-15,DIV
14805668,62027927,2014-07-23,PRO
14805669,14301587,2014-06-11,DIV
14805672,10567453,2006-07-18,CON
14805672,13721353,2012-12-20,CON
14805672,PCT/GB2004/003273,2004-07-28,NST
14805673,61990358,2014-05-08,PRO
14805673,14699123,2015-04-29,CON
14805675,62001726,2014-05-22,PRO
14805677,12092192,2008-10-08,DIV
14805677,PCT/GB2006/004347,2006-11-22,NST
14805678,61480941,2011-04-29,PRO
14805678,61549437,2011-10-20,PRO
14805678,13456505,2012-04-26,CON
14805679,62027385,2014-07-22,PRO
14805682,62028534,2014-07-24,PRO
14805684,62027932,2014-07-23,PRO
14805685,13669255,2012-11-05,CON
14805687,14335380,2014-07-18,CON
14805688,13860820,2013-04-11,CON
14805690,61974462,2014-04-03,PRO
14805690,14678030,2015-04-03,CON
14805691,62028562,2014-07-24,PRO
14805694,13627108,2012-09-26,CON
14805694,14279424,2014-05-16,CON
14805697,13831017,2013-03-14,CON
14805703,PCT/JP2014/055344,2014-03-03,CON
14805708,61071833,2008-05-20,PRO
14805708,61060258,2008-06-10,PRO
14805708,61080879,2008-07-15,PRO
14805708,61098935,2008-09-22,PRO
14805708,61179059,2009-05-18,PRO
14805708,12469207,2009-05-20,CIP
14805708,12481631,2009-06-10,CIP
14805708,12502662,2009-07-14,CIP
14805708,61266641,2009-12-04,PRO
14805708,61331966,2010-05-06,PRO
14805708,61352093,2010-06-07,PRO
14805708,61392981,2010-10-14,PRO
14805708,12958454,2010-12-02,CIP
14805708,61481907,2011-05-03,PRO
14805708,13463126,2012-05-03,DIV
14805709,61566856,2011-12-05,PRO
14805709,61620645,2012-04-05,PRO
14805709,13705867,2012-12-05,CON
14805709,14513439,2014-10-14,CON
14805711,62027331,2014-07-22,PRO
14805712,62027843,2014-07-23,PRO
14805715,PCT/KR2013/000679,2013-01-28,CON
14805722,13813977,2013-03-18,CON
14805722,PCT/IB2011/001927,2011-08-23,NST
14805726,62027397,2014-07-22,PRO
14805727,13569013,2012-08-07,CON
14805728,62030874,2014-07-30,PRO
14805729,PCT/JP2014/053099,2014-02-10,CON
14805732,13128064,2011-09-13,CON
14805732,PCT/EP2008/065128,2008-11-07,NST
14805740,12337247,2008-12-17,CON
14805740,13920890,2013-06-18,CON
14805741,62028643,2014-07-24,PRO
14805745,13887723,2013-05-06,DIV
14805746,13415600,2012-03-08,DIV
14805748,12928127,2010-12-03,CON
14805750,12705152,2010-02-12,DIV
14805750,13529502,2012-06-21,REI
14805755,PCT/JP2014/072957,2014-09-01,CON
14805762,13927056,2013-06-25,CON
14805767,PCT/JP2013/066559,2013-06-17,CON
14805768,62028507,2014-07-24,PRO
14805773,61305394,2010-02-17,PRO
14805773,12958988,2010-12-02,DIV
14805774,62027474,2014-07-22,PRO
14805776,62028091,2014-07-23,PRO
14805780,62040956,2014-08-22,PRO
14805781,62002240,2014-05-23,PRO
14805782,12769673,2010-04-29,CON
14805785,12829261,2010-07-01,CON
14805785,13867246,2013-04-22,CON
14805785,14286106,2014-05-23,CON
14805787,12761377,2010-04-15,CIP
14805787,13887879,2013-05-06,CON
14805789,13347438,2012-01-10,CON
14805791,12823410,2010-06-25,DIV
14805791,13722853,2012-12-20,CON
14805798,62027454,2014-07-22,PRO
14805802,13651162,2012-10-12,CON
14805808,13503661,2012-06-14,CON
14805808,PCT/EP2010/062416,2010-08-25,NST
14805809,13336678,2011-12-23,CON
14805809,14316499,2014-06-26,CON
14805812,12538473,2009-08-10,DIV
14805812,14153414,2014-01-13,CON
14805818,13396224,2012-02-14,CON
14805819,62028221,2014-07-23,PRO
14805820,61583628,2012-01-06,PRO
14805820,13734375,2013-01-04,CIP
14805821,14337328,2014-07-22,CIP
14805823,13708151,2012-12-07,CIP
14805826,61564183,2011-11-28,PRO
14805826,61564187,2011-11-28,PRO
14805826,13686467,2012-11-27,CON
14805826,14516245,2014-10-16,CON
14805828,61830564,2013-06-03,PRO
14805828,14287957,2014-05-27,DIV
14805831,61188855,2008-08-13,PRO
14805831,12540319,2009-08-12,DIV
14805831,13852303,2013-03-28,CON
14805831,14509118,2014-10-08,CON
14805837,61792412,2013-03-15,PRO
14805837,14212526,2014-03-14,CON
14805838,11416683,2006-05-03,DIV
14805838,12789859,2010-05-28,DIV
14805839,PCT/JP2014/072956,2014-09-01,CON
14805843,61803340,2013-03-19,PRO
14805843,14213751,2014-03-14,CON
14805844,62030762,2014-07-30,PRO
14805845,11963719,2007-12-21,DIV
14805845,12603467,2009-10-21,CON
14805853,62032439,2014-08-01,PRO
14805858,13457313,2012-04-26,CON
14805858,14292458,2014-05-30,CON
14805858,PCT/US2010/054849,2010-10-29,CON
14805862,13488768,2012-06-05,DIV
14805865,62027608,2014-07-22,PRO
14805868,PCT/CN2013/076762,2013-06-05,CON
14805870,12415518,2009-03-31,CIP
14805870,12415523,2009-03-31,CIP
14805870,12479565,2009-06-05,CON
14805870,13742944,2013-01-16,CON
14805875,PCT/US2014/015031,2014-02-06,CON
14805881,11818306,2007-06-13,CON
14805881,13311476,2011-12-05,CON
14805881,14025051,2013-09-12,CON
14805885,14015165,2013-08-30,DIV
14805888,62027504,2014-07-22,PRO
14805889,60446811,2003-02-12,PRO
14805889,10687063,2003-10-16,CON
14805889,PCT/US04/32640,2004-10-01,NST
14805889,10569987,2006-11-16,CIP
14805889,12825175,2010-06-28,CON
14805889,13270768,2011-10-11,CON
14805890,12650209,2009-12-30,DIV
14805892,61712016,2012-10-10,PRO
14805892,14050501,2013-10-10,DIV
14805893,PCT/EP2014/000116,2014-01-16,CON
14805898,62027758,2014-07-22,PRO
14805901,61832655,2013-06-07,PRO
14805901,14069276,2013-10-31,CON
14805904,13659183,2012-10-24,CON
14805908,62033837,2014-08-06,PRO
14805909,PCT/EP2014/051418,2014-01-24,CON
14805913,62028021,2014-07-23,PRO
14805915,62028346,2014-07-24,PRO
14805915,62119832,2015-02-24,PRO
14805916,62028196,2014-07-23,PRO
14805916,62158981,2015-05-08,PRO
14805917,14526965,2014-10-29,CON
14805919,13825919,2013-03-25,CON
14805919,PCT/US2011/056275,2011-10-14,NST
14805921,13807403,2012-12-28,CON
14805921,PCT/JP2011/065133,2011-06-24,NST
14805923,61537722,2011-09-22,PRO
14805923,13607904,2012-09-10,CON
14805925,12780231,2010-05-14,CON
14805925,14324507,2014-07-07,CON
14805927,62035782,2014-08-11,PRO
14805929,13984105,2013-08-07,DIV
14805929,PCT/EP2012/052763,2012-02-17,NST
14805935,61994499,2014-05-16,PRO
14805935,14451855,2014-08-05,CON
14805936,62027480,2014-07-22,PRO
14805938,13152776,2011-06-03,REI
14805939,12779835,2010-05-13,CON
14805944,62028639,2014-07-24,PRO
14805946,13439173,2012-04-04,CON
14805946,14578903,2014-12-22,DIV
14805947,11778153,2007-07-16,CON
14805947,13614565,2012-09-13,CON
14805949,62027535,2014-07-22,PRO
14805949,62027695,2014-07-22,PRO
14805949,62027703,2014-07-22,PRO
14805949,14565906,2014-12-10,CIP
14805951,62028707,2014-07-24,PRO
14805951,62187714,2015-07-01,PRO
14805953,13447728,2012-04-16,CON
14805957,61291013,2009-12-30,PRO
14805957,12980806,2010-12-29,CON
14805959,60915984,2007-05-04,PRO
14805959,12115108,2008-05-05,CIP
14805959,12235190,2008-09-22,CON
14805961,61242234,2009-09-14,PRO
14805961,12880749,2010-09-13,CON
14805962,14153894,2014-01-13,CON
14805965,61183719,2009-06-03,PRO
14805965,12792287,2010-06-02,CON
14805965,61548944,2011-10-19,PRO
14805965,61669847,2012-07-10,PRO
14805965,61672957,2012-07-18,PRO
14805965,13653809,2012-10-17,CON
14805966,12351679,2009-01-09,CIP
14805966,13032753,2011-02-23,CIP
14805966,13040931,2011-03-04,CON
14805967,62028118,2014-07-23,PRO
14805971,PCT/JP2013/074816,2013-09-13,CON
14805976,13466434,2012-05-08,DIV
14805977,60930812,2007-05-18,PRO
14805977,12151261,2008-05-05,CON
14805977,13530708,2012-06-22,CON
14805979,61734947,2012-12-07,PRO
14805979,14098380,2013-12-05,CON
14805982,62039580,2014-08-20,PRO
14805982,62097685,2014-12-30,PRO
14805986,61418940,2010-12-02,PRO
14805986,13310455,2011-12-02,CON
14805986,14262165,2014-04-25,CON
14805986,14506081,2014-10-03,CON
14805987,14570193,2014-12-15,CIP
14805987,PCT/US2013/068703,2013-11-06,CON
14805989,12024799,2008-02-01,CON
14805989,14203014,2014-03-10,CON
14805989,14552061,2014-11-24,CON
14805991,14046039,2013-10-04,CON
14805992,61994499,2014-05-16,PRO
14805992,14451912,2014-08-05,CON
14805999,62028555,2014-07-24,PRO
14806001,61486096,2011-05-13,PRO
14806001,13440210,2012-04-05,CON
14806001,14326141,2014-07-08,CON
14806005,13509137,2012-05-10,CON
14806005,14062640,2013-10-24,CON
14806005,PCT/CN10/78767,2010-11-16,NST
14806007,60920496,2007-03-27,PRO
14806007,12057368,2008-03-27,CIP
14806007,12435347,2009-05-04,CON
14806007,14106206,2013-12-13,CON
14806008,60800775,2006-05-16,PRO
14806008,60800776,2006-05-16,PRO
14806008,60800777,2006-05-16,PRO
14806008,60800774,2006-05-16,PRO
14806008,11803671,2007-05-15,CIP
14806008,61229414,2009-07-29,PRO
14806008,61230154,2009-07-31,PRO
14806008,12844972,2010-07-28,CIP
14806008,13098981,2011-05-02,CIP
14806008,13831426,2013-03-14,CIP
14806008,14303842,2014-06-13,CIP
14806008,14579760,2014-12-22,CIP
14806011,11330524,2006-01-11,DIV
14806011,12479684,2009-06-05,CON
14806011,13013779,2011-01-25,CON
14806011,13398768,2012-02-16,CON
14806011,13752324,2013-01-28,CON
14806011,14175955,2014-02-07,CON
14806012,13340116,2011-12-29,CON
14806014,12493302,2009-06-29,CON
14806015,13125607,2011-07-11,CON
14806015,PCT/IB2009/007661,2009-11-06,NST
14806020,13627419,2012-09-26,CON
14806026,62027697,2014-07-22,PRO
14806027,61611674,2012-03-16,PRO
14806027,13846809,2013-03-18,CON
14806029,13840029,2013-03-15,CON
14806031,12775789,2010-05-07,CON
14806037,62027473,2014-07-22,PRO
14806040,62027570,2014-07-22,PRO
14806045,PCT/JP2014/051068,2014-01-21,CON
14806047,62027641,2014-07-22,PRO
14806048,61611295,2012-03-15,PRO
14806048,13827885,2013-03-14,DIV
14806050,62027614,2014-07-22,PRO
14806054,61286138,2009-12-14,PRO
14806054,12886031,2010-09-20,CON
14806055,PCT/US2014/012431,2014-01-22,CON
14806056,12844709,2010-07-27,CIP
14806056,13035761,2011-02-25,DIV
14806058,62028090,2014-07-23,PRO
14806059,13642673,2012-10-22,DIV
14806059,PCT/JP2012/003651,2012-06-04,NST
14806062,13896242,2013-05-16,CIP
14806062,13896255,2013-05-16,CIP
14806062,62034989,2014-08-08,PRO
14806063,62027683,2014-07-22,PRO
14806064,PCT/CN2013/091143,2013-12-31,CON
14806066,62132871,2015-03-13,PRO
14806068,13256036,2012-09-13,CON
14806070,60825407,2006-09-12,PRO
14806070,11853790,2007-09-11,CIP
14806070,13013740,2011-01-25,CON
14806071,62027365,2014-07-22,PRO
14806072,10449875,2003-05-29,CON
14806072,13348318,2012-01-11,CON
14806073,12763867,2010-04-20,CON
14806073,13851613,2013-03-27,CON
14806073,14246936,2014-04-07,CON
14806074,62027666,2014-07-22,PRO
14806076,09249955,1999-02-12,CON
14806076,09902933,2001-07-10,CON
14806076,11135615,2005-05-23,CON
14806076,12622775,2009-11-20,CON
14806076,13545775,2012-07-10,CON
14806076,14452047,2014-08-05,CON
14806077,PCT/EP2014/000148,2014-01-21,CON
14806078,PCT/CN2014/074584,2014-04-02,CON
14806079,62028469,2014-07-24,PRO
14806080,13344790,2012-01-06,DIV
14806084,61638952,2012-04-26,PRO
14806084,61669249,2012-07-09,PRO
14806084,61734573,2012-12-07,PRO
14806084,13837129,2013-03-15,CON
14806090,62027528,2014-07-22,PRO
14806092,61770716,2013-02-28,PRO
14806092,14192677,2014-02-27,CON
14806094,PCT/JP2013/051671,2013-01-25,CON
14806096,10664000,2003-09-16,CON
14806096,13455766,2012-04-25,CON
14806096,14616224,2015-02-06,CON
14806096,PCT/GB02/01245,2002-03-18,CON
14806099,13768689,2013-02-15,CON
14806102,62027264,2014-07-22,PRO
14806103,62027360,2014-07-22,PRO
14806105,14721352,2015-05-26,CON
14806106,61782814,2013-03-14,PRO
14806106,13833189,2013-03-15,CON
14806106,14195070,2014-03-03,CON
14806106,14543251,2014-11-17,CON
14806108,11269600,2005-11-09,DIV
14806108,12406464,2009-03-18,DIV
14806108,13923009,2013-06-20,CON
14806112,60754426,2005-12-28,PRO
14806112,11646985,2006-12-28,CON
14806112,12987575,2011-01-10,CON
14806112,13481237,2012-05-25,CON
14806112,14291313,2014-05-30,CON
14806114,61767128,2013-02-20,PRO
14806114,14185848,2014-02-20,REI
14806116,13736809,2013-01-08,CON
14806117,08859276,1997-05-20,CON
14806117,11327320,2006-01-09,CON
14806117,12585690,2009-09-22,CON
14806117,12929632,2011-02-04,CON
14806117,13661526,2012-10-26,CON
14806117,13959442,2013-08-05,CON
14806119,PCT/JP2013/000327,2013-01-23,CON
14806120,60911818,2007-04-13,PRO
14806120,60947984,2007-07-04,PRO
14806120,12100630,2008-04-10,CON
14806120,13053125,2011-03-21,REI
14806121,61217026,2009-05-26,PRO
14806121,12800922,2010-05-25,CON
14806122,62028380,2014-07-24,PRO
14806124,09249955,1999-02-12,CON
14806124,09902933,2001-07-10,CON
14806124,11135615,2005-05-23,CON
14806124,12622775,2009-11-20,CON
14806124,13545775,2012-07-10,CON
14806124,14452047,2014-08-05,CON
14806126,PCT/US2014/010550,2014-01-14,CON
14806127,13403769,2012-02-23,CON
14806129,13576678,2012-08-02,CIP
14806129,PCT/CA2011/050064,2011-02-03,NST
14806130,12705152,2010-02-12,DIV
14806130,13529502,2012-06-21,REI
14806130,14805750,2015-07-22,CON
14806131,60746359,2006-05-03,PRO
14806131,60746482,2006-05-04,PRO
14806131,11421348,2006-05-31,DIV
14806131,PCT/US07/68183,2007-05-03,NST
14806131,12449566,2010-10-14,CIP
14806131,12707561,2010-02-17,CON
14806131,13095722,2011-04-27,CON
14806131,14090932,2013-11-26,CIP
14806132,62027364,2014-07-22,PRO
14806133,61661563,2012-06-19,PRO
14806133,13898887,2013-05-21,DIV
14806135,10718379,2003-11-20,DIV
14806135,12212780,2008-09-18,CON
14806137,12872913,2010-08-31,CON
14806137,13926739,2013-06-25,CON
14806140,61773476,2013-03-06,PRO
14806140,14199818,2014-03-06,CON
14806141,60290352,2001-05-14,PRO
14806141,10143833,2002-05-14,CON
14806141,60467979,2003-05-05,PRO
14806141,10839570,2004-05-05,DIV
14806141,11124968,2005-05-09,CON
14806141,12172681,2008-07-14,CON
14806141,13290427,2011-11-07,CIP
14806141,13592608,2012-08-23,CON
14806142,PCT/CN2013/087193,2013-11-15,CON
14806143,61383566,2010-09-16,PRO
14806143,13233647,2011-09-15,CON
14806143,13963727,2013-08-09,CON
14806143,14279785,2014-05-16,CON
14806144,PCT/US2014/010907,2014-01-09,CON
14806145,13431295,2012-03-27,CON
14806147,13683370,2012-11-21,CON
14806147,14509096,2014-10-08,CON
14806148,61931484,2014-01-24,PRO
14806148,62077477,2014-11-10,PRO
14806148,14603937,2015-01-23,CON
14806150,12451269,2010-01-14,CON
14806150,14492598,2014-09-22,CON
14806150,PCT/JP2009/054193,2009-03-05,NST
14806152,13253902,2011-10-05,CON
14806154,61716982,2012-10-22,PRO
14806154,61780347,2013-03-13,PRO
14806154,13829076,2013-03-14,CON
14806157,12794569,2010-06-04,CIP
14806157,13678105,2012-11-15,CON
14806159,62028983,2014-07-25,PRO
14806160,12741995,2011-07-27,CON
14806160,PCT/GB2008/051040,2008-11-07,NST
14806161,09249955,1999-02-12,CON
14806161,09902933,2001-07-10,CON
14806161,11135615,2005-05-23,CON
14806161,12622775,2009-11-20,CON
14806161,13545775,2012-07-10,CON
14806161,14452047,2014-08-05,CON
14806162,12384923,2009-04-09,CON
14806166,61552153,2011-10-27,PRO
14806166,61707399,2012-09-28,PRO
14806166,13662536,2012-10-28,CON
14806166,13826714,2013-03-14,DIV
14806169,62029383,2014-07-25,PRO
14806171,62027891,2014-07-23,PRO
14806172,62035536,2014-08-11,PRO
14806172,62145230,2015-04-09,PRO
14806174,61654023,2012-05-31,PRO
14806174,13907202,2013-05-31,DIV
14806175,61492174,2011-06-01,PRO
14806175,PCT/US12/40599,2012-06-01,CON
14806175,14091572,2013-11-27,CON
14806177,10422469,2003-04-24,CON
14806177,11352161,2006-02-10,REI
14806177,13645603,2012-10-05,CON
14806177,PCT/FR01/03326,2001-10-26,CON
14806178,61752540,2013-01-15,PRO
14806178,14154647,2014-01-14,DIV
14806179,12567370,2009-09-25,CIP
14806179,61346211,2010-05-19,PRO
14806179,12792252,2010-06-02,CIP
14806179,13111235,2011-05-19,CON
14806181,13950486,2013-07-25,CON
14806182,PCT/US2014/011719,2014-01-15,CON
14806183,61580918,2011-12-28,PRO
14806183,13730827,2012-12-28,CIP
14806185,62028881,2014-07-25,PRO
14806194,62027283,2014-07-22,PRO
14806195,14453092,2014-08-06,DIV
14806196,14122087,2014-02-21,CON
14806196,PCT/CN2011/001232,2011-07-27,NST
14806197,61999283,2014-07-23,PRO
14806199,62033484,2014-08-05,PRO
14806205,14282539,2014-05-20,CIP
14806207,13695988,2013-06-12,DIV
14806207,PCT/US2011/036640,2011-05-16,NST
14806208,09965428,2001-09-27,CIP
14806208,09967232,2001-09-28,CIP
14806208,10638231,2003-08-07,CIP
14806208,60502924,2003-09-15,PRO
14806208,10939938,2004-09-13,DIV
14806208,60723652,2005-10-05,PRO
14806208,11544228,2006-10-05,CIP
14806208,12058370,2008-03-28,CIP
14806208,12260973,2008-10-29,CON
14806208,14193790,2014-02-28,CON
14806210,62027298,2014-07-22,PRO
14806211,60761442,2006-01-24,PRO
14806211,11595194,2006-11-09,CIP
14806211,61040048,2008-03-27,PRO
14806211,12410188,2009-03-24,DIV
14806211,13663317,2012-10-29,DIV
14806212,14264583,2014-04-29,DIV
14806215,62027287,2014-07-22,PRO
14806216,13577531,2012-09-12,CON
14806216,PCT/EP2011/051713,2011-02-07,NST
14806219,13781964,2013-03-01,CIP
14806219,14185111,2014-02-20,CON
14806223,62027457,2014-07-22,PRO
14806224,14356240,2014-05-05,CON
14806224,PCT/EP2012/068615,2012-09-21,NST
14806225,13915810,2013-06-12,DIV
14806226,10549352,,CON
14806226,11873709,2007-10-17,CON
14806226,13275219,2011-10-17,DIV
14806226,PCT/GB2004/001241,2004-03-22,NST
14806227,62029896,2014-07-28,PRO
14806228,62027512,2014-07-22,PRO
14806230,PCT/CN2013/071029,2013-01-28,CON
14806231,PCT/CN2013/070937,2013-01-24,CON
14806234,12495327,2009-06-30,CON
14806234,13873039,2013-04-29,CON
14806235,14122087,2014-02-21,CON
14806235,PCT/CN2011/001232,2011-07-27,NST
14806237,PCT/US2014/010053,2014-01-02,CON
14806238,62027753,2014-07-22,PRO
14806238,62172546,2015-06-08,PRO
14806239,12672822,2010-03-16,CON
14806239,14103337,2013-12-11,CON
14806239,PCT/CH2008/000336,2008-08-07,NST
14806241,PCT/IB2014/058115,2014-01-08,CON
14806242,61452568,2011-03-14,PRO
14806242,13413828,2012-03-07,CON
14806244,12796818,2010-06-09,CON
14806247,13228996,2011-09-09,DIV
14806248,61595507,2012-02-06,PRO
14806248,13761059,2013-02-06,CON
14806248,14494359,2014-09-23,CON
14806252,61536423,2011-09-19,PRO
14806252,13611733,2012-09-12,DIV
14806253,12272106,2008-11-17,REI
14806254,PCT/JP2014/000345,2014-01-23,CON
14806256,61994499,2014-05-16,PRO
14806256,14451784,2014-08-05,CON
14806257,62028261,2014-07-23,PRO
14806259,13523356,2012-06-14,DIV
14806261,62027244,2014-07-22,PRO
14806262,12703378,2010-02-10,CON
14806262,13942444,2013-07-15,CON
14806262,14099455,2013-12-06,CON
14806263,13621371,2012-09-17,CON
14806264,62029370,2014-07-25,PRO
14806265,62028394,2014-07-24,PRO
14806265,62063076,2014-10-13,PRO
14806266,12868470,2010-08-25,DIV
14806266,14048663,2013-10-08,DIV
14806269,62027544,2014-07-22,PRO
14806270,61532177,2011-09-08,PRO
14806270,61613446,2012-03-20,PRO
14806270,13608920,2012-09-10,DIV
14806272,61619700,2012-04-03,PRO
14806272,13647982,2012-10-09,CON
14806273,62029659,2014-07-28,PRO
14806276,62029228,2014-07-25,PRO
14806276,62035600,2014-08-11,PRO
14806276,62084751,2014-11-26,PRO
14806277,13344753,2012-01-06,DIV
14806279,10789149,2004-02-27,CIP
14806279,60630536,2004-11-23,PRO
14806279,10996289,2004-11-23,CIP
14806279,60722300,2005-09-30,PRO
14806279,60725445,2005-10-11,PRO
14806279,60728912,2005-10-21,PRO
14806279,11272508,2005-11-10,CIP
14806279,60736112,2005-11-10,PRO
14806279,11328481,2006-01-09,CON
14806279,12927673,2010-11-19,DIV
14806279,14482562,2014-09-10,DIV
14806282,62028665,2014-07-24,PRO
14806292,62033892,2014-08-06,PRO
14806293,13333139,2011-12-21,CON
14806293,14505243,2014-10-02,CON
14806295,62027662,2014-07-22,PRO
14806296,12997779,2010-12-13,CON
14806296,PCT/JP2009/060584,2009-06-10,NST
14806301,62027988,2014-07-23,PRO
14806303,13455577,2012-04-25,DIV
14806315,61469543,2011-03-30,PRO
14806315,13436107,2012-03-30,DIV
14806325,62027969,2014-07-23,PRO
14806328,13256332,2011-11-03,CON
14806328,14534646,2014-11-06,CON
14806328,PCT/EP2010/001895,2010-03-22,NST
14806331,62027508,2014-07-22,PRO
14806335,62027999,2014-07-23,PRO
14806336,12363849,2009-02-02,CON
14806336,13281668,2011-10-26,CON
14806339,62041442,2014-08-25,PRO
14806343,61481121,2011-04-29,PRO
14806343,13459067,2012-04-27,DIV
14806344,61386253,2010-09-24,PRO
14806344,13242904,2011-09-23,DIV
14806345,62027388,2014-07-22,PRO
14806346,62027520,2014-07-22,PRO
14806349,60935951,2007-09-07,PRO
14806349,12205711,2008-09-05,DIV
14806351,62027423,2014-07-22,PRO
14806353,61674274,2012-07-20,PRO
14806353,13942060,2013-07-15,DIV
14806354,62027557,2014-07-22,PRO
14806356,12458194,2009-07-02,DIV
14806357,13916038,2013-06-12,DIV
14806359,PCT/JP2014/052574,2014-02-04,CON
14806360,13876809,2013-03-28,DIV
14806360,PCT/US2011/053375,2011-09-27,NST
14806364,13148541,2011-09-13,DIV
14806364,62125941,2015-02-05,PRO
14806364,62125943,2015-02-05,PRO
14806364,14660871,2015-03-17,CIP
14806364,PCT/US2010/024929,2010-02-22,NST
14806369,13627419,2012-09-26,CON
14806369,13761093,2013-02-06,CON
14806370,62028256,2014-07-23,PRO
14806372,62028953,2014-07-25,PRO
14806375,12733054,2010-03-23,DIV
14806375,PCT/MX2008/000064,2008-05-26,NST
14806376,13255709,2011-11-18,CON
14806376,PCT/EP10/52985,2010-03-09,NST
14806379,13522985,2012-07-19,CON
14806379,PCT/JP2011/052695,2011-02-09,NST
14806380,14062172,2013-10-24,CON
14806383,14010196,2013-08-26,CON
14806383,14477588,2014-09-04,CON
14806384,14103491,2013-12-11,CON
14806387,61548915,2011-10-19,PRO
14806387,13566493,2012-08-03,DIV
14806390,14066847,2013-10-30,CIP
14806392,62028069,2014-07-23,PRO
14806394,13926805,2013-06-25,CON
14806395,10921348,2004-08-19,CIP
14806395,11212921,2005-08-29,CON
14806395,12541755,2009-08-14,CON
14806395,13186123,2011-07-19,CON
14806396,13630061,2012-09-28,CIP
14806397,PCT/CN2013/070856,2013-01-22,CON
14806400,14170358,2014-01-31,DIV
14806400,PCT/NL2012/050543,2012-08-01,CON
14806401,14389600,2014-09-30,CON
14806401,PCT/US2013/000077,2013-03-15,NST
14806403,12279713,2009-10-30,CON
14806403,12604263,2009-10-22,CON
14806403,13689530,2012-11-29,CON
14806403,PCT/IB2007/050508,2007-02-15,NST
14806405,11701138,2007-01-31,CON
14806405,14463453,2014-08-19,CON
14806407,62028310,2014-07-23,PRO
14806411,62027535,2014-07-22,PRO
14806411,62027695,2014-07-22,PRO
14806411,62027703,2014-07-22,PRO
14806411,14565906,2014-12-10,CIP
14806416,62028971,2014-07-25,PRO
14806416,62118858,2015-02-20,PRO
14806421,62027794,2014-07-23,PRO
14806422,13930347,2013-06-28,CON
14806423,11615391,2006-12-22,CON
14806423,12463194,2009-05-08,CON
14806423,13230579,2011-09-12,CON
14806423,13482675,2012-05-29,CON
14806423,14306009,2014-06-16,CON
14806424,12625185,2009-11-24,CON
14806424,13738587,2013-01-10,CON
14806424,14543592,2014-11-17,CON
14806425,PCT/CN2014/073089,2014-03-07,CON
14806427,61612441,2012-03-19,PRO
14806427,13759458,2013-02-05,CON
14806429,14632978,2015-02-26,DIV
14806429,PCT/IL2013/050821,2013-10-13,CON
14806430,62011466,2014-06-12,PRO
14806430,14332140,2014-07-15,CIP
14806430,14338266,2014-07-22,CON
14806430,62027726,2014-07-22,PRO
14806431,61647689,2012-05-16,PRO
14806431,13895666,2013-05-16,CON
14806432,14194345,2014-02-28,DIV
14806434,14306074,2014-06-16,DIV
14806437,14040177,2013-09-27,CON
14806441,61344355,2010-07-06,PRO
14806441,61344543,2010-08-17,PRO
14806441,13173414,2011-06-30,CON
14806441,13952296,2013-07-26,CON
14806442,PCT/CN2014/071496,2014-01-26,CON
14806444,11173083,2005-07-01,CON
14806444,13859890,2013-04-10,CON
14806445,PCT/JP2014/052626,2014-02-05,CON
14806446,60351898,2002-01-25,PRO
14806446,60379921,2002-05-10,PRO
14806446,60403720,2002-08-14,PRO
14806446,60417110,2002-10-08,PRO
14806446,10351736,2003-01-24,CON
14806447,13760405,2013-02-06,CON
14806449,13930321,2013-06-28,CON
14806449,14570966,2014-12-15,CON
14806451,61176762,2009-05-08,PRO
14806451,12643589,2009-12-21,CON
14806453,62027730,2014-07-22,PRO
14806456,61584005,2012-01-06,PRO
14806456,61707711,2012-09-28,PRO
14806456,13719097,2012-12-18,CON
14806457,61729390,2012-11-22,PRO
14806457,14086719,2013-11-21,CON
14806461,60998316,2007-10-10,PRO
14806461,61079826,2008-07-11,PRO
14806461,12249798,2008-10-10,CON
14806461,14553420,2014-11-25,CON
14806463,62027934,2014-07-23,PRO
14806463,62052593,2014-09-19,PRO
14806465,60948584,2007-07-09,PRO
14806465,12168331,2008-07-07,DIV
14806465,13175342,2011-07-01,DIV
14806465,13987009,2013-06-24,CON
14806465,14171366,2014-02-03,CON
14806465,14459514,2014-08-14,CON
14806467,60338767,2001-12-04,PRO
14806467,10313726,2002-12-04,CON
14806467,12231081,2008-08-28,CON
14806467,13083112,2011-04-08,CON
14806467,13584631,2012-08-13,CON
14806468,61487857,2011-05-19,PRO
14806468,13474417,2012-05-17,DIV
14806468,14489200,2014-09-17,CON
14806469,13360180,2012-01-27,CON
14806470,62029631,2014-07-28,PRO
14806471,62027974,2014-07-23,PRO
14806472,61305698,2010-02-18,PRO
14806472,13031047,2011-02-18,CON
14806473,61151388,2009-02-10,PRO
14806473,12658629,2010-02-09,CON
14806473,14559874,2014-12-03,DIV
14806475,PCT/CN2014/070958,2014-01-21,CON
14806481,14197962,2014-03-05,DIV
14806482,60534466,2004-01-06,PRO
14806482,11031498,2005-01-06,CON
14806482,13168585,2011-06-24,CON
14806482,13899303,2013-05-21,CON
14806487,PCT/JP2014/051357,2014-01-23,CON
14806489,61746535,2012-12-27,PRO
14806489,14141224,2013-12-26,CIP
14806489,14157400,2014-01-16,CON
14806490,62029323,2014-07-25,PRO
14806498,13808594,2013-01-06,DIV
14806498,PCT/US2011/042107,2011-06-28,NST
14806499,14072667,2013-11-05,CON
14806500,61115438,2008-11-17,PRO
14806500,61154619,2009-02-23,PRO
14806500,12619535,2009-11-16,DIV
14806501,11788111,2007-04-19,CON
14806505,61625836,2012-04-18,PRO
14806505,13686195,2012-11-27,CON
14806506,13461448,2012-05-01,CIP
14806506,PCT/US13/39062,2013-05-01,NST
14806506,14398302,2014-10-31,CIP
14806507,61966177,2014-02-18,PRO
14806507,14599879,2015-01-19,CON
14806511,62027626,2014-07-22,PRO
14806511,62027627,2014-07-22,PRO
14806516,61755800,2013-01-23,PRO
14806516,61785874,2013-03-14,PRO
14806516,14161591,2014-01-22,CON
14806517,61759283,2013-01-31,PRO
14806517,13838815,2013-03-15,CON
14806518,PCT/CN2014/086739,2014-09-17,CON
14806519,12935654,2010-09-30,CON
14806519,PCT/AU2009/000396,2009-03-31,NST
14806520,PCT/US2014/012381,2014-01-21,CON
14806521,62028194,2014-07-23,PRO
14806522,62027286,2014-07-22,PRO
14806524,62028185,2014-07-23,PRO
14806524,62085959,2014-12-01,PRO
14806530,62027622,2014-07-22,PRO
14806531,62027626,2014-07-22,PRO
14806531,62027627,2014-07-22,PRO
14806532,61040425,2008-03-28,PRO
14806532,12411991,2009-03-26,CON
14806532,14088517,2013-11-25,CON
14806533,62029404,2014-07-25,PRO
14806535,62027738,2014-07-22,PRO
14806537,13046461,2011-03-11,CON
14806539,13485398,2012-05-31,DIV
14806540,61999304,2014-07-22,PRO
14806541,62027739,2014-07-22,PRO
14806542,62027656,2014-07-22,PRO
14806542,62091340,2014-12-12,PRO
14806543,62028257,2014-07-23,PRO
14806545,62028303,2014-07-23,PRO
14806550,13200996,2011-10-05,DIV
14806550,13853288,2013-03-29,DIV
14806552,PCT/KR2013/001495,2013-02-25,CIP
14806557,62031782,2014-07-31,PRO
14806564,13536193,2012-06-28,CON
14806565,13730679,2012-12-28,DIV
14806565,14311040,2014-06-20,DIV
14806567,62027896,2014-07-23,PRO
14806568,60328263,2001-10-10,PRO
14806568,09990450,2001-11-21,CON
14806568,11469348,2006-08-31,DIV
14806568,13784264,2013-03-04,CON
14806569,62027338,2014-07-22,PRO
14806571,61765541,2013-02-15,PRO
14806571,61832501,2013-06-07,PRO
14806571,61858054,2013-07-24,PRO
14806571,61873828,2013-09-04,PRO
14806571,61913154,2013-12-06,PRO
14806571,61913190,2013-12-06,PRO
14806571,PCT/US14/16637,2014-02-15,CIP
14806571,61974950,2014-04-03,PRO
14806571,62061636,2014-10-08,PRO
14806571,14563994,2014-12-08,CIP
14806571,PCT/US15/24374,2015-04-03,CIP
14806573,62031524,2014-07-31,PRO
14806575,62027524,2014-07-22,PRO
14806577,62028018,2014-07-23,PRO
14806580,62027542,2014-07-22,PRO
14806585,62027717,2014-07-22,PRO
14806586,62027306,2014-07-22,PRO
14806588,62027596,2014-07-22,PRO
14806591,61622132,2012-04-10,PRO
14806591,13478461,2012-05-23,CON
14806591,14323890,2014-07-03,CON
14806593,62028348,2014-07-24,PRO
14806594,62027716,2014-07-22,PRO
14806595,62027492,2014-07-22,PRO
14806596,61266068,2009-12-02,PRO
14806596,12829565,2010-07-02,CIP
14806596,61382290,2010-09-13,PRO
14806596,12957533,2010-12-01,CIP
14806596,13306105,2011-11-29,CON
14806599,13411537,2012-03-03,DIV
14806599,14093430,2013-11-30,CON
14806602,61755036,2013-01-22,PRO
14806602,14161679,2014-01-22,CON
14806602,14295307,2014-06-03,DIV
14806602,14481939,2014-09-10,CIP
14806602,14692724,2015-04-21,CIP
14806603,11841473,2007-08-20,CON
14806605,62030636,2014-07-30,PRO
14806606,61755043,2013-01-22,PRO
14806606,14161678,2014-01-22,CON
14806606,14295318,2014-06-03,DIV
14806606,14481940,2014-09-10,CIP
14806607,61968311,2014-03-20,PRO
14806607,61979186,2014-04-14,PRO
14806607,14663398,2015-03-19,CON
14806608,13541520,2012-07-03,CON
14806616,62027780,2014-07-22,PRO
14806616,62028314,2014-07-23,PRO
14806617,62027603,2014-07-22,PRO
14806624,62028226,2014-07-23,PRO
14806627,62027746,2014-07-22,PRO
14806629,62027694,2014-07-22,PRO
14806632,61706012,2012-09-26,PRO
14806632,13798530,2013-03-13,DIV
14806637,61224873,2009-07-12,PRO
14806637,12711240,2010-02-23,CON
14806637,13460832,2012-04-30,CON
14806637,13676038,2012-11-13,CON
14806639,62027923,2014-07-23,PRO
14806640,13301781,2011-11-22,CON
14806642,62027706,2014-07-22,PRO
14806644,61706012,2012-09-26,PRO
14806644,13798530,2013-03-13,DIV
14806645,62027255,2014-07-22,PRO
14806651,10164963,2002-06-07,CIP
14806651,10704094,2003-11-07,CIP
14806651,11277107,2006-03-21,CIP
14806651,11870412,2007-10-10,CIP
14806651,12534119,2009-08-01,CIP
14806653,13000246,2010-12-20,CON
14806654,61881951,2013-09-24,PRO
14806654,14492059,2014-09-21,CON
14806658,PCT/JP2014/051133,2014-01-21,CON
14806659,62028288,2014-07-23,PRO
14806663,62029432,2014-07-26,PRO
14806664,62028943,2014-07-25,PRO
14806666,62029461,2014-07-26,PRO
14806671,62031849,2014-07-31,PRO
14806672,62030090,2014-07-29,PRO
14806673,12960550,2010-12-06,DIV
14806676,13002048,2010-12-30,CIP
14806676,PCT/CN2010/079720,2010-12-13,NST
14806678,PCT/CN2014/075458,2014-04-16,CIP
14806680,62027809,2014-07-23,PRO
14806680,62083923,2014-11-25,PRO
14806681,13094195,2011-04-26,DIV
14806681,14147615,2014-01-06,DIV
14806682,62027810,2014-07-23,PRO
14806682,62083925,2014-11-25,PRO
14806684,62027812,2014-07-23,PRO
14806684,62083926,2014-11-25,PRO
14806685,62027814,2014-07-23,PRO
14806685,62083927,2014-11-25,PRO
14806688,62027816,2014-07-23,PRO
14806688,62083928,2014-11-25,PRO
14806690,62027823,2014-07-23,PRO
14806690,62083931,2014-11-25,PRO
14806691,62027915,2014-07-23,PRO
14806691,62083932,2014-11-25,PRO
14806692,62027952,2014-07-23,PRO
14806692,62083933,2014-11-25,PRO
14806694,62027835,2014-07-23,PRO
14806694,62083936,2014-11-25,PRO
14806695,PCT/JP2014/001570,2014-03-19,CON
14806696,62027879,2014-07-23,PRO
14806696,62083938,2014-11-25,PRO
14806698,PCT/JP2013/079490,2013-10-31,CON
14806700,12140501,2008-06-17,CON
14806704,62028249,2014-07-23,PRO
14806706,62028556,2014-07-24,PRO
14806707,PCT/JP2014/050965,2014-01-20,CON
14806711,13792721,2013-03-11,CON
14806717,12461176,2009-08-04,CON
14806720,61137538,2008-07-31,PRO
14806720,PCT/US09/52295,2009-07-30,NST
14806720,13056628,2011-05-23,CON
14806720,14167169,2014-01-29,CON
14806722,61139971,2008-12-22,PRO
14806722,13141558,2011-08-17,CON
14806723,14724151,2015-05-28,CON
14806724,PCT/JP2013/054163,2013-02-20,CON
14806728,13291508,2011-11-08,DIV
14806731,13602028,2012-08-31,CON
14806732,62029560,2014-07-27,PRO
14806734,13814965,2013-02-08,CON
14806734,14542741,2014-11-17,CON
14806734,PCT/US2011/047090,2011-08-09,NST
14806736,62029560,2014-07-27,PRO
14806737,13264036,2012-01-04,CIP
14806737,PCT/IL2010/000294,2010-04-08,NST
14806740,61488593,2011-05-20,PRO
14806740,13474238,2012-05-17,CON
14806744,13522619,2012-10-08,CON
14806744,PCT/EP2011/050855,2011-01-21,NST
14806748,13859213,2013-04-09,CON
14806750,62008725,2014-06-06,PRO
14806750,62134852,2015-03-18,PRO
14806750,14662528,2015-03-19,CON
14806753,10907419,2005-03-31,DIV
14806753,12172484,2008-07-14,DIV
14806753,13731829,2012-12-31,DIV
14806754,11742204,2007-04-30,CON
14806754,13944176,2013-07-17,CON
14806754,14500894,2014-09-29,CON
14806758,61687333,2012-04-23,PRO
14806758,13862619,2013-04-15,CIP
14806758,61880001,2013-09-19,PRO
14806758,61888793,2013-10-09,PRO
14806758,61970161,2014-03-25,PRO
14806758,14483218,2014-09-11,CON
14806759,62029365,2014-07-25,PRO
14806760,14036107,2013-09-25,CIP
14806761,62027968,2014-07-23,PRO
14806762,61479901,2011-04-28,PRO
14806762,13457887,2012-04-27,CON
14806763,62028675,2014-07-24,PRO
14806764,13542776,2012-07-06,DIV
14806766,61646440,2012-05-14,PRO
14806766,13789763,2013-03-08,CON
14806769,62033259,2014-08-05,PRO
14806770,62028913,2014-07-25,PRO
14806770,62054486,2014-09-24,PRO
14806774,11691051,2007-03-26,CON
14806774,12852551,2010-08-09,CON
14806776,62029618,2014-07-28,PRO
14806777,13502530,2012-04-18,DIV
14806777,PCT/IB2010/054648,2010-10-14,NST
14806784,13384695,2012-04-26,CON
14806784,PCT/EP2010/004162,2010-07-08,NST
14806785,PCT/US2013/078446,2013-12-31,CON
14806788,61526953,2011-08-24,PRO
14806788,61647986,2012-05-16,PRO
14806788,61670874,2012-07-12,PRO
14806788,61691134,2012-08-20,PRO
14806788,PCT/US12/52000,2012-08-23,CIP
14806788,PCT/US12/52043,2012-08-23,CIP
14806788,PCT/US12/52052,2012-08-23,CIP
14806788,PCT/US12/52059,2012-08-23,CIP
14806788,61732898,2012-12-03,PRO
14806788,14064167,2013-10-27,CON
14806792,61655334,2012-06-04,PRO
14806792,13908722,2013-06-03,CON
14806800,62040662,2014-08-22,PRO
14806806,62030760,2014-07-30,PRO
14806808,62031936,2014-08-01,PRO
14806808,62047260,2014-09-08,PRO
14806809,13465637,2012-05-07,CON
14806814,13701240,2013-03-01,DIV
14806814,PCT/CA2011/000613,2011-05-31,NST
14806816,62028876,2014-07-25,PRO
14806816,62063123,2014-10-13,PRO
14806819,61452432,2011-03-14,PRO
14806819,13181768,2011-07-13,CON
14806820,13656998,2012-10-22,CON
14806821,62027961,2014-07-23,PRO
14806824,62028046,2014-07-23,PRO
14806827,13410980,2012-03-02,CON
14806828,62029012,2014-07-25,PRO
14806838,62028858,2014-07-25,PRO
14806841,61458603,2010-11-29,PRO
14806841,13304739,2011-11-28,CON
14806841,14538552,2014-11-11,CON
14806849,62032681,2014-08-04,PRO
14806851,62036239,2014-08-12,PRO
14806854,14011991,2013-08-28,DIV
14806855,61741780,2012-05-25,PRO
14806855,13897634,2013-05-20,CON
14806859,62005375,2014-05-30,PRO
14806859,14645486,2015-03-12,CIP
14806865,62028413,2014-07-24,PRO
14806868,14080131,2013-11-14,CON
14806874,62028056,2014-07-23,PRO
14806875,62028202,2014-07-23,PRO
14806884,13302756,2011-11-22,CON
14806887,13931789,2013-06-28,DIV
14806896,PCT/CN2013/079883,2013-07-23,CON
14806904,12785847,2010-05-24,CON
14806905,62028181,2014-07-23,PRO
14806907,62035290,2014-08-08,PRO
14806908,13241862,2011-09-23,CON
14806910,PCT/US14/13100,2014-01-27,CON
14806912,11410547,2006-04-25,CON
14806912,12847823,2010-07-30,CON
14806912,14152363,2014-01-10,CON
14806912,14263248,2014-04-28,CON
14806912,14638926,2015-03-04,CON
14806917,14327026,2014-07-09,CON
14806919,62041335,2014-08-25,PRO
14806922,14041308,2013-09-30,CON
14806926,62037239,2014-08-14,PRO
14806928,PCT/US2014/013102,2014-01-27,CON
14806934,13834489,2013-03-15,CON
14806936,62158858,2015-05-08,PRO
14806937,60473692,2003-07-16,PRO
14806937,10837214,2004-04-30,DIV
14806939,13621488,2012-09-17,CON
14806944,09258481,1999-02-26,CON
14806944,10055062,2002-01-22,CON
14806944,10424217,2003-04-25,CON
14806944,10914510,2004-08-09,CON
14806944,11999246,2007-12-03,CON
14806944,13218068,2011-08-25,CON
14806944,13589587,2012-08-20,CON
14806944,13942033,2013-07-15,CON
14806958,62028089,2014-07-23,PRO
14806961,61930776,2014-01-23,PRO
14806961,14176836,2014-02-10,CON
14806961,14564898,2014-12-09,CON
14806964,61378806,2010-08-31,PRO
14806964,12939778,2010-11-04,CON
14806964,13672266,2012-11-08,CON
14806964,14668090,2015-03-25,CON
14806967,13047523,2011-03-14,CON
14806970,PCT/US2013/023116,2013-01-25,CON
14806973,61329744,2010-04-30,PRO
14806973,13093201,2011-04-25,DIV
14806973,13893572,2013-05-14,CIP
14806973,14219484,2014-03-19,DIV
14806978,62028063,2014-07-23,PRO
14806981,13853189,2013-03-29,DIV
14806984,62028977,2014-07-25,PRO
14806985,12035531,2008-02-22,CON
14806988,11397118,2006-04-05,CIP
14806988,12155573,2008-06-06,CON
14806988,12657356,2010-01-20,CON
14806988,12802001,2010-05-27,DIV
14806988,13288065,2011-11-03,CON
14806988,14021693,2013-09-09,CON
14806989,62027866,2014-07-23,PRO
14806990,PCT/CN2013/070947,2013-01-24,CON
14806993,13722340,2012-12-20,DIV
14806995,62035650,2014-08-11,PRO
14806996,62027936,2014-07-23,PRO
14806996,62027957,2014-07-23,PRO
14806997,61173004,2009-04-27,PRO
14806997,61306137,2010-02-19,PRO
14806997,12767509,2010-04-26,DIV
14806997,13485377,2012-05-31,DIV
14806997,14013707,2013-08-29,DIV
14806999,14356487,2014-05-06,CON
14806999,PCT/JP2012/077365,2012-10-23,NST
14807000,61717887,2012-10-24,PRO
14807000,14062860,2013-10-24,DIV
14807003,11814305,2007-08-21,CON
14807003,PCT/GB2006/050013,2006-01-18,NST
14807005,62027956,2014-07-23,PRO
14807006,14031976,2013-09-19,CIP
14807006,29487233,2014-04-07,CIP
14807006,14253041,2014-04-15,CIP
14807006,29528834,2015-06-01,CIP
14807007,14007425,2013-12-03,DIV
14807007,PCT/IB2012/000565,2012-03-21,NST
14807008,62029606,2014-07-28,PRO
14807011,62028497,2014-07-24,PRO
14807012,62028498,2014-07-24,PRO
14807013,14233335,2014-06-04,CON
14807013,PCT/US2012/047253,2012-07-18,NST
14807022,62027936,2014-07-23,PRO
14807022,62027957,2014-07-23,PRO
14807024,62033035,2014-08-04,PRO
14807025,13880113,2013-04-18,DIV
14807025,PCT/AU2011/001327,2011-10-20,NST
14807026,13930476,2013-06-28,DIV
14807032,62039499,2014-08-20,PRO
14807033,62027997,2014-07-23,PRO
14807034,60891390,2007-02-23,PRO
14807034,60891395,2007-02-23,PRO
14807034,60891400,2007-02-23,PRO
14807034,60891708,2007-02-26,PRO
14807034,12037078,2008-02-25,CON
14807034,13158879,2011-06-13,CON
14807035,12867652,2010-08-13,DIV
14807035,PCT/EP2009/051440,2009-02-09,NST
14807038,62027936,2014-07-23,PRO
14807038,62027957,2014-07-23,PRO
14807040,12431004,2009-04-28,CIP
14807040,12766901,2010-04-25,CON
14807040,13962205,2013-08-08,DIV
14807042,10403708,2003-03-31,DIV
14807042,12421335,2009-04-09,DIV
14807042,13874958,2013-05-01,CON
14807042,14449284,2014-08-01,CON
14807043,62027936,2014-07-23,PRO
14807043,62027957,2014-07-23,PRO
14807047,11947958,2007-11-30,CON
14807050,62030261,2014-07-29,PRO
14807051,61443302,2011-02-16,PRO
14807051,61560480,2011-11-16,PRO
14807051,13371789,2012-02-13,DIV
14807051,14333944,2014-07-17,CON
14807051,14333980,2014-07-17,CON
14807052,13221953,2011-08-31,CON
14807055,62027936,2014-07-23,PRO
14807055,62027957,2014-07-23,PRO
14807056,13303468,2011-11-23,DIV
14807056,14010633,2013-08-27,DIV
14807061,62030951,2014-07-30,PRO
14807061,62109196,2015-01-29,PRO
14807065,PCT/JP2013/075629,2013-09-24,CON
14807069,62032953,2014-08-04,PRO
14807070,62028006,2014-07-23,PRO
14807073,62027936,2014-07-23,PRO
14807073,62027957,2014-07-23,PRO
14807075,62028549,2014-07-24,PRO
14807076,61554859,2011-11-02,PRO
14807076,13312686,2011-12-06,CON
14807076,14076466,2013-11-11,CON
14807077,14007425,2013-12-03,DIV
14807077,PCT/IB2012/000565,2012-03-21,NST
14807079,13798675,2013-03-13,CON
14807082,PCT/CN2013/070986,2013-01-25,CON
14807084,61260115,2009-11-11,PRO
14807084,61378806,2010-08-31,PRO
14807084,12939778,2010-11-04,CON
14807084,13672266,2012-11-08,CON
14807084,14668090,2015-03-25,CON
14807086,11660869,2007-03-28,DIV
14807086,12656581,2010-02-04,CON
14807086,13317997,2011-11-02,CON
14807086,13685004,2012-11-26,CON
14807086,PCT/GB2005/003282,2005-08-23,NST
14807094,14240922,2014-02-25,DIV
14807094,PCT/EP2012/003532,2012-08-20,NST
14807099,62027861,2014-07-23,PRO
14807100,62028440,2014-07-24,PRO
14807106,13242912,2011-09-23,CON
14807114,62031366,2014-07-31,PRO
14807116,PCT/EP2013/003797,2013-12-16,CON
14807117,12285683,2008-10-10,CON
14807117,PCT/US2007/008049,2007-04-03,CIP
14807119,PCT/JP2014/051275,2014-01-22,CON
14807123,09193916,1998-11-17,CON
14807123,09490923,2000-01-25,CON
14807123,09777491,2001-02-05,CON
14807123,10006732,2001-11-15,CIP
14807123,10375230,2003-02-27,CON
14807123,11295969,2005-12-07,CON
14807123,11926379,2007-10-29,CON
14807123,12481081,2009-06-09,CON
14807123,13099224,2011-05-02,CON
14807123,14276155,2014-05-13,CON
14807124,13313272,2011-12-07,CON
14807125,10991774,2004-11-18,CIP
14807125,11100026,2005-04-06,CON
14807125,11758157,2007-06-05,CON
14807125,12701034,2010-02-05,CON
14807125,13546220,2012-07-11,CON
14807125,14220529,2014-03-20,CON
14807128,PCT/IB2013/061139,2013-12-19,CON
14807131,12128299,2008-05-28,CON
14807132,14086442,2013-11-21,CIP
14807132,14603636,2015-01-23,CIP
14807135,13800828,2013-03-13,CON
14807137,61002047,2007-11-06,PRO
14807137,12290447,2008-10-30,CON
14807137,13553472,2012-07-19,CON
14807137,14519664,2014-10-21,CON
14807138,62027949,2014-07-23,PRO
14807139,62028466,2014-07-24,PRO
14807140,62028929,2014-07-25,PRO
14807141,62029383,2014-07-25,PRO
14807146,14268651,2014-05-02,CON
14807148,14056019,2013-10-17,CON
14807149,62030951,2014-07-30,PRO
14807149,62109196,2015-01-29,CON
14807151,14333971,2014-07-17,CON
14807154,62028727,2014-07-24,PRO
14807159,13760636,2013-02-06,CON
14807162,62028369,2014-07-24,PRO
14807163,60467482,2003-05-02,PRO
14807163,10834386,2004-04-28,CON
14807163,11713974,2007-03-05,CON
14807165,60794837,2006-04-26,PRO
14807165,11734874,2007-04-13,CON
14807165,12230275,2008-08-27,DIV
14807165,13137382,2011-08-10,CON
14807165,13476337,2012-05-21,CON
14807165,14103103,2013-12-11,CON
14807165,14445234,2014-07-29,CON
14807168,12938402,2010-11-03,CON
14807168,14156845,2014-01-16,CON
14807169,62028703,2014-07-24,PRO
14807170,13758776,2013-02-04,CON
14807173,60515479,2003-10-29,PRO
14807173,10880696,2004-06-30,CON
14807173,14014905,2013-08-30,CON
14807175,13969845,2013-08-19,CON
14807176,61424570,2010-12-17,PRO
14807176,13191997,2011-07-27,CON
14807176,14013515,2013-08-29,CON
14807180,13617886,2012-09-14,CON
14807181,12816587,2010-06-16,CON
14807181,14520941,2014-10-22,CON
14807182,PCT/JP2014/002352,2014-04-25,CON
14807183,62029002,2014-07-25,PRO
14807183,62036454,2014-08-12,PRO
14807183,62158257,2015-05-07,PRO
14807184,62027993,2014-07-23,PRO
14807187,13848347,2013-03-21,CON
14807188,12774057,2010-05-05,CON
14807188,PCT/AU2008/001140,2008-08-06,CIP
14807189,13122179,2011-06-10,DIV
14807189,PCT/EP2009/062783,2009-10-01,NST
14807190,61761990,2013-02-07,PRO
14807190,14171891,2014-02-04,CON
14807191,62027964,2014-07-23,PRO
14807193,14190885,2014-02-26,DIV
14807195,62028885,2014-07-25,PRO
14807196,13094897,2011-04-27,CON
14807198,62028935,2014-07-25,PRO
14807199,13834933,2013-03-15,CON
14807202,62029606,2014-07-28,PRO
14807203,62029602,2014-07-28,PRO
14807208,61678711,2012-08-02,PRO
14807208,13956828,2013-08-01,CON
14807211,62028471,2014-07-24,PRO
14807212,62028439,2014-07-24,PRO
14807214,60215247,2000-06-30,PRO
14807214,09896467,2001-06-29,DIV
14807214,10806546,2004-03-23,DIV
14807214,11623370,2007-01-16,DIV
14807214,13198336,2011-08-04,DIV
14807214,13523470,2012-06-14,DIV
14807214,13870238,2013-04-25,DIV
14807214,13909384,2013-06-04,DIV
14807214,14074402,2013-11-07,DIV
14807214,14191964,2014-02-27,DIV
14807214,14504649,2014-10-02,DIV
14807214,14637098,2015-03-03,DIV
14807218,61603230,2012-02-24,PRO
14807218,13624360,2012-09-21,CON
14807219,61088229,2008-08-12,PRO
14807219,61088239,2008-08-12,PRO
14807219,61088267,2008-08-12,PRO
14807219,12540179,2009-08-12,CON
14807220,62028132,2014-07-23,PRO
14807221,61651606,2012-05-25,PRO
14807221,13900586,2013-05-23,CON
14807222,62028103,2014-07-23,PRO
14807223,61970319,2014-03-25,PRO
14807223,14667678,2015-03-25,CIP
14807227,13060248,2011-05-18,CON
14807227,PCT/KR2009/004689,2009-08-21,NST
14807229,62028341,2014-07-24,PRO
14807231,62028937,2014-07-25,PRO
14807233,62028723,2014-07-24,PRO
14807234,PCT/CN2014/070780,2014-01-17,CIP
14807235,61186116,2009-06-11,PRO
14807235,12776274,2010-05-07,CON
14807235,14012407,2013-08-28,CON
14807237,62027936,2014-07-23,PRO
14807237,62027957,2014-07-23,PRO
14807238,13636381,2012-10-26,CON
14807238,PCT/EP2011/001435,2011-03-23,NST
14807241,PCT/CN2013/086221,2013-10-30,CON
14807242,14104525,2013-12-12,DIV
14807244,60691516,2005-06-16,PRO
14807244,60705968,2005-08-04,PRO
14807244,60751082,2005-12-16,PRO
14807244,60751121,2005-12-16,PRO
14807244,60752825,2005-12-21,PRO
14807244,11454971,2006-06-16,CON
14807244,13525068,2012-06-15,CON
14807244,13788179,2013-03-07,CON
14807244,14109302,2013-12-17,CON
14807244,14570705,2014-12-15,CON
14807246,12314743,2008-12-16,CON
14807246,13617134,2012-09-14,CON
14807246,14041289,2013-09-30,CON
14807246,14297920,2014-06-06,CON
14807251,62029312,2014-07-25,PRO
14807253,61589549,2012-01-23,PRO
14807253,13741550,2013-01-15,CON
14807254,PCT/CN2013/086816,2013-11-11,CON
14807255,13628621,2012-09-27,DIV
14807257,62028944,2014-07-25,PRO
14807260,61569367,2011-12-12,PRO
14807260,13712252,2012-12-12,CIP
14807263,62028079,2014-07-23,PRO
14807264,14116454,2013-11-08,CON
14807264,PCT/EP2012/001898,2012-05-03,NST
14807267,61875577,2013-09-09,PRO
14807267,14202802,2014-03-10,DIV
14807271,62029383,2014-07-25,PRO
14807275,PCT/EP2014/051239,2014-01-22,CON
14807276,14044926,2013-10-03,DIV
14807278,61001480,2007-11-01,PRO
14807278,61065942,2008-02-15,PRO
14807278,61126801,2008-05-06,PRO
14807278,12261860,2008-10-30,CON
14807280,PCT/CN2011/073298,2011-04-26,NST
14807281,61521843,2011-08-10,PRO
14807281,13562982,2012-07-31,CON
14807285,13990238,2013-05-29,CON
14807285,PCT/US2011/054202,2011-09-30,NST
14807286,62028868,2014-07-25,PRO
14807287,62028017,2014-07-23,PRO
14807288,13434096,2012-03-29,DIV
14807288,14522217,2014-10-23,DIV
14807288,PCT/JP11/56129,2011-03-09,CON
14807290,14496895,2014-09-25,DIV
14807291,PCT/JP2013/082964,2013-12-09,CON
14807291,PCT/JP2013/084841,2013-12-26,CON
14807293,61229109,2009-07-28,PRO
14807293,61301308,2010-02-04,PRO
14807293,12844306,2010-07-27,CON
14807293,14279681,2014-05-16,CON
14807295,13108288,2011-05-16,CIP
14807297,62028948,2014-07-25,PRO
14807298,14063301,2013-10-25,DIV
14807299,13249961,2011-09-30,DIV
14807300,PCT/IL2013/051034,2013-12-18,CIP
14807302,12593290,2009-09-26,CON
14807302,PCT/EP08/53526,2008-03-26,NST
14807305,12160184,2008-07-07,CON
14807305,12461578,2009-08-17,CON
14807305,13067881,2011-07-01,CON
14807305,13868719,2013-04-23,CON
14807305,14152336,2014-01-10,CON
14807305,14506027,2014-10-03,CON
14807305,PCT/ES2007/000696,2007-11-30,NST
14807306,62029415,2014-07-25,PRO
14807307,62028483,2014-07-24,PRO
14807308,62029383,2014-07-25,PRO
14807309,13804108,2013-03-14,CIP
14807310,13306523,2011-11-29,CON
14807312,PCT/JP2014/051500,2014-01-24,CON
14807313,62029383,2014-07-25,PRO
14807315,12534944,2009-08-04,CON
14807318,62027954,2014-07-23,PRO
14807319,62028919,2014-07-25,PRO
14807321,62027936,2014-07-23,PRO
14807321,62027957,2014-07-23,PRO
14807323,62028798,2014-07-24,PRO
14807324,PCT/CN2013/089860,2013-12-18,CON
14807327,62029639,2014-07-28,PRO
14807329,13755189,2013-01-31,CON
14807329,14581044,2014-12-23,CON
14807329,PCT/EP2011/063377,2011-08-03,CON
14807331,13796170,2013-03-12,CIP
14807331,14188303,2014-02-24,CIP
14807331,61988024,2014-05-02,PRO
14807331,14310899,2014-06-20,CIP
14807331,14528099,2014-10-30,CIP
14807333,61373610,2010-08-13,PRO
14807333,13208793,2011-08-12,CIP
14807333,61579027,2011-12-22,PRO
14807333,13718915,2012-12-18,DIV
14807336,13715477,2012-12-14,CON
14807337,62028899,2014-07-25,PRO
14807338,14353895,2014-04-24,CON
14807338,PCT/JP2012/067989,2012-07-13,NST
14807339,62028689,2014-07-24,PRO
14807340,10840074,2004-05-06,DIV
14807340,11870226,2007-10-10,CON
14807340,14454261,2014-08-07,CON
14807340,14572109,2014-12-16,CON
14807342,62028597,2014-07-24,PRO
14807343,62029383,2014-07-25,PRO
14807347,13617886,2012-09-14,CON
14807350,62030261,2014-07-29,PRO
14807351,61788696,2013-03-15,PRO
14807351,13862350,2013-04-12,CON
14807353,62029383,2014-07-25,PRO
14807357,62028055,2014-07-23,PRO
14807359,61395907,2010-05-19,PRO
14807359,61400593,2010-07-30,PRO
14807359,13111924,2011-05-19,CIP
14807360,62028951,2014-07-25,PRO
14807363,61366324,2010-07-21,PRO
14807363,13150900,2011-06-01,CON
14807364,61097896,2008-09-18,PRO
14807364,12562621,2009-09-18,CON
14807364,13934960,2013-07-03,CON
14807364,14515047,2014-10-15,DIV
14807367,62027970,2014-07-23,PRO
14807370,13767663,2013-02-14,DIV
14807372,PCT/JP2014/051776,2014-01-28,CON
14807373,62027936,2014-07-23,PRO
14807373,62027957,2014-07-23,PRO
14807375,PCT/US2014/013682,2014-01-29,CON
14807378,62028165,2014-07-23,PRO
14807380,62029303,2014-07-25,PRO
14807381,12556010,2009-09-09,CON
14807382,61468069,2011-03-28,PRO
14807382,13432624,2012-03-28,CON
14807383,62030666,2014-07-30,PRO
14807384,14046138,2013-10-04,CON
14807386,14087662,2013-11-22,CON
14807386,PCT/CN2012/000708,2012-05-21,CIP
14807387,61582109,2011-12-30,PRO
14807387,13543543,2012-07-06,CON
14807388,62028997,2014-07-25,PRO
14807389,62028128,2014-07-23,PRO
14807389,62029264,2014-07-25,PRO
14807390,12368231,2009-02-09,CON
14807392,62027936,2014-07-23,PRO
14807392,62027957,2014-07-23,PRO
14807393,62028960,2014-07-25,PRO
14807396,12969122,2010-12-15,DIV
14807398,61974342,2014-04-02,CON
14807398,14677618,2015-04-02,CIP
14807401,13567264,2012-08-06,DIV
14807402,61579253,2011-12-22,PRO
14807402,13723819,2012-12-21,DIV
14807403,PCT/JP2014/050593,2014-01-15,CON
14807404,PCT/JP2014/058944,2014-03-27,CON
14807406,62028459,2014-07-24,PRO
14807406,62028594,2014-07-24,PRO
14807406,62057137,2014-09-29,PRO
14807406,62085782,2014-12-01,PRO
14807407,62028064,2014-07-23,PRO
14807408,62028593,2014-07-24,PRO
14807417,11746480,2007-05-09,CON
14807419,12960946,2010-12-06,CON
14807419,14139124,2013-12-23,CON
14807423,PCT/CN2014/072930,2014-03-05,CON
14807429,12804397,2010-07-20,DIV
14807429,13901390,2013-05-23,DIV
14807430,12734232,2010-09-28,CON
14807430,PCT/AU2008/001554,2008-10-22,NST
14807435,14686022,2015-04-14,CON
14807436,60947321,2007-06-29,PRO
14807436,12217022,2008-06-30,CON
14807436,13619948,2012-09-14,DIV
14807436,14162672,2014-01-23,DIV
14807436,14523777,2014-10-24,CON
14807437,60151790,1999-08-31,PRO
14807437,09653517,2000-08-31,CON
14807437,12142688,2008-06-19,CON
14807437,12815121,2010-06-14,CON
14807437,13964843,2013-08-12,CON
14807440,62027936,2014-07-23,PRO
14807440,62027957,2014-07-23,PRO
14807441,62029190,2014-07-25,PRO
14807442,PCT/JP2013/080051,2013-11-06,CON
14807444,62029090,2014-07-25,PRO
14807446,62028863,2014-07-25,PRO
14807447,61536213,2011-09-19,PRO
14807447,13622925,2012-09-19,DIV
14807449,62028494,2014-07-24,PRO
14807449,62064716,2014-10-16,PRO
14807449,62072671,2014-10-30,PRO
14807449,62152991,2015-04-27,PRO
14807450,12594181,2009-09-30,CON
14807450,13775069,2013-02-22,CON
14807450,PCT/CA2008/000595,2008-03-31,NST
14807456,13527171,2012-06-19,CIP
14807457,PCT/CN2013/088759,2013-12-06,CON
14807458,10820227,2004-04-08,CIP
14807458,10860662,2004-06-04,CON
14807458,12700602,2010-02-04,CON
14807458,13240978,2011-09-22,CON
14807458,13241837,2011-09-23,CON
14807460,13062127,2011-03-28,CON
14807460,PCT/GB2009/051121,2009-09-03,NST
14807461,61535715,2011-09-16,PRO
14807461,61536726,2011-09-20,PRO
14807461,61565102,2011-11-30,PRO
14807461,61608977,2012-03-09,PRO
14807461,13611055,2012-09-12,CON
14807463,62028199,2014-07-23,PRO
14807463,62150398,2015-04-21,PRO
14807465,10421965,2003-04-23,CON
14807465,11625879,2007-01-23,CON
14807465,14017765,2013-09-04,CON
14807466,62028704,2014-07-24,PRO
14807472,62041365,2014-08-25,PRO
14807473,62028133,2014-07-23,PRO
14807475,60065633,1997-11-18,PRO
14807475,60085427,1998-05-14,PRO
14807475,60100962,1998-09-17,PRO
14807475,09190219,1998-11-13,CON
14807475,09694472,2000-10-24,CON
14807475,10167697,2002-06-13,CON
14807475,10657221,2003-09-09,CON
14807475,12384736,2009-04-07,CON
14807475,12661726,2010-03-22,CON
14807475,13317636,2011-10-24,CON
14807475,13987534,2013-08-05,CON
14807479,13871564,2013-04-26,CIP
14807480,14202268,2014-03-10,CON
14807482,62028067,2014-07-23,PRO
14807483,60796110,2006-04-28,PRO
14807483,11740795,2007-04-26,CIP
14807483,12508332,2009-07-23,CIP
14807483,13543747,2012-07-06,CON
14807483,13721741,2012-12-20,CON
14807484,13147880,2011-10-13,CON
14807484,PCT/EP2010/000952,2010-02-03,NST
14807488,PCT/JP2013/005897,2013-10-03,CON
14807492,13975998,2013-08-26,CON
14807494,13493170,2012-06-11,REI
14807495,62028970,2014-07-25,PRO
14807498,61684127,2012-08-16,PRO
14807498,13689714,2012-11-29,CON
14807499,62028688,2014-07-24,PRO
14807503,14437808,2015-04-22,CON
14807503,PCT/NL2013/050744,2013-10-23,NST
14807504,13192852,2011-07-28,DIV
14807505,12289875,2008-11-06,CON
14807505,14450801,2014-08-04,CON
14807506,13217364,2011-08-25,CON
14807506,14331673,2014-07-15,CON
14807508,62028911,2014-07-25,PRO
14807511,62028206,2014-07-23,PRO
14807512,61448221,2011-03-02,PRO
14807512,13408146,2012-02-29,DIV
14807512,14160869,2014-01-22,CON
14807513,PCT/CN2013/087946,2013-11-27,CON
14807519,62028178,2014-07-23,PRO
14807520,12423062,2009-04-14,CON
14807520,14221627,2014-03-21,DIV
14807523,61737506,2012-12-14,PRO
14807523,61759621,2013-02-01,PRO
14807523,61858518,2013-07-25,PRO
14807523,61872603,2013-08-30,PRO
14807523,61874903,2013-09-06,PRO
14807523,61877928,2013-09-13,PRO
14807523,14106263,2013-12-13,CIP
14807523,14106279,2013-12-13,CIP
14807523,14106360,2013-12-13,CIP
14807523,14170499,2014-01-31,CIP
14807523,14341009,2014-07-25,CIP
14807523,14464435,2014-08-20,CIP
14807523,14472133,2014-08-28,CIP
14807523,14479169,2014-09-05,CON
14807526,60873111,2006-12-06,PRO
14807526,60974470,2007-09-22,PRO
14807526,11952101,2007-12-06,CIP
14807526,13296834,2011-11-15,CIP
14807526,61606253,2012-03-02,PRO
14807526,61606755,2012-03-05,PRO
14807526,13784705,2013-03-04,CIP
14807526,13830652,2013-03-14,CON
14807528,13127632,2011-05-04,DIV
14807528,PCT/JP2009/005622,2009-10-26,NST
14807532,13201572,2011-08-15,CON
14807532,14306495,2014-06-17,DIV
14807532,PCT/EP2010/051993,2010-02-17,NST
14807539,PCT/JP2014/051582,2014-01-24,CON
14807541,60798021,2006-05-05,PRO
14807541,11743962,2007-05-03,CON
14807543,60930232,2007-05-14,PRO
14807543,61010090,2008-01-04,PRO
14807543,12152462,2008-05-14,CON
14807544,62028286,2014-07-23,PRO
14807544,62167624,2015-05-28,PRO
14807547,62028445,2014-07-24,PRO
14807548,13695400,2013-04-03,CON
14807548,PCT/EP2011/057125,2011-05-04,NST
14807549,PCT/JP2014/004810,2014-09-18,CON
14807550,61725856,2012-11-13,PRO
14807550,14078083,2013-11-12,DIV
14807553,PCT/JP2014/051583,2014-01-24,CON
14807554,13201572,2011-08-15,CON
14807554,14306495,2014-06-17,DIV
14807554,PCT/EP2010/051993,2010-02-17,NST
14807555,PCT/EP2013/075768,2013-12-06,CON
14807556,61700820,2012-09-13,PRO
14807556,14025204,2013-09-12,CIP
14807557,62028313,2014-07-23,PRO
14807559,14284447,2014-05-22,CON
14807561,61301826,2010-02-05,PRO
14807561,13021644,2011-02-04,CON
14807569,62028072,2014-07-23,PRO
14807570,PCT/JP2013/052382,2013-02-01,CON
14807574,61022805,2008-01-22,PRO
14807574,12358203,2009-01-22,CON
14807574,13620265,2012-09-14,CON
14807574,13872064,2013-04-26,CON
14807575,61471884,2011-04-05,PRO
14807575,13438172,2012-04-03,CIP
14807580,62027936,2014-07-23,PRO
14807580,62027957,2014-07-23,PRO
14807581,14229787,2014-03-28,CIP
14807581,14562318,2014-12-05,CON
14807582,62033491,2014-08-05,PRO
14807583,PCT/KR2014/004427,2014-05-16,CIP
14807584,12701251,2010-02-05,CON
14807585,61411527,2010-11-09,PRO
14807585,61412068,2010-11-10,PRO
14807585,13078212,2011-04-01,DIV
14807585,14053102,2013-10-14,CON
14807586,61710001,2012-10-05,PRO
14807586,14036485,2013-09-25,DIV
14807587,12098897,2008-04-07,CON
14807589,13439259,2012-04-04,CIP
14807589,13560059,2012-07-27,CIP
14807589,13838919,2013-03-15,CIP
14807589,14135714,2013-12-20,CIP
14807589,62028065,2014-07-23,PRO
14807589,14589270,2015-01-05,CIP
14807590,13084156,2011-04-11,CON
14807592,13665558,2012-10-31,CON
14807592,14444645,2014-07-28,CON
14807593,61293864,2010-01-11,PRO
14807593,13004747,2011-01-11,CON
14807595,62029037,2014-07-25,PRO
14807595,62036511,2014-08-12,PRO
14807595,62042059,2014-08-26,PRO
14807595,62172574,2015-06-08,PRO
14807597,62028504,2014-07-24,PRO
14807600,14137406,2013-12-20,CON
14807601,62027990,2014-07-23,PRO
14807602,62028598,2014-07-24,PRO
14807604,61556692,2011-11-07,PRO
14807604,61565372,2011-11-30,PRO
14807604,61694423,2012-08-29,PRO
14807604,13607366,2012-09-07,CON
14807604,14137824,2013-12-20,CON
14807605,61318722,2010-03-29,PRO
14807605,13073792,2011-03-28,DIV
14807606,13977265,2013-08-15,CON
14807606,PCT/GB2011/001781,2011-12-30,NST
14807607,12990446,2010-12-21,CON
14807607,PCT/NO2009/000162,2009-04-28,NST
14807610,13646905,2012-10-08,CON
14807611,62027925,2014-07-23,PRO
14807615,13261205,2012-05-16,CON
14807615,PCT/EP2010/005867,2010-09-22,NST
14807617,11484411,2006-07-11,DIV
14807617,12509638,2009-07-27,CIP
14807617,13012480,2011-01-24,DIV
14807617,13893856,2013-05-14,CON
14807618,62028266,2014-07-23,PRO
14807622,62028667,2014-07-24,PRO
14807624,61295694,2010-01-16,PRO
14807624,13006992,2011-01-14,CON
14807624,14185287,2014-02-20,CIP
14807626,12262507,2008-10-31,CON
14807628,61521604,2011-08-09,PRO
14807628,13570154,2012-08-08,DIV
14807629,PCT/CN2013/070878,2013-01-23,CON
14807632,09905969,2001-07-17,DIV
14807632,11247225,2005-10-12,CON
14807632,12461681,2009-08-20,DIV
14807632,13074566,2011-03-29,CON
14807632,14185620,2014-02-20,CON
14807633,13776523,2013-02-25,CON
14807635,PCT/EP2014/000150,2014-01-21,CON
14807641,62027902,2014-07-23,PRO
14807642,12685770,2010-01-12,CON
14807642,13930967,2013-06-28,CON
14807643,13744589,2013-01-18,CON
14807644,09738086,2000-12-15,CON
14807644,11199586,2005-08-08,CON
14807644,11931926,2007-10-31,CON
14807644,12748781,2010-03-29,CON
14807644,13230625,2011-09-12,CON
14807644,14294117,2014-06-02,CON
14807644,14678848,2015-04-03,CON
14807647,13829903,2013-03-14,CON
14807647,PCT/CN2011/082332,2011-11-17,CON
14807653,60491277,2003-07-31,PRO
14807653,10903483,2004-08-02,CON
14807653,12550464,2009-08-31,DIV
14807654,PCT/JP2014/051628,2014-01-27,CON
14807655,11158911,2005-06-21,CON
14807657,61593704,2012-02-01,PRO
14807657,13756250,2013-01-31,DIV
14807661,62027936,2014-07-23,PRO
14807661,62027957,2014-07-23,PRO
14807663,62028234,2014-07-23,PRO
14807663,62068590,2014-10-24,PRO
14807666,PCT/JP2014/054787,2014-02-27,CON
14807670,14227809,2014-03-27,CON
14807675,13737792,2013-01-09,DIV
14807679,13439259,2012-04-04,CIP
14807679,13560059,2012-07-27,CIP
14807679,13838919,2013-03-15,CIP
14807679,14135714,2013-12-20,CIP
14807679,62028065,2014-07-23,PRO
14807679,14589270,2015-01-05,CIP
14807680,62029346,2014-07-25,PRO
14807682,62028753,2014-07-24,PRO
14807686,61004655,2007-11-29,PRO
14807686,12315179,2008-11-26,CON
14807686,14273380,2014-05-08,CON
14807686,14542906,2014-11-17,CON
14807687,62028652,2014-07-24,PRO
14807691,61032414,2008-02-28,PRO
14807691,12395324,2009-02-27,CON
14807691,13567471,2012-08-06,REI
14807692,11684049,2007-03-09,DIV
14807692,12266777,2008-11-07,DIV
14807692,13454498,2012-04-24,DIV
14807693,12930482,2011-01-06,DIV
14807695,62027786,2014-07-23,PRO
14807696,12724455,2010-03-16,DIV
14807697,62029357,2014-07-25,PRO
14807698,62028992,2014-07-25,PRO
14807701,62028081,2014-07-23,PRO
14807704,61410823,2010-11-05,PRO
14807704,61483590,2011-05-06,PRO
14807704,13289923,2011-11-04,CON
14807705,62028200,2014-07-23,PRO
14807708,14149502,2014-01-07,CON
14807708,14495673,2014-09-24,CON
14807709,10166754,2002-06-12,CIP
14807710,61112751,2008-11-09,PRO
14807710,61168183,2009-04-09,PRO
14807710,61185781,2009-06-10,PRO
14807710,12615196,2009-11-09,CIP
14807710,12820968,2010-06-22,CIP
14807712,60679337,2005-05-09,PRO
14807712,11382309,2006-05-09,CON
14807712,13049731,2011-03-16,CON
14807714,13680804,2012-11-19,CON
14807722,61599701,2012-02-16,PRO
14807722,13529467,2012-06-21,CON
14807723,13126540,2011-07-25,DIV
14807723,PCT/US2009/062303,2009-10-28,NST
14807725,62030449,2014-07-29,PRO
14807726,12892880,2010-09-28,CON
14807726,14071276,2013-11-04,CON
14807731,09738086,2000-12-15,CON
14807731,11199586,2005-08-08,CON
14807731,11931926,2007-10-31,CON
14807731,12748781,2010-03-29,CON
14807731,13230625,2011-09-12,CON
14807731,14294117,2014-06-02,CON
14807731,14678848,2015-04-03,CON
14807734,12830430,2010-07-05,CON
14807734,13465772,2012-05-07,CON
14807738,62028040,2014-07-23,PRO
14807739,62028204,2014-07-23,PRO
14807742,61125939,2008-04-30,PRO
14807742,PCT/US09/37550,2009-03-18,NST
14807742,12921532,2010-09-08,DIV
14807745,61230477,2009-07-31,PRO
14807745,12847999,2010-07-30,CON
14807745,13622939,2012-09-19,CON
14807745,14276819,2014-05-13,CON
14807747,61417062,2010-11-24,PRO
14807747,13303652,2011-11-23,CON
14807748,62031097,2014-07-30,PRO
14807749,09738086,2000-12-15,CON
14807749,11199586,2005-08-08,CON
14807749,11931926,2007-10-31,CON
14807749,12748781,2010-03-29,CON
14807749,13230625,2011-09-12,CON
14807749,14294117,2014-06-02,CON
14807749,14678848,2015-04-03,CON
14807750,61727083,2012-11-15,PRO
14807750,14081519,2013-11-15,CON
14807751,62028243,2014-07-23,PRO
14807752,12648239,2009-12-28,CON
14807752,13194840,2011-07-29,CON
14807752,13620809,2012-09-15,CON
14807755,13906788,2013-05-31,CON
14807763,13115894,2011-05-25,CON
14807763,14087961,2013-11-22,CON
14807764,61564503,2011-11-29,PRO
14807764,13689374,2012-11-29,CON
14807766,62027903,2014-07-23,PRO
14807770,61723208,2012-11-06,PRO
14807770,13723042,2012-12-20,CON
14807771,62029298,2014-07-25,PRO
14807771,62033619,2014-08-05,PRO
14807773,PCT/US10/60754,2010-12-16,NST
14807773,13994698,2013-09-05,CON
14807773,14729016,2015-06-02,CIP
14807774,13810789,2013-06-04,CON
14807774,PCT/US2011/045944,2011-07-29,NST
14807775,61321831,2010-04-07,PRO
14807775,13081421,2011-04-06,CON
14807776,11119401,2005-04-29,CIP
14807776,11398493,2006-04-04,CIP
14807776,11804582,2007-05-18,CIP
14807776,12387962,2009-05-07,CIP
14807776,12652694,2010-01-05,CIP
14807776,61501131,2011-06-24,PRO
14807776,61567017,2011-12-05,PRO
14807776,13341800,2011-12-30,CIP
14807776,13413516,2012-03-06,CON
14807776,61794198,2013-03-15,PRO
14807776,13911438,2013-06-06,CON
14807776,14213482,2014-03-14,CON
14807776,14460201,2014-08-14,CON
14807776,14622535,2015-02-13,CON
14807779,13660792,2012-10-25,CON
14807780,PCT/US10/60754,2010-12-16,NST
14807780,13994698,2013-09-05,CON
14807780,14729016,2015-06-02,CIP
14807781,61326368,2010-04-21,PRO
14807781,61326377,2010-04-21,PRO
14807781,61326385,2010-04-21,PRO
14807781,13091347,2011-04-21,CON
14807784,62028422,2014-07-24,PRO
14807786,61423043,2010-12-14,PRO
14807786,PCT/US11/63657,2011-12-07,NST
14807786,13885225,2013-05-14,CON
14807787,PCT/US2014/012586,2014-01-22,CON
14807788,13949098,2013-07-23,CON
14807788,PCT/US2012/043636,2012-06-21,CON
14807789,14466842,2014-08-22,CON
14807789,14466951,2014-08-22,CON
14807789,PCT/US2013/027391,2013-02-22,CON
14807791,61584112,2012-01-06,PRO
14807791,61724966,2012-11-10,PRO
14807791,61725004,2012-11-11,PRO
14807791,61725007,2012-11-11,PRO
14807791,13734525,2013-01-04,CIP
14807791,14076451,2013-11-11,CON
14807792,13831055,2013-03-14,CON
14807793,62028273,2014-07-23,PRO
14807794,62029392,2014-07-25,PRO
14807795,62028766,2014-07-24,PRO
14807796,13457799,2012-04-27,CON
14807798,12850136,2010-08-04,CIP
14807798,12913694,2010-10-27,CON
14807798,14179410,2014-02-12,CON
14807800,12549014,2009-08-27,DIV
14807800,13778677,2013-02-27,DIV
14807800,14192721,2014-02-27,CON
14807804,13499270,2012-04-25,CON
14807804,14324924,2014-07-07,CON
14807804,PCT/AU2010/001410,2010-10-22,NST
14807805,62029212,2014-07-25,PRO
14807807,62030558,2014-07-29,PRO
14807809,13546770,2012-07-11,CON
14807810,62029356,2014-07-25,PRO
14807812,62037042,2014-08-13,PRO
14807815,62028284,2014-07-23,PRO
14807817,62029394,2014-07-25,PRO
14807822,62030560,2014-07-29,PRO
14807825,13534215,2012-06-27,CON
14807832,61613862,2012-03-21,PRO
14807832,13848394,2013-03-21,CIP
14807833,62039851,2014-08-20,PRO
14807837,14207386,2014-03-12,CIP
14807838,13515936,2012-09-04,CON
14807838,PCT/EP2010/069939,2010-12-16,NST
14807844,61123410,2008-04-07,PRO
14807844,12420009,2009-04-07,CON
14807844,13791774,2013-03-08,CON
14807844,14485342,2014-09-12,CON
14807846,62030505,2014-07-29,PRO
14807848,62028112,2014-07-23,PRO
14807854,14292757,2014-05-30,CON
14807860,13709262,2012-12-10,CON
14807862,14078110,2013-11-12,CON
14807863,62028084,2014-07-23,PRO
14807864,62028226,2014-07-23,PRO
14807864,14806624,2015-07-22,CIP
14807865,14002668,2013-08-30,DIV
14807865,PCT/JP2013/002088,2013-03-27,NST
14807866,62028267,2014-07-23,PRO
14807875,13492067,2012-06-08,CON
14807875,PCT/JP2011/052767,2011-02-09,CIP
14807879,13844337,2013-03-15,CIP
14807879,14530638,2014-10-31,DIV
14807880,61999317,2014-07-23,PRO
14807883,11316054,2005-12-21,CON
14807883,12825268,2010-06-28,CON
14807886,61776418,2013-03-11,PRO
14807886,14204634,2014-03-11,CON
14807886,14726106,2015-05-29,CON
14807891,PCT/JP2014/051210,2014-01-22,CON
14807897,61556841,2011-11-08,PRO
14807897,61566019,2011-12-02,PRO
14807897,13671526,2012-11-07,CON
14807899,62029582,2014-07-28,PRO
14807900,12276422,2008-11-24,CON
14807900,13907983,2013-06-03,CIP
14807901,14133660,2013-12-19,CON
14807903,62028324,2014-07-24,PRO
14807908,13576957,2012-10-16,DIV
14807908,PCT/EP2011/051448,2011-02-02,NST
14807913,14205407,2014-03-12,CON
14807915,14057268,2013-10-18,CON
14807920,13259733,2012-01-11,CON
14807920,PCT/GB2010/000557,2010-03-24,NST
14807921,PCT/EP2015/066062,2015-07-14,CON
14807924,14049883,2013-10-09,CON
14807925,14262989,2014-04-28,CON
14807925,PCT/JP2013/066211,2013-06-12,CON
14807927,62031825,2014-07-31,PRO
14807928,13274414,2011-10-17,DIV
14807932,PCT/JP2014/000473,2014-01-30,CON
14807934,61805689,2013-03-27,PRO
14807934,61835178,2013-06-14,PRO
14807934,14227282,2014-03-27,CON
14807936,13123383,2011-06-24,CON
14807936,PCT/US2009/060205,2009-10-09,NST
14807938,14049951,2013-10-09,CON
14807939,61152138,2009-02-12,PRO
14807939,61170471,2009-04-17,PRO
14807939,12704361,2010-02-11,CON
14807940,62033545,2014-08-05,PRO
14807946,PCT/US10/55030,2010-11-02,NST
14807946,13882488,2013-04-29,DIV
14807947,13741851,2013-01-15,DIV
14807948,PCT/JP2014/000475,2014-01-30,CON
14807949,61444966,2011-02-21,PRO
14807949,13401800,2012-02-21,CIP
14807950,62028492,2014-07-24,PRO
14807951,10492668,2004-10-05,CON
14807951,11474521,2006-06-23,CON
14807951,12498835,2009-07-07,CON
14807951,PCT/EP02/07804,2002-07-12,NST
14807952,PCT/JP2014/050332,2014-01-10,CON
14807953,13381526,2011-12-29,CON
14807953,PCT/JP2010/060280,2010-06-17,NST
14807957,14082320,2013-11-18,CON
14807961,62028535,2014-07-24,PRO
14807968,61103219,2008-10-06,PRO
14807968,61117958,2008-11-26,PRO
14807968,61143821,2009-01-12,PRO
14807968,61143826,2009-01-12,PRO
14807968,61156536,2009-03-01,PRO
14807968,61177638,2009-05-12,PRO
14807968,61223073,2009-07-06,PRO
14807968,12574313,2009-10-06,CON
14807968,14042912,2013-10-01,CON
14807971,13379890,2011-12-21,DIV
14807972,PCT/EP2014/051401,2014-01-24,CON
14807973,PCT/AT2014/000007,2014-01-15,CON
14807975,62028446,2014-07-24,PRO
14807976,61754151,2013-01-18,PRO
14807976,14042948,2013-10-01,CON
14807977,12629351,2009-12-02,REI
14807978,13658592,2012-10-23,CON
14807979,13632176,2012-10-01,DIV
14807981,61419277,2010-12-03,PRO
14807981,13303206,2011-11-23,CON
14807981,14172443,2014-02-04,CON
14807982,11173565,2005-07-01,DIV
14807982,12034071,2008-02-20,CON
14807982,12325476,2008-12-01,DIV
14807982,12791080,2010-06-01,CON
14807982,13155097,2011-06-07,CON
14807982,13617344,2012-09-14,CON
14807982,13787894,2013-03-07,CON
14807982,14095648,2013-12-03,CON
14807982,14467633,2014-08-25,CON
14807985,61367074,2010-07-23,PRO
14807985,13189180,2011-07-22,CIP
14807985,13190251,2011-07-25,CON
14807985,14246718,2014-04-07,CIP
14807985,14327862,2014-07-10,CIP
14807991,62028591,2014-07-24,PRO
14807992,13928124,2013-06-26,CON
14807995,61752594,2013-01-15,PRO
14807995,14077951,2013-11-12,CIP
14807999,13437145,2012-04-02,CON
14808003,61419296,2010-12-03,PRO
14808003,13303187,2011-11-23,CON
14808003,14172580,2014-02-04,CON
14808004,61999362,2014-07-24,PRO
14808007,62036901,2014-08-13,PRO
14808008,12957978,2010-12-01,CON
14808011,61807506,2013-04-02,PRO
14808011,14243359,2014-04-02,CON
14808012,62028872,2014-07-25,PRO
14808013,62028421,2014-07-24,PRO
14808015,12156326,2008-05-30,CON
14808017,61419300,2010-12-03,PRO
14808017,13303195,2011-11-23,CON
14808017,14172516,2014-02-04,CON
14808018,13733619,2013-01-03,DIV
14808018,14471232,2014-08-28,CON
14808020,13778874,2013-02-27,CON
14808022,61589981,2012-01-24,PRO
14808022,61677213,2012-07-30,PRO
14808022,13748207,2013-01-23,DIV
14808022,13937761,2013-07-09,CON
14808023,13625340,2012-09-24,CON
14808025,61695575,2012-08-31,PRO
14808025,13958738,2013-08-05,CON
14808033,13371111,2012-02-10,CON
14808034,62144487,2015-04-08,PRO
14808035,62036901,2014-08-13,PRO
14808037,PCT/US2014/013195,2014-01-27,CON
14808040,13344137,2012-01-05,DIV
14808040,14178383,2014-02-12,CON
14808041,61387131,2010-09-28,PRO
14808041,PCT/US11/53523,2011-09-27,NST
14808041,13823333,2013-03-14,CIP
14808046,60583536,2004-06-29,PRO
14808046,60628183,2004-11-15,PRO
14808046,60628291,2004-11-17,PRO
14808046,11081068,2005-03-15,CIP
14808046,11214648,2005-08-30,CIP
14808046,11341028,2006-01-27,CON
14808046,13217635,2011-08-25,CON
14808046,13541338,2012-07-03,CON
14808049,12840994,2010-07-21,CON
14808052,62029768,2014-07-28,PRO
14808054,14557021,2014-12-01,CON
14808054,PCT/JP2013/060345,2013-04-04,CON
14808055,14181355,2014-02-14,CIP
14808057,62155600,2015-05-01,PRO
14808062,62028870,2014-07-25,PRO
14808063,13037288,2011-02-28,CON
14808064,PCT/JP2014/000398,2014-01-27,CON
14808071,62036901,2014-08-13,PRO
14808076,61721304,2012-11-01,PRO
14808076,13740419,2013-01-14,DIV
14808080,61331128,2010-05-04,PRO
14808080,13100515,2011-05-04,DIV
14808080,13957694,2013-08-02,CON
14808081,62028431,2014-07-24,PRO
14808082,62028663,2014-07-24,PRO
14808083,13870669,2013-04-25,CIP
14808084,62028867,2014-07-25,PRO
14808087,62028683,2014-07-24,PRO
14808089,62028489,2014-07-24,PRO
14808090,12888100,2010-09-22,CON
14808090,13770332,2013-02-19,CON
14808092,13828864,2013-03-14,CON
14808094,62028873,2014-07-25,PRO
14808096,PCT/JP2014/051475,2014-01-24,CON
14808097,62034980,2014-08-08,PRO
14808098,13128925,2011-10-10,CON
14808098,PCT/EP2009/065335,2009-11-17,NST
14808099,61049448,2008-05-01,PRO
14808099,PCT/US09/42521,2009-05-01,NST
14808099,12990157,2010-12-15,DIV
14808101,13635262,2012-10-04,CON
14808101,PCT/JP2012/050837,2012-01-17,NST
14808103,62036901,2014-08-13,PRO
14808108,61595887,2012-02-07,PRO
14808108,61656206,2012-06-06,PRO
14808108,61679973,2012-08-06,PRO
14808108,13762160,2013-02-07,CIP
14808108,13762281,2013-02-07,CIP
14808108,61792401,2013-03-15,PRO
14808108,13857685,2013-04-05,CIP
14808108,13910557,2013-06-05,CON
14808108,14055884,2013-10-17,CIP
14808108,PCT/US2013/025135,2013-02-07,CIP
14808108,PCT/US2013/025200,2013-04-05,CIP
14808108,PCT/US2013/035495,2013-04-05,CIP
14808113,61057483,2008-05-30,PRO
14808113,61057492,2008-05-30,PRO
14808113,61057499,2008-05-30,PRO
14808113,61057504,2008-05-30,PRO
14808113,61057513,2008-05-30,PRO
14808113,12476158,2009-06-01,CON
14808116,62031565,2014-07-31,PRO
14808118,62030648,2014-07-30,PRO
14808119,62028376,2014-07-24,PRO
14808122,61579142,2011-12-22,PRO
14808122,13725152,2012-12-21,DIV
14808122,14534595,2014-11-06,CON
14808123,13951725,2013-07-26,CON
14808123,14511556,2014-10-10,CON
14808124,13549324,2012-07-13,CON
14808126,PCT/CN2014/071388,2014-01-24,CON
14808129,13647323,2012-10-08,CON
14808132,62029050,2014-07-25,PRO
14808133,13597614,2012-08-29,CON
14808135,62032829,2014-08-04,PRO
14808140,13191685,2011-07-27,DIV
14808140,14273672,2014-05-09,CON
14808143,14442879,2015-05-14,CON
14808143,PCT/US2013/069861,2013-11-13,NST
14808145,PCT/CN2013/076408,2013-05-29,CON
14808147,60609783,2004-09-14,PRO
14808147,60610035,2004-09-15,PRO
14808147,60666230,2005-03-29,PRO
14808147,11225425,2005-09-13,CON
14808147,13917173,2013-06-13,DIV
14808148,62029361,2014-07-25,PRO
14808149,61702327,2012-09-18,PRO
14808149,13755438,2013-01-31,CON
14808150,62028926,2014-07-25,PRO
14808152,62032688,2014-08-04,PRO
14808156,13696144,2012-11-05,DIV
14808156,PCT/EP11/02086,2011-04-26,NST
14808159,62028791,2014-07-24,PRO
14808160,62028370,2014-07-24,PRO
14808162,62031507,2014-07-31,PRO
14808164,62028830,2014-07-25,PRO
14808165,62028532,2014-07-24,PRO
14808167,13501539,2012-04-12,CON
14808167,PCT/CA2010/001827,2010-11-12,NST
14808171,62029463,2014-07-26,PRO
14808174,61100721,2008-09-27,PRO
14808174,61108743,2008-10-27,PRO
14808174,61121159,2008-12-09,PRO
14808174,61142796,2009-01-06,PRO
14808174,61142818,2009-01-06,PRO
14808174,61142880,2009-01-06,PRO
14808174,61142885,2009-01-06,PRO
14808174,61142887,2009-01-06,PRO
14808174,61142889,2009-01-06,PRO
14808174,61142977,2009-01-07,PRO
14808174,61143058,2009-01-07,PRO
14808174,61147386,2009-01-26,PRO
14808174,61152086,2009-02-12,PRO
14808174,61152390,2009-02-13,PRO
14808174,61156764,2009-03-02,PRO
14808174,61163695,2009-03-26,PRO
14808174,61169240,2009-04-14,PRO
14808174,61172633,2009-04-24,PRO
14808174,61173747,2009-04-29,PRO
14808174,61178508,2009-05-15,PRO
14808174,61182768,2009-06-01,PRO
14808174,12567716,2009-09-25,CIP
14808174,61254559,2009-10-23,PRO
14808174,12698523,2010-02-02,CON
14808174,12722050,2010-03-11,CIP
14808174,13361701,2012-01-30,CON
14808175,62028479,2014-07-24,PRO
14808178,61424111,2010-12-17,PRO
14808178,61451708,2011-03-11,PRO
14808178,61550155,2011-10-21,PRO
14808178,PCT/US11/65315,2011-12-16,NST
14808178,13994837,2013-06-17,DIV
14808179,13375983,2011-12-02,DIV
14808179,PCT/US2010/037557,2010-06-05,NST
14808180,61435193,2011-01-21,PRO
14808180,13354171,2012-01-19,DIV
14808181,62028605,2014-07-24,PRO
14808182,13449714,2012-04-18,CON
14808182,14307443,2014-06-17,CON
14808186,62029340,2014-07-25,PRO
14808187,13325428,2011-12-14,DIV
14808188,14017455,2013-09-04,CON
14808189,61522572,2011-08-11,PRO
14808189,13569303,2012-08-08,CON
14808190,62029737,2014-07-28,PRO
14808193,62028317,2014-07-24,PRO
14808194,14274816,2014-05-12,CON
14808194,PCT/US2012/065007,2012-11-14,CIP
14808195,61967681,2014-03-24,PRO
14808195,14531884,2014-11-03,CIP
14808197,62029113,2014-07-25,PRO
14808198,61416239,2010-11-22,PRO
14808198,13297091,2011-11-15,CON
14808198,14248855,2014-04-09,CON
14808200,14451619,2014-08-05,DIV
14808201,62029349,2014-07-25,PRO
14808202,60478436,2003-06-12,PRO
14808202,10861626,2004-06-04,CON
14808202,12859081,2010-08-18,CON
14808202,14563616,2014-12-08,CON
14808203,61745557,2012-12-22,PRO
14808203,61800582,2013-03-15,PRO
14808203,14139489,2013-12-23,CIP
14808205,61482541,2011-05-04,PRO
14808205,13456729,2012-04-26,CON
14808206,61169135,2009-04-14,PRO
14808206,12754892,2010-04-06,CON
14808206,13682573,2012-11-20,CON
14808207,62029224,2014-07-25,PRO
14808207,62047407,2014-09-08,PRO
14808209,PCT/JP2014/051241,2014-01-22,CON
14808211,61482549,2011-05-04,PRO
14808211,13456744,2012-04-26,CON
14808215,PCT/CN2013/091105,2013-12-31,CON
14808217,62029331,2014-07-25,PRO
14808220,14118981,2013-11-20,CON
14808220,PCT/US2012/039050,2012-05-23,NST
14808223,12340956,2008-12-22,CON
14808223,13396162,2012-02-14,CON
14808223,13603570,2012-09-05,CON
14808223,13906679,2013-05-31,CON
14808223,14512551,2014-10-13,CON
14808225,62028435,2014-07-24,PRO
14808232,PCT/JP2013/074536,2013-09-11,CON
14808235,61858590,2013-07-25,PRO
14808235,14340896,2014-07-25,CIP
14808237,PCT/JP2014/054489,2014-02-25,CON
14808239,61583940,2012-01-06,PRO
14808239,61622092,2012-04-10,PRO
14808239,61638150,2012-04-25,PRO
14808239,61640425,2012-04-30,PRO
14808239,13735887,2013-01-07,CON
14808241,13582625,2012-09-04,CIP
14808242,14366151,2014-06-17,CON
14808242,PCT/JP2012/082439,2012-12-14,NST
14808243,62028999,2014-07-25,PRO
14808245,11558046,2006-11-09,CON
14808245,13471826,2012-05-15,CON
14808248,60984028,2007-10-31,PRO
14808248,12261411,2008-10-30,CON
14808248,12908397,2010-10-20,CON
14808249,13930175,2013-06-28,DIV
14808250,13466792,2012-05-08,DIV
14808252,13330881,2011-12-20,DIV
14808255,13169455,2011-06-27,CIP
14808255,13960783,2013-08-06,CIP
14808255,14229768,2014-03-28,CIP
14808268,13480166,2012-05-24,DIV
14808269,62029087,2014-07-25,PRO
14808274,62028589,2014-07-24,PRO
14808275,PCT/JP2014/051581,2014-01-24,CON
14808278,61673984,2012-07-20,PRO
14808278,13947395,2013-07-22,CON
14808281,62028721,2014-07-24,PRO
14808281,62028726,2014-07-24,PRO
14808284,62029088,2014-07-25,PRO
14808287,62028610,2014-07-24,PRO
14808296,61484500,2011-05-10,PRO
14808296,61503543,2011-06-30,PRO
14808296,13466995,2012-05-08,DIV
14808299,13631257,2012-09-28,CON
14808301,12279629,2008-08-15,CON
14808301,PCT/JP2007/051453,2007-01-30,NST
14808304,62028734,2014-07-24,PRO
14808308,13233740,2011-09-15,DIV
14808313,62028841,2014-07-25,PRO
14808315,62029785,2014-07-28,PRO
14808318,62033911,2014-08-06,PRO
14808322,62028920,2014-07-25,PRO
14808323,60486683,2003-07-11,PRO
14808323,60488566,2003-07-18,PRO
14808323,60565464,2004-04-26,PRO
14808323,10887718,2004-07-09,CON
14808323,11468848,2006-08-31,CON
14808323,12788891,2010-05-27,CON
14808323,13539947,2012-07-02,CON
14808324,62028319,2014-07-24,PRO
14808327,14076016,2013-11-08,CON
14808328,62029881,2014-07-28,PRO
14808330,62028842,2014-07-25,PRO
14808331,62028463,2014-07-24,PRO
14808332,PCT/CN2014/095294,2014-12-29,CON
14808335,13858000,2013-04-06,CIP
14808336,PCT/JP2014/052176,2014-01-24,CON
14808337,60569273,2004-05-07,PRO
14808337,60602051,2004-08-17,PRO
14808337,60602791,2004-08-19,PRO
14808337,60638803,2004-12-22,PRO
14808337,11122309,2005-05-04,DIV
14808337,11784450,2007-04-06,CON
14808337,12136529,2008-06-10,CON
14808337,12817887,2010-06-17,CON
14808337,13243565,2011-09-23,CON
14808338,13944919,2013-07-18,DIV
14808340,13994349,2013-06-14,DIV
14808340,PCT/IB2011/055595,2011-12-09,NST
14808343,61543785,2011-10-05,PRO
14808343,13646602,2012-10-05,DIV
14808344,13779319,2013-02-27,DIV
14808345,62028844,2014-07-25,PRO
14808346,13937710,2013-07-09,CON
14808348,62028669,2014-07-24,PRO
14808350,61446996,2011-02-25,PRO
14808350,61603140,2012-02-24,PRO
14808350,13406511,2012-02-27,DIV
14808353,62028787,2014-07-24,PRO
14808358,61740339,2012-12-20,PRO
14808358,14136258,2013-12-20,CON
14808359,62029812,2014-07-28,PRO
14808361,62028641,2014-07-24,PRO
14808368,62029014,2014-07-25,PRO
14808370,13545454,2012-07-10,CON
14808371,12915881,2010-10-29,CON
14808373,62029094,2014-07-25,PRO
14808376,14281083,2014-05-19,DIV
14808376,PCT/US2013/032183,2013-03-15,CON
14808378,62033871,2014-08-06,PRO
14808380,13843714,2013-03-15,CON
14808383,62028763,2014-07-24,PRO
14808383,62028933,2014-07-25,PRO
14808383,62030335,2014-07-29,PRO
14808383,62081329,2014-11-18,PRO
14808384,13472998,2012-05-16,DIV
14808385,13597520,2012-08-29,DIV
14808387,13935779,2013-07-05,DIV
14808388,61378743,2010-08-31,PRO
14808388,13223249,2011-08-31,CON
14808388,14057391,2013-10-18,CON
14808389,61946697,2014-02-28,PRO
14808389,14447121,2014-07-30,CIP
14808389,62036760,2014-08-13,PRO
14808389,62050806,2014-09-16,PRO
14808389,62096784,2014-12-24,PRO
14808389,62108565,2015-01-28,PRO
14808389,62115085,2015-02-11,PRO
14808390,13752334,2013-01-28,DIV
14808391,61999344,2014-07-24,PRO
14808391,62179993,2015-05-26,PRO
14808395,13694629,2012-12-19,DIV
14808397,60825407,2006-09-12,PRO
14808397,11853790,2007-09-11,CON
14808397,13896829,2013-05-17,CON
14808397,14465457,2014-08-21,CON
14808398,62029333,2014-07-25,PRO
14808398,62147402,2015-04-14,PRO
14808404,13080364,2011-04-05,DIV
14808405,13820639,2013-03-04,DIV
14808405,PCT/US2011/051559,2011-09-14,NST
14808407,13821967,2013-03-08,CON
14808407,PCT/KR2011/006771,2011-09-14,NST
14808411,62028640,2014-07-24,PRO
14808412,61118085,2008-11-26,PRO
14808412,61157781,2009-03-05,PRO
14808412,61184655,2009-06-05,PRO
14808412,12626473,2009-11-25,CIP
14808412,62028375,2014-07-24,PRO
14808413,61586450,2012-01-13,PRO
14808413,61622627,2012-04-11,PRO
14808413,PCT/US13/21245,2013-01-11,NST
14808413,14371651,2014-07-10,CON
14808414,62028852,2014-07-25,PRO
14808418,62029606,2014-07-28,PRO
14808420,13129664,2011-08-01,CON
14808420,PCT/EP2009/008157,2009-11-17,NST
14808421,13423719,2012-03-19,CON
14808425,12045831,2008-03-11,DIV
14808425,12951581,2010-11-22,DIV
14808430,14036995,2013-09-25,DIV
14808432,61606822,2012-03-05,PRO
14808432,13785083,2013-03-05,CON
14808436,62028582,2014-07-24,PRO
14808437,12301430,2009-06-20,CON
14808437,PCT/CA2007/000881,2007-05-17,NST
14808442,62031076,2014-07-30,PRO
14808442,62076188,2014-11-06,PRO
14808442,62133674,2015-03-16,PRO
14808442,62154466,2015-04-29,PRO
14808448,14533218,2014-11-05,CIP
14808452,62028452,2014-07-24,PRO
14808454,61085470,2008-08-01,PRO
14808454,12476976,2009-06-02,CON
14808454,13897983,2013-05-20,CON
14808455,PCT/US2013/031123,2013-03-14,CON
14808460,13191297,2011-07-26,DIV
14808460,14049829,2013-10-09,CON
14808464,12571911,2009-10-01,CON
14808464,13932634,2013-07-01,CON
14808465,13776212,2013-02-25,DIV
14808469,13349302,2012-01-12,CON
14808473,61933954,2014-01-31,PRO
14808473,62104122,2015-01-16,PRO
14808473,14608940,2015-01-29,CIP
14808476,13068384,2011-05-10,DIV
14808480,13640533,2013-01-16,CON
14808480,PCT/EP2011/056542,2011-04-26,NST
14808483,62029818,2014-07-28,PRO
14808485,13124117,2011-04-13,CON
14808485,14021912,2013-09-09,CON
14808485,PCT/KR2010/001576,2010-03-12,NST
14808486,62031497,2014-07-31,PRO
14808488,PCT/IB2014/058428,2014-01-21,CON
14808492,13326265,2011-12-14,CON
14808494,PCT/JP2014/067583,2014-07-01,CON
14808500,62029250,2014-07-25,PRO
14808503,14307674,2014-06-18,CON
14808509,61077648,2008-07-02,PRO
14808509,61078954,2008-07-08,PRO
14808509,61086116,2008-08-04,PRO
14808509,61149387,2009-02-03,PRO
14808509,12485040,2009-06-15,CIP
14808509,13095570,2011-04-27,DIV
14808513,62029271,2014-07-25,PRO
14808513,62095689,2014-12-22,PRO
14808513,62155793,2015-05-01,PRO
14808517,PCT/GB2015/050255,2015-01-30,CON
14808519,13141281,2011-10-07,CIP
14808519,PCT/FR2009/052668,2009-12-22,NST
14808521,PCT/EP2014/050560,2014-01-14,CON
14808522,11500219,2006-08-08,CIP
14808522,11699172,2007-01-29,CON
14808524,61748382,2013-01-02,PRO
14808524,14146324,2014-01-02,DIV
14808533,61748382,2013-01-02,PRO
14808533,14146324,2014-01-02,DIV
14808534,11766224,2007-06-21,CON
14808535,12688256,2010-01-15,CIP
14808535,61443085,2011-02-15,PRO
14808535,61528728,2011-08-29,PRO
14808535,13372825,2012-02-14,CIP
14808535,61684062,2012-08-16,PRO
14808535,13956582,2013-08-01,CIP
14808535,13968882,2013-08-16,CIP
14808535,61875468,2013-09-09,PRO
14808535,61976157,2014-04-07,PRO
14808535,62003006,2014-05-26,PRO
14808535,14517334,2014-10-17,CIP
14808535,62106394,2015-01-22,PRO
14808535,62166427,2015-05-26,PRO
14808535,14762210,2015-07-21,CIP
14808536,61748382,2013-01-02,PRO
14808536,14146324,2014-01-02,DIV
14808539,62028632,2014-07-24,PRO
14808540,62029333,2014-07-25,PRO
14808540,62104430,2015-01-16,PRO
14808540,62104444,2015-01-16,PRO
14808540,62147416,2015-04-14,PRO
14808541,62028980,2014-07-25,PRO
14808544,61710918,2012-10-08,PRO
14808544,13910721,2013-06-05,CIP
14808547,61748382,2013-01-02,PRO
14808547,14146324,2014-01-02,DIV
14808549,10497146,2004-05-28,CON
14808549,12149231,2008-04-29,CON
14808549,12926564,2010-11-24,CON
14808549,13909283,2013-06-04,CON
14808549,14327903,2014-07-10,DIV
14808549,PCT/JP02/12625,2002-12-03,NST
14808550,62029413,2014-07-25,PRO
14808551,60197676,2000-04-17,PRO
14808551,09835559,2001-04-17,CON
14808551,11211541,2005-08-26,CON
14808551,11980820,2007-10-31,CON
14808551,13032265,2011-02-22,CON
14808551,13610346,2012-09-11,CON
14808551,14242606,2014-04-01,CON
14808551,14481405,2014-09-09,CON
14808551,14601826,2015-01-21,CON
14808552,62029341,2014-07-25,PRO
14808553,12935600,2010-09-30,DIV
14808553,PCT/GB2009/001096,2009-05-01,NST
14808554,13347982,2012-01-11,CON
14808554,13968088,2013-08-15,CON
14808557,13387149,2012-01-26,DIV
14808557,PCT/US2010/043818,2010-07-30,NST
14808560,13430985,2012-03-27,DIV
14808561,13838110,2013-03-15,DIV
14808563,62029041,2014-07-25,PRO
14808563,62133791,2015-03-16,PRO
14808564,62028827,2014-07-25,PRO
14808565,60133524,1999-05-10,PRO
14808565,09567897,2000-05-10,DIV
14808565,14052092,2013-10-11,CON
14808567,62029021,2014-07-25,PRO
14808571,62028464,2014-07-24,PRO
14808573,13301737,2011-11-21,CON
14808575,61082030,2008-07-18,PRO
14808575,12505648,2009-07-20,DIV
14808581,62029271,2014-07-25,PRO
14808581,62095689,2014-12-22,PRO
14808581,62155793,2015-05-01,PRO
14808585,62030710,2014-07-30,PRO
14808588,62028581,2014-07-24,PRO
14808598,62028796,2014-07-24,PRO
14808600,13736750,2013-01-08,DIV
14808606,62029778,2014-07-28,PRO
14808607,61636403,2012-04-20,PRO
14808607,13867717,2013-04-22,DIV
14808608,14369901,2014-06-30,CON
14808608,PCT/US2014/012928,2014-01-24,NST
14808609,13882205,2013-08-09,CON
14808609,PCT/JP2011/075244,2011-11-02,NST
14808611,62029198,2014-07-25,PRO
14808614,10390503,2003-03-13,DIV
14808614,12710269,2010-02-22,DIV
14808614,13919822,2013-06-17,CON
14808614,14163758,2014-01-24,CON
14808616,60195946,2000-04-10,PRO
14808616,60202306,2000-05-05,PRO
14808616,09829806,2001-04-10,CON
14808616,13005975,2011-01-13,CON
14808616,13845809,2013-03-18,CON
14808616,14223706,2014-03-24,CON
14808617,13521984,2012-10-25,CIP
14808617,PCT/IB2011/050079,2011-01-10,NST
14808618,62029271,2014-07-25,PRO
14808618,62095689,2014-12-22,PRO
14808618,62155793,2015-05-01,PRO
14808620,61837162,2013-06-19,PRO
14808620,PCT/US14/43183,2014-06-19,NST
14808620,14763290,2015-07-24,CON
14808621,13657988,2012-10-23,DIV
14808622,13790262,2013-03-08,CON
14808623,62037810,2014-08-15,PRO
14808624,62029252,2014-07-25,PRO
14808625,62028656,2014-07-24,PRO
14808626,13838666,2013-03-15,CON
14808637,PCT/EP2013/074170,2013-11-19,CON
14808638,10390503,2003-03-13,DIV
14808638,12710269,2010-02-22,DIV
14808638,13919822,2013-06-17,CON
14808638,14163758,2014-01-24,CON
14808639,61791889,2013-03-15,PRO
14808639,61895249,2013-10-24,PRO
14808639,14209239,2014-03-13,CON
14808640,62028450,2014-07-24,PRO
14808641,13513438,2012-06-01,CON
14808641,PCT/US2010/053943,2010-10-25,NST
14808647,10390503,2003-03-13,DIV
14808647,12710269,2010-02-22,DIV
14808647,13919822,2013-06-17,CON
14808647,14163758,2014-01-24,CON
14808649,PCT/CN2015/074586,2015-03-19,CIP
14808650,62029149,2014-07-25,PRO
14808651,11717642,2007-03-14,DIV
14808651,13768733,2013-02-15,CON
14808653,62029048,2014-07-25,PRO
14808654,62029271,2014-07-25,PRO
14808654,62095689,2014-12-22,PRO
14808654,62155793,2015-05-01,PRO
14808658,PCT/JP2014/004802,2014-09-18,CON
14808659,62040305,2014-08-21,PRO
14808659,14512939,2014-10-13,CIP
14808660,10390503,2003-03-13,DIV
14808660,12710269,2010-02-22,DIV
14808660,13919822,2013-06-17,CON
14808660,14163758,2014-01-24,CON
14808661,62029126,2014-07-25,PRO
14808666,61493230,2011-06-03,PRO
14808666,13486983,2012-06-01,CON
14808666,14038436,2013-09-26,CON
14808668,13697018,2012-11-09,CON
14808668,PCT/US2011/035913,2011-05-10,NST
14808669,12182771,2008-07-30,REI
14808669,13938755,2013-07-10,CON
14808670,14226454,2014-03-26,CON
14808671,62028864,2014-07-25,PRO
14808672,12430780,2009-04-27,DIV
14808672,13197097,2011-08-03,CON
14808672,13486370,2012-06-01,CON
14808672,13933299,2013-07-02,CON
14808672,14694354,2015-04-23,CON
14808673,12895547,2010-09-30,CIP
14808673,61551045,2011-10-25,PRO
14808673,13336583,2011-12-23,DIV
14808676,12579554,2009-10-15,CON
14808676,13588107,2012-08-17,CON
14808676,14157908,2014-01-17,CON
14808676,14567138,2014-12-11,CON
14808677,61263211,2009-11-20,PRO
14808677,61264549,2009-11-25,PRO
14808677,61292940,2010-01-07,PRO
14808677,61380453,2010-09-07,PRO
14808677,12950103,2010-11-19,CON
14808678,13973439,2013-08-22,CON
14808679,61125840,2008-04-29,PRO
14808679,61075216,2008-06-24,PRO
14808679,61157670,2009-03-05,PRO
14808679,61167997,2009-04-09,PRO
14808679,61171564,2009-04-22,PRO
14808679,12432295,2009-04-29,CIP
14808679,12491151,2009-06-24,CIP
14808679,61252445,2009-10-16,PRO
14808679,12609779,2009-10-30,CIP
14808679,61285618,2009-12-11,PRO
14808679,12757901,2010-04-09,CIP
14808679,12906923,2010-10-18,DIV
14808680,PCT/CA2013/050731,2013-09-25,CIP
14808682,PCT/EP2013/076312,2013-12-12,CON
14808682,PCT/EP2014/051372,2014-01-24,CON
14808685,13792396,2013-03-11,CIP
14808688,13006167,2011-01-13,DIV
14808688,13737544,2013-01-09,DIV
14808690,62028995,2014-07-25,PRO
14808692,13307897,2011-11-30,CON
14808694,13328278,2011-12-16,CON
14808694,14082444,2013-11-18,CON
14808696,10887320,2004-07-09,DIV
14808696,11764005,2007-06-15,CON
14808696,14623278,2015-02-16,CON
14808697,10390503,2003-03-13,DIV
14808697,12710269,2010-02-22,DIV
14808697,13919822,2013-06-17,CON
14808697,14163758,2014-01-24,CON
14808698,62029160,2014-07-25,PRO
14808700,13208952,2011-08-12,CON
14808702,62034823,2014-08-08,PRO
14808705,61644457,2012-05-09,PRO
14808705,13890001,2013-05-08,CON
14808706,13953288,2013-07-29,DIV
14808707,12739258,2010-09-08,CON
14808707,PCT/GB08/50999,2008-10-27,NST
14808710,62035798,2014-08-11,PRO
14808713,14211894,2014-03-14,CIP
14808715,61430319,2011-01-06,PRO
14808715,13345069,2012-01-06,CIP
14808719,11804940,2007-05-21,DIV
14808719,13313614,2011-12-07,CON
14808719,14139199,2013-12-23,DIV
14808720,61482545,2011-05-04,PRO
14808720,13456738,2012-04-26,CON
14808722,62029433,2014-07-26,PRO
14808725,61331516,2010-05-05,PRO
14808725,61331867,2010-05-06,PRO
14808725,13093502,2011-04-25,CON
14808727,62028357,2014-07-24,PRO
14808727,62028363,2014-07-24,PRO
14808727,62028392,2014-07-24,PRO
14808727,62028410,2014-07-24,PRO
14808727,62028514,2014-07-24,PRO
14808727,62029489,2014-07-27,PRO
14808727,62029529,2014-07-27,PRO
14808729,61723548,2012-11-07,PRO
14808729,61750520,2013-01-09,PRO
14808729,61774081,2013-03-07,PRO
14808729,14057756,2013-10-18,DIV
14808732,62029248,2014-07-25,PRO
14808733,10148827,2002-09-26,CON
14808733,12871579,2010-08-30,CON
14808733,PCT/JP01/08820,2001-10-05,NST
14808738,13204082,2011-08-05,DIV
14808740,13841551,2013-03-15,CON
14808741,62028705,2014-07-24,PRO
14808744,62028599,2014-07-24,PRO
14808747,62028642,2014-07-24,PRO
14808747,62116731,2015-02-16,PRO
14808750,61093916,2008-09-03,PRO
14808750,13038862,2011-03-02,CON
14808750,PCT/US2009/062928,2009-11-02,CIP
14808751,61408543,2010-10-29,PRO
14808751,61538373,2011-09-23,PRO
14808751,13284528,2011-10-28,CIP
14808751,13623500,2012-09-20,CON
14808753,14356842,2014-05-07,CON
14808753,PCT/EP2012/072071,2012-11-07,NST
14808755,PCT/CN2014/070717,2014-01-16,CON
14808756,13011772,2011-01-21,CON
14808756,13968316,2013-08-15,CON
14808757,61488454,2011-05-20,PRO
14808757,13476531,2012-05-21,CON
14808759,13951994,2013-07-26,DIV
14808761,13144173,2011-07-26,CIP
14808761,PCT/NL2010/000003,2010-01-13,NST
14808765,61513392,2011-07-29,PRO
14808765,13562230,2012-07-30,CON
14808767,PCT/CN2014/070792,2014-01-17,CON
14808768,61024829,2008-01-30,PRO
14808768,12363713,2009-01-30,CON
14808768,13605892,2012-09-06,CON
14808768,13762184,2013-02-07,CON
14808768,14042477,2013-09-30,CON
14808768,14292423,2014-05-30,CON
14808769,13683468,2012-11-21,DIV
14808770,61277214,2009-09-22,PRO
14808770,61277900,2009-09-30,PRO
14808770,61278767,2009-10-09,PRO
14808770,61279094,2009-10-16,PRO
14808770,61281160,2009-11-13,PRO
14808770,61283780,2009-12-09,PRO
14808770,61284385,2009-12-17,PRO
14808770,61342988,2010-04-22,PRO
14808770,61399448,2010-07-12,PRO
14808770,12885450,2010-09-18,CIP
14808770,13179759,2011-07-11,CON
14808770,13465001,2012-05-06,CON
14808770,13892246,2013-05-11,CON
14808770,14061956,2013-10-24,CON
14808770,14578349,2014-12-20,CIP
14808770,62175865,2015-06-15,PRO
14808771,13306804,2011-11-29,CON
14808771,14190985,2014-02-26,CON
14808772,62029004,2014-07-25,PRO
14808773,61594560,2012-02-03,PRO
14808773,13755493,2013-01-31,CIP
14808773,62029168,2014-07-25,PRO
14808775,62033501,2014-08-05,PRO
14808777,61618161,2012-03-30,PRO
14808777,PCT/US13/30211,2013-03-11,CON
14808777,14456750,2014-08-11,CON
14808779,14089744,2013-11-25,DIV
14808782,13827600,2013-03-14,CON
14808785,62028654,2014-07-24,PRO
14808789,61024829,2008-01-30,PRO
14808789,12363713,2009-01-30,CON
14808789,13605892,2012-09-06,CON
14808789,13762184,2013-02-07,CON
14808789,14042477,2013-09-30,CON
14808789,14292423,2014-05-30,CON
14808794,61024829,2008-01-30,PRO
14808794,12363713,2009-01-30,CON
14808794,13605892,2012-09-06,CON
14808794,13762184,2013-02-07,CON
14808794,14042477,2013-09-30,CON
14808794,14292423,2014-05-30,CON
14808795,61999363,2014-07-24,PRO
14808801,62029252,2014-07-25,PRO
14808803,13737795,2013-01-09,DIV
14808804,14113980,2013-11-30,CON
14808804,14298182,2014-06-06,CON
14808804,PCT/IB2012/054296,2012-08-24,NST
14808805,09453239,1999-12-02,CIP
14808805,60285200,2001-04-20,PRO
14808805,PCT/US00/30168,2000-11-30,CON
14808805,PCT/US02/08275,2002-04-19,CON
14808805,10695507,2003-10-28,DIV
14808805,12206079,2008-09-08,DIV
14808805,14038513,2013-09-26,CON
14808805,14341099,2014-07-25,CON
14808806,62028907,2014-07-25,PRO
14808806,62080584,2014-11-17,PRO
14808806,14585531,2014-12-30,CIP
14808807,61841682,2013-07-01,PRO
14808807,61901696,2013-11-08,PRO
14808807,14321648,2014-07-01,CIP
14808807,62028860,2014-07-25,PRO
14808809,61618161,2012-03-30,PRO
14808809,PCT/US13/30211,2013-03-11,CON
14808809,14456750,2014-08-11,CON
14808810,14197083,2014-03-04,DIV
14808815,62030461,2014-07-29,PRO
14808816,62037018,2014-08-13,PRO
14808816,62112351,2015-02-05,PRO
14808817,13763405,2013-02-08,CON
14808818,62028561,2014-07-24,PRO
14808818,62101607,2015-01-09,PRO
14808820,62028778,2014-07-24,PRO
14808820,62067599,2014-10-23,PRO
14808822,13487476,2012-06-04,CON
14808827,12795382,2010-06-07,CON
14808827,13068038,2011-04-29,CON
14808827,13965720,2013-08-13,CON
14808828,61031803,2008-02-27,PRO
14808828,61116940,2008-11-21,PRO
14808828,61155048,2009-02-24,PRO
14808828,12394723,2009-02-27,DIV
14808831,61024829,2008-01-30,PRO
14808831,12363713,2009-01-30,CON
14808831,13605892,2012-09-06,CON
14808831,13762184,2013-02-07,CON
14808831,14042477,2013-09-30,CON
14808831,14292423,2014-05-30,CON
14808833,62029219,2014-07-25,PRO
14808833,62148911,2015-04-17,PRO
14808834,61924390,2014-01-07,PRO
14808834,14491634,2014-09-19,CON
14808835,61618161,2012-03-30,PRO
14808835,PCT/US13/30211,2013-03-11,CON
14808835,14456750,2014-08-11,CON
14808841,13541219,2012-07-03,DIV
14808842,62034642,2014-08-07,PRO
14808844,62031656,2014-07-31,PRO
14808845,61024829,2008-01-30,PRO
14808845,12363713,2009-01-30,CON
14808845,13605892,2012-09-06,CON
14808845,13762184,2013-02-07,CON
14808845,14042477,2013-09-30,CON
14808845,14292423,2014-05-30,CON
14808846,61262886,2009-11-19,PRO
14808846,61303628,2010-02-11,PRO
14808846,12950710,2010-11-19,CIP
14808846,12962524,2010-12-07,CON
14808846,13959584,2013-08-05,CON
14808847,61618161,2012-03-30,PRO
14808847,PCT/US13/30211,2013-03-11,CON
14808847,14456750,2014-08-11,CON
14808848,62028747,2014-07-24,PRO
14808849,61722035,2012-11-02,PRO
14808849,13827581,2013-03-14,DIV
14808851,62029172,2014-07-25,PRO
14808852,62029358,2014-07-25,PRO
14808853,12993737,2010-11-19,DIV
14808853,PCT/JP2009/059481,2009-05-19,NST
14808854,09607502,2000-06-28,CON
14808854,11394540,2006-03-31,CON
14808854,12952083,2010-11-22,CON
14808854,13118351,2011-05-27,CON
14808854,13475900,2012-05-18,CON
14808854,13597200,2012-08-28,CON
14808854,13869942,2013-04-24,CON
14808854,14262682,2014-04-25,CON
14808854,14740630,2015-06-16,CON
14808856,13443330,2012-04-10,DIV
14808858,62034648,2014-08-07,PRO
14808859,13939320,2013-07-11,CON
14808860,61564994,2011-11-30,PRO
14808860,61570813,2011-12-14,PRO
14808860,PCT/US12/67369,2012-11-30,NST
14808860,14360905,2014-05-27,CON
14808861,PCT/JP2014/051502,2014-01-24,CON
14808866,61618161,2012-03-30,PRO
14808866,PCT/US13/30211,2013-03-11,CON
14808866,14456750,2014-08-11,CON
14808867,14041931,2013-09-30,CON
14808869,62029164,2014-07-25,PRO
14808871,61618161,2012-03-30,PRO
14808871,PCT/US13/30211,2013-03-11,CON
14808871,14456750,2014-08-11,CON
14808872,13489674,2012-06-06,CON
14808872,14521682,2014-10-23,CON
14808872,14630969,2015-02-25,CON
14808873,12674661,2011-06-23,DIV
14808873,PCT/AU08/01236,2008-08-22,NST
14808874,62029015,2014-07-25,PRO
14808875,60490768,2003-07-28,PRO
14808875,10816217,2004-04-01,CIP
14808875,10861653,2004-06-05,CIP
14808875,12035112,2008-02-21,CON
14808875,13619237,2012-09-14,CON
14808875,13907666,2013-05-31,CON
14808876,61618161,2012-03-30,PRO
14808876,PCT/US13/30211,2013-03-11,CON
14808876,14456750,2014-08-11,CON
14808878,61351696,2010-06-04,PRO
14808878,12982305,2010-12-30,CON
14808884,14130310,2013-12-30,CON
14808884,PCT/US2012/044273,2012-06-26,NST
14808885,62028676,2014-07-24,PRO
14808888,12945240,2010-11-12,CON
14808888,14046576,2013-10-04,CON
14808889,13180018,2011-07-11,CON
14808889,14153346,2014-01-13,CON
14808890,62029153,2014-07-25,PRO
14808892,10298358,2002-11-18,CON
14808892,10408156,2003-04-07,CIP
14808892,12982592,2010-12-30,CON
14808892,14485318,2014-09-12,DIV
14808893,62030244,2014-07-29,PRO
14808894,09848178,2001-05-03,CIP
14808894,10293997,2002-11-13,CON
14808894,11301759,2005-12-12,CON
14808894,11745293,2007-05-07,CON
14808894,13042097,2011-03-07,CON
14808894,13861842,2013-04-12,REI
14808896,62028725,2014-07-24,PRO
14808898,62029344,2014-07-25,PRO
14808901,62028711,2014-07-24,PRO
14808902,61722035,2012-11-02,PRO
14808902,13827581,2013-03-14,DIV
14808904,61789259,2013-03-15,PRO
14808904,14188344,2014-02-24,CON
14808904,14246978,2014-04-07,CON
14808905,10356364,2003-01-31,CIP
14808905,10356338,2003-01-31,CIP
14808905,10356688,2003-01-31,CIP
14808905,10367596,2003-02-14,CIP
14808905,10367597,2003-02-14,CIP
14808905,10377280,2003-02-27,CON
14808905,12409975,2009-03-24,CON
14808906,61624167,2012-04-13,PRO
14808906,61720295,2012-10-30,PRO
14808906,61780958,2013-03-13,PRO
14808906,61809268,2013-04-05,PRO
14808906,13861311,2013-04-11,CON
14808906,14526163,2014-10-28,CON
14808907,PCT/JP2014/051726,2014-01-27,CON
14808908,12229706,2008-08-26,CIP
14808908,12679060,2010-03-19,CON
14808908,14217252,2014-03-17,CON
14808909,62029177,2014-07-25,PRO
14808914,13953024,2013-07-29,DIV
14808916,13503169,2012-04-20,CON
14808916,PCT/KR2010/007252,2010-10-21,NST
14808920,62031034,2014-07-30,PRO
14808921,14058341,2013-10-21,DIV
14808922,61673654,2012-07-19,PRO
14808922,13803884,2013-03-14,CON
14808923,13564541,2012-08-01,CON
14808923,14634365,2015-02-27,CON
14808928,61499091,2011-06-20,PRO
14808928,13528758,2012-06-20,DIV
14808930,61722035,2012-11-02,PRO
14808930,13827581,2013-03-14,DIV
14808931,62028626,2014-07-24,PRO
14808931,62065549,2014-10-17,PRO
14808932,62028559,2014-07-24,PRO
14808932,62115371,2015-02-12,PRO
14808932,62165789,2015-05-22,PRO
14808935,11766617,2007-06-21,DIV
14808935,13725383,2012-12-21,CIP
14808935,13802040,2013-03-13,CON
14808936,61697924,2012-09-07,PRO
14808936,13839059,2013-03-15,CON
14808937,12281824,2008-09-05,CIP
14808937,13331268,2011-12-20,CIP
14808937,13404833,2012-02-24,CIP
14808937,PCT/CN2007/000736,2007-03-07,NST
14808938,61528832,2011-08-30,PRO
14808938,13595741,2012-08-27,CON
14808938,13846529,2013-03-18,DIV
14808940,61812348,2013-04-16,PRO
14808940,14253977,2014-04-16,CON
14808941,12392053,2009-02-24,CON
14808941,12392055,2009-02-24,CON
14808941,13847379,2013-03-19,CON
14808941,14299084,2014-06-09,CON
14808943,PCT/US2014/017793,2014-02-21,CON
14808944,14188246,2014-02-24,CON
14808944,PCT/CN2011/081973,2011-11-09,CON
14808945,13011891,2011-01-22,CON
14808946,61804518,2013-03-22,PRO
14808946,14220929,2014-03-20,CON
14808948,62028418,2014-07-24,PRO
14808952,61167839,2009-04-08,PRO
14808952,12755332,2010-04-06,CON
14808952,14109244,2013-12-17,CON
14808953,13396522,2012-02-14,CON
14808953,13972616,2013-08-21,CON
14808953,14558222,2014-12-02,CON
14808958,PCT/JP2013/082836,2013-12-06,CON
14808958,PCT/JP2013/082943,2013-12-09,CON
14808960,62028763,2014-07-24,PRO
14808960,62028933,2014-07-25,PRO
14808960,62030335,2014-07-29,PRO
14808960,62081329,2014-11-18,PRO
14808961,61722035,2012-11-02,PRO
14808961,13827581,2013-03-14,DIV
14808962,62028763,2014-07-24,PRO
14808962,62028933,2014-07-25,PRO
14808962,62030335,2014-07-29,PRO
14808962,62081329,2014-11-18,PRO
14808963,14094946,2013-12-03,DIV
14808964,62028747,2014-07-24,PRO
14808969,13755609,2013-01-31,CON
14808970,61710139,2012-10-05,PRO
14808970,14046936,2013-10-05,DIV
14808971,62029347,2014-07-25,PRO
14808972,61768643,2013-02-25,PRO
14808972,61768655,2013-02-25,PRO
14808972,61768666,2013-02-25,PRO
14808972,61768681,2013-02-25,PRO
14808972,14187192,2014-02-21,CON
14808973,13541839,2012-07-05,CIP
14808973,13827163,2013-03-14,CON
14808974,13767724,2013-02-14,CON
14808975,PCT/EP2014/051025,2014-01-20,NST
14808977,62028325,2014-07-24,PRO
14808978,62030405,2014-07-29,PRO
14808980,09442443,1999-11-17,REI
14808981,61738045,2012-12-17,PRO
14808981,14069610,2013-11-01,CON
14808983,62041549,2014-08-25,PRO
14808984,62029948,2014-07-28,PRO
14808985,14107842,2013-12-16,CIP
14808986,61722035,2012-11-02,PRO
14808986,13827581,2013-03-14,DIV
14808987,62028754,2014-07-24,PRO
14808990,61782268,2013-03-14,PRO
14808990,14210519,2014-03-14,CON
14808991,62034378,2014-08-07,PRO
14808993,13503169,2012-04-20,CON
14808993,14808916,2015-07-24,CON
14808993,PCT/KR2010/007252,2010-10-21,NST
14808995,62030495,2014-07-29,PRO
14808997,PCT/CN2013/070996,2013-01-25,CON
14808999,13370710,2012-02-10,REI
14809009,13311231,2011-12-05,CON
14809012,60577833,2004-06-07,PRO
14809012,11147664,2005-06-07,CIP
14809012,60780709,2006-03-08,PRO
14809012,11683862,2007-03-08,CON
14809012,12827964,2010-06-30,CON
14809013,62031453,2014-07-31,PRO
14809015,13788701,2013-03-07,CON
14809018,61185270,2009-06-09,PRO
14809018,12538688,2009-08-10,CON
14809019,61683573,2012-08-15,PRO
14809019,13909433,2013-06-04,CON
14809020,62028962,2014-07-25,PRO
14809020,62090040,2014-12-10,PRO
14809020,62161650,2015-05-14,PRO
14809025,62028739,2014-07-24,PRO
14809026,62030248,2014-07-29,PRO
14809026,62118535,2015-02-20,PRO
14809031,11386540,2006-03-21,CON
14809031,12349717,2009-01-07,CON
14809031,13118203,2011-05-27,CON
14809031,13333778,2011-12-21,CON
14809031,13692327,2012-12-03,CON
14809031,14286868,2014-05-23,CON
14809032,14015814,2013-08-30,CON
14809037,62029216,2014-07-25,PRO
14809038,62028772,2014-07-24,PRO
14809038,62190570,2015-07-09,PRO
14809039,62028772,2014-07-24,PRO
14809042,12880723,2010-09-13,CON
14809042,14051366,2013-10-10,CON
14809043,60263617,2001-01-18,PRO
14809043,10052473,2002-01-18,CON
14809043,11273914,2005-11-14,CON
14809043,12843458,2010-07-26,CON
14809043,13850231,2013-03-25,CON
14809045,62030163,2014-07-29,PRO
14809046,62029398,2014-07-25,PRO
14809049,60970872,2007-09-07,PRO
14809049,12206604,2008-09-08,DIV
14809049,13762236,2013-02-07,CON
14809050,62029124,2014-07-25,PRO
14809052,62030017,2014-07-28,PRO
14809053,62029441,2014-07-26,PRO
14809054,62030488,2014-07-29,PRO
14809055,62028772,2014-07-24,PRO
14809056,62030537,2014-07-29,PRO
14809057,PCT/CN2014/073081,2014-03-07,CON
14809058,62034699,2014-08-07,PRO
14809059,12020414,2008-01-25,CON
14809060,13737334,2013-01-09,DIV
14809062,62029409,2014-07-25,PRO
14809062,62112130,2015-02-04,PRO
14809062,62170131,2015-06-03,PRO
14809062,62185613,2015-06-27,PRO
14809063,62028776,2014-07-24,PRO
14809063,62153440,2015-04-27,PRO
14809064,62028736,2014-07-24,PRO
14809064,62086953,2014-12-03,PRO
14809065,13075708,2011-03-30,CON
14809065,14107907,2013-12-16,CON
14809066,PCT/CN2014/073578,2014-03-18,CON
14809068,11715049,2007-03-06,CIP
14809068,13491026,2012-06-07,CON
14809068,14154156,2014-01-13,CIP
14809071,62029249,2014-07-25,PRO
14809074,13341791,2011-12-30,DIV
14809075,13933644,2013-07-02,CON
14809076,62029308,2014-07-25,PRO
14809080,62028681,2014-07-24,PRO
14809081,13360940,2012-01-30,CON
14809082,14192797,2014-02-27,CON
14809083,60542532,2004-02-06,PRO
14809083,60548231,2004-02-27,PRO
14809083,10824944,2004-04-14,DIV
14809083,11824597,2007-06-28,CON
14809083,12888154,2010-09-22,CON
14809083,13615351,2012-09-13,CON
14809083,13929653,2013-06-27,CON
14809083,14449040,2014-07-31,CON
14809085,62031675,2014-07-31,PRO
14809086,PCT/JP2013/084811,2013-12-26,CON
14809087,14117750,2013-11-14,DIV
14809087,PCT/EP2012/059145,2012-05-16,NST
14809088,62029563,2014-07-28,PRO
14809093,62029355,2014-07-25,PRO
14809098,62031675,2014-07-31,PRO
14809100,13360940,2012-01-30,CON
14809101,62028366,2014-07-24,PRO
14809102,PCT/JP2014/000816,2014-02-18,CON
14809104,61471072,2011-04-01,PRO
14809104,13294980,2011-11-11,CON
14809104,13648429,2012-10-10,CON
14809104,13911015,2013-06-05,CON
14809104,14083325,2013-11-18,CON
14809104,14515310,2014-10-15,CON
14809108,62029076,2014-07-25,PRO
14809109,62029362,2014-07-25,PRO
14809109,62067416,2014-10-22,PRO
14809110,62029309,2014-07-25,PRO
14809113,62033939,2014-08-06,PRO
14809116,62029270,2014-07-25,PRO
14809116,62053250,2014-09-22,PRO
14809116,62142721,2015-04-03,PRO
14809116,62194062,2015-07-17,PRO
14809117,13183870,2011-07-15,CON
14809119,13533894,2012-06-26,CON
14809119,14581373,2014-12-23,CIP
14809120,62029363,2014-07-25,PRO
14809125,12181111,2008-07-28,CON
14809126,61607525,2012-03-06,PRO
14809126,61607554,2012-03-06,PRO
14809126,13629514,2012-09-27,CON
14809130,61805013,2013-03-25,PRO
14809130,14224123,2014-03-25,CIP
14809134,62028777,2014-07-24,PRO
14809135,61822611,2013-05-13,PRO
14809135,14275711,2014-05-12,CON
14809136,62038012,2014-08-15,PRO
14809137,62028780,2014-07-24,PRO
14809138,62029339,2014-07-25,PRO
14809139,13741330,2013-01-14,CON
14809142,61510401,2011-07-21,PRO
14809142,13554471,2012-07-20,CON
14809142,14485993,2014-09-15,CON
14809142,14714093,2015-05-15,CON
14809145,62028733,2014-07-24,PRO
14809152,12997288,2011-01-29,DIV
14809152,PCT/JP2009/057552,2009-04-15,NST
14809153,12522166,2009-08-28,CON
14809153,13159017,2011-06-13,CON
14809153,PCT/EP07/63493,2007-12-07,NST
14809154,62029457,2014-07-26,PRO
14809156,62029436,2014-07-26,PRO
14809157,13309563,2011-12-02,CON
14809159,14028523,2013-09-16,DIV
14809162,62029143,2014-07-25,PRO
14809168,62029352,2014-07-25,PRO
14809176,62029343,2014-07-25,PRO
14809177,62028924,2014-07-25,PRO
14809182,62041359,2014-08-25,PRO
14809185,61999403,2014-07-25,PRO
14809188,12202364,2008-09-01,CIP
14809188,12473241,2009-05-27,CIP
14809188,61224849,2009-07-10,PRO
14809188,12540322,2009-08-12,CON
14809188,13037263,2011-02-28,CIP
14809188,13282446,2011-10-26,CON
14809188,13329315,2011-12-18,CON
14809188,13723181,2012-12-20,CON
14809188,14108135,2013-12-16,CON
14809188,14552360,2014-11-24,CIP
14809189,62029384,2014-07-25,PRO
14809191,14516646,2014-10-17,CON
14809193,62029073,2014-07-25,PRO
14809194,62029073,2014-07-25,PRO
14809195,62029073,2014-07-25,PRO
14809202,62029265,2014-07-25,PRO
14809202,62038780,2014-08-18,PRO
14809205,62029338,2014-07-25,PRO
14809206,61766601,2013-02-19,PRO
14809206,PCT/US14/17000,2014-02-18,CON
14809207,60853731,2006-10-21,PRO
14809207,11874836,2007-10-18,CON
14809207,14704879,2015-05-05,CON
14809212,62029161,2014-07-25,PRO
14809216,14044533,2013-10-02,CON
14809219,62007974,2014-06-05,PRO
14809219,62138551,2015-03-26,PRO
14809219,14730336,2015-06-04,CIP
14809220,14233156,2014-03-31,DIV
14809220,PCT/IB2011/053188,2011-07-18,NST
14809221,14323983,2014-07-03,CIP
14809224,13622433,2012-09-19,CON
14809226,13084574,2011-04-12,CON
14809231,61056625,2008-05-28,PRO
14809231,PCT/US09/45351,2009-05-27,NST
14809231,12993907,2010-11-22,CON
14809236,13594772,2012-08-24,DIV
14809238,62153901,2015-04-28,PRO
14809238,62160219,2015-05-12,PRO
14809239,62031819,2014-07-31,PRO
14809239,62031820,2014-07-31,PRO
14809241,13688961,2012-11-29,CON
14809242,PCT/JP2014/000396,2014-01-27,CON
14809244,13988691,2013-05-21,DIV
14809244,PCT/US2011/062153,2011-11-25,NST
14809250,13344003,2012-01-05,DIV
14809250,14250069,2014-04-10,CIP
14809255,61657884,2012-06-10,PRO
14809255,13914606,2013-06-10,DIV
14809260,14037177,2013-09-25,CON
14809261,62030032,2014-07-28,PRO
14809263,60892517,2007-03-01,PRO
14809263,60909903,2007-04-03,PRO
14809263,12041509,2008-03-03,CON
14809263,13769455,2013-02-18,CON
14809263,14462457,2014-08-18,CON
14809265,13959762,2013-08-06,CIP
14809266,62030523,2014-07-29,PRO
14809274,62033111,2014-08-05,PRO
14809277,13665845,2012-10-31,CIP
14809280,62029582,2014-07-28,PRO
14809288,62029391,2014-07-25,PRO
14809292,10567650,2006-04-17,CON
14809292,PCT/FR2004/002242,2004-09-02,NST
14809297,12455205,2009-05-29,DIV
14809297,14040905,2013-09-30,CON
14809302,13782154,2013-03-01,DIV
14809303,13016404,2011-01-28,DIV
14809303,13940540,2013-07-12,CON
14809304,14763182,2015-07-24,DIV
14809304,PCT/US2014/018018,2014-02-24,NST
14809305,61496688,2011-06-14,PRO
14809305,13495654,2012-06-13,CON
14809309,PCT/EP2014/051512,2014-01-24,CON
14809313,13635194,2012-09-14,DIV
14809313,PCT/JP2011/056751,2011-03-22,NST
14809315,61783862,2013-03-14,PRO
14809315,13950167,2013-07-24,DIV
14809317,PCT/EP2014/050053,2014-01-03,CON
14809318,13635194,2012-09-14,DIV
14809318,PCT/JP2011/056751,2011-03-22,NST
14809320,60795505,2006-04-27,PRO
14809320,PCT/US07/10270,2007-04-27,CIP
14809320,12296329,2008-10-07,CON
14809320,14281397,2014-05-19,CON
14809326,PCT/JP2014/051477,2014-01-24,CON
14809328,61510611,2011-07-22,PRO
14809328,13555453,2012-07-23,CON
14809329,11765096,2007-06-19,CIP
14809329,61028669,2008-02-14,PRO
14809329,12296329,2008-10-07,CIP
14809329,12371130,2009-02-13,CON
14809329,14288501,2014-05-28,CON
14809330,62034286,2014-08-07,PRO
14809339,13892352,2013-05-13,CON
14809344,13251341,2011-10-03,DIV
14809349,61870851,2013-08-28,PRO
14809349,14153676,2014-01-13,DIV
14809350,14191516,2014-02-27,CON
14809351,62034612,2014-08-07,PRO
14809358,61354487,2010-06-14,PRO
14809358,13160044,2011-06-14,DIV
14809359,62029837,2014-07-28,PRO
14809362,61638073,2012-04-25,PRO
14809362,61783603,2013-03-14,PRO
14809362,13870556,2013-04-25,CON
14809363,13792787,2013-03-11,CON
14809371,PCT/EP2013/051977,2013-01-31,CON
14809372,12555824,2009-09-09,DIV
14809372,13613566,2012-09-13,DIV
14809372,14319012,2014-06-30,CON
14809375,60649489,2005-02-03,PRO
14809375,11346667,2006-02-03,CON
14809375,13113976,2011-05-23,CON
14809375,13682849,2012-11-21,CON
14809375,14278479,2014-05-15,CON
14809378,13558697,2012-07-26,CON
14809386,60957764,2007-08-24,PRO
14809386,12197432,2008-08-25,CON
14809389,13495252,2012-06-13,CON
14809393,13776112,2013-02-25,CON
14809394,PCT/EP2014/051587,2014-01-28,CON
14809395,13740890,2013-01-14,CON
14809397,13123168,2011-04-07,CON
14809397,PCT/SE2009/051144,2009-10-12,NST
14809400,13185082,2011-07-18,DIV
14809400,14109122,2013-12-17,CON
14809404,61118451,2008-11-27,PRO
14809404,12477944,2009-06-04,CIP
14809404,14472445,2014-08-29,CIP
14809408,62030145,2014-07-29,PRO
14809408,62033149,2014-08-05,PRO
14809408,62037177,2014-08-14,PRO
14809413,61620398,2012-04-04,PRO
14809413,13856840,2013-04-04,CON
14809414,61728091,2012-11-19,PRO
14809414,13833002,2013-03-15,CON
14809417,PCT/US2015/032114,2015-05-22,CIP
14809418,61385094,2010-09-21,PRO
14809418,61466920,2011-03-23,PRO
14809418,13239335,2011-09-21,DIV
14809419,12243258,2008-10-01,CON
14809419,14485059,2014-09-12,CON
14809423,09473271,1999-12-27,CON
14809423,10780330,2004-02-17,CON
14809423,14286055,2014-05-23,CON
14809427,14338897,2014-07-23,CON
14809431,PCT/EP2014/053657,2014-02-25,CON
14809432,PCT/JP2014/051701,2014-01-27,CON
14809435,13595090,2012-08-27,CON
14809436,60465070,2003-04-23,PRO
14809436,10831354,2004-04-23,CON
14809436,12336363,2008-12-16,CON
14809436,12762307,2010-04-17,CON
14809439,61519441,2011-05-23,PRO
14809439,13471962,2012-05-15,CON
14809439,14686345,2015-04-14,CON
14809440,60101050,1998-09-18,PRO
14809440,09787135,2001-06-04,DIV
14809440,10099149,2002-03-15,CIP
14809440,10271334,2002-10-15,CIP
14809440,10307226,2002-11-29,CIP
14809440,10669881,2003-09-24,DIV
14809440,12315015,2008-11-26,CON
14809446,62029593,2014-07-28,PRO
14809449,14230490,2014-03-31,CON
14809449,14576330,2014-12-19,CON
14809449,PCT/JP2012/073976,2012-09-20,CIP
14809454,12663451,2010-05-25,CON
14809454,14322333,2014-07-02,CIP
14809454,PCT/GB2008/002001,2008-06-12,NST
14809456,62040947,2014-08-22,PRO
14809460,62035740,2014-08-11,PRO
14809463,13006654,2011-01-14,CON
14809463,14320718,2014-07-01,CON
14809466,PCT/CN2015/071881,2015-01-30,CON
14809470,61859487,2013-07-29,PRO
14809470,14284794,2014-05-22,CON
14809471,13408092,2012-02-29,CON
14809472,60764440,2006-02-02,PRO
14809472,11670153,2007-02-01,CON
14809478,13539121,2012-06-29,CON
14809479,12525456,2009-11-18,CON
14809479,PCT/EP2008/050891,2008-01-25,NST
14809481,60914052,2007-04-26,PRO
14809481,12111090,2008-04-28,CON
14809481,13888452,2013-05-07,CON
14809482,14271792,2014-05-07,CON
14809483,12377160,2010-02-24,DIV
14809483,PCT/NL2007/050399,2007-08-10,NST
14809484,60509651,2003-10-08,PRO
14809484,10961814,2004-10-08,DIV
14809486,13921603,2013-06-19,CON
14809486,PCT/JP2012/079373,2012-11-13,CON
14809496,60666549,2005-03-30,PRO
14809496,11241824,2005-09-29,CON
14809497,12063470,2010-05-14,DIV
14809497,13848877,2013-03-22,DIV
14809497,PCT/GB2006/003009,2006-08-11,NST
14809498,60316537,2001-08-29,PRO
14809498,10233150,2002-08-28,DIV
14809498,11890896,2007-08-08,DIV
14809498,12536975,2009-08-06,CON
14809499,61683845,2012-08-16,PRO
14809499,13963039,2013-08-09,CIP
14809502,62029873,2014-07-28,PRO
14809511,60868851,2006-12-06,PRO
14809511,60868893,2006-12-06,PRO
14809511,60868962,2006-12-07,PRO
14809511,60908095,2007-03-26,PRO
14809511,60916815,2007-05-09,PRO
14809511,11950271,2007-12-04,CIP
14809511,60992589,2007-12-05,PRO
14809511,12329525,2008-12-05,CIP
14809511,61180940,2009-05-26,PRO
14809511,12788066,2010-05-26,CIP
14809511,13015612,2011-01-28,CIP
14809511,13182758,2011-07-14,CON
14809512,62030234,2014-07-29,PRO
14809516,14347013,2014-03-25,CON
14809516,PCT/EP2012/068896,2012-09-25,NST
14809523,PCT/CN2013/074797,2013-04-26,CON
14809525,61615062,2012-03-23,PRO
14809525,13848964,2013-03-22,CON
14809527,12161286,2008-11-19,CON
14809527,13353114,2012-01-18,CON
14809527,PCT/US2007/061186,2007-01-27,NST
14809533,PCT/JP2014/051358,2014-01-23,CON
14809534,62031948,2014-08-01,PRO
14809538,11721406,2009-07-31,CON
14809538,13572042,2012-08-10,CON
14809538,PCT/EP2005/013485,2005-12-14,NST
14809539,60531838,2003-12-23,PRO
14809539,60553842,2004-03-17,PRO
14809539,60563342,2004-04-19,PRO
14809539,60629926,2004-11-22,PRO
14809539,11021065,2004-12-23,CON
14809539,11837865,2007-08-13,DIV
14809539,12124365,2008-05-21,CON
14809539,12476309,2009-06-02,CON
14809539,12900063,2010-10-07,CON
14809539,13632572,2012-10-01,CON
14809539,13964139,2013-08-12,CON
14809539,14280869,2014-05-19,CON
14809539,PCT/US2003/029776,2003-09-19,CIP
14809539,PCT/US2003/035381,2003-11-05,CIP
14809540,61172022,2009-04-23,PRO
14809540,61187112,2009-06-15,PRO
14809540,PCT/US10/32017,2010-04-22,NST
14809540,13265613,2011-10-21,CON
14809540,13498597,2012-05-30,DIV
14809540,14280870,2014-05-19,DIV
14809540,14572020,2014-12-16,CON
14809540,PCT/US2010/051741,2010-10-07,NST
14809541,61760366,2013-02-04,PRO
14809541,61834129,2013-06-12,PRO
14809541,61886883,2013-10-04,PRO
14809541,14169328,2014-01-31,CON
14809542,61727910,2012-11-19,PRO
14809542,14082575,2013-11-18,CON
14809543,61601822,2012-02-22,PRO
14809543,61614930,2012-03-23,PRO
14809543,61649061,2012-05-18,PRO
14809543,61649091,2012-05-18,PRO
14809543,14369991,2014-06-30,CON
14809543,PCT/US2013/027415,2013-02-22,NST
14809544,PCT/KR2014/000759,2014-01-27,DIV
14809546,62035546,2014-08-11,PRO
14809549,14267243,2014-05-01,CON
14809550,12857146,2010-08-16,CON
14809551,12744037,2010-10-13,DIV
14809551,13446320,2012-04-13,DIV
14809551,13783952,2013-03-04,CON
14809551,14242692,2014-04-01,CON
14809551,PCT/US2008/084336,2008-11-21,NST
14809552,13546976,2012-07-11,CON
14809553,13835433,2013-03-15,CON
14809557,61497923,2011-06-16,PRO
14809557,13526340,2012-06-18,CON
14809558,13793818,2013-03-11,DIV
14809559,62032794,2014-08-04,PRO
14809561,61519441,2011-05-23,PRO
14809561,13471962,2012-05-15,CON
14809561,14686345,2015-04-14,CON
14809565,13581935,2012-08-30,DIV
14809565,PCT/JP2011/053011,2011-02-14,NST
14809569,13908866,2013-06-03,CON
14809570,13722189,2012-12-20,CON
14809570,14517268,2014-10-17,CON
14809577,13870014,2013-04-25,CON
14809578,PCT/KR2014/000781,2014-01-28,DIV
14809579,12880804,2010-09-13,CIP
14809579,PCT/US11/51349,2011-09-13,NST
14809579,13822011,2013-06-20,CIP
14809580,61866893,2013-08-16,PRO
14809580,14059102,2013-10-21,CON
14809585,12515030,2009-12-08,DIV
14809585,PCT/GB2007/050694,2007-11-15,NST
14809587,PCT/CN2014/077679,2014-05-16,CON
14809590,12932301,2011-02-23,DIV
14809594,60028892,1996-10-18,PRO
14809595,PCT/EP2014/050963,2014-01-17,CON
14809601,62030326,2014-07-29,PRO
14809602,14087305,2013-11-22,DIV
14809603,13001513,2011-03-01,DIV
14809603,PCT/EP2009/058188,2009-06-30,NST
14809604,13588332,2012-08-17,DIV
14809606,62029049,2014-07-25,PRO
14809607,14226526,2014-03-26,CON
14809611,61095647,2008-09-10,PRO
14809611,61227464,2009-07-22,PRO
14809611,12550443,2009-08-31,CON
14809611,13462233,2012-05-02,CON
14809611,13476438,2012-05-21,CON
14809611,13717796,2012-12-18,CON
14809614,14148251,2014-01-06,DIV
14809622,PCT/JP2014/050145,2014-01-08,CON
14809624,60899833,2007-02-06,PRO
14809624,60963639,2007-08-06,PRO
14809624,12027141,2008-02-06,CON
14809625,12198570,2008-08-26,CON
14809625,13895765,2013-05-16,CON
14809629,12687443,2010-01-14,DIV
14809631,13545304,2012-07-10,CON
14809632,13484683,2012-05-31,CON
14809633,13079247,2011-04-04,CON
14809633,13795017,2013-03-12,CON
14809633,14326948,2014-07-09,CON
14809635,61560518,2011-11-16,PRO
14809635,13671123,2012-11-07,DIV
14809637,62029082,2014-07-25,PRO
14809643,61739937,2012-12-20,PRO
14809643,13769667,2013-02-18,CON
14809644,13449003,2012-04-17,CON
14809644,14282407,2014-05-20,CON
14809645,61145107,2009-01-15,PRO
14809645,12688631,2010-01-15,CON
14809645,14146404,2014-01-02,CON
14809648,13572852,2012-08-13,DIV
14809650,13822339,2013-07-15,CON
14809650,PCT/GB11/51727,2011-09-14,NST
14809651,61345538,2010-05-17,PRO
14809651,61377816,2010-08-27,PRO
14809651,13109467,2011-05-17,CON
14809655,62029081,2014-07-25,PRO
14809658,10041655,2002-01-08,CON
14809658,14057545,2013-10-18,CON
14809659,60197677,2000-04-17,PRO
14809659,09828865,2001-04-10,CON
14809659,12222588,2008-08-12,CON
14809659,12776063,2010-05-07,CON
14809659,13099856,2011-05-03,CON
14809659,13614306,2012-09-13,CON
14809659,13837094,2013-03-15,CON
14809659,13940992,2013-07-12,CON
14809659,14090385,2013-11-26,CON
14809659,14282280,2014-05-20,CON
14809659,14478615,2014-09-05,CON
14809659,14595644,2015-01-13,CON
14809660,12353711,2009-01-14,CON
14809661,09324451,1999-06-02,CIP
14809661,09324452,1999-06-02,CIP
14809661,09351534,1999-07-12,CIP
14809661,09510932,2000-02-22,CIP
14809661,09510923,2000-02-22,CIP
14809661,09510927,2000-02-22,CIP
14809661,09723715,2000-11-28,DIV
14809661,10256681,2002-09-26,CON
14809661,11049631,2005-02-01,CON
14809661,13737084,2013-01-09,CON
14809663,12856952,2010-08-16,CON
14809663,13850858,2013-03-26,CIP
14809664,12898408,2010-10-05,CON
14809664,13481574,2012-05-25,CON
14809664,14073714,2013-11-06,CON
14809665,60177154,2000-01-20,PRO
14809665,09767126,2001-01-22,CON
14809665,12984361,2011-01-04,CON
14809665,13494793,2012-06-12,CON
14809665,14087442,2013-11-22,CON
14809666,60575131,2004-05-28,PRO
14809666,60575846,2004-06-01,PRO
14809666,11142051,2005-05-31,CON
14809666,12488209,2009-06-19,DIV
14809666,13677876,2012-11-15,DIV
14809670,12669340,2010-01-29,DIV
14809670,PCT/CN2008/001242,2008-06-27,NST
14809671,14086442,2013-11-21,CIP
14809671,14603636,2015-01-23,CIP
14809671,14728385,2015-06-02,CIP
14809675,13790147,2013-03-08,CON
14809678,PCT/JP2014/051849,2014-01-28,CON
14809680,12747095,2010-07-09,CON
14809680,PCT/EP08/67499,2008-12-15,NST
14809683,13789387,2013-03-07,CON
14809684,62029810,2014-07-28,PRO
14809687,13816420,2013-06-25,CON
14809687,PCT/JP2011/066281,2011-07-16,NST
14809690,61999874,2014-08-08,PRO
14809693,61096345,2008-09-12,PRO
14809693,12555435,2009-09-08,CON
14809693,13493207,2012-06-11,CON
14809693,14143605,2013-12-30,CON
14809697,61564552,2011-11-29,PRO
14809697,13683247,2012-11-21,CIP
14809698,13908096,2013-06-03,CON
14809700,PCT/EP2014/000189,2014-01-24,CON
14809701,13481189,2012-05-25,CON
14809703,61889581,2013-10-11,PRO
14809703,14156595,2014-01-16,CON
14809704,61999875,2014-08-08,PRO
14809706,PCT/EP2014/000190,2014-01-24,CON
14809707,13090608,2011-04-20,DIV
14809715,61702350,2012-09-18,PRO
14809715,14030139,2013-09-18,CON
14809718,13360538,2012-01-27,DIV
14809722,14481421,2014-09-09,CON
14809723,61553555,2011-10-31,PRO
14809723,13527505,2012-06-19,CON
14809727,13090608,2011-04-20,CON
14809728,61769896,2013-02-27,PRO
14809728,14187901,2014-02-24,CIP
14809728,14187901,2014-02-24,CON
14809728,14282342,2014-05-20,CIP
14809728,14282433,2014-05-20,CIP
14809728,62034345,2014-08-07,PRO
14809729,61165512,2009-04-01,PRO
14809729,12749702,2010-03-30,CON
14809729,13933017,2013-07-01,CON
14809731,13034554,2011-02-24,CON
14809733,14126154,2014-03-19,CON
14809733,PCT/JP2012/065173,2012-06-14,NST
14809735,PCT/DE2013/000422,2013-07-31,CON
14809736,61999876,2014-08-08,PRO
14809740,14375649,2014-07-30,CON
14809740,PCT/KR2013/000754,2013-01-30,NST
14809741,13224033,2011-09-01,DIV
14809741,14497639,2014-09-26,CON
14809742,61208102,2009-02-20,PRO
14809742,12709986,2010-02-22,CON
14809743,PCT/JP2014/051823,2014-01-28,CON
14809747,62029003,2014-07-25,PRO
14809749,13654143,2012-10-17,CON
14809750,PCT/IN2014/000066,2014-01-28,CON
14809751,12549048,2009-08-27,DIV
14809751,13679109,2012-11-16,DIV
14809751,14506201,2014-10-03,DIV
14809752,62030158,2014-07-29,PRO
14809754,13330137,2011-12-19,CON
14809755,PCT/JP2014/057256,2014-03-18,CON
14809756,61251425,2009-10-14,PRO
14809756,12903592,2010-10-13,CON
14809761,62041531,2014-08-25,PRO
14809765,14375649,2014-07-30,CON
14809765,PCT/KR2013/000754,2013-01-30,NST
14809767,12938533,2010-11-03,CON
14809770,62029305,2014-07-25,PRO
14809774,62030074,2014-07-29,PRO
14809775,13797069,2013-03-12,DIV
14809776,13024054,2011-02-09,CON
14809781,61077648,2008-07-02,PRO
14809781,61078954,2008-07-08,PRO
14809781,61086116,2008-08-04,PRO
14809781,61149387,2009-02-03,PRO
14809781,12485040,2009-06-15,CON
14809782,13624419,2012-09-21,DIV
14809783,13714187,2012-12-13,CON
14809784,13638989,2012-10-31,DIV
14809786,62029864,2014-07-28,PRO
14809789,61668711,2012-07-06,PRO
14809789,13930675,2013-06-28,CON
14809790,14167514,2014-01-29,CON
14809794,13796967,2013-03-12,CON
14809795,61579194,2011-12-22,PRO
14809795,13562605,2012-07-31,DIV
14809796,14239605,2014-02-19,CON
14809796,PCT/GB2012/051928,2012-08-09,NST
14809798,62028976,2014-07-25,PRO
14809800,61018006,2007-12-31,PRO
14809800,12347404,2008-12-31,DIV
14809802,60565610,2004-04-27,PRO
14809802,60577678,2004-06-07,PRO
14809802,10950793,2004-09-28,CON
14809804,62029710,2014-07-28,PRO
14809805,61424748,2010-12-20,PRO
14809805,13223700,2011-09-01,CON
14809807,14375649,2014-07-30,CON
14809807,PCT/KR2013/000754,2013-01-30,NST
14809808,10400469,2003-03-28,CON
14809808,10767069,2004-01-30,DIV
14809808,11212707,2005-08-29,CON
14809808,11717716,2007-03-14,CON
14809808,12325054,2008-11-28,CON
14809808,12473613,2009-05-28,CON
14809808,12868990,2010-08-26,CON
14809808,13097731,2011-04-29,CON
14809808,13531802,2012-06-25,CON
14809808,13955943,2013-07-31,CON
14809808,14217748,2014-03-18,CON
14809808,14560447,2014-12-04,CON
14809809,PCT/JP2013/052408,2013-02-01,CON
14809810,62031572,2014-07-31,PRO
14809811,11169285,2005-06-29,CON
14809811,12510693,2009-07-28,CON
14809811,13608991,2012-09-10,CON
14809813,13756412,2013-01-31,DIV
14809816,12803197,2010-06-21,CON
14809823,61756220,2013-01-24,PRO
14809823,61756438,2013-01-24,PRO
14809823,61894953,2013-10-24,PRO
14809823,14162958,2014-01-24,CIP
14809824,13606985,2012-09-07,CON
14809826,62007518,2014-06-04,PRO
14809826,62047936,2014-09-09,PRO
14809826,14731359,2015-06-04,CON
14809827,61289948,2009-12-23,PRO
14809827,12973853,2010-12-20,CON
14809827,13975086,2013-08-23,CON
14809830,13683468,2012-11-21,CON
14809831,61025920,2008-02-04,PRO
14809831,61081910,2008-07-18,PRO
14809831,12329929,2008-12-08,CON
14809831,13276856,2011-10-19,CON
14809831,13743899,2013-01-17,CON
14809831,14158116,2014-01-17,CON
14809832,14081418,2013-11-15,CON
14809834,60724622,2005-10-07,PRO
14809834,60725544,2005-10-10,PRO
14809834,11249139,2005-10-11,DIV
14809834,13134245,2011-06-02,CON
14809834,14134674,2013-12-19,CON
14809834,14696912,2015-04-27,CON
14809835,62036723,2014-08-13,PRO
14809835,62116081,2015-02-13,PRO
14809836,61756220,2013-01-24,PRO
14809836,61756438,2013-01-24,PRO
14809836,61894953,2013-10-24,PRO
14809836,14162958,2014-01-24,CIP
14809838,61684699,2012-08-17,PRO
14809838,13804244,2013-03-14,CON
14809839,61471391,2011-04-04,PRO
14809839,13439320,2012-04-04,CON
14809841,61759062,2013-01-31,PRO
14809841,14167741,2014-01-29,CON
14809843,61657165,2012-06-08,PRO
14809843,13913031,2013-06-07,CON
14809844,61781767,2013-03-14,PRO
14809844,14191875,2014-02-27,CON
14809845,13485667,2012-05-31,CON
14809849,13281497,2011-10-26,CON
14809851,14054313,2013-10-15,DIV
14809853,13383518,2012-01-11,CON
14809853,PCT/US2010/041797,2010-07-13,NST
14809854,10914634,2004-08-10,CON
14809856,14128918,2013-12-23,CON
14809856,PCT/KR2012/004734,2012-06-15,NST
14809858,61432404,2011-01-13,PRO
14809858,13182830,2011-07-14,CON
14809858,13717856,2012-12-18,CON
14809859,62028835,2014-07-25,PRO
14809860,12614058,2009-11-06,CON
14809862,12306878,2009-08-20,CON
14809862,13680722,2012-11-19,CON
14809862,PCT/EP2007/056400,2007-06-27,NST
14809863,61611791,2012-03-16,PRO
14809863,13568217,2012-08-07,CON
14809865,12841361,2010-07-22,DIV
14809866,62029670,2014-07-28,PRO
14809867,62029684,2014-07-28,PRO
14809868,62032392,2014-08-01,PRO
14809869,62029131,2014-07-25,PRO
14809870,62029166,2014-07-25,PRO
14809871,14617041,2015-02-09,CIP
14809874,62029121,2014-07-25,PRO
14809875,14122579,2014-01-28,CON
14809875,14571095,2014-12-15,CON
14809875,PCT/NL2012/050382,2012-05-31,NST
14809878,61222625,2009-07-02,PRO
14809878,12829973,2010-07-02,CON
14809878,13967897,2013-08-15,CON
14809880,61312384,2010-03-10,PRO
14809880,13028575,2011-02-16,DIV
14809880,14031243,2013-09-19,DIV
14809880,14589420,2015-01-05,DIV
14809881,13489561,2012-06-06,DIV
14809884,13902305,2013-05-24,CON
14809888,61385553,2010-09-22,PRO
14809888,61386543,2010-09-26,PRO
14809888,13209292,2011-08-12,CON
14809889,61595448,2012-02-06,PRO
14809889,13761032,2013-02-06,CON
14809891,13256305,2011-10-28,CON
14809891,PCT/EP2010/053173,2010-03-12,NST
14809894,62039334,2014-08-19,PRO
14809896,14069693,2013-11-01,DIV
14809897,13619871,2012-09-14,DIV
14809899,13574735,2012-07-23,CON
14809899,PCT/KR2011/000692,2011-02-01,NST
14809902,62028836,2014-07-25,PRO
14809904,13141235,2011-06-21,CON
14809904,PCT/US2009/006316,2009-12-01,NST
14809906,13319122,2012-04-26,CON
14809906,PCT/US2010/034365,2010-05-11,NST
14809907,62030831,2014-07-30,PRO
14809908,62032927,2014-08-04,PRO
14809910,14375649,2014-07-30,CON
14809910,PCT/KR2013/000754,2013-01-30,NST
14809915,13954200,2013-07-30,CON
14809917,11709254,2007-02-22,CON
14809919,14059797,2013-10-22,DIV
14809921,62038429,2014-08-18,PRO
14809922,09566671,2000-05-08,CIP
14809922,09566671,2000-05-08,DIV
14809922,11805564,2007-05-23,CON
14809922,12005129,2007-12-21,CIP
14809922,12970165,2010-12-16,CON
14809922,13158528,2011-06-13,CIP
14809922,13251826,2011-10-03,CON
14809922,13549751,2012-07-16,CIP
14809922,13737164,2013-01-09,CIP
14809922,13798788,2013-03-13,CIP
14809926,61534817,2011-09-14,PRO
14809926,13352148,2012-01-17,CIP
14809926,14165368,2014-01-27,CON
14809930,61590284,2012-01-24,PRO
14809930,13691364,2012-11-30,CIP
14809933,PCT/JP2014/051561,2014-01-24,CON
14809934,13149415,2011-05-31,DIV
14809934,PCT/US2009/066217,2009-12-01,CIP
14809935,62041319,2014-08-25,PRO
14809936,60074264,1998-02-10,PRO
14809936,09248504,1999-02-10,DIV
14809936,10114193,2002-04-02,DIV
14809936,11560143,2006-11-15,DIV
14809936,12956828,2010-11-30,DIV
14809936,13272720,2011-10-13,DIV
14809936,13604864,2012-09-06,DIV
14809936,13858625,2013-04-08,DIV
14809936,14087764,2013-11-22,DIV
14809936,14547781,2014-11-19,DIV
14809939,14495034,2014-09-24,CON
14809941,PCT/JP2014/051929,2014-01-29,CON
14809944,13804102,2013-03-14,CON
14809946,11620751,2007-01-08,CON
14809946,14147869,2014-01-06,CON
14809950,61959729,2013-09-03,PRO
14809950,14476338,2014-09-03,CON
14809951,14179159,2014-02-12,CON
14809952,62029528,2014-07-27,PRO
14809956,13587223,2012-08-16,CON
14809957,13521239,2012-07-10,CON
14809957,PCT/JP2011/006977,2011-12-14,NST
14809958,62035860,2014-08-11,PRO
14809959,10722110,2003-11-25,DIV
14809959,11489778,2006-07-20,CON
14809959,12651827,2010-01-04,DIV
14809959,14170728,2014-02-03,DIV
14809961,61377317,2010-08-26,PRO
14809961,13194399,2011-07-29,CON
14809961,13954446,2013-07-30,CON
14809961,14568182,2014-12-12,CIP
14809961,14568191,2014-12-12,CIP
14809965,61496121,2011-06-13,PRO
14809965,13491765,2012-06-08,CON
14809966,61732990,2012-12-04,PRO
14809966,13937346,2013-07-09,CON
14809967,13270650,2011-10-11,DIV
14809967,13973552,2013-08-22,DIV
14809967,14286339,2014-05-23,DIV
14809967,14623260,2015-02-16,DIV
14809967,PCT/JP2010/056558,2010-04-13,CON
14809968,10908752,2005-05-25,CON
14809974,12917362,2010-11-01,CON
14809977,13790759,2013-03-08,CON
14809978,13819177,2013-02-26,DIV
14809978,PCT/DE2011/050028,2011-08-31,NST
14809979,60741128,2005-12-01,PRO
14809979,11607266,2006-12-01,CON
14809979,13270778,2011-10-11,CON
14809980,61494501,2011-06-08,PRO
14809980,13473987,2012-05-17,CIP
14809980,13771716,2013-02-20,CON
14809981,62030235,2014-07-29,PRO
14809984,61656090,2012-06-06,PRO
14809984,13839213,2013-03-15,DIV
14809986,10595601,2006-04-28,CON
14809986,12819640,2010-06-21,CON
14809986,14060854,2013-10-23,CON
14809986,PCT/AU2004/001486,2004-10-28,NST
14809987,62050517,2014-09-15,PRO
14809989,62033920,2014-08-06,PRO
14809991,PCT/US2014/013697,2014-01-29,CON
14809992,61059708,2008-06-06,PRO
14809992,61108799,2008-10-27,PRO
14809992,12480627,2009-06-08,CON
14809992,14106357,2013-12-13,CON
14809993,62028854,2014-07-25,PRO
14809994,14004163,2013-09-10,CON
14809994,PCT/JP2012/001489,2012-03-05,NST
14809996,62030001,2014-07-28,PRO
14809998,60374436,2002-04-19,PRO
14809998,10420118,2003-04-21,DIV
14809998,11465265,2006-08-17,CON
14809998,13860278,2013-04-10,CON
14809999,13391046,2012-05-07,DIV
14809999,PCT/JP2010/064070,2010-08-20,NST
14810001,13151582,2011-06-02,DIV
14810002,13072933,2011-03-28,DIV
14810005,61286559,2009-12-15,PRO
14810005,61306729,2010-02-22,PRO
14810005,61405778,2010-10-22,PRO
14810005,PCT/US10/60575,2010-12-15,CON
14810005,13523030,2012-06-14,CON
14810007,13662810,2012-10-29,DIV
14810011,13983745,2013-08-05,CON
14810011,14049000,2013-10-08,CON
14810011,PCT/KR2012/001535,2012-02-29,NST
14810017,13088766,2011-04-18,CON
14810017,14064791,2013-10-28,DIV
14810018,61694807,2012-08-30,PRO
14810018,14015880,2013-08-30,CON
14810018,14558321,2014-12-02,CON
14810021,60285883,2001-04-23,PRO
14810021,60340078,2001-12-10,PRO
14810021,60368495,2002-03-29,PRO
14810021,10123860,2002-04-16,CON
14810021,11107415,2005-04-15,CIP
14810021,61543981,2011-10-06,PRO
14810021,13647107,2012-10-08,CON
14810022,61230546,2009-07-31,PRO
14810022,12563499,2009-09-21,CON
14810022,13633518,2012-10-02,CON
14810023,14297464,2014-06-05,CON
14810031,60911398,2007-04-12,PRO
14810031,PCT/US08/60137,2008-04-11,NST
14810031,12595803,2010-02-18,CON
14810032,12841361,2010-07-22,DIV
14810033,13799318,2013-03-13,CON
14810034,61261604,2009-11-16,PRO
14810034,12941554,2010-11-08,DIV
14810035,11036413,2005-01-14,CON
14810035,11538211,2006-10-03,CIP
14810035,13302703,2011-11-22,CON
14810036,12947787,2010-11-16,CON
14810037,13997778,2013-06-25,CON
14810037,PCT/US2013/031370,2013-03-14,NST
14810038,PCT/JP2013/079633,2013-10-31,CON
14810039,61774646,2013-03-08,PRO
14810039,13795579,2013-03-12,CON
14810044,13661498,2012-10-26,CON
14810046,13354493,2012-01-20,DIV
14810047,13505980,2012-05-03,CON
14810047,PCT/EP2010/007046,2010-11-19,NST
14810050,61635432,2012-04-19,PRO
14810050,13680675,2012-11-19,CIP
14810050,13782195,2013-03-01,CON
14810051,61226986,2009-07-20,PRO
14810051,12840078,2010-07-20,CON
14810051,13598558,2012-08-29,CIP
14810051,13968155,2013-08-15,CIP
14810051,62029335,2014-07-25,PRO
14810054,62041547,2014-08-25,PRO
14810055,61742273,2012-08-06,PRO
14810055,61796253,2012-11-05,PRO
14810055,61735403,2012-12-10,PRO
14810055,61852431,2013-03-15,PRO
14810055,61854333,2013-04-22,PRO
14810055,13960651,2013-08-06,CIP
14810055,14072664,2013-11-05,CIP
14810055,14103699,2013-12-11,CIP
14810055,14258723,2014-04-22,CIP
14810055,14578798,2014-12-22,CIP
14810059,13857766,2013-04-05,CON
14810065,14132002,2013-12-18,DIV
14810066,13419931,2012-03-14,CON
14810068,62029241,2014-07-25,PRO
14810069,61475649,2011-04-14,PRO
14810069,PCT/US12/33853,2012-04-16,NST
14810069,14111713,2014-01-28,DIV
14810070,PCT/EP2014/051602,2014-01-28,CON
14810071,60509651,2003-10-08,PRO
14810071,10961814,2004-10-08,DIV
14810074,61909033,2013-11-26,PRO
14810074,14282047,2014-05-20,CON
14810075,12525845,2009-08-27,CON
14810075,13930048,2013-06-28,CON
14810075,PCT/SE2008/050138,2008-02-04,NST
14810079,62029023,2014-07-25,PRO
14810083,13629389,2012-09-27,CON
14810087,62029783,2014-07-28,PRO
14810090,14120449,2014-07-25,CIP
14810093,10515936,2004-11-23,CON
14810093,14056666,2013-10-17,CON
14810093,14530949,2014-11-03,CON
14810093,PCT/JP03/06725,2003-05-29,NST
14810094,10660535,2003-09-12,CON
14810094,12636396,2009-12-11,CON
14810094,13330115,2011-12-19,CON
14810094,13866726,2013-04-19,DIV
14810094,14284085,2014-05-21,CON
14810094,14444720,2014-07-28,DIV
14810096,13598966,2012-08-30,CON
14810097,61595039,2012-02-04,PRO
14810097,13758129,2013-02-04,CON
14810101,13419615,2012-03-14,CON
14810102,12841361,2010-07-22,DIV
14810104,61877137,2013-09-12,PRO
14810104,14150016,2014-01-08,CON
14810105,62035550,2014-08-11,PRO
14810105,62095332,2014-12-22,PRO
14810106,61124586,2008-04-17,PRO
14810106,12151899,2008-05-09,CIP
14810106,61135058,2008-07-16,PRO
14810106,12437749,2009-05-08,CIP
14810106,61249090,2009-10-06,PRO
14810106,12606762,2009-10-27,CIP
14810106,12751053,2010-03-31,CIP
14810106,12899361,2010-10-06,CIP
14810106,61391227,2010-10-08,PRO
14810106,61393706,2010-10-15,PRO
14810106,61505613,2011-07-08,PRO
14810106,13267440,2011-10-06,CIP
14810106,61547695,2011-10-15,PRO
14810106,61553410,2011-10-31,PRO
14810106,61561993,2011-11-21,PRO
14810106,61566259,2011-12-02,PRO
14810106,61606063,2012-03-02,PRO
14810106,61621862,2012-04-09,PRO
14810106,61635023,2012-04-18,PRO
14810106,13588530,2012-08-17,CIP
14810106,61726417,2012-11-14,PRO
14810106,14079369,2013-11-13,CIP
14810106,62110331,2015-01-30,PRO
14810112,61598412,2012-02-14,PRO
14810112,61672523,2012-07-17,PRO
14810112,13766742,2013-02-13,CON
14810117,60422469,2002-10-29,PRO
14810117,PCT/US03/34441,2003-10-29,NST
14810117,10533045,2005-10-20,CON
14810117,12572791,2009-10-02,CON
14810117,13442466,2012-04-09,CON
14810117,13903748,2013-05-28,CON
14810118,62029722,2014-07-28,PRO
14810120,62029950,2014-07-28,PRO
14810121,61416676,2010-11-23,PRO
14810121,13303449,2011-11-23,CON
14810122,PCT/JP2015/003372,2015-07-03,CON
14810123,61566948,2011-12-05,PRO
14810123,61569595,2011-12-12,PRO
14810123,61637570,2012-04-24,PRO
14810123,13465490,2012-05-07,CON
14810123,13931251,2013-06-28,CON
14810125,61390882,2010-10-07,PRO
14810125,13267514,2011-10-06,CON
14810126,13515614,2012-09-28,CON
14810126,PCT/US2010/060292,2010-12-14,NST
14810129,61211600,2009-03-31,PRO
14810129,12459998,2009-07-10,CIP
14810129,12660865,2010-03-04,CON
14810129,13665790,2012-10-31,CON
14810134,11927456,2007-10-29,CON
14810134,13629004,2012-09-27,CON
14810135,11950585,2007-12-05,CON
14810135,13160579,2011-06-15,CON
14810135,13747704,2013-01-23,CON
14810137,61593025,2012-01-31,PRO
14810137,13755360,2013-01-31,DIV
14810138,62029274,2014-07-25,PRO
14810140,14098194,2013-12-05,CON
14810141,PCT/CN2013/083445,2013-09-13,CON
14810144,62030552,2014-07-29,PRO
14810146,61503760,2011-07-01,PRO
14810146,13362941,2012-01-31,CON
14810147,10884444,2004-07-02,CON
14810147,12688505,2010-01-15,CIP
14810147,13270657,2011-10-11,CON
14810156,10998081,2004-11-26,DIV
14810156,12581580,2009-10-19,CON
14810157,62029797,2014-07-28,PRO
14810158,61049404,2008-04-30,PRO
14810158,61049413,2008-04-30,PRO
14810158,61049415,2008-04-30,PRO
14810158,61049419,2008-04-30,PRO
14810158,61073496,2008-06-18,PRO
14810158,12417880,2009-04-03,CON
14810158,12719776,2010-03-08,CON
14810158,13656892,2012-10-22,CON
14810158,14215105,2014-03-17,CON
14810158,14580100,2014-12-22,CON
14810158,14704733,2015-05-05,CON
14810162,60566588,2004-04-29,PRO
14810162,11095912,2005-03-31,CON
14810162,13229437,2011-09-09,CON
14810165,PCT/JP2015/003605,2015-07-17,CON
14810167,13765723,2013-02-13,CON
14810168,PCT/JP2013/062466,2013-04-26,CON
14810169,13312028,2011-12-06,CON
14810170,11639131,2006-12-14,CON
14810170,13159238,2011-06-13,CON
14810170,13523505,2012-06-14,CON
14810170,14193799,2014-02-28,CON
14810173,61497330,2011-06-15,PRO
14810173,61591067,2012-01-26,PRO
14810173,13524548,2012-06-15,CON
14810173,14554999,2014-11-26,CON
14810174,13201572,2011-08-15,CON
14810174,14306495,2014-06-17,CON
14810174,PCT/EP2010/051993,2010-02-17,NST
14810176,13778792,2013-02-27,CIP
14810178,62030497,2014-07-29,PRO
14810179,13705152,2012-12-04,CON
14810180,62029977,2014-07-28,PRO
14810181,13163921,2011-06-20,CON
14810183,61482004,2011-05-03,PRO
14810183,13463233,2012-05-03,CON
14810183,14494027,2014-09-23,CON
14810185,13557194,2012-07-24,CON
14810186,60839123,2006-08-22,PRO
14810186,11892417,2007-08-22,CON
14810186,12588870,2009-10-30,CON
14810189,PCT/CN2014/070771,2014-01-17,CON
14810190,12158463,2009-12-11,CON
14810190,PCT/US2006/060957,2006-11-16,NST
14810191,62029806,2014-07-28,PRO
14810192,61644246,2012-05-08,PRO
14810192,13889988,2013-05-08,CON
14810193,14194315,2014-02-28,CON
14810195,11716958,2007-03-12,DIV
14810197,13946741,2013-07-19,CON
14810198,61153069,2009-02-17,PRO
14810198,12684419,2010-01-08,CON
14810198,14011448,2013-08-27,CON
14810199,62030865,2014-07-30,PRO
14810201,PCT/JP2014/002187,2014-04-17,CON
14810204,10626495,2003-07-24,CON
14810204,11760041,2007-06-08,CON
14810204,13019814,2011-02-02,CON
14810207,12871404,2010-08-30,CON
14810208,13131827,2011-05-27,DIV
14810208,14463373,2014-08-19,DIV
14810208,PCT/JP2009/071279,2009-12-22,NST
14810209,13877582,2013-09-06,CON
14810209,PCT/US2011/037972,2011-05-25,NST
14810210,13723008,2012-12-20,CON
14810212,13076792,2011-03-31,CON
14810212,14493971,2014-09-23,CON
14810214,61248722,2009-10-05,PRO
14810214,12898595,2010-10-05,CON
14810215,62030039,2014-07-28,PRO
14810216,10519167,2006-03-21,DIV
14810216,PCT/IB2003/002994,2003-07-01,NST
14810217,12769524,2010-04-28,CIP
14810217,61419749,2010-12-03,PRO
14810217,13309267,2011-12-01,DIV
14810218,61376991,2010-08-25,PRO
14810218,13039142,2011-03-02,CON
14810219,14311241,2014-06-21,CIP
14810220,61316270,2010-03-22,PRO
14810220,12941993,2010-11-08,CON
14810224,14311241,2014-06-21,CIP
14810229,62029534,2014-07-27,PRO
14810234,60185987,2000-03-01,PRO
14810234,60263473,2001-01-23,PRO
14810234,60263668,2001-01-23,PRO
14810234,09807742,2001-04-18,CON
14810234,11230299,2005-09-19,CIP
14810234,12013368,2008-01-11,CON
14810236,62029934,2014-07-28,PRO
14810236,62115486,2015-02-12,PRO
14810237,14124412,2013-12-06,CON
14810237,PCT/IN2011/000384,2011-06-08,NST
14810240,13266125,2012-02-14,CON
14810240,14148635,2014-01-06,CON
14810240,14284981,2014-05-22,CON
14810240,PCT/AU2010/000472,2010-04-23,NST
14810242,61999642,2014-08-01,PRO
14810248,62029230,2014-07-25,PRO
14810249,62029544,2014-07-27,PRO
14810251,PCT/JP2014/005633,2014-11-10,CON
14810253,61539032,2011-09-26,PRO
14810253,61555295,2011-11-03,PRO
14810253,13625915,2012-09-25,CIP
14810253,13669236,2012-11-05,CIP
14810255,13607720,2012-09-08,DIV
14810257,13834564,2013-03-15,CIP
14810261,62029759,2014-07-28,PRO
14810263,61643701,2012-05-07,PRO
14810263,13887749,2013-05-06,DIV
14810266,61926654,2014-01-13,PRO
14810266,14595374,2015-01-13,CIP
14810267,PCT/GB2014/050216,2014-01-28,CON
14810268,62028998,2014-07-25,PRO
14810269,14030569,2013-09-18,CON
14810274,62029317,2014-07-25,PRO
14810276,62029345,2014-07-25,PRO
14810277,62030465,2014-07-29,PRO
14810278,62038333,2014-08-17,PRO
14810280,13846232,2013-03-18,CON
14810280,PCT/US2011/051712,2011-09-15,CON
14810286,61024241,2008-01-29,PRO
14810286,PCT/US09/00554,2009-01-28,NST
14810286,12865221,2010-11-19,DIV
14810287,13990766,2013-09-20,DIV
14810287,PCT/JP2011/006551,2011-11-25,NST
14810288,61655968,2012-06-05,PRO
14810288,13604527,2012-09-05,CON
14810289,13509270,2012-05-10,CIP
14810289,PCT/JP2010/005215,2010-08-25,NST
14810290,60852882,2006-10-18,PRO
14810290,11873896,2007-10-17,CIP
14810290,12425303,2009-04-16,CIP
14810290,13088049,2011-04-15,DIV
14810291,61666864,2012-06-30,PRO
14810291,13931300,2013-06-28,CON
14810292,14492745,2014-09-22,CON
14810292,PCT/JP2013/056732,2013-03-12,CON
14810295,13501110,2012-06-28,CON
14810295,PCT/IL2010/000831,2010-10-12,NST
14810296,61546796,2011-10-13,PRO
14810296,13652315,2012-10-15,CIP
14810297,12485316,2009-06-16,CIP
14810297,12941983,2010-11-08,DIV
14810297,14012806,2013-08-28,CON
14810297,14535036,2014-11-06,CON
14810298,PCT/JP2014/052349,2014-01-31,CIP
14810298,PCT/JP2014/052350,2014-01-31,CIP
14810298,PCT/JP2014/052351,2014-01-31,CIP
14810298,PCT/JP2014/052352,2014-01-31,CIP
14810298,PCT/JP2014/060835,2014-04-16,CIP
14810299,62030457,2014-07-29,PRO
14810300,60865571,2006-11-13,PRO
14810300,11560380,2006-11-16,DIV
14810300,12778645,2010-05-12,CON
14810303,61370214,2010-08-03,PRO
14810303,13197695,2011-08-03,CON
14810303,14194977,2014-03-03,CIP
14810303,62138856,2015-03-26,PRO
14810306,14452048,2014-08-05,CIP
14810307,61165797,2009-04-01,PRO
14810307,12752332,2010-04-01,CIP
14810307,62028998,2014-07-25,PRO
14810310,61086619,2008-08-06,PRO
14810310,61188790,2008-08-13,PRO
14810310,12503775,2009-07-15,CIP
14810310,61250217,2009-10-09,PRO
14810310,12896351,2010-10-01,DIV
14810311,62029876,2014-07-28,PRO
14810313,13429310,2012-03-23,CON
14810313,14312636,2014-06-23,CON
14810316,62029268,2014-07-25,PRO
14810317,PCT/JP2014/001498,2014-03-17,CON
14810318,61086619,2008-08-06,PRO
14810318,61188790,2008-08-13,PRO
14810318,12503775,2009-07-15,CIP
14810318,61250217,2009-10-09,PRO
14810318,12896351,2010-10-01,DIV
14810319,62031080,2014-07-30,PRO
14810319,14497246,2014-09-25,CON
14810321,12609627,2009-10-30,CON
14810321,13271029,2011-10-11,CON
14810321,14028258,2013-09-16,CON
14810323,60577084,2004-06-04,PRO
14810323,60687174,2005-06-03,PRO
14810323,11145307,2005-06-03,CIP
14810323,11422056,2006-06-02,CIP
14810323,13083552,2011-04-09,CON
14810324,61244835,2009-09-22,PRO
14810324,12888304,2010-09-22,CON
14810325,13488696,2012-06-05,CON
14810326,14090890,2013-11-26,CON
14810333,62029377,2014-07-25,PRO
14810337,61753828,2013-01-17,PRO
14810337,14141990,2013-12-27,CON
14810338,61732225,2012-11-30,PRO
14810338,14092850,2013-11-27,CON
14810340,13969365,2013-08-16,CON
14810343,13679954,2012-11-16,CIP
14810344,62031115,2014-07-30,PRO
14810345,13905852,2013-05-30,CON
14810346,61028183,2008-02-12,PRO
14810346,12369733,2009-02-11,DIV
14810346,14016224,2013-09-03,CON
14810348,62029984,2014-07-28,PRO
14810350,PCT/US2014/013439,2014-01-28,CON
14810352,13527226,2012-06-19,CON
14810354,13769263,2013-02-15,DIV
14810355,13346386,2012-01-09,CIP
14810355,13749120,2013-01-24,CIP
14810355,13854720,2013-04-01,CIP
14810356,13951359,2013-07-25,CON
14810358,60336887,2001-11-07,PRO
14810358,10290974,2002-11-07,CON
14810358,11055588,2005-02-09,CON
14810362,13826331,2013-03-14,DIV
14810365,61554959,2011-11-02,PRO
14810365,13663369,2012-10-29,DIV
14810366,14455090,2014-08-08,CIP
14810366,14609085,2015-01-29,CIP
14810367,61871755,2013-08-29,PRO
14810367,14473983,2014-08-29,CON
14810369,61386030,2010-09-24,PRO
14810369,61411068,2010-11-08,PRO
14810369,13244206,2011-09-23,CIP
14810369,13292032,2011-11-08,CON
14810369,14047208,2013-10-07,CON
14810371,11923629,2007-10-24,CON
14810371,61042714,2008-04-05,PRO
14810371,61120372,2008-12-05,PRO
14810371,12418243,2009-04-03,CON
14810371,12630973,2009-12-04,DIV
14810371,12818517,2010-06-18,CON
14810371,61597757,2012-02-11,PRO
14810371,13404453,2012-02-24,CIP
14810371,13422757,2012-03-16,CON
14810371,13763913,2013-02-11,CON
14810371,14045562,2013-10-03,CON
14810371,14251505,2014-04-11,CIP
14810371,14722156,2015-05-27,CIP
14810374,13001345,2011-11-29,CON
14810374,PCT/ES2009/070231,2009-06-16,NST
14810376,62032578,2014-08-03,PRO
14810382,62029337,2014-07-25,PRO
14810385,13534780,2012-06-27,CON
14810387,61053229,2008-05-15,PRO
14810387,12432525,2009-04-29,DIV
14810387,13376156,2012-03-23,CIP
14810387,14094765,2013-12-02,CIP
14810387,PCT/US2010/037342,2010-06-03,NST
14810389,12951748,2010-11-22,CON
14810391,61811577,2013-04-12,PRO
14810391,13904992,2013-05-29,CON
14810392,13132320,2011-08-15,DIV
14810392,PCT/MY2008/000189,2008-12-18,NST
14810396,62029865,2014-07-28,PRO
14810398,PCT/JP2014/063587,2014-05-22,CON
14810399,13245598,2011-09-26,CON
14810403,62034096,2014-08-06,PRO
14810404,13838143,2013-03-15,CON
14810406,61724435,2012-11-09,PRO
14810406,14073871,2013-11-07,DIV
14810407,14245494,2014-04-04,CON
14810407,14591860,2015-01-07,CON
14810408,61724435,2012-11-09,PRO
14810408,14073871,2013-11-07,DIV
14810409,61724435,2012-11-09,PRO
14810409,14073871,2013-11-07,DIV
14810413,60895415,2007-03-16,PRO
14810413,12049149,2008-03-14,CON
14810413,12819766,2010-06-21,CON
14810418,61480946,2011-04-29,PRO
14810418,61513514,2011-07-29,PRO
14810418,61531147,2011-09-06,PRO
14810418,61531153,2011-09-06,PRO
14810418,61531164,2011-09-06,PRO
14810418,61531168,2011-09-06,PRO
14810418,61531175,2011-09-06,PRO
14810418,61531180,2011-09-06,PRO
14810418,61531194,2011-09-06,PRO
14810418,61531204,2011-09-06,PRO
14810418,61531209,2011-09-06,PRO
14810418,61531215,2011-09-06,PRO
14810418,13458021,2012-04-27,CON
14810421,11966913,2007-12-28,CON
14810425,13334416,2011-12-22,CON
14810426,12998807,2011-06-02,DIV
14810426,PCT/CN2009/071329,2009-04-17,NST
14810427,61480946,2011-04-29,PRO
14810427,61513514,2011-07-29,PRO
14810427,61531147,2011-09-06,PRO
14810427,61531153,2011-09-06,PRO
14810427,61531164,2011-09-06,PRO
14810427,61531168,2011-09-06,PRO
14810427,61531175,2011-09-06,PRO
14810427,61531180,2011-09-06,PRO
14810427,61531194,2011-09-06,PRO
14810427,61531204,2011-09-06,PRO
14810427,61531209,2011-09-06,PRO
14810427,61531215,2011-09-06,PRO
14810427,13458067,2012-04-27,CON
14810429,61940290,2014-02-14,PRO
14810429,61977069,2014-04-08,PRO
14810429,62060282,2014-10-06,PRO
14810429,62069772,2014-10-28,PRO
14810429,PCT/US15/15971,2015-02-13,CIP
14810429,62136258,2015-03-20,PRO
14810429,PCT/US15/25013,2015-04-08,CIP
14810429,62174443,2015-06-11,PRO
14810429,62230508,2015-06-05,PRO
14810431,61472617,2011-04-06,PRO
14810431,13438666,2012-04-03,CON
14810435,61779945,2013-03-13,PRO
14810435,14209561,2014-03-13,DIV
14810437,62030233,2014-07-29,PRO
14810440,61705182,2012-09-25,PRO
14810440,14035896,2013-09-24,CIP
14810442,61480946,2011-04-29,PRO
14810442,61513514,2011-07-29,PRO
14810442,61531147,2011-09-06,PRO
14810442,61531153,2011-09-06,PRO
14810442,61531164,2011-09-06,PRO
14810442,61531168,2011-09-06,PRO
14810442,61531175,2011-09-06,PRO
14810442,61531180,2011-09-06,PRO
14810442,61531194,2011-09-06,PRO
14810442,61531204,2011-09-06,PRO
14810442,61531209,2011-09-06,PRO
14810442,61531215,2011-09-06,PRO
14810442,13457994,2012-04-27,CON
14810444,62029399,2014-07-25,PRO
14810445,62060282,2014-10-06,PRO
14810445,62069772,2014-10-28,PRO
14810445,62136258,2015-03-20,PRO
14810445,62174443,2015-06-11,PRO
14810445,62230508,2015-06-05,PRO
14810445,PCT/US2015/015971,2015-02-13,CIP
14810445,PCT/US2015/025013,2015-04-08,CIP
14810448,61940290,2014-02-14,PRO
14810448,61977069,2014-04-08,PRO
14810448,62060282,2014-10-06,PRO
14810448,62069772,2014-10-28,PRO
14810448,PCT/US15/15971,2015-02-13,CIP
14810448,62136258,2015-03-20,PRO
14810448,PCT/US15/25013,2015-04-08,CIP
14810448,62174443,2015-06-11,PRO
14810448,62230508,2015-06-05,PRO
14810450,61480946,2011-04-29,PRO
14810450,61513514,2011-07-29,PRO
14810450,61531147,2011-09-06,PRO
14810450,61531153,2011-09-06,PRO
14810450,61531164,2011-09-06,PRO
14810450,61531168,2011-09-06,PRO
14810450,61531175,2011-09-06,PRO
14810450,61531180,2011-09-06,PRO
14810450,61531194,2011-09-06,PRO
14810450,61531204,2011-09-06,PRO
14810450,61531209,2011-09-06,PRO
14810450,61531215,2011-09-06,PRO
14810450,13457999,2012-04-27,CON
14810452,14446296,2014-07-29,CIP
14810454,14284379,2014-05-21,CIP
14810457,61480946,2011-04-29,PRO
14810457,61513514,2011-07-29,PRO
14810457,61531147,2011-09-06,PRO
14810457,61531153,2011-09-06,PRO
14810457,61531164,2011-09-06,PRO
14810457,61531168,2011-09-06,PRO
14810457,61531175,2011-09-06,PRO
14810457,61531180,2011-09-06,PRO
14810457,61531194,2011-09-06,PRO
14810457,61531204,2011-09-06,PRO
14810457,61531209,2011-09-06,PRO
14810457,61531215,2011-09-06,PRO
14810457,13457977,2012-04-27,CON
14810459,62029536,2014-07-27,PRO
14810459,62151697,2015-04-23,PRO
14810461,62030616,2014-07-30,PRO
14810462,11965053,2007-12-27,CON
14810462,14280541,2014-05-16,CON
14810465,12462107,2009-07-28,CIP
14810465,13385246,2012-02-08,CON
14810465,13766731,2013-02-13,CON
14810466,61480946,2011-04-29,PRO
14810466,61513514,2011-07-29,PRO
14810466,61531147,2011-09-06,PRO
14810466,61531153,2011-09-06,PRO
14810466,61531164,2011-09-06,PRO
14810466,61531168,2011-09-06,PRO
14810466,61531175,2011-09-06,PRO
14810466,61531180,2011-09-06,PRO
14810466,61531194,2011-09-06,PRO
14810466,61531204,2011-09-06,PRO
14810466,61531209,2011-09-06,PRO
14810466,61531215,2011-09-06,PRO
14810466,13457936,2012-04-27,CON
14810467,13245682,2011-09-26,CIP
14810467,13457414,2012-04-26,DIV
14810472,61480946,2011-04-29,PRO
14810472,61513514,2011-07-29,PRO
14810472,61531147,2011-09-06,PRO
14810472,61531153,2011-09-06,PRO
14810472,61531164,2011-09-06,PRO
14810472,61531168,2011-09-06,PRO
14810472,61531175,2011-09-06,PRO
14810472,61531180,2011-09-06,PRO
14810472,61531194,2011-09-06,PRO
14810472,61531204,2011-09-06,PRO
14810472,61531209,2011-09-06,PRO
14810472,61531215,2011-09-06,PRO
14810472,13458220,2012-04-27,CON
14810475,62003458,2014-05-27,PRO
14810476,61480946,2011-04-29,PRO
14810476,61513514,2011-07-29,PRO
14810476,61531147,2011-09-06,PRO
14810476,61531153,2011-09-06,PRO
14810476,61531164,2011-09-06,PRO
14810476,61531168,2011-09-06,PRO
14810476,61531175,2011-09-06,PRO
14810476,61531180,2011-09-06,PRO
14810476,61531194,2011-09-06,PRO
14810476,61531204,2011-09-06,PRO
14810476,61531209,2011-09-06,PRO
14810476,61531215,2011-09-06,PRO
14810476,13458179,2012-04-27,CON
14810476,14161660,2014-01-22,CON
14810481,13642155,2012-11-19,CON
14810481,PCT/FI2011/050368,2011-04-21,NST
14810483,61759409,2013-02-01,PRO
14810483,14133707,2013-12-19,CON
14810485,61759409,2013-02-01,PRO
14810485,14133707,2013-12-19,DIV
14810489,12376269,2010-03-22,CIP
14810489,13226387,2011-09-06,CON
14810489,PCT/GB2007/001398,2006-08-04,NST
14810490,13426604,2012-03-22,CIP
14810493,12320517,2009-01-28,CIP
14810493,13446758,2012-04-13,CIP
14810493,13479870,2012-05-24,CIP
14810493,13659902,2012-10-24,CIP
14810493,13843688,2013-03-15,CIP
14810493,13951429,2013-07-25,CON
14810493,14178589,2014-02-12,CON
14810495,12443824,2009-04-01,CON
14810495,13772377,2013-02-21,CON
14810495,PCT/IL2007/001233,2007-10-15,NST
14810496,13040286,2011-03-04,CON
14810496,13913528,2013-06-10,CON
14810497,62034172,2014-08-07,PRO
14810501,61529710,2011-08-31,PRO
14810501,13251039,2011-09-30,CON
14810502,62032784,2014-08-04,PRO
14810505,61036985,2008-03-16,PRO
14810505,61047107,2008-04-23,PRO
14810505,12404873,2009-03-16,CON
14810505,12836403,2010-07-14,CON
14810505,13345532,2012-01-06,CON
14810505,13563472,2012-07-31,CON
14810505,13802066,2013-03-13,CON
14810505,14029516,2013-09-17,CON
14810505,14592980,2015-01-09,CON
14810507,12016089,2008-01-17,DIV
14810509,13614290,2012-09-13,DIV
14810509,14279571,2014-05-16,DIV
14810512,62032654,2014-08-04,PRO
14810513,62030807,2014-07-30,PRO
14810518,13636237,2012-11-13,DIV
14810518,14513265,2014-10-14,DIV
14810518,PCT/US2011/029369,2011-03-22,NST
14810525,61058659,2008-06-04,PRO
14810525,61080847,2008-07-15,PRO
14810525,12478537,2009-06-04,DIV
14810525,13619512,2012-09-14,CON
14810529,61665482,2012-06-28,PRO
14810529,13930881,2013-06-28,DIV
14810530,12740068,2010-06-15,DIV
14810530,PCT/EP2008/009112,2008-10-29,NST
14810535,13489665,2012-06-06,CIP
14810540,62029770,2014-07-28,PRO
14810545,14054805,2013-10-15,CIP
14810550,13869874,2013-04-24,CIP
14810552,62029895,2014-07-28,PRO
14810553,13692421,2012-12-03,CON
14810556,12090490,2008-04-17,CON
14810556,13283165,2011-10-27,DIV
14810556,13777609,2013-02-26,DIV
14810556,PCT/US2006/041479,2006-10-24,NST
14810564,14256295,2014-04-18,DIV
14810564,PCT/EP2012/062826,2012-07-02,CON
14810569,12662525,2010-04-21,CON
14810569,13860934,2013-04-11,CON
14810571,62031241,2014-07-31,PRO
14810577,13384115,2012-01-13,CON
14810577,PCT/JP2010/062049,2010-07-16,NST
14810580,13388141,2012-03-16,DIV
14810580,PCT/EP2010/060174,2010-07-15,NST
14810581,62029680,2014-07-28,PRO
14810587,62029908,2014-07-28,PRO
14810589,14203630,2014-03-11,CON
14810590,61867821,2013-08-20,PRO
14810590,14462857,2014-08-19,CON
14810593,62030738,2014-07-30,PRO
14810595,62029757,2014-07-28,PRO
14810597,62033028,2014-08-04,PRO
14810605,62029704,2014-07-28,PRO
14810611,14217637,2014-03-18,DIV
14810612,62030576,2014-07-29,PRO
14810612,62030587,2014-07-29,PRO
14810613,13750022,2013-01-25,CON
14810617,61861777,2013-08-02,PRO
14810617,14173314,2014-02-05,DIV
14810618,62029656,2014-07-28,PRO
14810626,13718212,2012-12-18,DIV
14810630,62029744,2014-07-28,PRO
14810631,14131827,2014-04-17,CON
14810643,62034975,2014-08-08,PRO
14810650,61670742,2012-07-12,PRO
14810650,13937044,2013-07-08,CON
14810658,13855608,2013-04-02,CON
14810658,14527622,2014-10-29,CON
14810662,62030846,2014-07-30,PRO
14810676,61699183,2012-09-10,PRO
14810676,61727068,2012-11-15,PRO
14810676,13717544,2012-12-17,CON
14810678,13229749,2011-09-11,CON
14810678,14169266,2014-01-31,CON
14810679,62007982,2014-06-05,PRO
14810679,14306416,2014-06-17,CON
14810681,13309424,2011-12-01,DIV
14810683,62031037,2014-07-30,PRO
14810683,62043537,2014-08-29,PRO
14810683,62135791,2015-03-20,PRO
14810689,13641290,2012-10-15,DIV
14810691,62029719,2014-07-28,PRO
14810697,62030396,2014-07-29,PRO
14810700,12614786,2009-11-09,DIV
14810700,13292207,2011-11-09,CON
14810700,13613456,2012-09-13,CON
14810700,14282305,2014-05-20,DIV
14810701,12655491,2009-12-31,CON
14810701,14035087,2013-09-24,CON
14810701,14615496,2015-02-06,CON
14810703,14233548,2014-04-24,DIV
14810703,PCT/EP2012/063993,2012-07-17,NST
14810706,11756050,2007-05-31,CON
14810706,13166375,2011-06-22,CON
14810706,13736514,2013-01-08,CON
14810706,14072161,2013-11-05,CON
14810706,14547249,2014-11-19,CON
14810709,14187503,2014-02-24,DIV
14810712,PCT/US2014/013393,2014-01-28,CON
14810714,62031734,2014-07-31,PRO
14810714,14672146,2015-03-28,CIP
14810716,PCT/JP2014/067440,2014-06-30,CON
14810718,14712187,2015-05-14,CON
14810718,PCT/US2014/055124,2014-09-11,CON
14810721,62032781,2014-08-04,PRO
14810722,12849601,2010-08-03,CON
14810722,13858687,2013-04-08,CON
14810726,PCT/US2014/013401,2014-01-28,CON
14810727,62029723,2014-07-28,PRO
14810730,13503090,2012-06-22,CON
14810730,PCT/JP2010/006354,2010-10-27,NST
14810734,13886893,2013-05-03,CON
14810734,14447973,2014-07-31,CON
14810737,61394176,2010-10-18,PRO
14810737,12982451,2010-12-30,DIV
14810745,PCT/US14/45228,2014-07-02,NST
14810745,14431950,2015-03-27,CIP
14810745,PCT/US2014/010067,2014-01-02,CIP
14810748,61932979,2014-01-29,PRO
14810748,14458897,2014-08-13,CIP
14810749,PCT/KR2014/001926,2014-03-10,CON
14810751,60952542,2007-07-27,PRO
14810751,60952543,2007-07-27,PRO
14810751,60952545,2007-07-27,PRO
14810751,12172138,2008-07-11,CON
14810752,61318205,2010-03-26,PRO
14810752,13071751,2011-03-25,CON
14810756,62030127,2014-07-29,PRO
14810758,13118781,2011-05-31,DIV
14810760,61393685,2010-10-15,PRO
14810760,13273507,2011-10-14,DIV
14810764,62029916,2014-07-28,PRO
14810765,13702144,2012-12-05,CON
14810765,PCT/EP2011/059317,2011-06-06,NST
14810766,14006129,2013-11-06,CON
14810766,PCT/US2012/030031,2012-03-22,NST
14810767,62033885,2014-08-06,PRO
14810769,PCT/CN2013/071040,2013-01-28,CON
14810775,62029763,2014-07-28,PRO
14810776,13744904,2013-01-18,DIV
14810779,12824388,2010-06-28,DIV
14810780,13505612,2012-05-02,CON
14810780,PCT/US2010/055205,2010-11-03,NST
14810781,14052399,2013-10-11,CON
14810783,13806607,2012-12-21,DIV
14810783,PCT/EP2011/060606,2011-06-24,NST
14810784,PCT/JP2013/052276,2013-01-31,CON
14810789,PCT/JP2013/083018,2013-12-10,CON
14810794,62029756,2014-07-28,PRO
14810795,61637255,2012-04-23,PRO
14810795,13783901,2013-03-04,DIV
14810796,11042025,2005-01-25,CIP
14810796,11193239,2005-07-29,DIV
14810796,12104958,2008-04-17,CON
14810796,12940679,2010-11-05,CON
14810796,13936589,2013-07-08,CON
14810796,14573398,2014-12-17,CON
14810797,62030211,2014-07-29,PRO
14810798,62030212,2014-07-29,PRO
14810802,13364794,2012-02-02,DIV
14810803,62115749,2015-02-13,PRO
14810803,62115757,2015-02-13,PRO
14810803,14421914,2015-02-16,CON
14810803,PCT/IB2013/002245,2013-08-16,NST
14810804,62032726,2014-08-04,PRO
14810807,14343917,2014-08-06,CON
14810807,PCT/EP12/67513,2012-09-07,NST
14810808,11499447,2006-08-04,CIP
14810808,13051827,2011-03-18,CIP
14810808,13094248,2011-04-26,CIP
14810808,13354461,2012-01-20,DIV
14810812,13154543,2011-06-07,DIV
14810814,60541779,2004-02-05,PRO
14810814,11048100,2005-01-31,CON
14810814,60674382,2005-04-25,PRO
14810814,60692105,2005-06-21,PRO
14810814,11197786,2005-08-03,CIP
14810814,60731934,2005-11-01,PRO
14810814,60784799,2006-03-23,PRO
14810814,11446281,2006-06-02,CIP
14810814,60843672,2006-09-12,PRO
14810814,11552872,2006-10-25,CIP
14810814,11552872,2006-10-25,CON
14810814,11782750,2007-07-25,CIP
14810814,11782750,2007-07-25,CON
14810814,13107772,2011-05-13,CON
14810814,13750962,2013-01-25,DIV
14810814,13863293,2013-04-15,CIP
14810814,13921915,2013-06-19,CON
14810814,14020574,2013-09-06,CON
14810814,14150115,2014-01-08,CON
14810814,14231855,2014-04-01,CON
14810814,14454300,2014-08-07,CON
14810814,14557654,2014-12-02,CIP
14810814,14624904,2015-02-18,CIP
14810814,14663835,2015-03-20,CON
14810815,12146066,2008-06-25,DIV
14810816,61436874,2011-01-27,PRO
14810816,13035760,2011-02-25,CON
14810816,13941971,2013-07-15,CON
14810820,12253974,2008-10-18,CON
14810820,12956771,2010-11-30,CON
14810820,13948412,2013-07-23,CON
14810821,62029613,2014-07-28,PRO
14810824,61026230,2008-02-05,PRO
14810824,12365703,2009-02-04,CON
14810824,13744644,2013-01-18,CON
14810825,12838605,2010-07-19,CON
14810825,13655002,2012-10-18,CON
14810832,62031117,2014-07-30,PRO
14810833,62030576,2014-07-29,PRO
14810833,62030587,2014-07-29,PRO
14810835,62029891,2014-07-28,PRO
14810836,PCT/JP2013/075868,2013-09-25,CON
14810845,13039043,2011-03-02,CON
14810853,PCT/JP2014/051936,2014-01-29,CON
14810854,62032679,2014-08-04,PRO
14810856,61302071,2010-02-05,PRO
14810856,12953375,2010-11-23,CON
14810856,13691659,2012-11-30,CON
14810867,09760840,2001-01-17,CON
14810867,11062429,2005-02-23,CIP
14810867,60704446,2005-08-02,PRO
14810867,11368458,2006-03-07,CON
14810867,12773745,2010-05-04,CON
14810867,13157142,2011-06-09,CON
14810867,13618645,2012-09-14,CON
14810867,13840869,2013-03-15,CON
14810867,14311131,2014-06-20,CON
14810867,14498858,2014-09-26,CON
14810867,14605847,2015-01-26,CON
14810868,09760840,2001-01-17,CON
14810868,11062429,2005-02-23,CIP
14810868,60704446,2005-08-02,PRO
14810868,11368458,2006-03-07,CON
14810868,12773745,2010-05-04,CON
14810868,13157142,2011-06-09,CON
14810868,13618645,2012-09-14,CON
14810868,13840869,2013-03-15,CON
14810868,14311131,2014-06-20,CON
14810868,14498858,2014-09-26,CON
14810868,14605847,2015-01-26,CON
14810869,61452447,2011-03-14,PRO
14810869,13420207,2012-03-14,CIP
14810869,14278667,2014-05-15,CON
14810870,11836779,2007-08-10,CON
14810870,13761723,2013-02-07,CON
14810870,14266672,2014-04-30,CON
14810870,14484398,2014-09-12,CON
14810871,12390815,2009-02-23,CON
14810874,62031680,2014-07-31,PRO
14810876,PCT/JP2014/050956,2014-01-20,CON
14810877,09760840,2001-01-17,CON
14810877,11062429,2005-02-23,CIP
14810877,60704446,2005-08-02,PRO
14810877,11368458,2006-03-07,CON
14810877,12773745,2010-05-04,CON
14810877,13157142,2011-06-09,CON
14810877,13618645,2012-09-14,CON
14810877,13840869,2013-03-15,CON
14810877,14311131,2014-06-20,CON
14810877,14498858,2014-09-26,CON
14810877,14605847,2015-01-26,CON
14810878,61854154,2013-04-17,PRO
14810878,14254028,2014-04-16,CIP
14810879,09760840,2001-01-17,CON
14810879,11062429,2005-02-23,CIP
14810879,60704446,2005-08-02,PRO
14810879,11368458,2006-03-07,CON
14810879,12773745,2010-05-04,CON
14810879,13157142,2011-06-09,CON
14810879,13618645,2012-09-14,CON
14810879,13840869,2013-03-15,CON
14810879,14311131,2014-06-20,CON
14810879,14498858,2014-09-26,CON
14810879,14605847,2015-01-26,CON
14810882,14241584,2014-02-27,DIV
14810882,PCT/EP2012/066800,2012-08-29,NST
14810883,12452114,2010-04-26,CON
14810883,13829797,2013-03-14,CON
14810883,PCT/CA2008/001162,2008-06-18,NST
14810884,62029720,2014-07-28,PRO
14810885,09760840,2001-01-17,CON
14810885,11062429,2005-02-23,CIP
14810885,60704446,2005-08-02,PRO
14810885,11368458,2006-03-07,CON
14810885,12773745,2010-05-04,CON
14810885,13157142,2011-06-09,CON
14810885,13618645,2012-09-14,CON
14810885,13840869,2013-03-15,CON
14810885,14311131,2014-06-20,CON
14810885,14498858,2014-09-26,CON
14810885,14605847,2015-01-26,CON
14810886,09760840,2001-01-17,CON
14810886,11062429,2005-02-23,CIP
14810886,60704446,2005-08-02,PRO
14810886,11368458,2006-03-07,CON
14810886,12773745,2010-05-04,CON
14810886,13157142,2011-06-09,CON
14810886,13618645,2012-09-14,CON
14810886,13840869,2013-03-15,CON
14810886,14311131,2014-06-20,CON
14810886,14498858,2014-09-26,CON
14810886,14605847,2015-01-26,CON
14810888,13049415,2011-03-16,CON
14810888,14336018,2014-07-21,CON
14810893,61522576,2011-08-11,PRO
14810893,13572164,2012-08-10,CIP
14810897,13388213,2012-03-23,DIV
14810897,PCT/JP2010/054091,2010-03-11,NST
14810901,61671807,2012-07-16,PRO
14810901,13943283,2013-07-16,CON
14810905,08946998,1997-10-08,CON
14810905,10490081,2004-11-29,CON
14810905,12571173,2009-09-30,CON
14810905,14149371,2014-01-07,CON
14810905,14263185,2014-04-28,CON
14810905,14543306,2014-11-17,CON
14810905,PCT/EP02/10572,2002-09-19,NST
14810906,12968704,2010-12-15,CON
14810906,14260808,2014-04-24,CON
14810907,60623005,2004-10-27,PRO
14810907,60627248,2004-11-12,PRO
14810907,PCT/US05/39670,2005-10-27,NST
14810907,11666561,2008-02-04,CON
14810913,61468310,2011-03-28,PRO
14810913,13430802,2012-03-27,DIV
14810915,13148890,2011-08-10,CON
14810915,14227987,2014-03-27,CON
14810915,PCT/JP2010/000879,2010-02-12,NST
14810916,12179175,2008-07-24,CON
14810916,12943171,2010-11-10,DIV
14810917,62029821,2014-07-28,PRO
14810918,13340463,2011-12-29,CON
14810918,13765497,2013-02-12,CON
14810918,14501372,2014-09-30,CON
14810920,PCT/JP2014/052091,2014-01-30,CON
14810922,11014105,2004-12-16,CON
14810922,14450914,2014-08-04,CON
14810924,13320211,2012-01-20,DIV
14810924,PCT/JP2010/004826,2010-07-29,NST
14810926,13683816,2012-11-21,DIV
14810934,62029644,2014-07-28,PRO
14810935,61504599,2011-07-05,PRO
14810935,61585528,2012-01-11,PRO
14810935,13542100,2012-07-05,CON
14810936,PCT/JP2014/051818,2014-01-28,CON
14810939,13834275,2013-03-15,DIV
14810940,62032264,2014-08-01,PRO
14810941,61999525,2014-07-30,CON
14810943,62029882,2014-07-28,PRO
14810945,62040178,2014-08-21,PRO
14810951,13435844,2012-03-30,CON
14810951,PCT/CN2010/077480,2010-09-29,CON
14810953,13166415,2011-06-22,CON
14810953,14468666,2014-08-26,CON
14810953,14730368,2015-06-04,CON
14810956,61999603,2014-08-01,PRO
14810960,62040150,2014-08-21,PRO
14810962,62031325,2014-07-31,PRO
14810963,13955228,2013-07-31,CON
14810966,62041207,2014-08-25,PRO
14810967,62030839,2014-07-30,PRO
14810969,62030494,2014-07-29,PRO
14810975,11632156,2007-09-04,CON
14810975,PCT/GB05/02653,2005-07-06,NST
14810982,13874344,2013-04-30,CON
14810983,12992501,2011-03-07,CON
14810983,PCT/AU2009/000603,2009-05-14,NST
14810987,12964004,2010-12-09,DIV
14810992,13445374,2012-04-12,CON
14810995,13642809,2012-12-17,CON
14810995,PCT/US2011/033961,2011-04-26,NST
14810997,62040178,2014-08-21,PRO
14810999,62030419,2014-07-29,PRO
14811002,61999455,2014-07-28,PRO
14811003,12934775,2010-12-10,DIV
14811003,PCT/IL2009/000322,2009-03-23,NST
14811004,13965856,2013-08-13,REI
14811006,14475890,2014-09-03,CON
14811007,13718260,2012-12-18,CON
14811008,13455591,2012-04-25,CON
14811008,13923865,2013-06-21,CON
14811008,14280367,2014-05-16,CON
14811009,12918643,2010-10-08,CIP
14811009,PCT/DK2009/000052,2009-02-26,NST
14811010,62031374,2014-07-31,PRO
14811010,62103266,2015-01-14,PRO
14811011,61489656,2011-05-24,PRO
14811011,13480024,2012-05-24,DIV
14811011,13918453,2013-06-14,DIV
14811016,61719195,2012-10-26,PRO
14811016,14063902,2013-10-25,CON
14811017,61219143,2009-06-22,PRO
14811017,61219151,2009-06-22,PRO
14811017,PCT/US10/39473,2010-06-22,NST
14811017,13379291,2011-12-19,DIV
14811019,61667213,2012-07-02,PRO
14811019,61716688,2012-10-22,PRO
14811019,13802227,2013-03-13,CON
14811020,62029848,2014-07-28,PRO
14811024,12412011,2009-03-26,CON
14811026,62029780,2014-07-28,PRO
14811028,12817625,2010-06-17,DIV
14811028,13780902,2013-02-28,DIV
14811030,62030141,2014-07-29,PRO
14811030,62130360,2015-03-09,PRO
14811032,62031364,2014-07-31,PRO
14811035,14763985,2015-07-28,CON
14811035,PCT/US2014/012757,2014-01-23,NST
14811037,13387895,2012-03-16,DIV
14811037,PCT/EP2010/060130,2010-07-14,NST
14811038,61752897,2013-01-15,PRO
14811038,61790952,2013-03-15,PRO
14811038,61859118,2013-07-26,PRO
14811038,14155212,2014-01-14,CON
14811039,13982943,2013-07-31,CIP
14811039,PCT/KR2012/000742,2012-01-31,NST
14811040,13719590,2012-12-19,CON
14811041,PCT/EP2014/051652,2014-01-28,CON
14811042,PCT/CN2013/088943,2013-12-10,CON
14811043,13504666,2012-04-27,DIV
14811043,PCT/JP2010/068879,2010-10-25,NST
14811046,62030403,2014-07-29,PRO
14811048,12457257,2009-06-04,CON
14811048,13723312,2012-12-21,CON
14811049,62029850,2014-07-28,PRO
14811050,12140762,2008-06-17,DIV
14811050,14100148,2013-12-09,CON
14811051,13852802,2013-03-28,DIV
14811052,62029686,2014-07-28,PRO
14811054,62030408,2014-07-29,PRO
14811055,62120443,2015-02-25,PRO
14811055,PCT/IL2015/050109,2015-01-04,CIP
14811056,61649959,2012-05-22,PRO
14811056,13900129,2013-05-22,DIV
14811057,61868249,2013-08-21,PRO
14811057,61884380,2013-09-30,PRO
14811057,14041850,2013-09-30,CON
14811063,PCT/EP2014/051576,2014-01-28,CON
14811064,61498663,2011-06-20,PRO
14811064,61638848,2012-04-26,PRO
14811064,13528680,2012-06-20,CON
14811066,13391288,2012-02-19,CON
14811066,PCT/KR10/05516,2010-08-20,NST
14811068,13873739,2013-04-30,CON
14811071,62031022,2014-07-30,PRO
14811072,62035014,2014-08-08,PRO
14811073,13146357,2011-07-26,CON
14811073,PCT/US2010/021154,2010-01-15,NST
14811074,61649959,2012-05-22,PRO
14811074,13900129,2013-05-22,DIV
14811076,13516193,2012-06-14,CON
14811076,PCT/KR2010/009071,2010-12-17,NST
14811077,61541429,2011-09-30,PRO
14811077,13444297,2012-04-11,REI
14811079,13824476,2013-03-18,DIV
14811079,PCT/EP2011/072387,2011-12-09,NST
14811080,13511475,2012-08-27,CON
14811080,PCT/US2010/059343,2010-12-07,NST
14811081,13376235,2011-12-05,CON
14811081,PCT/AU2010/000691,2010-06-03,NST
14811083,60315203,2001-08-27,PRO
14811083,10227974,2002-08-26,DIV
14811083,12694678,2010-01-27,CON
14811083,13369062,2012-02-08,CON
14811090,13272522,2011-10-13,CON
14811092,13597333,2012-08-29,CON
14811095,61745105,2012-12-21,PRO
14811095,14108459,2013-12-17,DIV
14811100,62030442,2014-07-29,PRO
14811102,61406831,2010-10-26,PRO
14811102,PCT/US11/57699,2011-10-25,NST
14811102,13882017,2013-10-15,DIV
14811103,13897944,2013-05-20,CON
14811106,13660841,2012-10-25,CON
14811107,14003443,2013-09-05,CON
14811107,PCT/KR2012/001582,2012-03-02,NST
14811109,61066247,2008-02-19,PRO
14811109,61131952,2008-06-14,PRO
14811109,61189045,2008-08-16,PRO
14811109,PCT/US09/34356,2009-02-18,CIP
14811109,61210885,2009-03-24,PRO
14811109,12730547,2010-03-24,CON
14811111,13820146,2013-03-01,CON
14811111,PCT/KR2011/006501,2011-09-01,NST
14811114,62029995,2014-07-28,PRO
14811121,62029765,2014-07-28,PRO
14811123,12808317,2011-03-03,DIV
14811123,PCT/US2008/087399,2008-12-18,NST
14811125,61554581,2011-11-02,PRO
14811125,13667480,2012-11-02,CON
14811126,62029852,2014-07-28,PRO
14811129,13835625,2013-03-15,CON
14811132,PCT/JP2015/003717,2015-07-24,CON
14811133,62030049,2014-07-28,PRO
14811133,62074229,2014-11-03,PRO
14811134,62032636,2014-08-04,PRO
14811138,62030319,2014-07-29,PRO
14811139,61809926,2013-04-09,PRO
14811139,14248851,2014-04-09,CON
14811139,14558004,2014-12-02,CON
14811140,61644386,2012-05-08,PRO
14811140,13889751,2013-05-08,CON
14811142,62041612,2014-08-25,PRO
14811142,62153067,2015-04-27,PRO
14811143,61001241,2007-10-31,PRO
14811143,12252427,2008-10-16,CON
14811143,13043687,2011-03-09,CON
14811143,13466241,2012-05-08,CON
14811143,14567463,2014-12-11,CON
14811146,11744681,2007-05-04,CON
14811146,14173098,2014-02-05,CON
14811151,62029789,2014-07-28,PRO
14811153,14448286,2014-07-31,CON
14811157,12737764,2011-02-10,REI
14811157,PCT/KR2009/002462,2009-05-11,NST
14811162,14344810,2014-03-13,CON
14811162,PCT/KR2012/007409,2012-09-17,NST
14811163,14700896,2015-04-30,CON
14811164,62153901,2015-04-28,PRO
14811164,62160219,2015-05-12,PRO
14811164,14809238,2015-07-26,CON
14811167,13302656,2011-11-22,CON
14811169,62029974,2014-07-28,PRO
14811170,60379141,2002-05-08,PRO
14811170,10434326,2003-05-08,DIV
14811171,12681812,2010-04-20,CON
14811171,13775349,2013-02-25,CON
14811171,PCT/US2008/011598,2008-10-09,NST
14811172,61805962,2013-03-28,PRO
14811172,14228373,2014-03-28,CON
14811173,61757018,2013-01-25,PRO
14811173,14165287,2014-01-27,CON
14811175,61952981,2014-03-14,PRO
14811175,14630066,2015-02-24,CON
14811177,61419037,2010-12-02,PRO
14811177,13051414,2011-03-18,DIV
14811177,14060997,2013-10-23,DIV
14811178,PCT/JP2014/051989,2014-01-29,CON
14811179,14475890,2014-09-03,CON
14811180,62029880,2014-07-28,PRO
14811185,12084150,2009-04-07,CIP
14811185,12195863,2008-08-21,CIP
14811185,12348888,2009-01-05,CIP
14811185,12538495,2009-08-10,CIP
14811185,12603123,2009-10-21,CON
14811185,13602858,2012-09-04,CIP
14811185,13766463,2013-02-13,CON
14811185,62030075,2014-07-29,PRO
14811185,14643694,2015-03-10,CIP
14811185,PCT/IL2006/001235,2006-10-26,NST
14811187,62031513,2014-07-31,PRO
14811188,61392584,2010-10-13,PRO
14811188,61445741,2011-02-23,PRO
14811188,61447162,2011-02-28,PRO
14811188,13272027,2011-10-12,DIV
14811192,13343798,2012-01-05,DIV
14811194,62031179,2014-07-31,PRO
14811194,62186072,2015-06-29,PRO
14811196,60973990,2007-09-20,PRO
14811196,12234029,2008-09-19,CON
14811196,14092617,2013-11-27,CON
14811199,61690952,2012-07-09,PRO
14811199,13936408,2013-07-08,CON
14811201,12084150,2009-04-07,CIP
14811201,12195863,2008-08-21,CIP
14811201,12348888,2009-01-05,CIP
14811201,12538495,2009-08-10,CIP
14811201,12603123,2009-10-21,CON
14811201,13602858,2012-09-04,CIP
14811201,13766463,2013-02-13,CON
14811201,62030076,2014-07-29,PRO
14811201,14643694,2015-03-10,CIP
14811201,PCT/IL2006/001235,2006-10-26,NST
14811202,12364468,2009-02-02,CON
14811203,PCT/EP2014/051484,2014-01-27,CON
14811207,62029590,2014-07-28,PRO
14811209,12084150,2009-04-07,CIP
14811209,12195863,2008-08-21,CIP
14811209,12434221,2009-05-01,CON
14811209,13344400,2012-01-05,CIP
14811209,13624397,2012-09-21,CIP
14811209,13874195,2013-04-30,CIP
14811209,62030077,2014-07-29,PRO
14811209,PCT/IL2006/001235,2006-10-26,NST
14811212,60096126,1998-08-10,PRO
14811212,09371460,1999-08-10,CIP
14811212,60186474,2000-03-02,PRO
14811212,60214991,2000-06-29,PRO
14811212,09798594,2001-03-02,CIP
14811212,09896150,2001-06-29,CON
14811212,11550138,2006-10-17,CON
14811214,13255726,2011-10-18,DIV
14811214,PCT/JP2010/053832,2010-03-09,NST
14811215,62029813,2014-07-28,PRO
14811215,62029826,2014-07-28,PRO
14811219,12084150,2009-04-07,CIP
14811219,12195863,2008-08-21,CIP
14811219,12434221,2009-05-01,CON
14811219,13344400,2012-01-05,CIP
14811219,13624397,2012-09-21,CIP
14811219,13874115,2013-04-30,CIP
14811219,62030079,2014-07-29,PRO
14811219,PCT/IL2006/001235,2006-10-26,NST
14811221,14446005,2014-07-29,CIP
14811222,14062092,2013-10-24,CON
14811224,62030585,2014-07-29,PRO
14811225,62029930,2014-07-28,PRO
14811227,12084150,2009-04-07,CIP
14811227,12195863,2008-08-21,CIP
14811227,12348888,2009-01-05,CIP
14811227,62030080,2014-07-29,PRO
14811227,PCT/IL2006/001235,2006-10-26,NST
14811229,13631826,2012-09-28,CON
14811231,PCT/NL14/50046,2014-01-29,CON
14811234,62030252,2014-07-29,PRO
14811234,14728259,2015-06-02,CIP
14811234,14728259,2015-06-02,CON
14811234,14740557,2015-06-16,CIP
14811234,14745951,2015-06-22,CIP
14811234,14755669,2015-06-30,CIP
14811235,61140071,2008-12-22,PRO
14811235,12641559,2009-12-18,CIP
14811235,62030296,2014-07-29,PRO
14811236,14272691,2014-05-08,DIV
14811237,61804539,2013-03-22,PRO
14811237,14018011,2013-09-04,CON
14811238,62029683,2014-07-28,PRO
14811240,62031690,2014-07-31,PRO
14811242,12095692,2009-02-06,DIV
14811242,13895881,2013-05-16,DIV
14811242,PCT/US2006/036009,2006-09-15,NST
14811244,61269594,2009-06-26,PRO
14811244,12803345,2010-06-24,DIV
14811244,13835951,2013-03-15,CON
14811245,13755573,2013-01-31,DIV
14811246,62039128,2014-08-19,PRO
14811246,14517344,2014-10-17,DIV
14811246,14666812,2015-03-24,CON
14811248,11252326,2005-10-17,CIP
14811248,11847435,2007-08-30,CIP
14811248,12573881,2009-10-05,CIP
14811248,13842407,2013-03-15,CIP
14811250,13669899,2012-11-06,CON
14811252,PCT/JP2014/053399,2014-02-14,CON
14811253,13853361,2013-03-29,CIP
14811254,61838028,2013-06-21,PRO
14811254,13960865,2013-08-07,CON
14811258,14163646,2014-01-24,CON
14811258,14185987,2014-02-21,CON
14811259,62029724,2014-07-28,PRO
14811266,61548639,2011-10-18,PRO
14811266,13594674,2012-08-24,CON
14811268,62030271,2014-07-29,PRO
14811270,62030998,2014-07-30,PRO
14811275,13732881,2013-01-02,DIV
14811276,PCT/US2014/013397,2014-01-28,CIP
14811279,13145640,2011-07-21,CON
14811279,PCT/EP2009/050643,2009-01-21,NST
14811283,60019879,1996-06-17,PRO
14811283,08755174,1996-11-25,CIP
14811283,08900965,1997-07-25,CIP
14811283,09083531,1998-05-22,CIP
14811283,09175226,1998-10-20,CIP
14811283,09633479,2000-08-07,CON
14811283,10108845,2002-03-26,CON
14811283,11158787,2005-06-22,DIV
14811283,12202815,2008-09-02,CON
14811283,13565005,2012-08-02,CON
14811283,14133085,2013-12-18,CON
14811283,14622391,2015-02-13,CON
14811284,13923925,2013-06-21,CON
14811284,14468383,2014-08-26,CON
14811285,PCT/EP2014/051599,2014-01-28,CON
14811288,13484649,2012-05-31,CON
14811291,13790759,2013-03-08,CON
14811291,14809977,2015-07-27,CON
14811292,13250356,2011-09-30,CON
14811293,13741052,2013-01-14,DIV
14811299,61051145,2008-05-07,PRO
14811299,PCT/US09/43055,2009-05-06,NST
14811299,12991391,2010-12-07,CON
14811299,13858467,2013-04-08,CON
14811299,14305947,2014-06-16,CON
14811303,13718863,2012-12-18,DIV
14811308,PCT/CN2014/070922,2014-01-20,CON
14811309,61824108,2013-05-16,PRO
14811309,14279534,2014-05-16,DIV
14811310,62029702,2014-07-28,PRO
14811310,62061551,2014-10-08,PRO
14811310,62161979,2015-05-15,PRO
14811313,12518355,2009-11-17,CON
14811313,PCT/US2007/025419,2007-12-11,NST
14811316,62029696,2014-07-28,PRO
14811317,62030517,2014-07-29,PRO
14811318,12519835,2010-09-16,CON
14811318,PCT/KR2007/006598,2007-12-17,NST
14811321,13811198,2013-01-24,CON
14811321,PCT/KR2011/005307,2011-07-19,NST
14811329,13697916,2012-11-14,CON
14811329,PCT/EP10/56662,2010-05-14,NST
14811330,61406080,2010-10-22,PRO
14811330,61406937,2010-10-26,PRO
14811330,61407349,2010-10-27,PRO
14811330,13279141,2011-10-21,CON
14811331,10927244,2004-08-27,CON
14811331,13212240,2011-08-18,CON
14811331,13860654,2013-04-11,CON
14811331,14473389,2014-08-29,DIV
14811332,61703616,2012-09-20,PRO
14811332,14032835,2013-09-20,DIV
14811333,61745066,2012-12-21,PRO
14811333,14022284,2013-09-10,CIP
14811334,62033257,2014-08-05,PRO
14811335,60806422,2006-06-30,PRO
14811335,11824325,2007-06-29,DIV
14811336,13247307,2011-09-28,CON
14811337,62041629,2014-08-25,PRO
14811339,61734473,2012-12-07,PRO
14811339,13746768,2013-01-22,CON
14811340,14444380,2014-07-28,DIV
14811341,62032243,2014-08-01,PRO
14811342,61234129,2009-08-14,PRO
14811342,12855889,2010-08-13,DIV
14811353,61828007,2013-05-28,PRO
14811353,14143621,2013-12-30,CON
14811354,62029779,2014-07-28,PRO
14811355,61142053,2008-12-31,PRO
14811355,61142065,2008-12-31,PRO
14811355,61234692,2009-08-18,PRO
14811355,61238770,2009-09-01,PRO
14811355,12648475,2009-12-29,DIV
14811358,11700535,2007-01-30,CON
14811358,12455638,2009-06-03,CIP
14811358,12653058,2009-12-07,CIP
14811358,13745945,2013-01-21,CIP
14811358,62030228,2014-07-29,PRO
14811358,14502495,2014-09-30,CIP
14811360,13106054,2011-05-12,CON
14811360,13454804,2012-04-24,DIV
14811360,13919538,2013-06-17,CON
14811360,PCT/CN2009/074915,2009-11-12,CON
14811364,12996460,2011-04-08,DIV
14811364,14048339,2013-10-08,DIV
14811364,14226132,2014-03-26,DIV
14811364,PCT/EP2009/003650,2009-05-22,NST
14811365,60374437,2002-04-19,PRO
14811365,10419304,2003-04-18,CON
14811365,11428716,2006-07-05,CON
14811365,13494450,2012-06-12,CON
14811365,13871330,2013-04-26,CON
14811365,14313015,2014-06-24,CON
14811366,13750750,2013-01-25,DIV
14811369,62034491,2014-08-07,PRO
14811373,13240594,2011-09-22,DIV
14811379,13551181,2012-07-17,CON
14811379,14137419,2013-12-20,CON
14811379,PCT/US2012/037205,2012-05-10,CON
14811383,62030257,2014-07-29,PRO
14811385,14373385,2014-07-21,CON
14811385,PCT/US2012/027107,2012-02-29,NST
14811386,PCT/EP2014/051592,2014-01-28,CON
14811393,14178180,2014-02-11,CON
14811396,13510226,2012-07-18,DIV
14811396,PCT/KR2010/008055,2010-11-15,NST
14811398,13421530,2012-03-15,DIV
14811398,PCT/IL2010/000780,2010-09-21,CIP
14811400,62030011,2014-07-28,PRO
14811400,62046821,2014-09-05,PRO
14811401,61696213,2012-09-02,PRO
14811401,14016206,2013-09-02,CON
14811409,61759949,2013-02-01,PRO
14811409,61913379,2013-12-08,PRO
14811409,14169161,2014-01-31,CON
14811415,11717827,2007-03-14,CON
14811415,13854544,2013-04-01,CON
14811416,12737764,2011-02-10,REI
14811416,14811157,2015-07-28,CON
14811416,PCT/KR2009/002462,2009-05-11,NST
14811417,13920912,2013-06-18,CON
14811420,14368124,2014-06-23,CON
14811420,PCT/US2012/070866,2012-12-20,NST
14811426,62031752,2014-07-31,PRO
14811427,62036404,2014-08-12,PRO
14811429,13879534,2013-04-15,CON
14811429,PCT/KR11/07671,2011-10-14,NST
14811430,11804432,2007-05-18,CON
14811431,PCT/FI2014/050181,2014-03-13,CON
14811432,62032328,2014-08-01,PRO
14811438,13708611,2012-12-07,CON
14811438,PCT/CN2011/075014,2011-05-31,CON
14811439,13984058,2013-08-07,CIP
14811439,14586836,2014-12-30,CIP
14811439,PCT/US2013/038537,2013-04-26,NST
14811442,10550557,2005-09-23,CON
14811442,12643507,2009-12-21,CON
14811442,13895883,2013-05-16,CON
14811442,PCT/JP2004/004875,2004-04-02,CON
14811448,14257955,2014-04-21,CON
14811448,PCT/CN2014/074232,2014-03-27,CON
14811449,62030478,2014-07-29,PRO
14811450,12737764,2011-02-10,REI
14811450,14811157,2015-07-28,CON
14811450,PCT/KR2009/002462,2009-05-11,NST
14811451,12692414,2010-01-22,CON
14811451,13933409,2013-07-02,CON
14811453,12888970,2010-09-23,REI
14811454,62029931,2014-07-28,PRO
14811456,14094111,2013-12-02,CON
14811458,13002178,2011-03-02,DIV
14811458,14257552,2014-04-21,DIV
14811458,PCT/US2009/047534,2009-06-16,NST
14811461,12861251,2010-08-23,CON
14811464,13704010,2012-12-13,CON
14811464,14588712,2015-01-02,CON
14811464,PCT/JP2011/002802,2011-05-19,NST
14811466,13290855,2011-11-07,CIP
14811466,14040004,2013-09-27,CON
14811467,61365177,2010-07-16,PRO
14811467,13185143,2011-07-18,CON
14811468,12737764,2011-02-10,REI
14811468,14811157,2015-07-28,CON
14811468,PCT/KR2009/002462,2009-05-11,NST
14811473,62084940,2014-11-26,PRO
14811473,PCT/US2015/013095,2015-01-27,CIP
14811482,13274162,2011-10-14,CON
14811483,13424412,2012-03-20,CON
14811485,12737764,2011-02-10,REI
14811485,14811157,2015-07-28,CON
14811485,PCT/KR2009/002462,2009-05-11,NST
14811490,62030383,2014-07-29,PRO
14811491,62030513,2014-07-29,PRO
14811494,13564122,2012-08-01,CON
14811494,13794338,2013-03-11,CON
14811502,62030120,2014-07-29,PRO
14811503,10581534,2006-06-01,DIV
14811503,13183348,2011-07-14,CON
14811503,13797568,2013-03-12,CON
14811503,14194543,2014-02-28,DIV
14811503,PCT/AU2004/001689,2004-12-03,NST
14811504,62030049,2014-07-28,PRO
14811504,62074229,2014-11-03,PRO
14811508,14495953,2014-09-25,DIV
14811510,62030448,2014-07-29,PRO
14811511,12737764,2011-02-10,REI
14811511,14811157,2015-07-28,CON
14811511,PCT/KR2009/002462,2009-05-11,NST
14811512,62031681,2014-07-31,PRO
14811513,13960357,2013-08-06,DIV
14811515,61978702,2014-04-11,PRO
14811515,14322100,2014-07-02,DIV
14811518,13534086,2012-06-27,CON
14811523,61446180,2011-02-24,PRO
14811523,13404707,2012-02-24,CIP
14811524,14015980,2013-08-30,CON
14811525,12874392,2010-09-02,CON
14811526,10959362,2004-10-06,CIP
14811526,11669066,2007-01-30,CON
14811526,13269155,2011-10-07,CON
14811526,14182759,2014-02-18,CON
14811527,62030045,2014-07-28,PRO
14811531,PCT/EP2014/051580,2014-01-28,CIP
14811533,62030291,2014-07-29,PRO
14811535,12737764,2011-02-10,REI
14811535,14811157,2015-07-28,CON
14811535,PCT/KR2009/002462,2009-05-11,NST
14811536,13299098,2011-11-17,CON
14811540,61054305,2008-05-19,PRO
14811540,12467883,2009-05-18,CON
14811540,13859098,2013-04-09,CON
14811540,14519823,2014-10-21,CON
14811541,61507482,2011-07-13,PRO
14811541,13549267,2012-07-13,CON
14811542,62030557,2014-07-29,PRO
14811542,62054251,2014-09-23,PRO
14811544,62029996,2014-07-28,PRO
14811545,12737764,2011-02-10,REI
14811545,PCT/KR2009/002462,2009-05-11,NST
14811547,62030010,2014-07-28,PRO
14811548,14566057,2014-12-10,CIP
14811548,14810471,2015-07-27,CIP
14811550,60706886,2005-08-09,PRO
14811550,11501676,2006-08-08,CIP
14811550,12032564,2008-02-15,CIP
14811550,61109127,2008-10-28,PRO
14811550,12607360,2009-10-28,CON
14811550,13765522,2013-02-12,CON
14811552,13434564,2012-03-29,CON
14811554,12737764,2011-02-10,REI
14811554,PCT/KR2009/002462,2009-05-11,NST
14811555,62031749,2014-07-31,PRO
14811555,62133652,2015-03-16,PRO
14811557,62034022,2014-08-06,PRO
14811558,62032237,2014-08-01,PRO
14811560,61385696,2010-09-23,PRO
14811560,13243572,2011-09-23,CON
14811562,13930859,2013-06-28,DIV
14811563,13108177,2011-05-16,CON
14811564,13506125,2012-03-29,CON
14811568,62030358,2014-07-29,PRO
14811569,62030513,2014-07-29,PRO
14811570,12737764,2011-02-10,REI
14811570,14811157,2015-07-28,CON
14811570,PCT/KR2009/002462,2009-05-11,NST
14811572,13641047,2012-12-21,DIV
14811572,PCT/JP2011/060348,2011-04-28,NST
14811577,PCT/CN2014/071008,2014-01-21,CON
14811578,62031063,2014-07-30,PRO
14811578,62195908,2015-07-23,PRO
14811579,60696037,2005-07-01,PRO
14811579,11479619,2006-06-30,CON
14811581,61087945,2008-08-11,PRO
14811581,12537984,2009-08-07,CON
14811582,13199549,2011-08-31,CON
14811582,14179472,2014-02-12,CON
14811585,62029781,2014-07-28,PRO
14811591,PCT/CN2013/071194,2013-01-31,CON
14811592,60227439,2000-08-22,PRO
14811592,09713994,2000-11-16,CIP
14811592,11479226,2006-06-30,DIV
14811592,12977763,2010-12-23,DIV
14811593,11367155,2006-03-03,DIV
14811594,62029915,2014-07-28,PRO
14811595,62034049,2014-08-06,PRO
14811597,10177825,2002-06-21,CON
14811597,13540790,2012-07-03,CON
14811598,11973001,2007-10-04,CON
14811598,13631025,2012-09-28,CON
14811598,14264959,2014-04-29,DIV
14811598,PCT/US2006/010945,2006-03-22,CON
14811599,13955998,2013-07-31,CON
14811606,61229312,2009-07-29,PRO
14811606,12710073,2010-02-22,CON
14811607,PCT/US2013/025622,2013-02-11,CON
14811608,14356842,2014-05-07,CON
14811608,PCT/EP2012/072071,2012-11-07,NST
14811611,PCT/CN2013/071088,2013-01-29,CON
14811613,60239330,2000-10-10,PRO
14811613,60305337,2001-07-13,PRO
14811613,09969431,2001-10-02,DIV
14811613,11099886,2005-04-06,CON
14811613,14029552,2013-09-17,CON
14811614,60792420,2006-04-17,PRO
14811614,60850685,2006-10-10,PRO
14811614,11785327,2007-04-17,CON
14811614,13049386,2011-03-16,CIP
14811614,13669985,2012-11-06,CIP
14811614,14176068,2014-02-08,CIP
14811614,62029872,2014-07-28,PRO
14811614,14699742,2015-04-29,CIP
14811615,62029922,2014-07-28,PRO
14811617,60735340,2005-11-12,PRO
14811617,11595513,2006-11-09,CIP
14811617,61090575,2008-08-20,PRO
14811617,12269693,2008-11-12,CON
14811617,13936773,2013-07-08,CON
14811618,62033403,2014-08-05,PRO
14811619,62030016,2014-07-28,PRO
14811622,62032382,2014-08-01,PRO
14811625,60985617,2007-11-05,PRO
14811625,12680154,2010-03-25,CON
14811631,61322777,2010-04-09,PRO
14811631,61391500,2010-10-08,PRO
14811631,61415213,2010-11-18,PRO
14811631,13083320,2011-04-08,REI
14811632,12836741,2010-07-15,CIP
14811632,13649548,2012-10-11,CON
14811633,61609875,2012-03-12,PRO
14811633,61672257,2012-07-16,PRO
14811633,61672661,2012-07-17,PRO
14811633,61673254,2012-07-19,PRO
14811633,61674691,2012-07-23,PRO
14811633,61676275,2012-07-26,PRO
14811633,13598582,2012-08-29,CIP
14811633,13622653,2012-09-19,CIP
14811633,13630522,2012-09-28,CIP
14811633,13796314,2013-03-12,CIP
14811633,62030589,2014-07-29,PRO
14811633,62091333,2014-12-12,PRO
14811634,12907721,2010-10-19,CIP
14811636,13997085,2013-06-21,CON
14811636,PCT/US2011/059229,2011-11-03,NST
14811637,62030454,2014-07-29,PRO
14811637,62090250,2014-12-10,PRO
14811638,62030546,2014-07-29,PRO
14811639,PCT/US2014/014286,2014-01-31,CON
14811641,61511484,2011-07-25,PRO
14811641,13558242,2012-07-25,CON
14811643,PCT/KR2013/010202,2013-11-11,CIP
14811646,62030441,2014-07-29,PRO
14811647,62030162,2014-07-29,PRO
14811651,14095776,2013-12-03,CON
14811652,14250216,2014-04-10,CIP
14811655,11766617,2007-06-21,DIV
14811655,13725383,2012-12-21,CIP
14811655,13802040,2013-03-13,CON
14811657,62029857,2014-07-28,PRO
14811662,62029856,2014-07-28,PRO
14811663,62030006,2014-07-28,PRO
14811663,62051225,2014-09-16,PRO
14811664,61028443,2008-02-13,PRO
14811664,61046685,2008-04-21,PRO
14811664,61112605,2008-11-07,PRO
14811664,PCT/US09/63643,2009-11-06,NST
14811664,13128232,2011-07-22,CIP
14811664,62119107,2015-02-21,PRO
14811664,62177336,2015-03-11,PRO
14811664,62143011,2015-04-03,PRO
14811664,62144287,2015-04-07,PRO
14811664,62160375,2015-05-12,PRO
14811665,62032469,2014-08-01,PRO
14811666,14367845,2014-06-20,CON
14811666,PCT/EP2012/076812,2012-12-21,NST
14811668,61582146,2011-12-30,PRO
14811668,13453952,2012-04-23,CON
14811686,62029857,2014-07-28,PRO
14811688,62029616,2014-07-28,PRO
14811688,62109539,2015-01-29,PRO
14811690,13976061,2013-06-26,CON
14811690,14154442,2014-01-14,CON
14811690,PCT/EP2011/074035,2011-12-23,NST
14811692,13279125,2011-10-21,CON
14811692,14466618,2014-08-22,CON
14811693,61436951,2011-01-27,PRO
14811693,13360279,2012-01-27,CON
14811696,PCT/JP2014/056000,2014-03-07,CON
14811700,61737517,2012-12-14,PRO
14811700,14066295,2013-10-29,CON
14811703,14050642,2013-10-10,CIP
14811704,62030157,2014-07-29,PRO
14811705,PCT/EP2014/051593,2014-01-28,CON
14811710,61471008,2011-04-01,PRO
14811710,61471068,2011-04-01,PRO
14811710,61471131,2011-04-02,PRO
14811710,61471133,2011-04-02,PRO
14811710,61481972,2011-05-03,PRO
14811710,13437748,2012-04-02,CON
14811711,62030056,2014-07-28,PRO
14811715,61145925,2009-01-20,PRO
14811715,PCT/US10/21461,2010-01-20,NST
14811715,13142191,2011-12-07,CIP
14811716,PCT/EP2014/051585,2014-01-28,CON
14811717,62031801,2014-07-31,PRO
14811719,62030520,2014-07-29,PRO
14811720,61598298,2012-02-13,PRO
14811720,61664619,2012-06-26,PRO
14811720,13764476,2013-02-11,CON
14811722,PCT/EP2014/051591,2014-01-28,CON
14811727,PCT/EP2014/051641,2014-01-28,CON
14811733,62029913,2014-07-28,PRO
14811733,62032306,2014-08-01,PRO
14811737,62029938,2014-07-28,PRO
14811740,62127765,2015-03-03,PRO
14811740,62146899,2015-04-13,PRO
14811741,12755337,2010-04-06,CIP
14811741,13080201,2011-04-05,DIV
14811741,14030067,2013-09-18,CON
14811743,62029929,2014-07-28,PRO
14811744,62029712,2014-07-28,PRO
14811745,62030000,2014-07-28,PRO
14811748,PCT/EP2014/051631,2014-01-28,CON
14811752,61724813,2012-11-09,PRO
14811752,14077134,2013-11-11,CON
14811755,11775848,2007-07-10,CON
14811756,12942328,2010-11-09,DIV
14811756,14160536,2014-01-21,CON
14811758,62029792,2014-07-28,PRO
14811760,14076638,2013-11-11,CON
14811761,61617474,2012-03-29,PRO
14811761,13713536,2012-12-13,CON
14811764,62029819,2014-07-28,PRO
14811767,11966875,2007-12-28,CON
14811767,13523727,2012-06-14,CON
14811767,14027062,2013-09-13,CON
14811768,61301122,2010-02-03,PRO
14811768,13019942,2011-02-02,CON
14811768,13846659,2013-03-18,CON
14811768,14283190,2014-05-20,CON
14811778,PCT/EP2014/051649,2014-01-28,CON
14811779,13693450,2012-12-04,CON
14811787,62029847,2014-07-28,PRO
14811790,PCT/EP2014/051603,2014-01-28,CON
14811791,PCT/US2014/014292,2014-01-31,CON
14811794,60434776,2002-12-18,PRO
14811794,10331806,2002-12-30,DIV
14811794,12143210,2008-06-20,DIV
14811794,12785364,2010-05-21,CON
14811794,13850002,2013-03-25,CON
14811797,62030043,2014-07-28,PRO
14811799,61692411,2012-08-23,PRO
14811799,13781509,2013-02-28,DIV
14811800,62030043,2014-07-28,PRO
14811803,62029713,2014-07-28,PRO
14811805,61698635,2012-09-08,PRO
14811809,12139081,2008-06-13,CON
14811811,62030258,2014-07-29,PRO
14811812,62030043,2014-07-28,PRO
14811813,13830033,2013-03-14,DIV
14811814,13784839,2013-03-05,DIV
14811815,62030466,2014-07-29,PRO
14811817,62030541,2014-07-29,PRO
14811822,62030499,2014-07-29,PRO
14811824,62029713,2014-07-28,PRO
14811825,13189124,2011-07-22,DIV
14811826,61108686,2008-10-27,PRO
14811826,61173396,2009-04-28,PRO
14811826,61186616,2009-06-12,PRO
14811826,12606758,2009-10-27,CON
14811826,13846139,2013-03-18,CON
14811828,62030591,2014-07-29,PRO
14811830,62030598,2014-07-29,PRO
14811831,62031527,2014-07-31,PRO
14811834,61530380,2011-09-01,PRO
14811834,13602857,2012-09-04,CON
14811843,13784839,2013-03-05,CON
14811847,12638063,2009-12-15,DIV
14811847,14071584,2013-11-04,CON
14811848,13808580,2013-01-04,DIV
14811848,PCT/KR2010/006143,2010-09-09,NST
14811854,62031877,2014-08-01,PRO
14811858,12989113,2010-10-22,CIP
14811859,13144938,2011-07-18,DIV
14811859,14246161,2014-04-07,CON
14811859,PCT/IB2010/050225,2010-01-18,NST
14811870,62032777,2014-08-04,PRO
14811877,PCT/JP2013/077657,2013-10-10,CON
14811878,61308055,2010-02-25,PRO
14811878,13035423,2011-02-25,CON
14811879,62039475,2014-08-20,PRO
14811881,61382511,2010-09-14,PRO
14811881,PCT/US11/50302,2011-09-02,NST
14811881,13820834,2013-03-05,CON
14811888,14280718,2014-05-19,CON
14811892,13722869,2012-12-20,DIV
14811896,13025896,2011-02-11,DIV
14811897,PCT/JP2013/052084,2013-01-30,CON
14811898,62031408,2014-07-31,PRO
14811899,14414151,2015-01-12,CON
14811899,PCT/JP2013/069421,2013-07-17,NST
14811901,62030388,2014-07-29,PRO
14811903,60840419,2006-08-26,PRO
14811903,60843247,2006-09-08,PRO
14811903,60861407,2006-11-28,PRO
14811903,60900311,2007-02-08,PRO
14811903,60902081,2007-02-15,PRO
14811903,11893639,2007-08-17,CON
14811903,12900041,2010-10-07,CON
14811903,13171534,2011-06-29,CON
14811903,13770278,2013-02-19,CON
14811903,14339590,2014-07-24,CON
14811905,10583508,2007-05-15,CON
14811905,12805287,2010-07-22,CON
14811905,PCT/SE2004/001955,2004-12-22,NST
14811908,14226922,2014-03-27,CON
14811909,61363120,2010-07-09,PRO
14811909,13178641,2011-07-08,DIV
14811910,62030630,2014-07-30,PRO
14811915,PCT/US14/13502,2014-01-29,CON
14811923,61411412,2010-11-08,PRO
14811923,13292010,2011-11-08,DIV
14811926,PCT/JP2014/052177,2014-01-24,CON
14811927,61576014,2011-12-15,PRO
14811927,13716737,2012-12-17,CON
14811930,13750295,2013-01-25,CIP
14811933,62030095,2014-07-29,PRO
14811936,14619712,2015-02-11,CON
14811942,14307827,2014-06-18,CIP
14811942,14577035,2014-12-19,CIP
14811946,61221306,2009-06-29,PRO
14811946,12826118,2010-06-29,CIP
14811946,14138463,2013-12-23,CON
14811949,12331639,2008-12-10,CON
14811949,13458027,2012-04-27,CON
14811949,13970696,2013-08-20,CON
14811951,62031428,2014-07-31,PRO
14811952,12981597,2010-12-30,CON
14811953,PCT/JP2014/053688,2014-02-18,CON
14811958,62031414,2014-07-31,PRO
14811960,12196703,2008-08-22,CON
14811960,13833240,2013-03-15,CON
14811966,12067229,2008-03-18,CON
14811966,13223425,2011-09-01,CON
14811966,13661548,2012-10-26,CON
14811966,PCT/EP2006/009069,2006-09-18,NST
14811967,14003505,2013-10-03,DIV
14811967,PCT/EP2012/053921,2012-03-07,NST
14811975,62032747,2014-08-04,PRO
14811984,62030854,2014-07-30,PRO
14811985,61247300,2009-09-30,PRO
14811985,61262122,2009-11-17,PRO
14811985,61357492,2010-06-22,PRO
14811985,12895785,2010-09-30,DIV
14811986,PCT/JP2014/051707,2014-01-27,CON
14811987,14195344,2014-03-03,DIV
14811990,13677852,2012-11-15,CON
14811993,61762437,2013-02-08,PRO
14811993,14174980,2014-02-07,CON
14811993,14332465,2014-07-16,CON
14811995,62030806,2014-07-30,PRO
14811998,14105898,2013-12-13,CIP
14812000,62031957,2014-08-01,PRO
14812004,PCT/CN2013/076922,2013-06-07,NST
14812005,61887647,2013-10-07,PRO
14812005,14505938,2014-10-03,CON
14812008,PCT/EP2014/053955,2014-02-28,CON
14812014,62041271,2014-08-25,PRO
14812015,14348760,2014-03-31,CIP
14812015,PCT/CA2013/000282,2013-03-25,NST
14812017,10574517,2007-06-20,CON
14812017,12889846,2010-09-24,CON
14812017,PCT/EP2004/010084,2004-09-09,NST
14812019,62039627,2014-08-20,PRO
14812020,62039323,2014-08-19,PRO
14812024,10670641,2003-09-25,CON
14812024,11942883,2007-11-20,CON
14812024,12897100,2010-10-04,CON
14812024,13968710,2013-08-16,CON
14812027,13862804,2013-04-15,CON
14812029,11672353,2007-02-07,DIV
14812029,13491529,2012-06-07,CON
14812029,13919147,2013-06-17,CON
14812029,14307756,2014-06-18,CON
14812029,14601315,2015-01-21,CON
14812030,62030152,2014-07-29,PRO
14812039,62032256,2014-08-01,PRO
14812043,62032378,2014-08-01,PRO
14812047,13239724,2011-09-22,DIV
14812048,10754547,2004-01-12,CIP
14812048,11494362,2006-07-26,CIP
14812048,61385461,2010-09-22,PRO
14812048,12972908,2010-12-20,CIP
14812048,13239230,2011-09-21,CON
14812050,13279939,2011-10-24,CIP
14812050,13553491,2012-07-19,CIP
14812050,62140577,2015-03-31,PRO
14812051,62030850,2014-07-30,PRO
14812053,13001180,2011-08-23,DIV
14812053,14161967,2014-01-23,DIV
14812053,PCT/IN09/00357,2009-06-22,NST
14812055,14067106,2013-10-30,CON
14812057,13678129,2012-11-15,CON
14812059,12522240,2010-01-04,DIV
14812059,13939309,2013-07-11,CON
14812059,PCT/CA2008/000031,2008-01-09,NST
14812060,13799872,2013-03-13,CON
14812060,14180753,2014-02-14,CON
14812062,60293388,2001-05-24,PRO
14812062,60307148,2001-07-24,PRO
14812062,09971035,2001-10-05,CIP
14812062,60329715,2001-10-18,PRO
14812062,10364640,2003-02-12,CIP
14812062,60547426,2004-02-26,PRO
14812062,11067277,2005-02-28,CIP
14812062,11067267,2005-02-25,CIP
14812062,11491368,2006-07-24,CON
14812062,12925069,2010-10-13,CON
14812062,13987335,2013-07-15,CIP
14812063,PCT/CN2013/090807,2013-12-28,CON
14812064,14797978,2015-07-13,DIV
14812064,PCT/JP2013/007187,2013-12-06,CON
14812072,61153934,2009-02-19,PRO
14812072,12708475,2010-02-18,DIV
14812076,13695488,2013-01-14,CIP
14812076,13973328,2013-08-22,CIP
14812076,PCT/US2011/037501,2011-05-23,NST
14812079,12096883,2008-08-26,CON
14812079,13713946,2012-12-13,DIV
14812079,PCT/FR2006/002747,2006-12-15,NST
14812082,13717038,2012-12-17,DIV
14812082,14468431,2014-08-26,DIV
14812082,PCT/JP2011/062550,2011-05-31,CON
14812083,12593360,2009-09-28,DIV
14812083,14325432,2014-07-08,DIV
14812083,PCT/US2008/004443,2008-04-03,NST
14812084,PCT/JP2014/051777,2014-01-28,CON
14812085,62030313,2014-07-29,PRO
14812087,13229277,2011-09-09,CON
14812088,61668377,2012-07-05,PRO
14812088,13935154,2013-07-03,CON
14812089,13198805,2011-08-05,DIV
14812090,PCT/EP2014/051241,2014-01-22,CON
14812093,61527361,2011-08-25,PRO
14812093,13525521,2012-06-18,CON
14812100,12717202,2010-03-04,CON
14812106,62034313,2014-08-07,PRO
14812108,13054022,2011-08-08,DIV
14812108,PCT/JP2009/062911,2009-07-16,NST
14812110,13761741,2013-02-07,DIV
14812111,62030320,2014-07-29,PRO
14812111,62131436,2015-03-11,PRO
14812112,62030432,2014-07-29,PRO
14812113,61623054,2012-04-11,PRO
14812113,13760505,2013-02-06,CIP
14812113,13838823,2013-03-15,CON
14812114,61514613,2011-08-03,PRO
14812114,13566663,2012-08-03,DIV
14812116,12096883,2008-08-26,CON
14812116,13713946,2012-12-13,CON
14812116,PCT/FR2006/002747,2006-12-15,NST
14812121,62030260,2014-07-29,PRO
14812123,62030437,2014-07-29,PRO
14812125,13321973,2011-11-22,DIV
14812125,PCT/JP2010/058815,2010-05-25,NST
14812126,61507310,2011-07-13,PRO
14812126,13546430,2012-07-11,DIV
14812127,13628691,2012-09-27,DIV
14812127,14079716,2013-11-14,CON
14812127,14467081,2014-08-25,CON
14812128,12602113,2010-02-26,DIV
14812128,13495736,2012-06-13,DIV
14812128,14571888,2014-12-16,DIV
14812128,PCT/JP08/60115,2008-05-27,NST
14812130,13196309,2011-08-02,DIV
14812132,13185805,2011-07-19,CON
14812133,13375186,2012-03-09,CON
14812133,PCT/EP2010/057456,2010-05-28,NST
14812134,62194320,2015-07-20,PRO
14812135,62031536,2014-07-31,PRO
14812138,PCT/EP2014/051557,2014-01-28,CON
14812146,12851979,2010-08-06,CON
14812146,14066457,2013-10-29,CIP
14812146,62039020,2014-08-19,PRO
14812147,13701761,2012-12-03,CON
14812147,PCT/JP2011/056329,2011-03-17,NST
14812148,13559253,2012-07-26,CON
14812148,14172194,2014-02-04,CON
14812148,PCT/GB2011/050472,2011-03-10,CON
14812149,61578649,2011-12-21,PRO
14812149,61578658,2011-12-21,PRO
14812149,61578674,2011-12-21,PRO
14812149,13333574,2011-12-21,CIP
14812149,PCT/US11/66588,2011-12-21,CIP
14812149,61651322,2012-05-24,PRO
14812149,61679117,2012-08-03,PRO
14812149,13723235,2012-12-21,CIP
14812149,13723238,2012-12-21,CIP
14812149,13723239,2012-12-21,CIP
14812149,13723242,2012-12-21,CIP
14812149,13723244,2012-12-21,CON
14812149,13723251,2012-12-21,CIP
14812149,13724568,2012-12-21,CIP
14812149,13725790,2012-12-21,CIP
14812150,14267555,2014-05-01,DIV
14812152,62031434,2014-07-31,PRO
14812152,14501931,2014-09-30,CIP
14812153,13842110,2013-03-15,DIV
14812154,62030166,2014-07-29,PRO
14812157,13624814,2012-09-21,CON
14812158,60759367,2006-01-17,PRO
14812158,60842471,2006-09-06,PRO
14812158,11654375,2007-01-17,CON
14812158,12775885,2010-05-07,DIV
14812158,13409702,2012-03-01,DIV
14812158,13870173,2013-04-25,DIV
14812158,14339514,2014-07-24,DIV
14812160,62030289,2014-07-29,PRO
14812161,12250615,2008-10-14,CON
14812162,12600449,2009-11-16,CON
14812162,13675580,2012-11-13,CON
14812162,13916856,2013-06-13,CON
14812162,PCT/US2009/038774,2009-03-30,NST
14812164,61511256,2011-07-25,PRO
14812164,13550293,2012-07-16,CON
14812167,12307993,2009-06-17,CON
14812167,12633135,2009-12-08,CON
14812167,PCT/NZ2007/000185,2007-07-13,NST
14812169,13604798,2012-09-06,CON
14812171,12592639,2009-11-30,DIV
14812172,61667601,2012-07-03,PRO
14812172,13934252,2013-07-03,CIP
14812174,12573039,2009-10-02,CON
14812174,14470040,2014-08-27,CON
14812176,PCT/JP2014/000458,2014-01-29,CON
14812179,62030540,2014-07-29,PRO
14812179,62152674,2015-04-24,PRO
14812180,PCT/EP2013/051767,2013-01-30,CON
14812182,13745177,2013-01-18,CON
14812184,12107748,2008-04-22,CON
14812186,62032061,2014-08-01,PRO
14812187,12667631,2010-01-04,DIV
14812187,13359129,2012-01-26,DIV
14812187,14069642,2013-11-01,DIV
14812187,PCT/EP2008/058706,2008-07-04,NST
14812188,62030724,2014-07-30,PRO
14812190,12977159,2010-12-23,CON
14812194,14099542,2013-12-06,DIV
14812195,62031175,2014-07-31,PRO
14812197,61103361,2008-10-07,PRO
14812197,61113007,2008-11-10,PRO
14812197,61113622,2008-11-12,PRO
14812197,61121541,2008-12-11,PRO
14812197,61121568,2008-12-11,PRO
14812197,61140169,2008-12-23,CIP
14812197,61144149,2009-01-12,PRO
14812197,61156906,2009-03-03,PRO
14812197,12575008,2009-10-07,CIP
14812197,12616922,2009-11-12,CIP
14812197,12636071,2009-12-11,CIP
14812197,12686076,2010-01-12,CON
14812197,13747826,2013-01-23,CON
14812198,13414687,2012-03-07,CON
14812200,61786587,2013-03-15,PRO
14812200,14200283,2014-03-07,CON
14812202,PCT/US2014/014142,2014-01-31,CON
14812205,13355872,2012-01-23,DIV
14812207,11260758,2005-10-27,CON
14812207,12555568,2009-09-08,CON
14812210,13178866,2011-07-08,CON
14812210,13735022,2013-01-06,DIV
14812212,62030820,2014-07-30,PRO
14812212,62041553,2014-08-25,PRO
14812212,29501012,2014-08-29,CON
14812212,29501012,2014-08-29,DIV
14812212,62059108,2014-10-02,PRO
14812212,29509762,2014-11-20,CIP
14812212,29511483,2014-12-11,CIP
14812212,14586720,2014-12-30,CIP
14812212,29518697,2015-02-26,CIP
14812212,62146114,2015-04-10,PRO
14812212,29523632,2015-04-13,CIP
14812212,14686466,2015-04-14,CIP
14812212,14697430,2015-04-27,CIP
14812215,13178815,2011-07-08,DIV
14812219,62038934,2014-08-19,PRO
14812219,62066949,2014-10-22,PRO
14812220,13984018,2013-08-06,DIV
14812220,PCT/IB2013/000409,2013-03-14,NST
14812221,62030881,2014-07-30,PRO
14812227,61712496,2012-10-11,PRO
14812227,14052539,2013-10-11,CIP
14812227,14137316,2013-12-20,CIP
14812234,PCT/US14/44094,2014-06-25,NST
14812234,14377461,2014-08-07,DIV
14812240,62039316,2014-08-19,PRO
14812240,62101298,2015-01-08,PRO
14812242,14104355,2013-12-12,DIV
14812247,12427733,2009-04-21,CON
14812247,12757865,2010-04-09,CON
14812247,14168680,2014-01-30,CON
14812247,14224900,2014-03-25,CON
14812251,13554074,2012-07-20,CON
14812254,09896897,2001-06-30,DIV
14812254,10902641,2004-07-29,DIV
14812256,13919589,2013-06-17,CON
14812258,61999533,2014-07-29,PRO
14812261,62030122,2014-07-29,PRO
14812263,PCT/EP2014/051565,2014-01-28,CON
14812271,61512673,2011-07-28,PRO
14812271,13551849,2012-07-18,DIV
14812275,14309404,2014-06-19,DIV
14812279,61367094,2010-07-23,PRO
14812279,13188964,2011-07-22,CON
14812280,PCT/US2014/014190,2014-01-31,CON
14812282,14003253,2013-09-05,CON
14812282,PCT/JP2012/059168,2012-04-04,NST
14812284,12872945,2010-08-31,DIV
14812284,14051212,2013-10-10,CON
14812286,13102334,2011-05-06,CON
14812287,61618255,2012-03-30,PRO
14812287,13854902,2013-04-01,CON
14812288,62031266,2014-07-31,PRO
14812288,62086797,2014-12-03,PRO
14812289,13403130,2012-02-23,DIV
14812292,62032323,2014-08-01,PRO
14812293,09896897,2001-06-30,DIV
14812293,10902641,2004-07-29,DIV
14812295,14274182,2014-05-09,CON
14812297,60916478,2007-05-07,PRO
14812297,12116274,2008-05-07,CON
14812297,13908002,2013-06-03,CON
14812298,61397644,2010-06-14,PRO
14812298,13159036,2011-06-13,DIV
14812302,62031266,2014-07-31,PRO
14812302,62086797,2014-12-03,PRO
14812306,62030197,2014-07-29,PRO
14812307,62030929,2014-07-30,PRO
14812310,PCT/EP2014/051493,2014-01-27,CON
14812311,60197677,2000-04-17,PRO
14812311,09828865,2001-04-10,CON
14812311,11075928,2005-03-10,CON
14812311,12222588,2008-08-12,CON
14812311,12776063,2010-05-07,CON
14812311,13099856,2011-05-03,CON
14812311,13614306,2012-09-13,CON
14812311,13837094,2013-03-15,CON
14812311,13940992,2013-07-12,CON
14812311,14090385,2013-11-26,CON
14812311,14282280,2014-05-20,CON
14812311,14478615,2014-09-05,CON
14812311,14595644,2015-01-13,CON
14812314,61639740,2012-04-27,PRO
14812314,61680535,2012-08-07,PRO
14812314,13842169,2013-03-15,CON
14812318,62031301,2014-07-31,PRO
14812319,13901263,2013-05-23,CON
14812320,13390368,2012-03-09,CON
14812320,PCT/AT2010/000294,2010-08-11,NST
14812323,PCT/JP2014/051944,2014-01-29,CON
14812326,61800839,2013-03-15,PRO
14812326,14181467,2014-02-14,CON
14812327,61673219,2012-07-18,PRO
14812327,13945579,2013-07-18,CON
14812331,11187338,2005-07-22,CIP
14812331,12561914,2009-09-17,CIP
14812332,09896897,2001-06-30,DIV
14812332,10902641,2004-07-29,DIV
14812336,62030941,2014-07-30,PRO
14812347,62030195,2014-07-29,PRO
14812351,11579298,2006-10-30,CON
14812351,PCT/JP2005/008549,2005-04-28,NST
14812354,PCT/EP2014/051630,2014-01-28,CON
14812359,61045995,2008-04-18,PRO
14812359,61060257,2008-06-10,PRO
14812359,61151611,2009-02-11,PRO
14812359,61151622,2009-02-11,PRO
14812359,61159956,2009-03-13,PRO
14812359,12425125,2009-04-16,CON
14812359,13847159,2013-03-19,CON
14812364,61561312,2011-11-18,PRO
14812364,13616778,2012-09-14,DIV
14812365,14105583,2013-12-13,CON
14812366,11325474,2006-01-05,DIV
14812366,12320771,2009-02-04,DIV
14812366,13449041,2012-04-17,DIV
14812366,14311918,2014-06-23,DIV
14812366,PCT/JP2004/010057,2004-07-08,CON
14812372,62030939,2014-07-30,PRO
14812374,61577621,2011-12-19,PRO
14812374,13717474,2012-12-17,CON
14812374,13889722,2013-05-08,CON
14812375,60695831,2005-06-30,PRO
14812375,11479464,2006-06-30,DIV
14812375,12370872,2009-02-13,DIV
14812375,12872359,2010-08-31,DIV
14812375,13231537,2011-09-13,DIV
14812375,13587370,2012-08-16,DIV
14812375,14068670,2013-10-31,DIV
14812381,PCT/JP2014/000303,2014-01-22,CON
14812388,09896897,2001-06-30,DIV
14812388,10902564,2004-07-29,DIV
14812393,62030485,2014-07-29,PRO
14812395,13498506,2012-03-27,DIV
14812396,12630695,2009-12-03,DIV
14812397,62030819,2014-07-30,PRO
14812398,60191375,2000-03-22,PRO
14812398,09785768,2001-02-16,DIV
14812398,11218449,2005-09-01,DIV
14812398,12688968,2010-01-18,DIV
14812398,13179103,2011-07-08,DIV
14812398,13892455,2013-05-13,DIV
14812416,60506656,2003-09-26,PRO
14812416,10950157,2004-09-24,CIP
14812416,61106355,2008-10-17,PRO
14812416,12580554,2009-10-16,CON
14812419,11770676,2007-06-28,CON
14812419,13291790,2011-11-08,CON
14812419,14591658,2015-01-07,CON
14812421,61594318,2012-02-02,PRO
14812421,13752561,2013-01-29,DIV
14812422,13953358,2013-07-29,CON
14812424,61894748,2013-10-23,PRO
14812424,14095461,2013-12-03,CIP
14812427,PCT/JP2014/054366,2014-02-24,CON
14812428,62030952,2014-07-30,PRO
14812429,61561312,2011-11-18,PRO
14812429,13616778,2012-09-14,DIV
14812431,10545826,2006-05-26,CON
14812431,13835723,2013-03-15,DIV
14812431,PCT/EP04/01052,2004-02-04,NST
14812432,62030958,2014-07-30,PRO
14812434,13402550,2012-02-22,CON
14812434,14171207,2014-02-03,CON
14812437,14339051,2014-07-23,CIP
14812440,61300347,2010-02-01,PRO
14812440,13015531,2011-01-27,CON
14812442,62032075,2014-08-01,PRO
14812445,60348383,2002-01-16,PRO
14812445,10339667,2003-01-10,CIP
14812445,11104651,2005-04-13,CON
14812445,12216639,2008-07-09,CON
14812445,13527137,2012-06-19,CON
14812445,14169904,2014-01-31,CON
14812446,13834291,2013-03-15,DIV
14812454,60304125,2001-07-11,PRO
14812454,10194594,2002-07-11,CON
14812454,13724393,2012-12-21,DIV
14812455,PCT/JP2014/055084,2014-02-28,CON
14812456,PCT/JP2014/051311,2014-01-22,CON
14812460,13386639,2012-01-23,CON
14812460,PCT/US2012/028140,2010-03-24,NST
14812463,62032210,2014-08-01,PRO
14812465,PCT/EP2014/051624,2014-01-28,CON
14812467,62030169,2014-07-29,PRO
14812468,PCT/JP2014/055318,2014-03-03,CON
14812471,14098178,2013-12-05,CON
14812472,11441191,2006-05-26,CON
14812472,12320688,2009-02-02,CON
14812472,12659481,2010-03-10,CON
14812472,13179375,2011-07-08,CON
14812472,13556713,2012-07-24,CON
14812473,62030507,2014-07-29,PRO
14812477,PCT/JP2014/051546,2014-01-24,CON
14812478,62034984,2014-08-08,PRO
14812479,13206899,2011-08-10,CON
14812482,62030962,2014-07-30,PRO
14812484,PCT/EP2014/051908,2014-01-31,CON
14812485,61616199,2012-03-27,PRO
14812485,13788589,2013-03-07,DIV
14812486,62030855,2014-07-30,PRO
14812487,09896897,2001-06-30,DIV
14812487,10902564,2004-07-29,DIV
14812491,PCT/CN2013/087412,2013-11-19,CON
14812495,61375820,2010-08-21,PRO
14812495,13210323,2011-08-15,DIV
14812498,61163009,2009-03-24,PRO
14812498,61235615,2009-08-20,PRO
14812498,61298871,2010-01-27,PRO
14812498,12730738,2010-03-24,DIV
14812499,61581629,2011-12-29,PRO
14812499,13722865,2012-12-20,CON
14812499,13889774,2013-05-08,CON
14812500,14043243,2013-10-01,DIV
14812501,62030195,2014-07-29,PRO
14812504,12915906,2010-10-29,CON
14812506,62030664,2014-07-30,PRO
14812507,62030911,2014-07-30,PRO
14812507,62077418,2014-11-10,PRO
14812510,13512937,2012-09-06,CON
14812510,PCT/GB2010/002206,2010-12-01,NST
14812511,62031632,2014-07-31,PRO
14812512,62036764,2014-08-13,PRO
14812513,13478827,2012-05-23,CON
14812514,13995247,2013-06-18,CON
14812514,PCT/US2013/031881,2013-03-15,NST
14812523,62031327,2014-07-31,PRO
14812524,13429758,2012-03-26,CON
14812526,13498506,2012-03-27,DIV
14812526,PCT/JP2010/066732,2010-09-27,NST
14812527,12964865,2010-12-10,CON
14812530,14105422,2013-12-13,CON
14812532,11821330,2007-06-22,DIV
14812532,12915519,2010-10-29,CON
14812532,13946311,2013-07-19,CON
14812537,62032518,2014-08-01,PRO
14812538,12111412,2008-04-29,DIV
14812539,09344499,1999-06-25,DIV
14812539,13298898,2011-11-17,CON
14812539,13757409,2013-02-01,CON
14812542,14019764,2013-09-06,DIV
14812543,62030101,2014-07-29,PRO
14812544,62030656,2014-07-30,PRO
14812549,62030736,2014-07-30,PRO
14812549,62152577,2015-04-24,PRO
14812551,PCT/EP2014/051618,2014-01-28,CON
14812552,61915431,2013-12-12,PRO
14812552,62030240,2014-07-29,PRO
14812552,14569354,2014-12-12,CON
14812552,14728501,2015-06-02,CIP
14812554,PCT/CN2013/071127,2013-01-30,CON
14812557,61776301,2013-03-11,PRO
14812557,61776309,2013-03-11,PRO
14812557,61776322,2013-03-11,PRO
14812557,13923036,2013-06-20,CON
14812558,62030112,2014-07-29,PRO
14812559,13512904,2012-07-17,DIV
14812559,PCT/EP2010/068129,2010-11-24,NST
14812560,11426512,2006-06-26,CON
14812564,62030737,2014-07-30,PRO
14812564,62132696,2015-03-13,PRO
14812566,60860290,2006-11-21,PRO
14812566,PCT/US07/24256,2007-11-20,NST
14812566,12515319,2009-05-18,CON
14812567,PCT/JP2014/000428,2014-01-28,CON
14812571,62031652,2014-07-31,PRO
14812573,13962370,2013-08-08,DIV
14812577,12113577,2008-05-01,CON
14812577,14325848,2014-07-08,CON
14812577,14507217,2014-10-06,CON
14812580,62030368,2014-07-29,PRO
14812580,62101183,2015-01-08,PRO
14812582,62031143,2014-07-30,PRO
14812583,13047924,2011-03-15,CON
14812584,13832667,2013-03-15,DIV
14812586,PCT/CN2013/071074,2013-01-29,CON
14812588,62032145,2014-08-01,PRO
14812589,14375770,2014-07-30,DIV
14812589,PCT/RU2013/000079,2013-02-04,NST
14812591,62033932,2014-08-06,PRO
14812591,62033978,2014-08-06,PRO
14812591,62033998,2014-08-06,PRO
14812591,62034017,2014-08-06,PRO
14812594,62031906,2014-08-01,PRO
14812595,PCT/EP2014/053688,2014-02-26,CON
14812597,13311539,2011-12-05,DIV
14812598,62030460,2014-07-29,PRO
14812598,62090756,2014-12-11,PRO
14812599,62030780,2014-07-30,PRO
14812601,13642216,2013-05-29,CON
14812601,PCT/EP2011/056061,2011-04-15,NST
14812602,14586256,2014-12-30,CON
14812604,13678430,2012-11-15,CIP
14812604,13725788,2012-12-21,CIP
14812606,10989014,2004-11-15,CON
14812609,14039545,2013-09-27,DIV
14812610,13680177,2012-11-19,DIV
14812611,11620395,2007-01-05,DIV
14812611,12939404,2010-11-04,CON
14812611,13731679,2012-12-31,CON
14812612,13465230,2012-05-07,CON
14812614,61644239,2012-05-08,PRO
14812614,13888645,2013-05-07,CON
14812615,62031806,2014-07-31,PRO
14812618,62030414,2014-07-29,PRO
14812621,62032998,2014-08-04,PRO
14812624,62030953,2014-07-30,PRO
14812625,13895585,2013-05-16,CON
14812630,60176393,2000-01-13,PRO
14812630,09759935,2001-01-12,CON
14812630,13843104,2013-03-15,CON
14812631,14375770,2014-07-30,DIV
14812631,PCT/RU2013/000079,2013-02-04,NST
14812633,13912721,2013-06-07,CON
14812634,62031204,2014-07-31,PRO
14812635,62030472,2014-07-29,PRO
14812636,PCT/EP2014/051635,2014-01-28,CON
14812637,PCT/JP2013/077656,2013-10-10,CON
14812638,PCT/JP2013/082976,2013-12-09,CON
14812640,13583498,2012-09-07,CON
14812640,PCT/KR2012/006764,2012-08-24,NST
14812641,62030318,2014-07-29,PRO
14812643,13617377,2012-09-14,DIV
14812643,PCT/JP2010/054887,2010-03-19,CON
14812644,13920432,2013-06-18,DIV
14812647,62031277,2014-07-31,PRO
14812647,62031283,2014-07-31,PRO
14812647,62089633,2014-12-09,PRO
14812649,PCT/CN2013/086712,2013-11-07,CON
14812650,PCT/JP2013/052397,2013-02-01,CON
14812651,11915996,2010-01-06,CON
14812651,13149844,2011-05-31,CON
14812651,14744202,2015-06-19,DIV
14812651,PCT/US2006/021622,2006-06-05,NST
14812655,13723866,2012-12-21,DIV
14812655,14333180,2014-07-16,CON
14812657,61234545,2009-08-17,PRO
14812657,PCT/US10/45752,2010-08-17,NST
14812657,13390910,2012-07-05,DIV
14812659,13715472,2012-12-14,CON
14812659,14053418,2013-10-14,CON
14812661,62030550,2014-07-29,PRO
14812661,62121440,2015-02-26,PRO
14812662,13109993,2011-05-17,CON
14812664,PCT/US13/57497,2013-08-30,NST
14812664,14128201,2013-12-20,CON
14812665,14289120,2014-05-28,CIP
14812666,13570323,2012-08-09,DIV
14812667,61671491,2012-07-13,PRO
14812667,13734883,2013-01-04,DIV
14812668,62033883,2014-08-06,PRO
14812671,60702896,2005-07-26,PRO
14812671,11433859,2006-05-11,CON
14812671,12783217,2010-05-19,CON
14812671,13591566,2012-08-22,CON
14812671,13904171,2013-05-29,CON
14812671,14075446,2013-11-08,CON
14812671,14699157,2015-04-29,CON
14812675,62031014,2014-07-30,PRO
14812678,62030997,2014-07-30,PRO
14812679,62030528,2014-07-29,PRO
14812682,PCT/EP2014/051601,2014-01-28,CON
14812685,62030365,2014-07-29,PRO
14812686,11391560,2006-03-29,CON
14812686,12869963,2010-08-27,CON
14812686,13100681,2011-05-04,CON
14812686,13361112,2012-01-30,CON
14812686,13924845,2013-06-24,CON
14812687,62033932,2014-08-06,PRO
14812687,62033978,2014-08-06,PRO
14812687,62033998,2014-08-06,PRO
14812687,62034017,2014-08-06,PRO
14812689,14258338,2014-04-22,CIP
14812689,14707627,2015-05-08,CIP
14812691,PCT/CN2014/071401,2014-01-24,CON
14812693,14182013,2014-02-17,CIP
14812694,62030773,2014-07-30,PRO
14812695,60798812,2006-05-09,PRO
14812695,60866370,2006-11-17,PRO
14812695,60886994,2007-01-29,PRO
14812695,11745644,2007-05-08,CON
14812695,12905833,2010-10-15,CON
14812696,62030314,2014-07-29,PRO
14812696,62081185,2014-11-18,PRO
14812698,13837099,2013-03-15,DIV
14812700,PCT/FI2014/050108,2014-02-13,CON
14812701,14262361,2014-04-25,CIP
14812701,62030475,2014-07-29,PRO
14812704,13902566,2013-05-24,CON
14812710,62031412,2014-07-31,PRO
14812711,12295916,2009-04-28,CON
14812711,PCT/CA2007/000535,2007-04-02,NST
14812712,62031277,2014-07-31,PRO
14812712,62031283,2014-07-31,PRO
14812712,62089633,2014-12-09,PRO
14812713,PCT/US2014/016490,2014-02-14,CON
14812717,09536663,2000-03-27,CIP
14812717,09536258,2000-03-27,CON
14812717,09815589,2001-03-23,CIP
14812717,10123779,2002-04-16,CIP
14812717,10174505,2002-06-17,CIP
14812717,10753069,2004-01-08,DIV
14812717,12198003,2008-08-25,CIP
14812717,12255518,2008-10-21,CON
14812717,13445126,2012-04-12,CON
14812719,62030357,2014-07-29,PRO
14812721,62030311,2014-07-29,PRO
14812722,61625360,2012-04-17,PRO
14812722,13864792,2013-04-17,DIV
14812724,62059560,2014-10-03,PRO
14812726,62031499,2014-07-31,PRO
14812727,62031014,2014-07-30,PRO
14812731,14307289,2014-06-17,CIP
14812731,14568471,2014-12-12,CIP
14812732,11210286,2005-08-25,CON
14812732,13833968,2013-03-15,CON
14812736,62030365,2014-07-29,PRO
14812738,60197677,2000-04-17,PRO
14812738,09828865,2001-04-10,CON
14812738,11075928,2005-03-10,CON
14812738,12222588,2008-08-12,CON
14812738,12776063,2010-05-07,CON
14812738,13099856,2011-05-03,CON
14812738,13614306,2012-09-13,CON
14812738,13837094,2013-03-15,CON
14812738,13940992,2013-07-12,CON
14812738,14090385,2013-11-26,CON
14812738,14282280,2014-05-20,CON
14812738,14478615,2014-09-05,CON
14812738,14595644,2015-01-13,CON
14812739,14346203,2014-05-05,CON
14812739,PCT/EP2012/068080,2012-09-14,NST
14812740,13761416,2013-02-07,DIV
14812743,13748059,2013-01-23,CON
14812743,14643419,2015-03-10,CON
14812744,62031203,2014-07-31,PRO
14812745,60791132,2006-04-11,PRO
14812745,60817932,2006-06-30,PRO
14812745,11733709,2007-04-10,CON
14812746,PCT/JP2014/053298,2014-02-13,CON
14812750,13876898,2013-03-29,CON
14812750,PCT/US2010/054926,2010-11-01,NST
14812751,62031156,2014-07-30,PRO
14812752,12718489,2010-03-05,CON
14812754,13485868,2012-05-31,CIP
14812756,PCT/US2014/013457,2014-01-28,CON
14812759,13701411,2013-03-11,DIV
14812759,PCT/EP2011/058863,2011-05-30,NST
14812763,PCT/CN2013/087629,2013-11-21,CON
14812764,62030800,2014-07-30,PRO
14812766,13467351,2012-05-09,DIV
14812768,62030243,2014-07-29,PRO
14812771,12817697,2010-06-17,CON
14812771,13608713,2012-09-10,CON
14812773,62033932,2014-08-06,PRO
14812773,62033978,2014-08-06,PRO
14812773,62033998,2014-08-06,PRO
14812773,62034017,2014-08-06,PRO
14812776,13808831,2013-01-31,DIV
14812776,PCT/FR2011/051574,2011-07-05,NST
14812777,60932848,2007-06-01,PRO
14812777,12130384,2008-05-30,DIV
14812777,13453818,2012-04-23,CON
14812777,14186993,2014-02-21,CON
14812781,62032281,2014-08-01,PRO
14812783,13122317,2011-04-01,CON
14812783,14288032,2014-05-27,CON
14812783,PCT/JP2009/066120,2009-09-16,NST
14812785,62030393,2014-07-29,PRO
14812787,12571131,2009-09-30,CON
14812788,13440910,2012-04-05,CON
14812789,62031051,2014-07-30,PRO
14812790,13242483,2011-09-23,CON
14812791,62031852,2014-07-31,PRO
14812792,62032368,2014-08-01,PRO
14812795,62040839,2014-08-22,PRO
14812799,60777723,2006-02-27,PRO
14812799,11712305,2007-02-27,CON
14812799,14267795,2014-05-01,DIV
14812803,12993229,2012-02-01,DIV
14812803,PCT/US2009/044522,2009-05-19,NST
14812804,13275307,2011-10-17,CON
14812809,13112160,2011-05-20,CON
14812812,62030333,2014-07-29,PRO
14812813,62030503,2014-07-29,PRO
14812817,12709962,2010-02-22,CON
14812818,13726738,2012-12-26,DIV
14812821,PCT/EP2014/051548,2014-01-27,CON
14812822,10561561,2006-05-26,DIV
14812822,13153169,2011-06-03,DIV
14812822,PCT/US2003/019310,2003-06-19,NST
14812824,13294146,2011-11-10,CON
14812829,60353333,2002-02-01,PRO
14812829,60353267,2002-02-01,PRO
14812829,60399673,2002-07-29,PRO
14812829,60434277,2002-12-17,PRO
14812829,10355543,2003-01-31,CON
14812829,11539049,2006-10-05,CON
14812829,12762178,2010-04-16,CON
14812829,13288813,2011-11-03,CON
14812829,13759835,2013-02-05,CON
14812829,14309530,2014-06-19,CON
14812830,11494475,2006-07-28,CON
14812830,13792795,2013-03-11,CON
14812830,13963583,2013-08-09,CON
14812830,14168671,2014-01-30,CON
14812830,14316265,2014-06-26,CON
14812830,PCT/JP05/24205,2005-12-26,CON
14812835,14080984,2013-11-15,CIP
14812836,13784399,2013-03-04,CON
14812840,62030643,2014-07-30,PRO
14812843,13754676,2013-01-30,CON
14812844,62033932,2014-08-06,PRO
14812844,62033978,2014-08-06,PRO
14812844,62033998,2014-08-06,PRO
14812844,62034017,2014-08-06,PRO
14812845,62030601,2014-07-29,PRO
14812847,61645159,2012-05-10,PRO
14812847,13891829,2013-05-10,CIP
14812857,60863340,2006-10-27,PRO
14812857,60863555,2006-10-30,PRO
14812857,60855438,2006-10-31,PRO
14812857,11924549,2007-10-25,CON
14812857,11924956,2007-10-26,CON
14812857,12638890,2009-12-15,CON
14812857,12819078,2010-06-18,CON
14812857,13750755,2013-01-25,CON
14812857,13857956,2013-04-05,CON
14812857,14598489,2015-01-16,CIP
14812857,14606929,2015-01-27,CIP
14812859,14038123,2013-09-26,CIP
14812859,62030496,2014-07-29,PRO
14812860,13435527,2012-03-30,CON
14812860,14267397,2014-05-01,CON
14812862,10075668,2002-02-13,CON
14812862,11415676,2006-05-02,CON
14812862,13013257,2011-01-25,CON
14812862,14262925,2014-04-28,CON
14812869,12130678,2008-05-30,DIV
14812869,14290780,2014-05-29,CON
14812872,PCT/CN2014/081352,2014-07-01,CON
14812873,12588983,2009-11-04,CON
14812873,13357999,2012-01-25,CON
14812874,62034045,2014-08-06,PRO
14812875,62030161,2014-07-29,PRO
14812878,PCT/CN2014/071415,2014-01-24,CON
14812882,61401462,2010-08-12,PRO
14812882,61401915,2010-08-20,PRO
14812882,61402345,2010-08-27,PRO
14812882,61402308,2010-08-26,PRO
14812882,61404429,2010-10-01,PRO
14812882,13013561,2011-01-25,DIV
14812882,13014841,2011-01-27,CON
14812882,13658755,2012-10-23,CON
14812884,14151193,2014-01-09,CON
14812887,62030223,2014-07-29,PRO
14812888,62030434,2014-07-29,PRO
14812889,62030347,2014-07-29,PRO
14812890,62032153,2014-08-01,PRO
14812897,PCT/EP2014/051721,2014-01-29,NST
14812898,61604220,2012-02-28,PRO
14812898,61665682,2012-06-28,PRO
14812898,13780754,2013-02-28,CON
14812900,PCT/CN2013/071159,2013-01-30,CON
14812902,61604220,2012-02-28,PRO
14812902,61665682,2012-06-28,PRO
14812902,13780754,2013-02-28,CON
14812903,62031134,2014-07-30,PRO
14812906,62034603,2014-08-07,PRO
14812907,12130678,2008-05-30,DIV
14812907,14290780,2014-05-29,CIP
14812910,62030462,2014-07-29,PRO
14812911,62031819,2014-07-31,PRO
14812911,62031820,2014-07-31,PRO
14812915,61627996,2011-10-21,PRO
14812915,13624878,2012-09-21,CON
14812916,62030345,2014-07-29,PRO
14812916,62054529,2014-09-24,PRO
14812916,62146848,2015-04-13,PRO
14812917,PCT/CN2014/070662,2014-01-15,CON
14812921,62034033,2014-08-06,CIP
14812921,62034033,2014-08-06,PRO
14812922,PCT/JP2014/069882,2014-07-29,CON
14812924,62030757,2014-07-30,PRO
14812924,62148065,2015-04-15,PRO
14812927,61591641,2012-01-27,PRO
14812927,13536722,2012-06-28,CON
14812927,14543759,2014-11-17,CON
14812928,61463661,2011-02-22,PRO
14812928,13401015,2012-02-21,CON
14812928,14136432,2013-12-20,CON
14812929,61731405,2012-11-29,PRO
14812929,13830232,2013-03-14,CON
14812930,13119470,2011-05-04,CON
14812930,PCT/US2009/005184,2009-09-17,NST
14812931,PCT/CN2013/083257,2013-09-11,CON
14812932,PCT/CN2013/071216,2013-01-31,CON
14812933,61847614,2013-07-18,PRO
14812933,14018715,2013-09-05,CON
14812939,12597407,2009-10-23,CON
14812939,14104827,2013-12-12,CON
14812939,PCT/KR2008/002403,2008-04-28,NST
14812940,62030378,2014-07-29,PRO
14812942,13119470,2011-05-04,CON
14812942,PCT/US2009/005184,2009-09-17,NST
14812945,62032390,2014-08-01,PRO
14812946,13119470,2011-05-04,CON
14812946,PCT/US2009/005184,2009-07-17,NST
14812948,13874423,2013-04-30,CIP
14812948,13874434,2013-04-30,CIP
14812948,13874441,2013-04-30,CIP
14812948,13874448,2013-04-30,CIP
14812948,61883869,2013-09-27,PRO
14812948,61900700,2013-11-06,PRO
14812948,14167316,2014-01-29,CIP
14812948,61979484,2014-04-14,PRO
14812948,14253490,2014-04-15,CON
14812949,62031040,2014-07-30,PRO
14812950,14406776,2014-12-10,CON
14812950,PCT/US2013/045495,2013-06-12,NST
14812951,13119470,2011-05-04,CON
14812951,PCT/US2009/005184,2009-09-17,NST
14812953,12735850,2010-10-01,DIV
14812953,PCT/DK2009/000045,2009-02-20,NST
14812954,61098674,2008-09-19,PRO
14812954,PCT/US09/05184,2009-09-17,NST
14812954,13119470,2011-05-04,CON
14812955,61087565,2008-08-08,PRO
14812955,12538100,2009-08-07,CON
14812955,13741207,2013-01-14,CON
14812956,13249734,2011-09-30,CIP
14812959,62031057,2014-07-30,PRO
14812961,62031758,2014-07-31,PRO
14812961,62152760,2015-04-24,PRO
14812961,62154647,2015-04-29,PRO
14812964,13119470,2011-05-04,CON
14812964,PCT/US2009/005184,2009-09-17,NST
14812966,62031611,2014-07-31,PRO
14812968,62030384,2014-07-29,PRO
14812970,PCT/JP2014/000444,2014-01-29,CON
14812973,61544136,2011-10-06,PRO
14812973,61604415,2012-02-28,PRO
14812973,13630705,2012-09-28,DIV
14812973,14315888,2014-06-26,CIP
14812973,62030787,2014-07-30,PRO
14812973,62165581,2015-05-22,PRO
14812979,PCT/IB2014/058790,2014-02-04,CON
14812984,62031080,2014-07-30,PRO
14812985,PCT/CN2013/071125,2013-01-30,CON
14812988,60249796,2000-11-17,PRO
14812988,60288310,2001-05-02,PRO
14812988,10005609,2001-11-07,CON
14812988,11711698,2007-02-26,DIV
14812988,13031394,2011-02-21,DIV
14812988,13280971,2011-10-25,CON
14812989,62010754,2014-06-11,PRO
14812989,62012112,2014-06-13,PRO
14812989,14495732,2014-09-24,CON
14812991,13140990,2011-06-20,CON
14812991,14251424,2014-04-11,CON
14812991,14589754,2015-01-05,CON
14812991,PCT/KR2009/007513,2009-12-16,NST
14812992,61437454,2011-01-28,PRO
14812992,13360474,2012-01-27,DIV
14812993,61181627,2009-05-27,PRO
14812993,61251624,2009-10-14,PRO
14812993,61289972,2009-12-23,PRO
14812993,12788190,2010-05-26,CON
14812994,13932360,2013-07-01,DIV
14812996,14026500,2013-09-13,CON
14812998,61597104,2012-02-09,PRO
14812998,13763282,2013-02-08,DIV
14813000,13774975,2013-02-22,DIV
14813001,13832748,2013-03-15,CIP
14813001,61867988,2013-08-20,PRO
14813001,61868029,2013-08-20,PRO
14813001,14464678,2014-08-20,CON
14813002,61728765,2012-11-20,PRO
14813002,61728770,2012-11-20,PRO
14813002,61728773,2012-11-20,PRO
14813002,61773803,2013-03-06,PRO
14813002,61773813,2013-03-07,PRO
14813002,61773815,2013-03-07,PRO
14813002,61773817,2013-03-07,PRO
14813002,61775686,2013-03-11,PRO
14813002,61775687,2013-03-11,PRO
14813002,61775688,2013-03-11,PRO
14813002,14015947,2013-08-30,CIP
14813006,62032183,2014-08-01,PRO
14813006,62059180,2014-10-03,PRO
14813008,62035399,2014-08-09,PRO
14813010,PCT/US11/67283,2011-12-23,NST
14813010,13976405,2013-06-26,CON
14813011,61153190,2009-02-17,PRO
14813011,12707657,2010-02-17,CON
14813011,13077769,2011-03-31,CIP
14813011,61636570,2012-04-20,PRO
14813011,13868034,2013-04-22,CIP
14813011,13902555,2013-05-24,CIP
14813011,62030481,2014-07-29,PRO
14813014,13995917,2013-06-19,CON
14813014,PCT/US2011/066983,2011-12-22,NST
14813015,62030473,2014-07-29,PRO
14813016,61415771,2010-11-19,PRO
14813016,61429093,2010-12-31,PRO
14813016,13033573,2011-02-23,CON
14813016,61627996,2011-10-21,PRO
14813016,13624811,2012-09-21,CON
14813017,60860958,2006-11-22,PRO
14813017,11944167,2007-11-21,CON
14813018,61740099,2012-12-20,PRO
14813018,13761605,2013-02-07,CON
14813023,PCT/JP2014/000443,2014-01-29,CON
14813024,13734770,2013-01-04,CON
14813026,62035341,2014-08-08,PRO
14813027,62030267,2014-07-29,PRO
14813028,61592521,2012-01-30,PRO
14813028,13753360,2013-01-29,CON
14813036,PCT/JP2014/000414,2014-01-28,CON
14813037,61497814,2011-06-16,PRO
14813037,13526288,2012-06-18,CON
14813037,14286768,2014-05-23,CON
14813037,14534096,2014-11-05,CON
14813038,12736289,2010-09-27,REI
14813038,PCT/US2009/002837,2009-05-07,NST
14813041,62030534,2014-07-29,PRO
14813042,60703931,2005-07-29,PRO
14813042,11460725,2006-07-28,CIP
14813042,61337929,2010-02-12,PRO
14813042,13017970,2011-01-31,CON
14813042,13935222,2013-07-03,CON
14813043,12736289,2010-09-27,REI
14813043,PCT/US2009/002837,2009-05-07,NST
14813044,61312183,2010-03-09,PRO
14813044,61385483,2010-09-22,PRO
14813044,PCT/US11/27796,2011-03-09,CIP
14813044,13607783,2012-09-09,DIV
14813045,62030651,2014-07-30,PRO
14813046,PCT/JP2014/000440,2014-01-29,CON
14813050,13138172,2011-07-15,CON
14813050,14498947,2014-09-26,CON
14813050,PCT/AU2010/000032,2010-01-15,NST
14813054,62034494,2014-08-07,PRO
14813055,PCT/JP2014/000441,2014-01-29,CON
14813057,14302375,2014-06-11,CIP
14813058,61548201,2011-10-17,PRO
14813058,13473096,2012-05-16,CON
14813063,12420631,2009-04-08,CON
14813066,61593052,2012-01-31,PRO
14813066,61649749,2012-05-21,PRO
14813066,29422461,2012-05-21,CIP
14813066,29437530,2012-11-16,CIP
14813066,13754787,2013-01-30,CON
14813066,14089578,2013-11-25,CON
14813066,14446244,2014-07-29,CON
14813068,14125488,2013-12-11,CON
14813069,PCT/JP2013/084673,2013-12-25,CON
14813071,60752973,2005-12-22,PRO
14813071,11333792,2006-01-17,CIP
14813071,11486895,2006-07-14,DIV
14813074,PCT/JP2013/081826,2013-11-27,CON
14813075,61593052,2012-01-31,PRO
14813075,61649749,2012-05-21,PRO
14813075,29422461,2012-05-21,CIP
14813075,29437530,2012-11-16,CIP
14813075,13754787,2013-01-30,CON
14813075,14089578,2013-11-25,CON
14813075,14446244,2014-07-29,CON
14813078,12070009,2008-02-14,DIV
14813078,12855437,2010-08-12,CON
14813082,61306698,2010-02-22,PRO
14813082,13032341,2011-02-22,REI
14813083,62030559,2014-07-29,PRO
14813083,62030566,2014-07-29,PRO
14813083,62030568,2014-07-29,PRO
14813083,62030573,2014-07-29,PRO
14813087,62030559,2014-07-29,PRO
14813087,62030566,2014-07-29,PRO
14813087,62030568,2014-07-29,PRO
14813087,62030573,2014-07-29,PRO
14813092,62030104,2014-07-29,PRO
14813094,62030081,2014-07-29,PRO
14813095,61293469,2010-01-08,PRO
14813095,12985748,2011-01-06,DIV
14813096,60752973,2005-12-22,PRO
14813096,11333792,2006-01-17,CIP
14813096,11487051,2006-07-14,DIV
14813099,62030559,2014-07-29,PRO
14813099,62030566,2014-07-29,PRO
14813099,62030568,2014-07-29,PRO
14813099,62030573,2014-07-29,PRO
14813106,62030467,2014-07-29,PRO
14813107,62030559,2014-07-29,PRO
14813107,62030566,2014-07-29,PRO
14813107,62030568,2014-07-29,PRO
14813107,62030573,2014-07-29,PRO
14813131,62034802,2014-08-08,PRO
14813139,13441940,2012-04-09,CON
14813146,62035376,2014-08-08,PRO
14813149,PCT/CN2013/091014,2013-12-31,CIP
14813154,62031259,2014-07-31,PRO
14813155,PCT/CN2013/087640,2013-11-21,CIP
14813161,PCT/JP2013/057734,2013-03-18,CON
14813163,13980184,2013-07-17,DIV
14813163,PCT/JP2012/000775,2012-02-06,NST
14813164,61651067,2012-05-24,PRO
14813164,13897409,2013-05-19,CIP
14813166,13983791,2013-08-06,DIV
14813166,PCT/JP2012/000784,2012-02-06,NST
14813170,61750856,2013-01-10,PRO
14813170,14150939,2014-01-09,CON
14813170,PCT/IL2012/000310,2012-08-21,CIP
14813171,60929395,2007-06-26,PRO
14813171,60960900,2007-10-19,PRO
14813171,60996057,2007-10-26,PRO
14813171,61064715,2008-03-21,PRO
14813171,12147130,2008-06-26,DIV
14813171,13166623,2011-06-22,CIP
14813171,61716856,2012-10-22,PRO
14813171,13842744,2013-03-15,CON
14813173,60929395,2007-06-26,PRO
14813173,60960900,2007-10-19,PRO
14813173,60996057,2007-10-26,PRO
14813173,61064715,2008-03-21,PRO
14813173,12147130,2008-06-26,DIV
14813173,13166623,2011-06-22,CIP
14813173,61716856,2012-10-22,PRO
14813173,61793268,2013-03-15,PRO
14813173,13842744,2013-03-15,CIP
14813173,14060381,2013-10-22,CIP
14813173,14223458,2014-03-24,CON
14813174,12746951,2010-08-18,CON
14813174,14189077,2014-02-25,CON
14813174,PCT/IB2008/055185,2008-12-10,NST
14813175,61016062,2007-12-21,PRO
14813175,12251187,2008-10-14,CIP
14813175,61426628,2010-12-23,PRO
14813175,13304852,2011-11-28,CON
14813175,13748083,2013-01-23,CON
14813176,61533993,2011-09-13,PRO
14813176,61534001,2011-09-13,PRO
14813176,61534009,2011-09-13,PRO
14813176,61534015,2011-09-13,PRO
14813176,61534046,2011-09-13,PRO
14813176,13609355,2012-09-11,DIV
14813188,62031013,2014-07-30,PRO
14813189,13366669,2012-02-06,CON
14813190,13825987,2013-03-26,CON
14813190,PCT/IB2010/002463,2010-09-28,NST
14813195,13791990,2013-03-09,CIP
14813196,13637258,2012-09-25,CON
14813196,PCT/JP2012/000547,2012-01-27,NST
14813198,62037287,2014-08-14,PRO
14813199,61161668,2009-03-19,PRO
14813199,61298101,2010-01-25,PRO
14813199,12727726,2010-03-19,CIP
14813199,12727726,2010-03-19,CON
14813199,61345885,2010-05-18,PRO
14813199,12914209,2010-10-28,CON
14813199,13166378,2011-06-22,CIP
14813199,13166542,2011-06-22,CON
14813199,13271650,2011-10-12,CON
14813199,14253687,2014-04-15,CON
14813200,61103743,2008-10-08,PRO
14813200,12575531,2009-10-08,DIV
14813200,13668597,2012-11-05,DIV
14813200,14069489,2013-11-01,DIV
14813201,10570456,2006-10-24,CON
14813201,13195093,2011-08-01,CON
14813201,13681552,2012-11-20,DIV
14813201,14455973,2014-08-11,DIV
14813201,PCT/IL2004/000789,2004-08-31,NST
14813208,62032071,2014-08-01,PRO
14813211,60807042,2006-07-11,PRO
14813211,11775835,2007-07-10,DIV
14813211,13326287,2011-12-14,DIV
14813211,14055839,2013-10-16,CON
14813213,62040475,2014-08-22,PRO
14813214,13840839,2013-03-15,CON
14813221,62030851,2014-07-30,PRO
14813225,62031328,2014-07-31,PRO
14813231,14131844,2014-01-09,CON
14813231,PCT/JP2012/004718,2012-07-24,NST
14813232,14485831,2014-09-15,CON
14813232,PCT/JP2014/064076,2014-05-28,CON
14813234,12888442,2010-09-23,DIV
14813236,PCT/JP2015/052145,2015-01-27,CON
14813241,13879698,2013-04-16,CON
14813241,PCT/IB2010/054786,2010-10-21,NST
14813247,PCT/JP2014/051457,2014-01-24,CON
14813248,62031150,2014-07-30,PRO
14813249,61760597,2013-02-04,PRO
14813249,14172017,2014-02-04,CON
14813253,62032095,2014-08-01,PRO
14813260,61376120,2010-08-23,PRO
14813260,13215718,2011-08-23,CON
14813260,14297171,2014-06-05,CON
14813263,62030754,2014-07-30,PRO
14813265,PCT/JP2014/054361,2014-02-24,CON
14813270,PCT/JP2013/080447,2013-11-11,CON
14813276,13555586,2012-07-23,CIP
14813277,12987148,2011-01-09,CIP
14813277,13284835,2011-10-28,CIP
14813277,13304769,2011-11-28,CIP
14813277,61594371,2012-02-02,PRO
14813277,13441903,2012-04-08,CON
14813277,14156617,2014-01-16,CON
14813284,62039798,2014-08-20,PRO
14813290,62031338,2014-07-31,PRO
14813291,13200715,2011-09-29,DIV
14813293,PCT/EP2014/051180,2014-01-22,CON
14813294,62033739,2014-08-06,PRO
14813301,62024275,2014-07-14,PRO
14813301,PCT/US15/40397,2015-07-14,CON
14813303,62031194,2014-07-31,PRO
14813304,PCT/CN2014/088793,2014-10-17,CON
14813307,62030818,2014-07-30,PRO
14813308,14292286,2014-05-30,CIP
14813310,13809329,2013-01-09,CON
14813310,14140017,2013-12-24,CON
14813310,14580391,2014-12-23,CON
14813310,PCT/US2011/042056,2011-06-27,NST
14813318,13713906,2012-12-13,CON
14813324,61292021,2010-01-04,PRO
14813324,12938976,2010-11-03,CIP
14813324,61610759,2012-03-14,PRO
14813324,13803630,2013-03-14,DIV
14813325,60470632,2003-05-15,PRO
14813325,10846262,2004-05-14,CON
14813325,12355622,2009-01-16,REI
14813326,13031984,2011-02-22,CON
14813326,14039041,2013-09-27,CON
14813327,62033703,2014-08-06,PRO
14813329,PCT/JP2014/052921,2014-02-07,CON
14813336,13084710,2011-04-12,REI
14813341,14319292,2014-06-30,CON
14813344,PCT/IB2014/000426,2014-01-31,CON
14813345,62031960,2014-08-01,PRO
14813347,PCT/US2014/013872,2014-01-30,CON
14813348,PCT/US2014/013314,2014-01-28,CON
14813350,PCT/GB2014/050262,2014-01-31,NST
14813351,12850891,2010-08-05,CON
14813354,62030883,2014-07-30,PRO
14813356,61808002,2013-04-03,PRO
14813356,14244051,2014-04-03,DIV
14813360,62034407,2014-08-07,PRO
14813364,61110187,2008-10-31,PRO
14813364,12589985,2009-10-30,DIV
14813373,13796152,2013-03-12,CON
14813373,14017544,2013-09-04,CON
14813374,PCT/JP2013/085263,2013-12-27,CON
14813378,13517944,2012-11-28,CON
14813378,PCT/EP2010/069854,2010-12-16,NST
14813379,62041039,2014-08-23,PRO
14813380,62038199,2014-08-15,PRO
14813381,62031265,2014-07-31,PRO
14813383,62035657,2014-08-11,PRO
14813387,62034397,2014-08-07,PRO
14813387,62164148,2015-05-20,PRO
14813389,61759929,2013-02-01,PRO
14813389,PCT/US14/14324,2014-01-31,CON
14813390,13511326,2012-08-08,CON
14813390,PCT/EP2010/068509,2010-11-30,NST
14813391,62034411,2014-08-07,PRO
14813396,61283317,2009-12-01,PRO
14813396,PCT/US10/58415,2010-11-30,NST
14813396,13513105,2012-10-15,DIV
14813397,13993138,2013-06-11,CON
14813397,PCT/US2011/062724,2011-11-30,NST
14813398,13786925,2013-03-06,CON
14813404,62031791,2014-07-31,PRO
14813405,62032690,2014-08-04,PRO
14813406,13097827,2011-04-29,DIV
14813408,13953428,2013-07-29,CON
14813408,14527076,2014-10-29,CON
14813409,11874124,2007-10-17,CON
14813409,14142254,2013-12-27,CON
14813413,14054162,2013-10-15,CON
14813415,62036237,2014-08-12,PRO
14813417,61658851,2012-06-12,PRO
14813417,13549402,2012-07-13,CON
14813421,14082118,2013-11-16,DIV
14813421,PCT/US2012/038693,2012-05-18,CON
14813423,60611722,2004-09-21,PRO
14813423,11231498,2005-09-21,CON
14813424,13265518,2011-12-01,CON
14813424,PCT/GB2010/050672,2010-04-23,NST
14813426,12892169,2010-09-28,CON
14813426,14076359,2013-11-11,CON
14813427,13879782,2013-04-16,DIV
14813427,PCT/US2011/056738,2011-10-18,NST
14813428,62030709,2014-07-30,PRO
14813430,62031629,2014-07-31,PRO
14813433,61934967,2014-02-03,PRO
14813433,14338548,2014-07-23,CIP
14813433,14483811,2014-09-11,CIP
14813436,13593299,2012-08-23,CON
14813441,13404766,2012-02-24,CON
14813445,61232316,2009-08-07,PRO
14813445,61240285,2009-09-07,PRO
14813445,61250531,2009-10-11,PRO
14813445,61255232,2009-10-27,PRO
14813445,12852859,2010-08-09,CON
14813445,14089939,2013-11-26,CON
14813452,62031564,2014-07-31,PRO
14813454,61845236,2013-07-11,PRO
14813454,61993511,2014-05-15,PRO
14813454,14329760,2014-07-11,CON
14813457,62032106,2014-08-01,PRO
14813458,PCT/CN2014/079118,2014-06-04,CON
14813460,62031901,2014-08-01,PRO
14813464,62030858,2014-07-30,PRO
14813465,60875899,2006-12-20,PRO
14813465,12004129,2007-12-20,DIV
14813465,13053789,2011-03-22,DIV
14813465,14036949,2013-09-25,CON
14813468,61291058,2009-12-30,PRO
14813468,12976223,2010-12-22,CON
14813468,14082732,2013-11-18,CON
14813474,62032448,2014-08-01,PRO
14813479,14623741,2015-02-17,CIP
14813479,14726517,2015-05-30,CIP
14813479,14743849,2015-06-18,CIP
14813479,14797637,2015-07-13,CON
14813479,14797711,2015-07-13,CIP
14813480,13778425,2013-02-27,CON
14813480,PCT/US2011/050005,2011-08-31,CON
14813481,13257396,2011-12-05,DIV
14813481,PCT/EP2009/066824,2009-12-10,NST
14813486,PCT/JP2014/052126,2014-01-30,CON
14813487,13521733,2012-07-11,CIP
14813487,13590871,2012-08-21,CON
14813487,14252392,2014-04-14,CON
14813487,PCT/IB2011/050859,2011-03-01,NST
14813488,62030733,2014-07-30,PRO
14813490,62031127,2014-07-30,PRO
14813496,13268028,2011-10-07,DIV
14813496,14486797,2014-09-15,CON
14813499,62030622,2014-07-30,PRO
14813501,13308782,2011-12-01,DIV
14813502,62030894,2014-07-30,PRO
14813504,12865035,2010-07-28,DIV
14813504,PCT/KR2009/000359,2009-01-23,NST
14813510,61758423,2013-01-30,PRO
14813510,14076419,2013-11-11,DIV
14813513,14128330,2013-12-20,CON
14813513,14622444,2015-02-13,CON
14813513,PCT/EP2012/061746,2012-06-19,NST
14813514,13997885,2013-06-25,DIV
14813514,PCT/JP2011/079582,2011-12-21,NST
14813519,62032484,2014-08-01,PRO
14813526,62031476,2014-07-31,PRO
14813530,13948441,2013-07-23,DIV
14813531,13268098,2011-10-07,DIV
14813531,14208029,2014-03-13,CON
14813534,62034479,2014-08-07,PRO
14813540,61802516,2013-03-16,PRO
14813540,14218947,2014-03-18,CIP
14813541,13519116,2012-08-01,CON
14813541,PCT/JP2010/068302,2010-10-19,NST
14813546,62031676,2014-07-31,PRO
14813558,PCT/EP2014/051883,2014-01-31,CON
14813561,62033412,2014-08-05,PRO
14813564,13823790,2013-03-15,CON
14813564,PCT/GB2011/001510,2011-10-20,NST
14813565,PCT/EP2014/050264,2014-01-09,CON
14813567,61289536,2009-12-23,PRO
14813567,12976697,2010-12-22,CON
14813570,12817754,2010-06-17,DIV
14813570,14289086,2014-05-28,CON
14813575,12257688,2008-10-24,DIV
14813576,12047700,2008-03-13,DIV
14813576,13488886,2012-06-05,CON
14813588,62032094,2014-08-01,PRO
14813591,13791180,2013-03-08,CON
14813596,62031217,2014-07-31,PRO
14813597,62031231,2014-07-31,PRO
14813598,13788256,2013-03-07,CON
14813598,PCT/JP2010/065440,2010-09-08,CON
14813602,61483264,2011-05-06,PRO
14813602,13464247,2012-05-04,DIV
14813602,14571714,2014-12-16,CON
14813604,14022681,2013-09-10,CON
14813604,PCT/KR2013/003294,2013-04-18,CON
14813610,14074452,2013-11-07,DIV
14813611,13672568,2012-11-08,CON
14813611,13789952,2013-03-08,CON
14813611,14710062,2015-05-12,CON
14813613,62030813,2014-07-30,PRO
14813615,61472410,2011-04-06,PRO
14813615,61608361,2012-03-08,PRO
14813615,PCT/US12/32090,2012-04-04,NST
14813615,14009658,2013-12-18,DIV
14813618,PCT/JP2013/077286,2013-10-08,CON
14813622,PCT/JP2013/078736,2013-10-23,CON
14813623,62031707,2014-07-31,PRO
14813625,62032790,2014-08-04,PRO
14813629,61401462,2010-08-12,PRO
14813629,61401915,2010-08-20,PRO
14813629,61402345,2010-08-27,PRO
14813629,61402308,2010-08-26,PRO
14813629,61404429,2010-10-01,PRO
14813629,13013561,2011-01-25,DIV
14813629,13014841,2011-01-27,CON
14813629,13658755,2012-10-23,CON
14813631,62031133,2014-07-30,PRO
14813637,13797004,2013-03-12,DIV
14813639,60574134,2004-05-25,PRO
14813639,PCT/BR05/00094,2005-05-25,NST
14813639,11597767,2008-07-15,CON
14813640,62032205,2014-08-01,PRO
14813641,PCT/JP2014/052307,2014-01-31,CON
14813644,12445227,2010-02-26,DIV
14813644,PCT/JP2007/059210,2007-04-27,NST
14813646,62034458,2014-08-07,PRO
14813647,60197676,2000-04-17,PRO
14813647,09835559,2001-04-17,CON
14813647,11211541,2005-08-26,CON
14813647,11980820,2007-10-31,CON
14813647,13032265,2011-02-22,CON
14813647,13610346,2012-09-11,CON
14813647,14242606,2014-04-01,CON
14813647,14481405,2014-09-09,CON
14813647,14601826,2015-01-21,CON
14813650,61502272,2011-06-28,PRO
14813650,61502276,2011-06-28,PRO
14813650,13535626,2012-06-28,CIP
14813650,13535626,2012-06-28,CON
14813650,13535626,2012-06-28,DIV
14813650,13536051,2012-06-28,CON
14813650,14011277,2013-08-27,CON
14813650,14466826,2014-08-22,CIP
14813650,14556136,2014-11-29,CIP
14813653,62033971,2014-08-06,PRO
14813654,62031274,2014-07-31,PRO
14813656,13703569,2012-12-11,DIV
14813656,PCT/JP2011/003032,2011-05-31,NST
14813658,13520613,2012-07-05,CON
14813658,14331653,2014-07-15,CON
14813658,PCT/GB2011/000106,2011-01-27,NST
14813660,62031260,2014-07-31,PRO
14813661,14077039,2013-11-11,CON
14813663,12271383,2008-11-14,DIV
14813663,14552076,2014-11-24,CON
14813672,PCT/JP2014/052687,2014-02-05,CON
14813681,14385797,2014-09-17,DIV
14813681,PCT/EP2012/072798,2012-11-15,NST
14813684,14014863,2013-08-30,CON
14813684,14202260,2014-03-10,CON
14813684,PCT/AU2012/000280,2012-03-16,CON
14813686,62032466,2014-08-01,PRO
14813687,12648110,2009-12-28,DIV
14813691,62031553,2014-07-31,PRO
14813693,62038368,2014-08-18,PRO
14813696,PCT/JP2014/054240,2014-02-21,CON
14813697,11655760,2007-01-19,CON
14813697,12460161,2009-07-13,CON
14813697,12930783,2011-01-14,CON
14813697,13722438,2012-12-20,CON
14813697,14617249,2015-02-09,CON
14813699,62030933,2014-07-30,PRO
14813702,61049407,2008-04-30,PRO
14813702,12417840,2009-04-03,CON
14813702,13554392,2012-07-20,CON
14813702,13935065,2013-07-03,CON
14813702,14169174,2014-01-31,CON
14813705,61300058,2010-02-01,PRO
14813705,13011978,2011-01-24,CON
14813705,14148146,2014-01-06,CON
14813706,62030770,2014-07-30,PRO
14813706,62081684,2014-11-19,PRO
14813707,13968726,2013-08-16,DIV
14813710,13777583,2013-02-26,CON
14813711,13774522,2013-02-22,DIV
14813714,62031188,2014-07-31,PRO
14813715,12300508,2008-11-12,DIV
14813715,PCT/EP2007/004220,2007-05-11,NST
14813719,13468236,2012-05-10,CON
14813720,14181304,2014-02-14,DIV
14813724,61014210,2007-12-17,PRO
14813724,12135264,2008-06-09,CON
14813725,62030829,2014-07-30,PRO
14813728,62031516,2014-07-31,PRO
14813729,62033744,2014-08-06,PRO
14813730,62030889,2014-07-30,PRO
14813732,12827562,2010-06-30,CON
14813732,13857508,2013-04-05,CON
14813734,62030655,2014-07-30,PRO
14813735,12458455,2009-07-13,DIV
14813737,11655760,2007-01-19,CON
14813737,12460161,2009-07-13,CON
14813737,12930783,2011-01-14,CON
14813737,13722438,2012-12-20,CON
14813737,14617249,2015-02-09,CON
14813738,13951099,2013-07-25,CON
14813739,13884604,2013-07-23,CIP
14813739,PCT/AU2011/001442,2011-11-08,NST
14813740,11655760,2007-01-19,CON
14813740,12460161,2009-07-13,CON
14813740,12930783,2011-01-14,CON
14813740,13722438,2012-12-20,CON
14813740,14617249,2015-02-09,CON
14813743,PCT/EP2014/053101,2014-02-18,CON
14813744,61622438,2012-04-10,PRO
14813744,61822746,2013-05-13,PRO
14813744,61842739,2013-07-03,PRO
14813744,61842756,2013-07-03,PRO
14813744,61842757,2013-07-03,PRO
14813744,61842800,2013-07-03,PRO
14813744,61920985,2013-12-26,PRO
14813744,61921004,2013-12-26,PRO
14813744,61924092,2014-01-06,PRO
14813744,61924097,2014-01-06,PRO
14813744,14201438,2014-03-07,CON
14813745,11860142,2007-09-24,CIP
14813745,11860183,2007-09-24,CIP
14813745,12023772,2008-01-31,CIP
14813745,12271192,2008-11-14,CIP
14813745,13401181,2012-02-21,CON
14813753,14239923,2014-02-20,CON
14813753,PCT/JP2012/004250,2012-06-29,NST
14813763,PCT/EP2014/054468,2014-03-07,CON
14813765,11655760,2007-01-19,CON
14813765,12460161,2009-07-13,CON
14813765,12930783,2011-01-14,CON
14813765,13722438,2012-12-20,CON
14813765,14617249,2015-02-09,CON
14813767,62032189,2014-08-01,PRO
14813768,14257071,2014-04-21,DIV
14813770,11501895,2006-08-10,CON
14813770,13561216,2012-07-30,CON
14813771,13334514,2011-12-22,DIV
14813771,14471374,2014-08-28,CON
14813772,13629808,2012-09-28,CON
14813773,61580285,2011-12-26,PRO
14813773,13726947,2012-12-26,CON
14813774,62030934,2014-07-30,PRO
14813776,10337611,2003-01-06,DIV
14813776,11523598,2006-09-20,CON
14813776,14080090,2013-11-14,CON
14813776,14531208,2014-11-03,CON
14813780,13796152,2013-03-12,CON
14813780,14017544,2013-09-04,CON
14813783,13110392,2011-05-18,CON
14813783,14219860,2014-03-19,CON
14813784,62030676,2014-07-30,PRO
14813785,PCT/JP2014/052280,2014-01-31,CON
14813788,62032752,2014-08-04,PRO
14813791,62030742,2014-07-30,PRO
14813800,62031451,2014-07-31,PRO
14813804,61671542,2012-07-13,PRO
14813804,13941027,2013-07-12,CON
14813806,11655760,2007-01-19,CON
14813806,12460161,2009-07-13,CON
14813806,12930783,2011-01-14,CON
14813806,13722438,2012-12-20,CON
14813806,14617249,2015-02-09,CON
14813807,62031511,2014-07-31,PRO
14813808,13198238,2011-08-04,CON
14813810,61358902,2010-06-26,PRO
14813810,13158129,2011-06-10,CON
14813810,13944190,2013-07-17,CON
14813814,62031373,2014-07-31,PRO
14813815,62031424,2014-07-31,PRO
14813818,62031075,2014-07-30,PRO
14813820,13448526,2012-04-17,DIV
14813839,12591865,2009-12-03,CON
14813839,13895394,2013-05-16,CON
14813839,14054916,2013-10-16,CON
14813839,14277235,2014-05-14,CON
14813839,14553164,2014-11-25,CON
14813841,62031009,2014-07-30,PRO
14813843,13949763,2013-07-24,CON
14813843,14611744,2015-02-02,CIP
14813845,12091011,2008-09-22,CON
14813845,14135171,2013-12-19,CON
14813845,PCT/NL2006/050247,2006-10-06,NST
14813847,62031984,2014-08-01,PRO
14813849,62038081,2014-08-15,PRO
14813849,62073654,2014-10-31,PRO
14813850,62031487,2014-07-31,PRO
14813853,62030945,2014-07-30,PRO
14813862,62030921,2014-07-30,PRO
14813863,12292339,2008-11-17,CON
14813863,14445104,2014-07-29,CON
14813864,61606834,2012-03-05,PRO
14813864,13785142,2013-03-05,CON
14813865,62031423,2014-07-31,PRO
14813866,61204316,2009-01-05,PRO
14813866,12651975,2010-01-04,CON
14813866,13788847,2013-03-07,CON
14813867,62031015,2014-07-30,PRO
14813870,62030691,2014-07-30,PRO
14813873,61153709,2009-02-19,PRO
14813873,61155562,2009-02-26,PRO
14813873,12705799,2010-02-15,CON
14813874,61397864,2010-06-17,PRO
14813874,13161766,2011-06-16,CON
14813875,13923677,2013-06-21,CON
14813876,62035563,2014-08-11,PRO
14813877,11655760,2007-01-19,CIP
14813877,11715258,2007-03-06,CON
14813877,12460162,2009-07-13,CON
14813877,12930782,2011-01-14,CON
14813877,13722373,2012-12-20,CON
14813877,14515182,2014-10-15,CON
14813879,14192385,2014-02-27,CON
14813881,10988207,2004-11-12,CON
14813881,11646986,2006-12-28,CON
14813881,13625521,2012-09-24,CON
14813882,PCT/CN2014/071739,2014-01-29,CON
14813885,12092433,2008-05-02,DIV
14813885,13464045,2012-05-04,CON
14813885,PCT/US2006/060508,2006-11-03,NST
14813893,13642762,2012-10-22,CON
14813893,PCT/EP2011/058012,2011-05-18,NST
14813897,PCT/US2014/041523,2014-02-04,CON
14813898,61049405,2008-04-30,PRO
14813898,61073674,2008-06-18,PRO
14813898,61139453,2008-12-19,PRO
14813898,12417900,2009-04-03,CON
14813898,13902246,2013-05-24,CON
14813898,14333675,2014-07-17,CON
14813898,14750995,2015-06-25,CON
14813899,62030657,2014-07-30,PRO
14813904,11839145,2007-08-15,CON
14813904,13179963,2011-07-11,CON
14813904,13632691,2012-10-01,CON
14813904,14052146,2013-10-11,CON
14813908,14448048,2014-07-31,CON
14813909,11655760,2007-01-19,CIP
14813909,11715258,2007-03-06,CON
14813909,12460162,2009-07-13,CON
14813909,12930782,2011-01-14,CON
14813909,13722373,2012-12-20,CON
14813909,14515182,2014-10-15,CON
14813910,13680849,2012-11-19,DIV
14813911,61759300,2013-01-31,PRO
14813911,14167685,2014-01-29,CON
14813918,62030660,2014-07-30,PRO
14813919,14226582,2014-03-26,CON
14813924,62030942,2014-07-30,PRO
14813925,14024149,2013-09-11,CON
14813927,61121220,2008-12-10,PRO
14813927,PCT/US09/67264,2009-12-09,NST
14813927,13133487,2011-06-08,CON
14813928,62032244,2014-08-01,PRO
14813931,61616753,2012-03-28,PRO
14813931,PCT/US13/34033,2013-03-27,NST
14813931,14388175,2014-09-25,DIV
14813933,62036188,2014-08-12,PRO
14813934,13678877,2012-11-16,CON
14813934,14659349,2015-03-16,CON
14813935,62033040,2014-08-04,PRO
14813936,62037581,2014-08-14,PRO
14813937,61606710,2012-03-05,PRO
14813937,13785682,2013-03-05,CON
14813937,14639526,2015-03-05,CON
14813939,62031371,2014-07-31,PRO
14813939,62111376,2015-02-03,PRO
14813940,62030983,2014-07-30,PRO
14813942,61029273,2008-02-15,PRO
14813942,PCT/US09/00936,2009-02-13,NST
14813942,12812239,2010-07-26,CON
14813943,62031349,2014-07-31,PRO
14813944,60755157,2005-12-30,PRO
14813944,11491384,2006-07-20,CON
14813944,13049003,2011-03-16,CON
14813946,61390974,2010-10-07,PRO
14813946,13211155,2011-08-16,CON
14813950,12680732,2010-03-29,CON
14813950,13561905,2012-07-30,CON
14813950,PCT/US2009/043368,2009-05-08,NST
14813955,11655760,2007-01-19,CIP
14813955,11715258,2007-03-06,CON
14813955,12460162,2009-07-13,CON
14813955,12930782,2011-01-14,CON
14813955,13722373,2012-12-20,CON
14813955,14515182,2014-10-15,CON
14813960,62033781,2014-08-06,PRO
14813961,13186249,2011-07-19,CON
14813961,14684927,2015-04-13,CON
14813963,PCT/CN2013/083361,2013-09-12,CON
14813964,PCT/US2013/043288,2013-05-30,CON
14813964,PCT/US2013/043294,2013-05-30,CON
14813967,62030935,2014-07-30,PRO
14813970,62031396,2014-07-31,PRO
14813971,13757256,2013-02-01,CON
14813972,11201321,2005-08-11,CON
14813972,12270585,2008-11-13,CON
14813972,13783553,2013-03-04,DIV
14813972,14198723,2014-03-06,CON
14813974,14316536,2014-06-26,CIP
14813974,62031114,2014-07-30,PRO
14813975,12548889,2009-08-27,CON
14813975,13619688,2012-09-14,CON
14813975,14222087,2014-03-21,CON
14813976,13352509,2012-01-18,CON
14813976,14322157,2014-07-02,CON
14813977,61607904,2012-03-07,PRO
14813977,13782665,2013-03-01,CON
14813979,62031641,2014-07-31,PRO
14813979,62146059,2015-04-10,PRO
14813980,61907740,2013-11-22,PRO
14813980,14551873,2014-11-24,DIV
14813981,13311070,2011-12-05,DIV
14813982,60909189,2007-03-30,PRO
14813982,12047367,2008-03-13,CON
14813982,13435441,2012-03-30,DIV
14813984,61999730,2014-08-04,PRO
14813984,62197727,2015-07-28,PRO
14813985,12050117,2008-03-17,CIP
14813985,13483743,2012-05-30,CON
14813985,13662402,2012-10-26,CIP
14813986,PCT/JP2013/078365,2013-10-18,CON
14813989,11655760,2007-01-19,CIP
14813989,11715258,2007-03-06,CON
14813989,12460162,2009-07-13,CON
14813989,12930782,2011-01-14,CON
14813989,13722373,2012-12-20,CON
14813989,14515182,2014-10-15,CON
14813990,60664071,2005-03-21,PRO
14813990,60713435,2005-09-01,PRO
14813990,11385455,2006-03-21,DIV
14813990,13569510,2012-08-08,DIV
14813991,62031744,2014-07-31,PRO
14813993,13807260,2013-02-12,DIV
14813993,PCT/US2011/042825,2011-07-01,NST
14813995,09926266,2001-10-03,CON
14813995,11490238,2006-07-21,CON
14813995,12844593,2010-07-27,CON
14813995,14033790,2013-09-23,CON
14813995,PCT/CH99/00142,1999-04-07,NST
14813996,13910665,2013-06-05,CON
14813997,62031490,2014-07-31,PRO
14813999,62030906,2014-07-30,PRO
14814000,PCT/CN2013/071162,2013-01-30,CON
14814001,12862427,2010-08-24,CON
14814001,13734496,2013-01-04,CON
14814002,62031119,2014-07-30,PRO
14814003,PCT/CN2013/074878,2013-04-27,CON
14814005,62031112,2014-07-30,PRO
14814008,13750680,2013-01-25,CIP
14814008,PCT/US2014/012551,2014-01-22,CIP
14814009,61999523,2014-07-30,PRO
14814013,14388012,2014-09-25,DIV
14814013,PCT/JP2013/058104,2013-03-21,NST
14814014,PCT/JP2013/052418,2013-02-01,CON
14814015,12517652,2009-06-04,DIV
14814015,PCT/US2006/047586,2006-12-13,NST
14814018,60945555,2007-06-21,PRO
14814018,12144617,2008-06-23,CON
14814018,13774739,2013-02-22,DIV
14814019,PCT/JP2013/078227,2013-10-17,CON
14814023,62031505,2014-07-31,PRO
14814025,61322556,2010-04-09,PRO
14814025,13084380,2011-04-11,CON
14814025,14285527,2014-05-22,CON
14814030,14111715,2014-04-29,CON
14814030,PCT/US2012/033207,2012-04-12,NST
14814033,62032758,2014-08-04,PRO
14814034,13978908,2013-08-16,CIP
14814034,PCT/JP2012/050635,2012-01-13,NST
14814035,13899140,2013-05-21,CON
14814041,13396876,2012-02-15,CON
14814042,62032450,2014-08-01,PRO
14814043,60808343,2006-05-25,PRO
14814043,60881092,2007-01-18,PRO
14814043,11805716,2007-05-24,DIV
14814044,61789792,2013-03-15,PRO
14814044,14211403,2014-03-14,CON
14814045,62032682,2014-08-04,PRO
14814047,10613764,2003-07-02,CON
14814047,11729310,2007-03-27,CON
14814047,12276886,2008-11-24,CON
14814047,12908238,2010-10-20,CON
14814047,13176577,2011-07-05,CON
14814047,13768378,2013-02-15,CON
14814047,14341938,2014-07-28,CON
14814049,61889911,2013-10-11,PRO
14814049,14503563,2014-10-01,CON
14814051,61412728,2010-11-11,PRO
14814051,61413960,2010-11-15,PRO
14814051,13294692,2011-11-11,CON
14814051,14473775,2014-08-29,CON
14814054,60882898,2006-12-29,PRO
14814054,11669132,2007-01-30,CON
14814054,12870032,2010-08-27,CON
14814054,13270060,2011-10-10,DIV
14814054,13872296,2013-04-29,CON
14814054,14635941,2015-03-02,DIV
14814065,13504442,2012-05-22,DIV
14814065,PCT/US2010/054039,2010-10-26,NST
14814069,62032431,2014-08-01,PRO
14814070,13256964,2011-09-16,DIV
14814070,PCT/EP2010/053183,2010-03-12,NST
14814073,62031084,2014-07-30,PRO
14814077,13345823,2012-01-09,CON
14814077,14016852,2013-09-03,CON
14814077,PCT/US2010/041480,2010-07-09,CIP
14814078,62030746,2014-07-30,PRO
14814081,62030920,2014-07-30,PRO
14814082,60706917,2005-08-10,PRO
14814082,11463611,2006-08-10,CIP
14814082,61356458,2010-06-18,PRO
14814082,61378424,2010-08-31,PRO
14814082,13163823,2011-06-20,CON
14814085,13168760,2011-06-24,CON
14814086,11354513,2006-02-15,DIV
14814086,12033548,2008-02-19,CON
14814086,14305673,2014-06-16,CON
14814090,61179223,2009-05-18,PRO
14814090,12782668,2010-05-18,CON
14814090,14021484,2013-09-09,CON
14814103,62030944,2014-07-30,PRO
14814103,62030950,2014-07-30,PRO
14814103,62031177,2014-07-31,PRO
14814103,62032437,2014-08-01,PRO
14814103,62032442,2014-08-01,PRO
14814103,14712247,2015-05-14,CIP
14814103,PCT/US15/42938,2015-07-30,CIP
14814105,13749492,2013-01-24,CON
14814106,61786570,2013-03-15,PRO
14814106,14203299,2014-03-10,DIV
14814109,62031302,2014-07-31,PRO
14814110,10832987,2004-04-27,CIP
14814110,12456204,2009-06-12,CON
14814110,14547900,2014-11-19,CON
14814113,12134187,2008-06-05,CIP
14814113,13461738,2012-05-01,CON
14814115,62030795,2014-07-30,PRO
14814119,62031050,2014-07-30,PRO
14814120,62031110,2014-07-30,PRO
14814122,61683174,2012-08-14,PRO
14814122,13835677,2013-03-15,CON
14814124,13216954,2011-08-24,DIV
14814128,11667167,2007-05-04,DIV
14814128,13550214,2012-07-16,CON
14814128,14205788,2014-03-12,CON
14814128,PCT/EP2005/055501,2005-10-25,NST
14814132,62031663,2014-07-31,PRO
14814132,62093877,2014-12-18,PRO
14814133,62031601,2014-07-31,PRO
14814134,62040840,2014-08-22,PRO
14814135,11685949,2007-03-14,CON
14814135,13279517,2011-10-24,CON
14814135,13668659,2012-11-05,CON
14814135,14166417,2014-01-28,CON
14814136,13371069,2012-02-10,DIV
14814138,PCT/CN2013/071227,2013-01-31,CON
14814139,60828203,2006-10-04,PRO
14814139,11866560,2007-10-03,CON
14814139,12817827,2010-06-17,DIV
14814139,13660563,2012-10-25,DIV
14814140,13780873,2013-02-28,CON
14814141,62031152,2014-07-30,PRO
14814141,62131347,2015-03-11,PRO
14814143,13405223,2012-02-24,CON
14814146,10714814,2003-11-17,CIP
14814146,10991135,2004-11-17,CIP
14814146,60672502,2005-04-19,PRO
14814146,11203157,2005-08-15,CON
14814146,11820845,2007-06-20,CON
14814146,12426723,2009-04-20,CON
14814146,12435181,2009-05-04,CON
14814146,12897475,2010-10-04,CON
14814146,13765199,2013-02-12,CON
14814146,14566123,2014-12-10,CON
14814147,62032260,2014-08-01,PRO
14814148,62032475,2014-08-01,PRO
14814148,62121040,2015-02-26,PRO
14814151,13335170,2011-12-22,CIP
14814151,13924520,2013-06-21,CIP
14814151,14642437,2015-03-09,CON
14814155,12304765,2009-02-10,CON
14814155,13713078,2012-12-13,CON
14814155,PCT/US2007/070911,2007-06-11,NST
14814156,PCT/JP2014/000163,2014-01-15,CON
14814163,14116959,2014-01-27,DIV
14814163,PCT/KR2012/003345,2012-04-30,NST
14814164,62040853,2014-08-22,PRO
14814169,61898088,2013-10-31,PRO
14814169,14521662,2014-10-23,CIP
14814169,14741182,2015-06-16,CIP
14814170,12424626,2009-04-16,DIV
14814170,14497987,2014-09-26,CON
14814171,60741683,2005-12-02,PRO
14814171,11605915,2006-11-29,DIV
14814171,13304168,2011-11-23,DIV
14814173,60740686,2005-11-28,PRO
14814173,60752203,2005-12-19,PRO
14814173,11564174,2006-11-28,CON
14814173,12886487,2010-09-20,CON
14814173,13411350,2012-03-02,CON
14814173,13610691,2012-09-11,CON
14814173,14271756,2014-05-07,CON
14814177,62030908,2014-07-30,PRO
14814179,61523104,2011-08-12,PRO
14814179,13571827,2012-08-10,CON
14814181,62031856,2014-07-31,PRO
14814181,62074838,2014-11-04,PRO
14814181,62147289,2015-04-14,PRO
14814183,13929923,2013-06-28,DIV
14814184,13335170,2011-12-22,CIP
14814184,13924520,2013-06-21,CIP
14814184,14642437,2015-03-09,CON
14814185,12085679,2008-05-29,CON
14814185,14246594,2014-04-07,CON
14814185,PCT/JP2006/323659,2006-11-28,NST
14814186,PCT/CN2013/071219,2013-01-31,CON
14814188,62031129,2014-07-30,PRO
14814189,62032320,2014-08-01,PRO
14814190,61999621,2014-07-31,PRO
14814190,62152850,2015-04-25,PRO
14814192,13795829,2013-03-12,CON
14814196,62036079,2014-08-11,PRO
14814197,62032253,2014-08-01,PRO
14814200,62030769,2014-07-30,PRO
14814205,11312907,2005-12-20,CIP
14814205,11544363,2006-10-06,REI
14814206,62040325,2014-08-21,PRO
14814207,62030719,2014-07-30,PRO
14814210,61655960,2012-06-05,PRO
14814210,13910054,2013-06-04,CIP
14814212,13389483,2012-02-09,DIV
14814212,PCT/EP2010/062494,2010-08-26,NST
14814213,13292938,2011-11-09,CON
14814213,13959313,2013-08-05,DIV
14814216,61251192,2009-10-13,PRO
14814216,61325224,2010-04-16,PRO
14814216,61326787,2010-04-22,PRO
14814216,12904078,2010-10-13,CON
14814218,13744820,2013-01-18,DIV
14814223,62031639,2014-07-31,PRO
14814225,61364981,2010-07-16,PRO
14814225,13185377,2011-07-18,DIV
14814229,62031604,2014-07-31,PRO
14814232,62031856,2014-07-31,PRO
14814232,62074838,2014-11-04,PRO
14814232,62147289,2015-04-14,PRO
14814233,61233081,2009-08-11,PRO
14814233,12606326,2009-10-27,CIP
14814233,61262780,2009-11-19,PRO
14814233,61301877,2010-02-05,PRO
14814233,61360733,2010-07-01,PRO
14814233,12949103,2010-11-18,CON
14814236,11681133,2007-03-01,CON
14814236,13406528,2012-02-27,CON
14814238,13126875,2011-07-25,DIV
14814238,PCT/US2009/063016,2009-11-02,NST
14814239,12980251,2010-12-28,CON
14814242,13732980,2013-01-02,DIV
14814244,PCT/US2014/048923,2014-07-30,CON
14814246,62031432,2014-07-31,PRO
14814247,13907791,2013-05-31,CON
14814249,13700644,2013-06-26,CON
14814249,PCT/IB2011/052440,2011-06-03,NST
14814251,60890404,2007-02-16,PRO
14814251,12032290,2008-02-15,CON
14814251,13597124,2012-08-28,CON
14814252,13335170,2011-12-22,CIP
14814252,13924520,2013-06-21,CIP
14814252,14642437,2015-03-09,CON
14814254,62031714,2014-07-31,PRO
14814258,13146350,2012-07-23,DIV
14814258,PCT/GB2010/000165,2010-02-01,NST
14814260,13646051,2012-10-05,CON
14814262,61151123,2009-02-09,PRO
14814262,61151726,2009-02-11,PRO
14814262,61162606,2009-03-23,PRO
14814262,61163664,2009-03-26,PRO
14814262,61175452,2009-05-04,PRO
14814262,12702069,2010-02-08,CON
14814263,13881858,2013-04-26,CON
14814263,PCT/JP2011/005812,2011-10-18,NST
14814266,13039214,2011-03-02,CON
14814266,14466712,2014-08-22,CON
14814267,60702896,2005-07-26,PRO
14814267,11433859,2006-05-11,DIV
14814267,12783217,2010-05-19,CON
14814267,13591566,2012-08-22,CON
14814267,13904171,2013-05-29,CON
14814267,14254280,2014-04-16,CON
14814274,62031856,2014-07-31,PRO
14814274,62074838,2014-11-04,PRO
14814274,62147289,2015-04-14,PRO
14814279,62031544,2014-07-31,PRO
14814280,61453362,2011-03-16,PRO
14814280,13421714,2012-03-15,CON
14814282,62032500,2014-08-01,PRO
14814283,62030608,2014-07-30,PRO
14814286,11960904,2007-12-20,DIV
14814286,12813114,2010-06-10,CIP
14814286,13158115,2011-06-10,CON
14814293,62031856,2014-07-31,PRO
14814293,62074838,2014-11-04,PRO
14814293,62147289,2015-04-14,PRO
14814295,62038368,2014-08-18,PRO
14814298,14273968,2014-05-09,CIP
14814299,61934690,2014-01-31,PRO
14814299,14611928,2015-02-02,CIP
14814303,62031856,2014-07-31,PRO
14814303,62074838,2014-11-04,PRO
14814303,62147289,2015-04-14,PRO
14814307,13909892,2013-06-04,DIV
14814311,62031869,2014-08-01,PRO
14814313,11974078,2007-10-11,CON
14814313,13195302,2011-08-01,CON
14814313,13474110,2012-05-17,CON
14814313,14177011,2014-02-10,CON
14814315,60451015,2003-02-27,PRO
14814315,10789807,2004-02-27,CON
14814315,13786208,2013-03-05,CON
14814317,13240361,2011-09-22,CON
14814318,61378372,2010-08-30,PRO
14814318,12955804,2010-11-29,DIV
14814318,13908935,2013-06-03,DIV
14814319,62031856,2014-07-31,PRO
14814319,62074838,2014-11-04,PRO
14814319,62147289,2015-04-14,PRO
14814320,14377890,2014-08-11,DIV
14814320,PCT/IB2013/051044,2013-02-08,NST
14814321,62031160,2014-07-31,PRO
14814325,61384614,2010-09-20,PRO
14814325,13237705,2011-09-20,CIP
14814327,62032337,2014-08-01,PRO
14814330,62038368,2014-08-18,PRO
14814331,11300137,2005-12-14,CON
14814331,14591846,2015-01-07,CON
14814335,62031856,2014-07-31,PRO
14814335,62074838,2014-11-04,PRO
14814335,62147289,2015-04-14,PRO
14814336,11541168,2006-09-28,CIP
14814336,11738204,2007-04-20,DIV
14814336,13206651,2011-08-10,CON
14814336,13476159,2012-05-21,REI
14814337,61627714,2011-10-17,PRO
14814337,13653119,2012-10-16,CON
14814338,61999622,2014-07-30,PRO
14814339,13078797,2011-04-01,REI
14814342,62032212,2014-08-01,PRO
14814344,13168839,2011-06-24,DIV
14814344,14199181,2014-03-06,CON
14814345,61760820,2013-02-05,PRO
14814345,13838576,2013-03-15,CON
14814349,60630803,2004-11-23,PRO
14814349,11286445,2005-11-23,CON
14814350,61607585,2012-03-06,PRO
14814350,13787734,2013-03-06,CON
14814351,12187377,2008-08-06,CON
14814356,14119042,2013-11-20,CIP
14814357,62031073,2014-07-30,PRO
14814357,62031078,2014-07-30,PRO
14814357,62031088,2014-07-30,PRO
14814358,62031020,2014-07-30,PRO
14814359,61310164,2010-03-03,PRO
14814359,13040252,2011-03-03,CON
14814359,13965013,2013-08-12,CON
14814359,14203397,2014-03-10,CON
14814363,62031856,2014-07-31,PRO
14814363,62074838,2014-11-04,PRO
14814363,62147289,2015-04-14,PRO
14814364,12804939,2010-08-02,CON
14814366,14183220,2014-02-18,CIP
14814367,PCT/FR2015/050174,2015-01-26,CIP
14814368,62031066,2014-07-30,PRO
14814369,62039480,2014-08-20,PRO
14814371,13854817,2013-04-01,CON
14814373,13885652,2013-05-15,CIP
14814373,PCT/KR2011/008707,2011-11-15,NST
14814379,61434622,2011-01-20,PRO
14814379,13355416,2012-01-20,CON
14814379,62031027,2014-07-30,PRO
14814379,14798700,2015-07-14,CIP
14814381,10398099,2003-07-01,CON
14814381,13531423,2012-06-22,CON
14814381,PCT/NZ01/00226,2001-10-15,NST
14814383,60981423,2007-10-19,PRO
14814383,12253792,2008-10-17,DIV
14814386,62031082,2014-07-30,PRO
14814388,61630944,2011-12-22,PRO
14814388,61634683,2012-03-05,PRO
14814388,13725732,2012-12-21,CON
14814390,13308514,2011-11-30,DIV
14814391,62031823,2014-07-31,PRO
14814392,61414818,2010-11-17,PRO
14814392,61504924,2011-07-06,PRO
14814392,PCT/US11/60966,2011-11-16,NST
14814392,13884578,2013-07-23,CON
14814394,62034065,2014-08-06,PRO
14814395,14448748,2014-07-31,CIP
14814396,62031226,2014-07-31,PRO
14814396,14641305,2015-03-07,CIP
14814396,14717112,2015-05-20,CIP
14814396,14741213,2015-06-16,CIP
14814402,62030893,2014-07-30,PRO
14814407,62031090,2014-07-30,PRO
14814407,PCT/US2014/026717,2014-03-13,CIP
14814412,62037057,2014-08-13,PRO
14814416,12568989,2009-09-29,CON
14814417,60387146,2002-06-06,PRO
14814417,10456354,2003-06-05,DIV
14814417,12572656,2009-10-02,CON
14814419,62031102,2014-07-30,PRO
14814420,61321869,2010-04-07,PRO
14814420,12888389,2010-09-22,CON
14814420,14599339,2015-01-16,CON
14814421,62032327,2014-08-01,PRO
14814423,62031226,2014-07-31,PRO
14814423,14641305,2015-03-07,CIP
14814423,14717112,2015-05-20,CIP
14814423,14741213,2015-06-16,CIP
14814424,61598032,2012-02-13,PRO
14814424,13766761,2013-02-13,CON
14814425,62032334,2014-08-01,PRO
14814430,13521209,2012-07-09,CON
14814430,PCT/KR2011/000147,2011-01-10,NST
14814431,13632087,2012-09-30,CON
14814432,62031226,2014-07-31,PRO
14814432,14641305,2015-03-07,CIP
14814432,14717112,2015-05-20,CIP
14814432,14741213,2015-06-16,CIP
14814434,62031074,2014-07-30,PRO
14814435,60032535,1996-12-10,PRO
14814436,62031079,2014-07-30,PRO
14814436,62186277,2015-06-29,PRO
14814437,61314779,2010-03-17,PRO
14814437,13038862,2011-03-02,CON
14814437,13050055,2011-03-17,CON
14814437,14808750,2015-07-24,CIP
14814438,61747180,2012-12-28,PRO
14814438,14142739,2013-12-27,CIP
14814438,62031145,2014-07-30,PRO
14814440,61572770,2011-07-21,PRO
14814440,13555802,2012-07-23,CON
14814443,62031702,2014-07-31,PRO
14814444,14448550,2014-07-31,CIP
14814445,13302306,2011-11-22,CON
14814446,60395971,2002-07-15,PRO
14814446,10427843,2003-04-30,DIV
14814446,12820106,2010-06-21,CON
14814447,62031077,2014-07-30,PRO
14814448,62030959,2014-07-30,PRO
14814449,61028544,2008-02-14,PRO
14814449,12368394,2009-02-10,CON
14814455,60665067,2005-03-24,PRO
14814455,11329999,2006-01-11,CON
14814455,14266671,2014-04-30,CIP
14814455,62194783,2015-07-20,PRO
14814460,14297563,2014-06-05,CIP
14814462,62032416,2014-08-01,PRO
14814462,62056136,2014-09-26,PRO
14814463,14459917,2014-08-14,CIP
14814472,62031610,2014-07-31,PRO
14814475,62031158,2014-07-30,PRO
14814478,62031501,2014-07-31,PRO
14814484,61410298,2010-11-04,PRO
14814484,13080533,2011-04-05,CON
14814486,61407861,2010-10-28,PRO
14814486,13079614,2011-04-04,CON
14814492,62031137,2014-07-30,PRO
14814493,62030922,2014-07-30,PRO
14814500,62032169,2014-08-01,PRO
14814501,62031479,2014-07-31,PRO
14814504,12105248,2008-04-17,CIP
14814504,14331089,2014-07-14,CIP
14814504,62030916,2014-07-30,PRO
14814509,62030734,2014-07-30,PRO
14814510,62031804,2014-07-31,PRO
14814518,62031881,2014-08-01,PRO
14814520,13499375,2012-07-13,CON
14814520,14663428,2015-03-19,CON
14814520,PCT/KR2010/006735,2010-10-01,NST
14814525,62031879,2014-08-01,PRO
14814525,62078933,2014-11-12,PRO
14814530,14115837,2014-02-25,CON
14814530,PCT/AU2012/000478,2012-05-03,NST
14814531,13043504,2011-03-09,CIP
14814531,29410163,2012-01-05,CIP
14814531,13647441,2012-10-09,DIV
14814532,62032011,2014-08-01,PRO
14814537,61826784,2013-05-23,PRO
14814537,14285869,2014-05-23,CIP
14814537,62032055,2014-08-01,PRO
14814538,14312987,2014-06-24,CIP
14814538,62038420,2014-08-18,PRO
14814552,14037502,2013-09-26,CON
14814565,12741070,2010-05-03,CON
14814565,PCT/EP2008/009268,2008-11-04,NST
14814568,14759330,2015-07-06,CON
14814568,PCT/KR2014/000093,2014-01-06,NST
14814569,13405250,2012-02-25,CON
14814570,61100074,2008-09-25,PRO
14814570,PCT/US09/58023,2009-09-23,CON
14814570,13048325,2011-03-15,CON
14814570,13362430,2012-01-31,CON
14814570,13655498,2012-10-19,CON
14814570,14151242,2014-01-09,CON
14814570,14221422,2014-03-21,CON
14814573,13898187,2013-05-20,DIV
14814580,61226015,2009-07-16,PRO
14814580,61286877,2009-12-16,PRO
14814580,12837545,2010-07-16,CIP
14814580,12975407,2010-12-22,CIP
14814583,PCT/JP2014/052028,2014-01-30,CON
14814584,13391082,2012-02-17,DIV
14814584,PCT/EP2010/061924,2010-08-17,NST
14814585,61330840,2010-05-03,PRO
14814585,61345984,2010-05-18,PRO
14814585,13100243,2011-05-03,CON
14814588,13187596,2011-07-21,CIP
14814588,13448466,2012-04-17,CIP
14814588,61825658,2013-05-21,PRO
14814588,13949281,2013-07-24,CON
14814591,14177518,2014-02-11,CON
14814596,62033867,2014-08-06,PRO
14814597,11995224,2008-01-10,CON
14814597,13366933,2012-02-06,CON
14814597,PCT/JP2006/314824,2006-07-20,NST
14814598,14759330,2015-07-06,CON
14814598,PCT/KR2014/000093,2014-01-06,NST
14814600,62031878,2014-08-01,PRO
14814601,62041473,2014-08-25,PRO
14814602,13006538,2011-01-14,CIP
14814602,13401964,2012-02-22,CON
14814603,14365265,2014-06-13,CON
14814603,PCT/PT2012/000048,2012-12-12,NST
14814610,PCT/DK2013/050029,2013-01-31,CON
14814611,14211821,2014-03-14,CON
14814612,61353161,2010-06-09,PRO
14814612,13155282,2011-06-07,CON
14814613,62031199,2014-07-31,PRO
14814613,62076089,2014-11-06,PRO
14814615,60269860,2001-02-21,PRO
14814615,09969795,2001-10-04,CON
14814615,11648081,2006-12-29,CON
14814615,12631758,2009-12-04,CON
14814615,13102887,2011-05-06,CON
14814615,13711336,2012-12-11,CON
14814615,14248291,2014-04-08,CON
14814620,PCT/JP2014/083218,2014-12-16,CON
14814623,14191568,2014-02-27,CON
14814625,62031712,2014-07-31,PRO
14814626,09176022,1998-10-21,CIP
14814626,09293342,1999-04-16,CIP
14814626,09550644,2000-04-14,DIV
14814626,12349802,2009-01-07,CON
14814626,12976839,2010-12-22,CON
14814626,13549213,2012-07-13,CON
14814626,14172392,2014-02-04,CON
14814631,62031999,2014-08-01,PRO
14814633,61478076,2011-04-22,PRO
14814633,61555339,2011-11-03,PRO
14814633,13451574,2012-04-20,CON
14814638,61999647,2014-08-01,PRO
14814639,14196151,2014-03-04,CON
14814642,62032916,2014-08-04,PRO
14814643,PCT/IB2014/001047,2014-06-12,CIP
14814649,13266087,2011-10-24,DIV
14814649,14080083,2013-11-14,DIV
14814649,PCT/EP2010/002602,2010-04-28,NST
14814659,62031237,2014-07-31,PRO
14814661,14759330,2015-07-06,CON
14814661,PCT/KR2014/000093,2014-01-06,NST
14814669,13609850,2012-09-11,CON
14814673,13807505,2013-03-14,DIV
14814673,PCT/EP2011/060819,2011-06-28,NST
14814674,13497907,2012-08-09,CON
14814674,14132832,2013-12-18,CON
14814674,PCT/EP2010/064115,2010-09-24,NST
14814680,13617740,2012-09-14,DIV
14814681,PCT/US2014/014289,2014-01-31,CON
14814684,13395360,2012-03-09,DIV
14814684,14202434,2014-03-10,CON
14814684,PCT/JP2010/066215,2010-09-17,NST
14814685,PCT/US2014/013989,2014-01-31,CIP
14814686,13984185,2013-10-18,CON
14814686,PCT/EP2012/055481,2012-03-28,NST
14814687,13606099,2012-09-07,DIV
14814690,12441251,2009-11-16,CON
14814690,14259975,2014-04-23,CON
14814690,PCT/SE2007/000790,2007-09-11,NST
14814692,12061869,2008-04-03,CON
14814693,13627075,2012-09-26,CON
14814695,61610020,2012-03-13,PRO
14814695,13796609,2013-03-12,CON
14814697,14759330,2015-07-06,CON
14814697,PCT/KR2014/000093,2014-01-06,NST
14814701,13283965,2011-10-28,DIV
14814704,12909764,2010-10-21,CON
14814704,13786609,2013-03-06,CON
14814704,14450459,2014-08-04,CON
14814705,10604997,2003-08-29,CIP
14814705,60621824,2004-10-25,PRO
14814705,11257183,2005-10-24,CIP
14814705,11396753,2006-04-03,CON
14814705,11582072,2006-10-17,CON
14814705,12336210,2008-12-16,CON
14814705,61229851,2009-07-30,PRO
14814705,12619240,2009-11-16,CIP
14814705,13184163,2011-07-15,CIP
14814705,14096422,2013-12-04,CIP
14814705,62031893,2014-08-01,PRO
14814708,60698031,2005-07-11,PRO
14814708,11430712,2006-05-09,CON
14814708,12437677,2009-05-08,CON
14814708,12708854,2010-02-19,CON
14814708,13116037,2011-05-26,CON
14814708,13471882,2012-05-15,CON
14814708,13826756,2013-03-14,CON
14814711,14116840,2014-01-31,CON
14814711,PCT/GB2012/051030,2012-05-11,NST
14814715,62032539,2014-08-02,PRO
14814717,13883660,2013-05-06,CON
14814717,PCT/IB2010/055143,2010-11-12,NST
14814720,62126729,2015-03-02,PRO
14814723,14396463,2014-10-23,CON
14814723,PCT/CN2012/075164,2012-05-08,NST
14814725,61546405,2011-10-12,PRO
14814725,13297471,2011-11-16,CON
14814725,14453824,2014-08-07,CON
14814726,14284322,2014-05-21,CIP
14814728,13297841,2011-11-16,CIP
14814728,13865775,2013-04-18,DIV
14814728,14482927,2014-09-10,CON
14814731,PCT/EP2014/053137,2014-02-18,CON
14814733,PCT/EP2014/000061,2014-01-14,CON
14814734,61739249,2012-12-19,PRO
14814734,14132252,2013-12-18,DIV
14814735,62031938,2014-08-01,PRO
14814737,62031401,2014-07-31,PRO
14814741,61051302,2008-05-07,PRO
14814741,12256051,2008-10-22,CIP
14814741,12945274,2010-11-12,CON
14814741,14541941,2014-11-14,CON
14814747,12368650,2009-02-10,CON
14814750,61510788,2011-07-22,PRO
14814750,13440769,2012-04-05,DIV
14814756,13941964,2013-07-15,DIV
14814771,60914603,2007-04-27,PRO
14814771,PCT/US08/05345,2008-04-25,NST
14814771,12597742,2010-02-17,DIV
14814771,13217616,2011-08-25,CON
14814771,13564698,2012-08-01,CON
14814771,13872778,2013-04-29,CON
14814774,12857755,2010-08-17,CON
14814774,13971984,2013-08-21,CON
14814779,62032257,2014-08-01,PRO
14814779,62199108,2015-07-30,PRO
14814781,60923953,2007-04-16,PRO
14814781,12148144,2008-04-16,DIV
14814781,13205162,2011-08-08,DIV
14814781,14034265,2013-09-23,DIV
14814785,61510788,2011-07-22,PRO
14814785,13440769,2012-04-05,DIV
14814794,62032841,2014-08-04,PRO
14814795,62032029,2014-08-01,PRO
14814798,61510788,2011-07-22,PRO
14814798,13440769,2012-04-05,DIV
14814802,13439070,2012-04-04,DIV
14814807,PCT/FI2013/050149,2013-02-11,CON
14814812,61108358,2008-10-24,PRO
14814812,12572601,2009-10-02,CON
14814812,13491961,2012-06-08,CON
14814812,14064757,2013-10-28,CON
14814822,11426922,2006-06-27,CON
14814822,12414551,2009-03-30,CON
14814822,12967823,2010-12-14,CON
14814822,13571230,2012-08-09,CON
14814822,14075805,2013-11-08,CON
14814822,14486655,2014-09-15,CON
14814823,13277288,2011-10-20,CON
14814830,14111243,2013-10-11,CON
14814830,PCT/CN11/72652,2011-04-12,NST
14814832,12951400,2010-11-22,CON
14814832,14746166,2015-06-22,CIP
14814833,13321996,2011-11-22,DIV
14814833,14297101,2014-06-05,DIV
14814833,PCT/US2010/036558,2010-05-28,NST
14814836,62032384,2014-08-01,PRO
14814837,13281900,2011-10-26,DIV
14814838,61643244,2012-05-05,PRO
14814838,61669114,2012-07-08,PRO
14814838,61770663,2013-02-28,PRO
14814838,61770710,2013-02-28,PRO
14814838,13855095,2013-04-02,CON
14814841,61413680,2010-11-15,PRO
14814841,13295186,2011-11-14,DIV
14814842,12658582,2010-02-09,CON
14814844,PCT/JP2014/050846,2014-01-17,CON
14814848,12505498,2009-07-19,CON
14814851,62032485,2014-08-01,PRO
14814852,14025529,2013-09-12,CON
14814853,62031918,2014-08-01,PRO
14814858,62032490,2014-08-01,PRO
14814862,14210583,2014-03-14,CON
14814864,PCT/EP2014/053197,2014-02-19,CON
14814865,13836080,2013-03-15,CIP
14814869,62125263,2015-01-20,PRO
14814874,13948151,2013-07-22,CON
14814876,61797428,2012-12-06,PRO
14814876,61958942,2013-08-08,PRO
14814876,14093494,2013-12-01,CON
14814878,61289969,2009-12-23,PRO
14814878,61386964,2010-09-27,PRO
14814878,12972333,2010-12-17,DIV
14814878,13886032,2013-05-02,DIV
14814879,60972512,2007-09-14,PRO
14814879,60972537,2007-09-14,PRO
14814879,61055666,2008-05-23,PRO
14814879,12209279,2008-09-12,CON
14814879,14325968,2014-07-08,CON
14814882,62032037,2014-08-01,PRO
14814883,62032660,2014-08-04,PRO
14814885,62031242,2014-07-31,PRO
14814885,PCT/US15/43074,2015-07-31,CON
14814891,61371399,2010-08-06,PRO
14814891,13195317,2011-08-01,CON
14814891,14263101,2014-04-28,CON
14814895,61175930,2009-05-06,PRO
14814895,61176267,2009-05-07,PRO
14814895,61180646,2009-05-22,PRO
14814895,61235227,2009-08-19,PRO
14814895,61248212,2009-10-02,PRO
14814895,PCT/US10/33908,2010-05-06,NST
14814895,13318713,2011-11-03,DIV
14814896,61831985,2013-06-06,PRO
14814896,13916088,2013-06-12,CON
14814906,62034354,2014-08-07,PRO
14814909,60897382,2007-01-25,PRO
14814909,11861565,2007-09-26,CON
14814910,12718301,2010-03-05,CON
14814910,PCT/US2008/075531,2008-09-07,CON
14814913,14113072,2013-10-21,CON
14814913,PCT/IB2012/052034,2012-04-23,NST
14814922,62032190,2014-08-01,PRO
14814923,61530574,2011-09-02,PRO
14814923,13601507,2012-08-31,CON
14814928,13278601,2011-10-21,DIV
14814931,61441384,2011-02-10,PRO
14814931,13370238,2012-02-09,CON
14814933,14071527,2013-11-04,CON
14814934,12866413,2010-09-17,DIV
14814934,PCT/SE2009/000072,2009-02-05,NST
14814935,61488079,2011-05-19,PRO
14814935,61499499,2011-06-21,PRO
14814935,61515474,2011-08-05,PRO
14814935,61546461,2011-10-12,PRO
14814935,61552701,2011-10-28,PRO
14814935,61597404,2012-02-10,PRO
14814935,61617390,2012-03-29,PRO
14814935,13474598,2012-05-17,CON
14814936,61280346,2009-11-02,PRO
14814936,12755800,2010-04-07,DIV
14814939,PCT/EP2014/052322,2014-02-06,CON
14814940,PCT/CN2013/071263,2013-02-01,CON
14814945,13590717,2012-08-21,DIV
14814946,62031244,2014-07-31,PRO
14814947,11555096,2006-10-31,DIV
14814947,13074190,2011-03-29,CON
14814947,13946040,2013-07-19,CON
14814947,14547168,2014-11-19,CON
14814948,13109993,2011-05-17,CON
14814949,13948157,2013-07-22,CON
14814952,62032964,2014-08-04,PRO
14814955,11520092,2006-09-12,CON
14814955,14253527,2014-04-15,CON
14814960,62031279,2014-07-31,PRO
14814962,13092363,2011-04-22,DIV
14814962,14057972,2013-10-18,CON
14814965,62032091,2014-08-01,PRO
14814967,11883951,2009-08-03,DIV
14814967,13567843,2012-08-06,CON
14814967,PCT/US2006/008552,2006-03-09,NST
14814968,61933180,2014-01-29,PRO
14814968,61937889,2014-02-10,PRO
14814968,14243105,2014-04-02,CON
14814971,60864701,2006-11-07,PRO
14814971,11936786,2007-11-07,CON
14814971,13171108,2011-06-28,CON
14814971,14041192,2013-09-30,CON
14814972,62031551,2014-07-31,PRO
14814975,62032093,2014-08-01,PRO
14814982,13818876,2013-05-06,DIV
14814982,PCT/US2011/001514,2011-08-26,NST
14814983,14290483,2014-05-29,CON
14814988,61383975,2010-09-17,PRO
14814988,61384017,2010-09-17,PRO
14814988,13515143,2012-11-12,CIP
14814988,PCT/US2010/059877,2010-12-10,NST
14814991,61478537,2011-04-24,PRO
14814991,61493577,2011-06-06,PRO
14814991,61496153,2011-06-13,PRO
14814991,61501239,2011-06-26,PRO
14814991,61507955,2011-07-14,PRO
14814991,61512363,2011-07-27,PRO
14814991,61522608,2011-08-11,PRO
14814991,61542602,2011-10-03,PRO
14814991,61561722,2011-11-18,PRO
14814991,61577597,2011-12-19,PRO
14814991,61584142,2012-01-06,PRO
14814991,61592514,2012-01-30,PRO
14814991,61595616,2012-02-06,PRO
14814991,61598293,2012-02-13,PRO
14814991,61602504,2012-02-23,PRO
14814991,13454021,2012-04-23,CON
14814994,13574004,2012-07-19,DIV
14814994,PCT/EP2010/007740,2010-12-17,NST
14814995,62034031,2014-08-06,PRO
14814995,62034052,2014-08-06,PRO
14814995,62153841,2015-04-28,PRO
14814997,12310322,2009-02-20,CON
14814997,13967895,2013-08-15,CON
14814997,PCT/KR2007/004016,2007-08-22,NST
14814999,62031431,2014-07-31,PRO
14815000,13536419,2012-06-28,DIV
14815001,62034252,2014-08-07,PRO
14815001,62067151,2014-10-22,PRO
14815001,62111837,2015-02-04,PRO
14815001,62147795,2015-04-15,PRO
14815003,62032108,2014-08-01,PRO
14815004,PCT/JP2014/051722,2014-01-27,CON
14815005,62032319,2014-08-01,PRO
14815006,13194802,2011-07-29,DIV
14815007,61175930,2009-05-06,PRO
14815007,61176267,2009-05-07,PRO
14815007,61180646,2009-05-22,PRO
14815007,61235227,2009-08-19,PRO
14815007,61248212,2009-10-02,PRO
14815007,PCT/US10/33908,2010-05-06,NST
14815007,13318713,2011-11-03,DIV
14815007,14814895,2015-07-31,CON
14815008,62032251,2014-08-01,PRO
14815010,14454961,2014-08-08,CIP
14815010,PCT/US2013/042313,2013-05-22,CIP
14815010,PCT/US2014/018033,2014-02-24,CIP
14815011,62032400,2014-08-01,PRO
14815012,62031216,2014-07-31,PRO
14815013,60428358,2002-11-22,PRO
14815013,60428450,2002-11-22,PRO
14815013,60428452,2002-11-22,PRO
14815013,60440693,2003-01-17,PRO
14815013,60440692,2003-01-17,PRO
14815013,60523712,2003-11-19,PRO
14815013,60523716,2003-11-19,PRO
14815013,10719680,2003-11-20,DIV
14815013,11322782,2005-12-30,CON
14815013,11837190,2007-08-10,CON
14815013,12372002,2009-02-17,CON
14815013,13231449,2011-09-13,CON
14815013,13971413,2013-08-20,CON
14815020,62031695,2014-07-31,PRO
14815026,62034081,2014-08-06,PRO
14815027,14047804,2013-10-07,CON
14815030,62033059,2014-08-04,PRO
14815030,62033363,2014-08-05,PRO
14815032,62031268,2014-07-31,PRO
14815035,62034252,2014-08-07,PRO
14815035,62067151,2014-10-22,PRO
14815035,62111837,2015-02-04,PRO
14815035,62147795,2015-04-15,PRO
14815037,12892693,2010-09-28,CON
14815037,14105823,2013-12-13,CON
14815039,12978689,2010-12-27,CON
14815044,60887022,2007-01-29,PRO
14815044,11832646,2007-08-01,CON
14815044,13335248,2011-12-22,CIP
14815045,09928623,2001-08-13,CON
14815045,10945189,2004-09-20,CON
14815045,11533991,2006-09-21,CON
14815045,12189517,2008-08-11,CON
14815045,13911866,2013-06-06,CON
14815048,61690445,2012-06-29,PRO
14815048,61742728,2012-08-17,PRO
14815048,13931859,2013-06-29,DIV
14815049,13941885,2013-07-15,CON
14815050,62031461,2014-07-31,PRO
14815057,62034252,2014-08-07,PRO
14815057,62067151,2014-10-22,PRO
14815057,62111837,2015-02-04,PRO
14815057,62147795,2015-04-15,PRO
14815058,62031998,2014-08-01,PRO
14815061,14450147,2014-08-01,CIP
14815062,62032537,2014-08-02,PRO
14815070,11936452,2007-11-07,CON
14815070,14251293,2014-04-11,CON
14815071,12900718,2010-10-08,CIP
14815071,13035607,2011-02-25,DIV
14815071,14173406,2014-02-05,CON
14815075,60197676,2000-04-17,PRO
14815075,09835559,2001-04-17,CON
14815075,11211541,2005-08-26,CON
14815075,11980820,2007-10-31,CON
14815075,13032265,2011-02-22,CON
14815075,13610346,2012-09-11,CON
14815075,14242606,2014-04-01,CON
14815075,14481405,2014-09-09,CON
14815075,14601826,2015-01-21,CON
14815076,60802922,2006-05-23,PRO
14815076,11752872,2007-05-23,DIV
14815076,13006063,2011-01-13,CON
14815076,13901997,2013-05-24,CON
14815076,14456419,2014-08-11,CON
14815080,13395567,2012-03-12,CON
14815080,PCT/US2010/002520,2010-09-16,NST
14815081,60752196,2005-12-19,PRO
14815081,11639808,2006-12-15,CON
14815081,14187595,2014-02-24,CON
14815083,14176431,2014-02-10,DIV
14815084,13348931,2012-01-12,CON
14815085,62032536,2014-08-02,PRO
14815086,62032161,2014-08-01,PRO
14815088,13395488,2012-03-12,CON
14815088,PCT/US2010/002523,2010-09-16,NST
14815089,13500996,2012-09-04,CON
14815089,PCT/EP2010/065055,2010-10-08,NST
14815090,13716330,2012-12-17,CON
14815091,61999743,2014-08-05,PRO
14815092,13676933,2012-11-14,CON
14815093,14290305,2014-05-29,CON
14815093,14671336,2015-03-27,CON
14815095,62032376,2014-08-01,PRO
14815096,13948161,2013-07-22,CON
14815098,62031824,2014-07-31,PRO
14815100,62034252,2014-08-07,PRO
14815100,62067151,2014-10-22,PRO
14815100,62111837,2015-02-04,PRO
14815100,62147795,2015-04-15,PRO
14815104,PCT/JP2014/051751,2014-01-28,CON
14815105,13501750,2012-04-12,CON
14815105,PCT/JP2011/067971,2011-08-05,NST
14815106,PCT/IB2014/058429,2014-01-21,CON
14815109,12800427,2010-05-14,CON
14815113,62031703,2014-07-31,PRO
14815116,13688718,2012-11-29,CON
14815117,62034252,2014-08-07,PRO
14815117,62067151,2014-10-22,PRO
14815117,62111837,2015-02-04,PRO
14815117,62147795,2015-04-15,PRO
14815120,13508349,2012-05-04,CON
14815120,14632353,2015-02-26,CON
14815120,PCT/KR2010/007765,2010-11-04,NST
14815121,61100721,2008-09-27,PRO
14815121,61108743,2008-10-27,PRO
14815121,61121159,2008-12-09,PRO
14815121,61142796,2009-01-06,PRO
14815121,61142818,2009-01-06,PRO
14815121,61142880,2009-01-06,PRO
14815121,61142885,2009-01-06,PRO
14815121,61142887,2009-01-06,PRO
14815121,61142889,2009-01-06,PRO
14815121,61142977,2009-01-07,PRO
14815121,61143058,2009-01-07,PRO
14815121,61147386,2009-01-26,PRO
14815121,61152086,2009-02-12,PRO
14815121,61152390,2009-02-13,PRO
14815121,61156764,2009-03-02,PRO
14815121,61163695,2009-03-26,PRO
14815121,61169240,2009-04-14,PRO
14815121,61172633,2009-04-24,PRO
14815121,61173747,2009-04-29,PRO
14815121,61178508,2009-05-15,PRO
14815121,61182768,2009-06-01,PRO
14815121,12567716,2009-09-25,CIP
14815121,12639489,2009-12-16,CIP
14815121,12647705,2009-12-28,CIP
14815121,12650386,2009-12-30,CON
14815121,61292768,2010-01-06,PRO
14815121,12705582,2010-02-13,CIP
14815121,12721118,2010-03-10,CIP
14815121,12749571,2010-03-30,CIP
14815121,12757716,2010-04-09,CIP
14815121,12759047,2010-04-13,CIP
14815121,61326051,2010-04-20,PRO
14815121,12767633,2010-04-26,CIP
14815121,12770137,2010-04-29,CIP
14815121,12789611,2010-05-28,CIP
14815121,61351492,2010-06-04,PRO
14815121,61378600,2010-08-31,PRO
14815121,61382806,2010-09-14,PRO
14815121,61411490,2010-11-09,PRO
14815121,12986018,2011-01-06,CIP
14815121,13021965,2011-02-07,CIP
14815121,13090369,2011-04-20,CIP
14815121,13154131,2011-06-06,CIP
14815121,13222915,2011-08-31,CIP
14815121,13232868,2011-09-14,CIP
14815121,13267750,2011-10-06,DIV
14815125,62032035,2014-08-01,PRO
14815130,62031481,2014-07-31,PRO
14815131,10583800,2009-07-29,DIV
14815131,PCT/NL2004/000911,2004-12-24,NST
14815133,09176022,1998-10-21,CIP
14815133,09293095,1999-04-16,CON
14815133,10330219,2002-12-30,CON
14815133,11020547,2004-12-27,DIV
14815133,11355167,2006-02-16,CON
14815133,12059333,2008-03-31,CON
14815133,13040570,2011-03-04,CON
14815133,13428816,2012-03-23,CON
14815133,14085008,2013-11-20,CON
14815133,14632238,2015-02-26,CON
14815134,62031195,2014-07-31,PRO
14815134,62031208,2014-07-31,PRO
14815134,62076077,2014-11-06,PRO
14815134,62076106,2014-11-06,PRO
14815140,62031934,2014-08-01,PRO
14815141,61999744,2014-08-05,PRO
14815144,13301210,2011-11-21,CON
14815145,62034252,2014-08-07,PRO
14815145,62067151,2014-10-22,PRO
14815145,62111837,2015-02-04,PRO
14815145,62147795,2015-04-15,PRO
14815146,13376326,2011-12-05,DIV
14815146,PCT/JP2010/059543,2010-06-04,NST
14815149,13629168,2012-09-27,CON
14815149,14319429,2014-06-30,CON
14815152,13783126,2013-03-01,CON
14815153,62031421,2014-07-31,PRO
14815154,60365933,2002-03-20,PRO
14815154,10391561,2003-03-20,DIV
14815154,11099332,2005-04-05,CON
14815154,11857547,2007-09-19,CON
14815154,13483824,2012-05-30,CON
14815154,14184947,2014-02-20,CON
14815156,62032341,2014-08-01,PRO
14815156,62032391,2014-08-01,PRO
14815157,12494886,2009-06-30,DIV
14815160,PCT/CN2014/080532,2014-06-23,CON
14815162,61081334,2008-07-16,PRO
14815162,12503822,2009-07-15,DIV
14815162,13338934,2011-12-28,DIV
14815162,13608726,2012-09-10,DIV
14815162,13863782,2013-04-16,DIV
14815162,14138531,2013-12-23,DIV
14815163,13962085,2013-08-08,DIV
14815164,62031430,2014-07-31,PRO
14815165,11377182,2006-03-17,CON
14815168,62031926,2014-08-01,PRO
14815172,62034252,2014-08-07,PRO
14815172,62067151,2014-10-22,PRO
14815172,62111837,2015-02-04,PRO
14815172,62147795,2015-04-15,PRO
14815174,62034031,2014-08-06,PRO
14815174,62034052,2014-08-06,PRO
14815174,62153841,2015-04-28,PRO
14815182,13056544,2011-01-28,CON
14815182,14106513,2013-12-13,CON
14815182,PCT/JP2009/063530,2009-07-29,NST
14815184,13296707,2011-11-15,DIV
14815186,62034252,2014-08-07,PRO
14815186,62067151,2014-10-22,PRO
14815186,62111837,2015-02-04,PRO
14815186,62147795,2015-04-15,PRO
14815187,61159034,2009-03-10,PRO
14815187,61259418,2009-11-09,PRO
14815187,12645194,2009-12-22,CIP
14815187,12720006,2010-03-09,CIP
14815187,61433255,2011-01-16,PRO
14815187,13341785,2011-12-30,CON
14815187,PCT/US2009/065056,2009-11-19,CON
14815188,61680169,2012-08-06,PRO
14815188,61698426,2012-09-07,PRO
14815188,61705076,2012-09-24,PRO
14815188,13958853,2013-08-05,CON
14815191,13948163,2013-07-22,CON
14815193,12866413,2010-09-17,DIV
14815193,PCT/SE09/00072,2009-02-05,NST
14815194,PCT/JP2013/057556,2013-03-15,CON
14815199,62032066,2014-08-01,PRO
14815201,62034252,2014-08-07,PRO
14815201,62067151,2014-10-22,PRO
14815201,62111837,2015-02-04,PRO
14815201,62147795,2015-04-15,PRO
14815203,11912236,2007-10-22,DIV
14815203,PCT/IB2006/001004,2006-04-25,NST
14815208,10652580,2003-08-29,CON
14815208,11970180,2008-01-07,CON
14815208,12767336,2010-04-26,CON
14815208,13590656,2012-08-21,CON
14815208,14063779,2013-10-25,CON
14815212,61437978,2011-01-31,PRO
14815212,13356796,2012-01-24,DIV
14815213,13834759,2013-03-15,DIV
14815215,62031935,2014-08-01,PRO
14815219,61677601,2012-07-31,PRO
14815219,61779698,2013-03-13,PRO
14815219,13950969,2013-07-25,CIP
14815219,14523162,2014-10-24,CON
14815223,61539730,2011-09-27,PRO
14815223,13283069,2011-10-27,CON
14815224,13982901,2013-07-31,CON
14815224,PCT/KR2012/000664,2012-01-30,NST
14815226,61238937,2009-09-01,PRO
14815226,12858376,2010-08-17,CON
14815226,14019161,2013-09-05,CIP
14815226,14480113,2014-09-08,DIV
14815229,11203198,2005-08-15,CON
14815229,13209680,2011-08-15,CON
14815229,14047617,2013-10-07,CON
14815230,61220491,2009-06-25,PRO
14815230,12493109,2009-06-26,CIP
14815230,12571356,2009-09-30,CIP
14815230,12572202,2009-10-01,CIP
14815230,12572260,2009-10-01,CON
14815230,14075011,2013-11-08,CON
14815230,14665518,2015-03-23,CON
14815232,60367428,2002-03-25,PRO
14815232,10377933,2003-02-28,CON
14815232,11048330,2005-02-01,CON
14815232,11417006,2006-05-03,CON
14815232,12955826,2010-11-29,CON
14815232,14037137,2013-09-25,CON
14815232,14217788,2014-03-18,CON
14815234,62031404,2014-07-31,PRO
14815235,14382192,2014-08-29,CON
14815235,PCT/EP2012/000956,2012-03-02,NST
14815238,PCT/FI2013/050133,2013-02-07,CON
14815240,61149278,2009-02-02,PRO
14815240,PCT/US10/22932,2010-02-02,NST
14815240,13147578,2011-08-02,CON
14815243,62032307,2014-08-01,PRO
14815250,62031548,2014-07-31,PRO
14815251,62032515,2014-08-01,PRO
14815251,62032565,2014-08-02,PRO
14815251,14764830,2015-07-30,CIP
14815251,PCT/US2014/041339,2014-06-06,NST
14815254,62032150,2014-08-01,PRO
14815255,62031209,2014-07-31,PRO
14815258,10468273,2004-02-02,REI
14815258,13357227,2012-01-24,CON
14815258,PCT/JP02/12151,2002-11-21,NST
14815259,61532810,2011-09-09,PRO
14815259,13599394,2012-08-30,DIV
14815259,14258288,2014-04-22,DIV
14815260,62034315,2014-08-07,PRO
14815261,13943085,2013-07-16,CON
14815264,62031548,2014-07-31,PRO
14815265,62033253,2014-08-05,PRO
14815267,62037288,2014-08-14,PRO
14815269,PCT/JP2014/052217,2014-01-31,CON
14815274,PCT/JP2013/083155,2013-12-11,CON
14815275,61429692,2011-01-04,PRO
14815275,13342847,2012-01-03,CIP
14815275,61774224,2013-03-07,PRO
14815275,14064528,2013-10-28,CON
14815275,14312087,2014-06-23,CON
14815276,12508938,2009-07-24,CON
14815276,13197381,2011-08-03,CON
14815276,13398973,2012-02-17,CON
14815276,14223484,2014-03-24,CON
14815282,13720346,2012-12-19,DIV
14815285,PCT/JP2014/004534,2014-09-03,CON
14815288,61723587,2012-11-07,PRO
14815288,13788827,2013-03-07,CON
14815289,13978391,2013-07-30,CIP
14815289,PCT/US2012/048081,2012-07-25,NST
14815290,62004167,2014-05-28,PRO
14815290,14724478,2015-05-28,CIP
14815291,62032122,2014-08-01,PRO
14815291,62066045,2014-10-20,PRO
14815291,62104511,2015-01-16,PRO
14815293,PCT/JP2014/050827,2014-01-17,CON
14815295,13376326,2011-12-05,DIV
14815295,PCT/JP2010/059543,2010-06-04,NST
14815298,62031390,2014-07-31,PRO
14815300,60882079,2006-12-27,PRO
14815300,11964596,2007-12-26,CON
14815300,13234764,2011-09-16,CON
14815300,13910971,2013-06-05,CON
14815308,62032020,2014-08-01,PRO
14815309,12165037,2008-06-30,DIV
14815309,13562122,2012-07-30,CON
14815309,13795270,2013-03-12,CIP
14815309,13894986,2013-05-15,CON
14815310,PCT/JP2013/058045,2013-03-21,CON
14815313,61021785,2008-01-17,PRO
14815313,12357198,2009-01-21,CIP
14815313,12952109,2010-11-22,CIP
14815313,13844901,2013-03-16,CON
14815313,14492468,2014-09-22,CON
14815317,13510713,2012-05-18,CON
14815318,62032187,2014-08-01,PRO
14815319,60880877,2007-01-17,PRO
14815319,12014498,2008-01-15,CON
14815319,13569043,2012-08-07,CON
14815319,14204536,2014-03-11,CON
14815321,13316351,2011-12-09,CON
14815322,60481491,2003-10-09,PRO
14815322,10711912,2004-10-12,CON
14815322,13323584,2011-12-12,CON
14815322,14192221,2014-02-27,CON
14815322,14508738,2014-10-07,CON
14815323,62031495,2014-07-31,PRO
14815324,PCT/US2014/013850,2014-01-30,CON
14815325,14096211,2013-12-04,CON
14815325,14585946,2014-12-30,REI
14815325,PCT/KR2012/004881,2012-06-20,CON
14815326,14126354,2013-12-13,CON
14815327,12829139,2010-07-01,DIV
14815327,13678256,2012-11-15,CON
14815327,14010164,2013-08-26,DIV
14815328,PCT/JP2014/076468,2014-10-02,CON
14815329,11527125,2006-09-26,DIV
14815329,13182167,2011-07-13,DIV
14815329,13612351,2012-09-12,CON
14815329,13962671,2013-08-08,CON
14815330,62032250,2014-08-01,PRO
14815332,61097616,2008-09-17,PRO
14815332,12561805,2009-09-17,DIV
14815335,12790545,2010-05-28,CIP
14815335,13104685,2011-05-10,CON
14815335,14058789,2013-10-21,CON
14815337,13630087,2012-09-28,DIV
14815338,62031549,2014-07-31,PRO
14815339,10551643,2006-07-24,CIP
14815339,11501756,2006-08-10,DIV
14815339,12264058,2008-11-03,CON
14815339,12854558,2010-08-11,CON
14815339,13332134,2011-12-20,CON
14815339,13836634,2013-03-15,CON
14815339,14144029,2013-12-30,CON
14815339,14613181,2015-02-03,CON
14815339,PCT/IT2004/000117,2004-03-08,NST
14815340,61884108,2013-09-29,PRO
14815340,14487274,2014-09-16,DIV
14815344,62031355,2014-07-31,PRO
14815345,61122885,2008-12-16,PRO
14815345,PCT/US09/67873,2009-12-14,NST
14815345,13140429,2011-08-26,DIV
14815348,13058905,2011-02-14,CON
14815348,PCT/US2009/053104,2009-08-07,NST
14815356,62031543,2014-07-31,PRO
14815357,13697022,2013-01-14,CON
14815357,13946688,2013-07-19,CON
14815357,14176627,2014-02-10,CON
14815357,14450621,2014-08-04,CON
14815357,PCT/IL2011/000369,2011-05-08,NST
14815359,13221688,2011-08-30,CON
14815360,62031989,2014-08-01,PRO
14815362,14035602,2013-09-24,CON
14815362,14035877,2013-09-24,CON
14815363,12499151,2009-07-08,CIP
14815363,61364598,2010-07-15,PRO
14815363,13183652,2011-07-15,CIP
14815363,13439352,2012-04-04,CIP
14815363,14341057,2014-07-25,CIP
14815363,62031407,2014-07-31,PRO
14815365,60685188,2005-05-27,PRO
14815365,11440834,2006-05-25,CON
14815365,13424938,2012-03-20,CON
14815365,14132642,2013-12-18,CON
14815368,12833753,2010-07-09,CON
14815369,62032232,2014-08-01,PRO
14815371,12667550,2010-01-04,CON
14815371,PCT/EP08/58599,2008-07-03,NST
14815373,62031248,2014-07-31,PRO
14815374,62031866,2014-08-01,PRO
14815375,12780124,2010-05-14,DIV
14815375,14279689,2014-05-16,CON
14815377,62032273,2014-08-01,PRO
14815383,PCT/JP2014/084326,2014-12-25,CON
14815384,PCT/JP2014/052361,2014-01-31,CON
14815389,13425048,2012-03-20,DIV
14815390,61999833,2014-08-07,PRO
14815392,62031584,2014-07-31,PRO
14815394,11899640,2007-09-07,CON
14815394,13493831,2012-06-11,CIP
14815394,13827006,2013-03-14,CIP
14815394,PCT/US14/28623,2014-03-14,CON
14815394,14301585,2014-06-11,CON
14815395,13536154,2012-06-28,CON
14815396,60829979,2006-10-18,PRO
14815396,11874594,2007-10-18,DIV
14815396,12883629,2010-09-16,DIV
14815396,13078621,2011-04-01,DIV
14815396,13488956,2012-06-05,DIV
14815396,14456125,2014-08-11,DIV
14815399,13384497,2012-01-17,CON
14815399,PCT/JP2010/062069,2010-07-16,NST
14815404,13984154,2013-08-07,CON
14815404,PCT/KR2012/000728,2012-01-31,NST
14815405,62032859,2014-08-04,PRO
14815408,61360130,2010-06-30,PRO
14815408,13173995,2011-06-30,CON
14815411,13680562,2012-11-19,CON
14815412,62031273,2014-07-31,PRO
14815416,61362374,2010-07-08,PRO
14815416,12956634,2010-11-30,CIP
14815416,13343332,2012-01-04,CIP
14815416,13424000,2012-03-19,CIP
14815416,13487348,2012-06-04,CIP
14815416,13828778,2013-03-14,CON
14815417,12508503,2009-07-23,DIV
14815417,13412489,2012-03-05,CON
14815417,14749204,2015-06-24,CIP
14815421,11474074,2006-06-23,CON
14815422,13161370,2011-06-15,DIV
14815428,62033500,2014-08-05,PRO
14815431,14419051,2015-02-02,CON
14815431,PCT/JP2013/070815,2013-07-31,NST
14815432,61757216,2013-01-27,PRO
14815432,61778329,2013-03-12,PRO
14815432,14142433,2013-12-27,CON
14815433,13194317,2011-07-29,CON
14815433,14708029,2015-05-08,CON
14815436,PCT/CN2014/079240,2014-06-05,CON
14815439,14071372,2013-11-04,CON
14815439,14466450,2014-08-22,CON
14815442,62033503,2014-08-05,PRO
14815444,14292310,2014-05-30,CIP
14815446,13165169,2011-06-21,CON
14815448,62031574,2014-07-31,PRO
14815449,13579620,2012-09-04,DIV
14815449,PCT/JP2011/055432,2011-03-02,NST
14815451,61616784,2012-03-28,PRO
14815451,61771339,2013-03-01,PRO
14815451,13783580,2013-03-04,CON
14815454,62032009,2014-08-01,PRO
14815455,12642486,2009-12-18,DIV
14815455,13603063,2012-09-04,CON
14815455,14495813,2014-09-24,CON
14815456,PCT/JP2014/051802,2014-01-28,CON
14815459,61893080,2013-10-18,PRO
14815459,14504103,2014-10-01,CON
14815461,12883946,2010-09-16,CIP
14815461,13039991,2011-03-03,CON
14815466,62033506,2014-08-05,PRO
14815471,12599484,2009-11-09,CON
14815471,PCT/SE2008/000314,2008-05-08,NST
14815472,62031668,2014-07-31,PRO
14815472,62032452,2014-08-01,PRO
14815472,62050075,2014-09-12,PRO
14815472,62174940,2015-06-12,PRO
14815475,61587531,2012-02-09,PRO
14815475,13725578,2012-12-21,CON
14815476,10131044,2002-04-25,REI
14815476,12320373,2009-01-23,CON
14815477,PCT/JP2014/052477,2014-02-04,CON
14815480,PCT/US2014/027611,2014-03-14,CON
14815484,62032336,2014-08-01,PRO
14815484,62046269,2014-09-05,PRO
14815487,62031746,2014-07-31,PRO
14815489,13951175,2013-07-25,CON
14815491,13526077,2012-06-18,CON
14815492,13790742,2013-03-08,CON
14815493,62031776,2014-07-31,PRO
14815495,13363794,2012-02-01,CON
14815496,PCT/JP2014/053275,2014-02-13,CON
14815498,12400913,2009-03-10,CON
14815501,62031662,2014-07-31,PRO
14815502,62032112,2014-08-01,PRO
14815505,09176022,1998-10-21,CIP
14815505,09293095,1999-04-16,CON
14815505,10330219,2002-12-30,CON
14815505,11020547,2004-12-27,DIV
14815505,11355167,2006-02-16,CON
14815505,12059333,2008-03-31,CON
14815505,13040570,2011-03-04,CON
14815505,13428816,2012-03-23,CON
14815505,14085008,2013-11-20,CON
14815505,14632338,2015-02-26,CON
14815508,13726303,2012-12-24,CON
14815510,62031659,2014-07-31,PRO
14815516,62033320,2014-08-05,PRO
14815521,62032417,2014-08-01,PRO
14815521,62150950,2015-04-22,PRO
14815522,14370625,2014-07-03,CON
14815522,PCT/US2012/022447,2012-01-24,NST
14815524,61641329,2012-05-02,PRO
14815524,61727913,2012-11-19,PRO
14815524,13872670,2013-04-29,CON
14815525,62033344,2014-08-05,PRO
14815527,13919536,2013-06-17,CON
14815530,61526388,2011-08-23,PRO
14815530,61526404,2011-08-23,PRO
14815530,13592738,2012-08-23,DIV
14815530,14258492,2014-04-22,CIP
14815531,62033721,2014-08-06,PRO
14815532,14096211,2013-12-04,CON
14815532,14585946,2014-12-30,REI
14815532,14815325,2015-07-31,CON
14815532,PCT/KR2012/004881,2012-06-20,CON
14815536,PCT/CN2013/086862,2013-11-11,CON
14815541,PCT/JP2013/079610,2013-10-31,CON
14815542,13595497,2012-08-27,CON
14815548,62033299,2014-08-05,PRO
14815549,61985098,2014-04-28,PRO
14815549,62006510,2014-06-02,PRO
14815549,62007098,2014-06-03,PRO
14815549,62012879,2014-06-16,PRO
14815549,62031622,2014-07-31,PRO
14815549,14698668,2015-04-28,CIP
14815550,PCT/CN2013/087544,2013-11-20,CON
14815552,PCT/KR2014/000828,2014-01-28,CON
14815553,PCT/US2014/014095,2014-01-31,CIP
14815558,62032356,2014-08-01,PRO
14815559,62031229,2014-07-31,PRO
14815560,13959429,2013-08-05,DIV
14815561,13765371,2013-02-12,CON
14815561,14336841,2014-07-21,CON
14815563,13989343,2013-05-23,CON
14815563,PCT/KR11/09834,2011-12-20,NST
14815565,12026434,2008-02-05,REI
14815565,13912572,2013-06-07,RIC
14815566,62037737,2014-08-15,PRO
14815567,62032727,2014-08-04,PRO
14815572,62032233,2014-08-01,PRO
14815573,62033928,2014-08-06,PRO
14815574,61682587,2012-08-13,PRO
14815574,13966169,2013-08-13,CON
14815576,10842207,2004-05-10,CIP
14815576,11222014,2005-09-08,CIP
14815576,11251279,2005-10-14,CIP
14815576,11761850,2007-06-12,CON
14815576,13967415,2013-08-15,CON
14815577,PCT/JP2014/053299,2014-02-13,CON
14815579,12504491,2009-07-16,CON
14815579,13570658,2012-08-09,CON
14815579,14262576,2014-04-25,CON
14815580,62031715,2014-07-31,PRO
14815589,62033023,2014-08-04,PRO
14815591,12668460,2011-05-09,CON
14815591,14656173,2015-03-12,CON
14815591,PCT/US2008/069631,2008-07-10,NST
14815595,62031418,2014-07-31,PRO
14815595,62104128,2015-01-16,PRO
14815596,13526077,2012-06-18,CON
14815598,62032438,2014-08-01,PRO
14815600,62033004,2014-08-04,PRO
14815602,61697106,2012-09-05,PRO
14815602,14015360,2013-08-30,DIV
14815607,61438826,2011-02-02,PRO
14815607,PCT/US12/23655,2012-02-02,NST
14815607,13982688,2013-07-30,DIV
14815611,13733195,2013-01-03,CON
14815612,14317291,2014-06-27,CIP
14815612,14667193,2015-03-24,CIP
14815618,62032267,2014-08-01,PRO
14815619,62033417,2014-08-05,PRO
14815620,61329394,2010-04-29,PRO
14815620,13098116,2011-04-29,CON
14815622,62032880,2014-08-04,PRO
14815622,62099258,2015-01-02,PRO
14815625,62031612,2014-07-31,PRO
14815625,62195753,2015-07-22,PRO
14815629,13363251,2012-01-31,CIP
14815629,62031628,2014-07-31,PRO
14815633,61478214,2011-04-22,PRO
14815633,61485532,2011-05-12,PRO
14815633,61526607,2011-08-23,PRO
14815633,13452402,2012-04-20,CON
14815637,12015216,2008-01-16,CON
14815639,62031807,2014-07-31,PRO
14815643,61605792,2012-03-02,PRO
14815643,13555905,2012-07-23,CON
14815643,13570816,2012-08-09,CON
14815644,10022022,2001-12-13,CON
14815644,13967413,2013-08-15,CON
14815646,62031916,2014-08-01,PRO
14815647,62102942,2015-01-13,PRO
14815648,62031462,2014-07-31,PRO
14815648,62031712,2014-07-31,PRO
14815648,14814625,2015-07-31,CON
14815649,13455663,2012-04-25,DIV
14815651,13842785,2013-03-15,CON
14815651,14627566,2015-02-20,CON
14815651,PCT/US2012/061219,2012-10-19,CIP
14815652,62031297,2014-07-31,PRO
14815658,62031363,2014-07-31,PRO
14815660,62036916,2014-08-13,PRO
14815661,61090867,2008-08-21,PRO
14815661,12545579,2009-08-21,CON
14815665,62031498,2014-07-31,PRO
14815667,12594127,2010-03-12,CON
14815667,PCT/JP2008/051199,2008-01-28,NST
14815669,62031667,2014-07-31,PRO
14815671,61023007,2008-01-23,PRO
14815671,61028665,2008-02-14,PRO
14815671,12357971,2009-01-22,CIP
14815671,12981631,2010-12-30,CON
14815672,60511710,2003-10-14,PRO
14815672,60518948,2003-11-10,PRO
14815672,60526662,2003-12-02,PRO
14815672,60527098,2003-12-03,PRO
14815672,60536688,2004-01-14,PRO
14815672,60536689,2004-01-14,PRO
14815672,10772157,2004-02-03,DIV
14815672,11824548,2007-06-29,CON
14815672,12649245,2009-12-29,CON
14815672,13236428,2011-09-19,CON
14815672,13464835,2012-05-04,CON
14815673,14042253,2013-09-30,CON
14815674,PCT/KR2014/012410,2014-12-16,CON
14815676,13476960,2012-05-21,DIV
14815676,13866371,2013-04-19,CON
14815680,62032444,2014-08-01,PRO
14815680,62038159,2014-08-15,PRO
14815680,62047237,2014-09-08,PRO
14815685,61776211,2013-03-11,PRO
14815685,14199407,2014-03-06,CON
14815686,62032460,2014-08-01,PRO
14815688,13711224,2012-12-11,CON
14815691,PCT/US2014/014330,2014-01-31,CON
14815692,62031771,2014-07-31,PRO
14815693,13718267,2012-12-18,CON
14815693,13738204,2013-01-10,CON
14815695,62031466,2014-07-31,PRO
14815695,62182345,2015-06-19,PRO
14815695,62199627,2015-07-31,PRO
14815697,14096652,2013-12-04,CON
14815698,61172587,2009-04-24,PRO
14815698,61177899,2009-05-13,PRO
14815698,12761275,2010-04-15,CON
14815698,13963184,2013-08-09,CON
14815702,13301409,2011-11-21,CON
14815702,14462871,2014-08-19,CON
14815702,14579312,2014-12-22,CON
14815704,PCT/JP2013/080353,2013-11-08,CON
14815706,13133568,2012-05-07,DIV
14815706,PCT/EP2008/067262,2008-12-10,NST
14815707,61716427,2012-10-19,PRO
14815707,14059355,2013-10-21,CON
14815707,14467560,2014-08-25,CON
14815714,62031771,2014-07-31,PRO
14815716,62032261,2014-08-01,PRO
14815718,62031382,2014-07-31,PRO
14815720,62032372,2014-08-01,PRO
14815721,61289681,2009-12-23,PRO
14815721,61309777,2010-03-02,PRO
14815721,12973823,2010-12-20,CON
14815723,62031258,2014-07-31,PRO
14815723,62190580,2015-07-09,PRO
14815724,61734036,2012-12-06,PRO
14815724,14098631,2013-12-06,CON
14815726,12110631,2008-04-28,CON
14815726,13934107,2013-07-02,CON
14815728,13791845,2013-03-08,DIV
14815730,12283000,2009-07-07,DIV
14815730,PCT/GB2007/000931,2007-03-16,NST
14815731,62031700,2014-07-31,PRO
14815733,62032468,2014-08-01,PRO
14815733,62146694,2015-04-13,PRO
14815733,62146725,2015-04-13,PRO
14815734,13886737,2013-05-03,CON
14815734,14266832,2014-05-01,CON
14815734,14449144,2014-07-31,CIP
14815737,62031771,2014-07-31,PRO
14815738,61422615,2010-12-13,PRO
14815738,61438221,2011-01-31,PRO
14815738,13324677,2011-12-13,CON
14815742,14074084,2013-11-07,DIV
14815745,62031258,2014-07-31,PRO
14815745,62190580,2015-07-09,PRO
14815748,12734665,2011-02-03,CON
14815748,PCT/JP2008/068873,2008-10-17,NST
14815749,13396997,2012-02-15,CON
14815750,61043042,2008-04-07,PRO
14815750,PCT/US09/39676,2009-04-06,NST
14815750,12936357,2010-10-04,CON
14815751,13552365,2012-07-18,CON
14815756,14519512,2014-10-21,CON
14815758,62032476,2014-08-01,PRO
14815760,62031258,2014-07-31,PRO
14815760,62190580,2015-07-09,PRO
14815764,62031814,2014-07-31,PRO
14815764,62068587,2014-10-24,PRO
14815767,13086358,2011-04-13,CON
14815767,13947943,2013-07-22,CON
14815768,62031719,2014-07-31,PRO
14815769,62031519,2014-07-31,PRO
14815773,60909417,2007-03-31,PRO
14815773,12058605,2008-03-28,CON
14815774,61759296,2013-01-31,PRO
14815774,61790155,2013-03-15,PRO
14815774,PCT/US14/14112,2014-01-31,CON
14815775,61541624,2011-09-30,PRO
14815775,61541975,2011-09-30,PRO
14815775,61541978,2011-09-30,PRO
14815775,61541980,2011-09-30,PRO
14815775,13632103,2012-09-30,CON
14815780,13465812,2012-05-07,CON
14815781,61507514,2011-07-13,PRO
14815781,61547590,2011-10-14,PRO
14815781,13548093,2012-07-12,CIP
14815781,13842270,2013-03-15,CON
14815782,13440894,2012-04-05,DIV
14815783,13992396,2013-09-04,DIV
14815783,PCT/IL2011/000931,2011-12-08,NST
14815784,62031258,2014-07-31,PRO
14815784,62190580,2015-07-09,PRO
14815787,14013948,2013-08-29,DIV
14815787,14041894,2013-09-30,CON
14815789,62032374,2014-08-01,PRO
14815789,62138896,2015-03-26,PRO
14815792,61103141,2008-10-06,PRO
14815792,12574655,2009-10-06,DIV
14815792,13745335,2013-01-18,CIP
14815792,13801916,2013-03-13,CON
14815796,60910581,2007-04-06,PRO
14815796,60910583,2007-04-06,PRO
14815796,60910606,2007-04-06,PRO
14815796,12098385,2008-04-04,CON
14815796,13284799,2011-10-28,CON
14815796,13860461,2013-04-10,CON
14815796,14257394,2014-04-21,CON
14815800,PCT/CN2014/073143,2014-03-10,CIP
14815800,PCT/CN2015/073915,2015-03-09,CON
14815801,62031679,2014-07-31,PRO
14815801,62031712,2014-07-31,PRO
14815801,14814625,2015-07-31,CON
14815802,61836262,2013-06-18,PRO
14815802,13930489,2013-06-28,CON
14815805,10201518,2002-07-23,CIP
14815805,10858509,2004-06-01,CON
14815805,10858509,2004-06-01,DIV
14815805,11846394,2007-08-28,CON
14815805,11930031,2007-10-30,CON
14815805,12358723,2009-01-23,DIV
14815805,12940969,2010-11-05,CON
14815805,13398814,2012-02-16,CON
14815805,13862412,2013-04-13,CON
14815805,14686274,2015-04-14,CON
14815807,12705340,2010-02-12,DIV
14815807,14168695,2014-01-30,CON
14815810,61720770,2012-10-31,PRO
14815810,61766795,2013-02-20,PRO
14815810,61814945,2013-04-23,PRO
14815810,61819238,2013-05-03,PRO
14815810,61822504,2013-05-13,PRO
14815810,61822510,2013-05-13,PRO
14815810,13930458,2013-06-28,CON
14815811,62032238,2014-08-01,PRO
14815814,62031609,2014-07-31,PRO
14815818,13085401,2011-04-12,CON
14815818,13962723,2013-08-08,CON
14815820,62032194,2014-08-01,PRO
14815820,62032223,2014-08-01,PRO
14815823,62032388,2014-08-01,PRO
14815824,61847523,2013-07-17,PRO
14815824,61873784,2013-09-04,PRO
14815824,14323254,2014-07-03,CON
14815826,62031698,2014-07-31,PRO
14815826,62031712,2014-07-31,PRO
14815826,14814625,2015-07-31,CON
14815828,13085401,2011-04-12,CON
14815828,13962723,2013-08-08,CON
14815830,61308271,2010-02-25,PRO
14815830,12804151,2010-07-15,CON
14815830,13892287,2013-05-12,CON
14815831,62033026,2014-08-04,PRO
14815837,62031638,2014-07-31,PRO
14815841,13208255,2011-08-11,CIP
14815841,61750991,2013-01-10,PRO
14815841,14152938,2014-01-10,CIP
14815842,61849736,2013-02-01,PRO
14815842,61899376,2013-11-04,PRO
14815842,PCT/US14/14327,2014-01-31,CIP
14815846,62032467,2014-08-01,PRO
14815848,14454749,2014-08-08,CIP
14815848,14514381,2014-10-15,CIP
14815850,60663280,2005-03-18,PRO
14815850,11384165,2006-03-17,CIP
14815850,11698797,2007-01-26,CON
14815850,12456192,2009-06-12,CON
14815850,13206121,2011-08-09,CON
14815850,14089467,2013-11-25,CON
14815851,62031809,2014-07-31,PRO
14815853,62034725,2014-08-07,PRO
14815854,62032192,2014-08-01,PRO
14815854,62100790,2015-01-07,PRO
14815856,13965706,2013-08-13,CIP
14815861,62031770,2014-07-31,PRO
14815869,60106261,1998-10-30,PRO
14815869,60137704,1999-06-07,PRO
14815869,09429643,1999-10-29,CIP
14815869,09504783,2000-02-15,CIP
14815869,09558210,2000-04-26,CON
14815869,10714849,2003-11-18,CON
14815869,11840560,2007-08-17,CON
14815869,13049552,2011-03-16,CON
14815869,13617446,2012-09-14,CON
14815870,PCT/IB2014/058820,2014-02-05,CON
14815878,13482935,2012-05-29,CON
14815879,PCT/US2015/034604,2015-06-07,CON
14815880,61647245,2012-05-15,PRO
14815880,13648116,2012-10-09,CIP
14815880,14266812,2014-04-30,CON
14815883,11414794,2006-05-01,CON
14815883,13481609,2012-05-25,CON
14815884,13607117,2012-09-07,CON
14815884,14067203,2013-10-30,CON
14815884,14611232,2015-01-31,CON
14815886,11196826,2005-08-03,DIV
14815889,13517523,2012-06-13,CON
14815889,14200183,2014-03-07,DIV
14815890,PCT/US2015/034606,2015-06-07,CON
14815891,11196826,2005-08-03,CON
14815893,62031535,2014-07-31,PRO
14815895,62031392,2014-07-31,PRO
14815895,62190565,2015-07-09,PRO
14815898,PCT/US2015/034607,2015-06-07,CON
14815905,13329388,2011-12-19,CIP
14815906,62033084,2014-08-04,PRO
14815907,PCT/US2015/034607,2015-06-07,CON
14815908,11558435,2006-11-09,DIV
14815909,PCT/US2015/034604,2015-06-07,CON
14815914,11558435,2006-11-09,DIV
14815915,13631458,2012-09-28,CON
14815917,60995636,2007-09-26,PRO
14815917,12239705,2008-09-26,CON
14815917,13531364,2012-06-22,CON
14815917,14204636,2014-03-11,CON
14815918,12557462,2009-09-10,CIP
14815918,13633877,2012-10-03,DIV
14815920,14147569,2014-01-05,CIP
14815920,14292883,2014-05-31,CIP
14815921,62032430,2014-08-01,PRO
14815921,62119668,2015-02-23,PRO
14815921,62127484,2015-03-03,PRO
14815922,62031789,2014-07-31,PRO
14815925,62031781,2014-07-31,PRO
14815926,13631458,2012-09-28,DIV
14815930,62020126,2014-07-02,PRO
14815930,14586913,2014-12-30,CIP
14815933,13631458,2012-09-28,DIV
14815934,14525273,2014-10-28,CIP
14815934,14815848,2015-07-31,CIP
14815936,62004495,2014-05-29,PRO
14815936,62154660,2015-04-29,PRO
14815936,14724351,2015-05-28,CIP
14815940,14815848,2015-07-31,CIP
14815941,14765324,,DIV
14815941,PCT/CA2014/051267,2014-12-23,NST
14815945,62037917,2014-08-15,PRO
14815945,62084554,2014-11-25,PRO
14815947,62037917,2014-08-15,PRO
14815947,62084554,2014-11-25,PRO
14815948,62031608,2014-07-31,PRO
14815950,14320584,2014-06-30,CON
14815950,62019402,2014-06-30,PRO
14815958,62032506,2014-08-01,PRO
14815966,62034913,2014-08-08,PRO
14815969,14361020,2014-05-28,CON
14815969,PCT/US2012/066779,2012-11-28,NST
14815971,61858506,2013-07-25,PRO
14815971,13956262,2013-07-31,CON
14815971,14445018,2014-07-28,CON
14815972,61858506,2013-07-25,PRO
14815972,13956262,2013-07-31,CON
14815972,14445018,2014-07-28,CON
14815973,13756147,2013-01-31,CON
14815973,14170159,2014-01-31,CON
14815974,61647245,2012-05-15,PRO
14815974,13648116,2012-10-09,CIP
14815974,14266812,2014-04-30,CON
14815975,13939005,2013-07-10,CIP
14815977,13812028,2013-09-05,CON
14815977,PCT/EP2011/063444,2011-08-04,NST
14815978,61452591,2011-03-14,PRO
14815978,13223167,2011-08-31,CON
14815978,13660845,2012-10-25,CON
14815978,14158421,2014-01-17,CON
14815978,14530680,2014-10-31,CON
14815979,61907429,2014-02-07,PRO
14815979,14498897,2014-09-26,CON
14815980,60828283,2006-10-05,PRO
14815980,11868370,2007-10-05,CON
14815980,13353135,2012-01-18,CON
14815980,14611170,2015-01-30,CON
14815985,61287077,2009-12-16,PRO
14815985,12970604,2010-12-16,CIP
14815985,13531477,2012-06-22,CON
14815985,13862340,2013-04-12,CON
14815988,60415546,2002-10-01,PRO
14815988,12749412,2010-03-29,CIP
14815988,13287279,2011-11-02,CIP
14815988,13343044,2012-01-04,CIP
14815988,13620775,2012-09-15,CIP
14815988,13623944,2012-09-21,CIP
14815988,13760214,2013-02-06,CIP
14815990,12408453,2009-03-20,CON
14815990,13942099,2013-07-15,CON
14815993,62032050,2014-08-01,PRO
14815993,62033144,2014-08-05,PRO
14816000,13886518,2013-05-03,CON
14816001,14153068,2014-01-12,CIP
14816001,14673872,2015-03-31,CIP
14816001,14710592,2015-05-13,CIP
14816004,62038124,2014-08-15,PRO
14816015,62032559,2014-08-02,PRO
14816016,62032618,2014-08-03,PRO
14816018,61935885,2014-02-05,PRO
14816024,61278415,2009-10-08,PRO
14816024,61292848,2010-01-06,PRO
14816024,61334561,2010-05-13,PRO
14816024,61357521,2010-06-22,PRO
14816024,12900471,2010-10-07,CON
14816024,14066638,2013-10-29,CIP
14816024,14099938,2013-12-07,CIP
14816024,62032541,2014-08-02,PRO
14816024,62034747,2014-08-07,PRO
14816026,13772517,2013-02-21,CON
14816027,PCT/US2013/026100,2013-02-14,CON
14816029,PCT/US2013/029486,2013-03-07,CON
14816030,11375251,2006-03-15,CON
14816030,13965316,2013-08-13,CON
14816030,14499128,2014-09-27,CON
14816031,13598966,2012-08-30,CIP
14816033,09993228,2001-11-14,CIP
14816033,11983679,2007-11-09,CIP
14816033,12151042,2008-05-02,CIP
14816033,12151043,2008-05-02,CIP
14816033,12618232,2009-11-13,CON
14816036,13748360,2013-01-23,CON
14816038,13748360,2013-01-23,CON
14816039,61097345,2008-09-16,PRO
14816039,61175779,2009-05-05,PRO
14816039,12561252,2009-09-16,CIP
14816039,61413793,2010-11-15,PRO
14816039,13297262,2011-11-15,CON
14816042,13631871,2012-09-29,CON
14816043,62032576,2014-08-03,PRO
14816043,62036597,2014-08-12,PRO
14816045,61674868,2012-07-24,PRO
14816045,13836442,2013-03-15,CON
14816045,13949843,2013-07-24,CON
14816046,61674868,2012-07-24,PRO
14816046,13836442,2013-03-15,CON
14816046,13949843,2013-07-24,CON
14816049,62032540,2014-08-02,PRO
14816050,62032543,2014-08-02,PRO
14816056,61085407,2008-07-31,PRO
14816056,12512136,2009-07-30,CON
14816056,14043437,2013-10-01,CON
14816057,13615568,2012-09-13,REI
14816063,62032558,2014-08-02,PRO
14816063,14803600,2015-07-20,CIP
14816067,62032530,2014-08-02,PRO
14816070,12446436,2009-04-20,CON
14816070,13175858,2011-07-03,CON
14816070,13754931,2013-01-31,CON
14816070,14070535,2013-11-03,CON
14816070,14565431,2014-12-10,CON
14816070,PCT/AU2007/001585,2007-10-19,NST
14816071,61593407,2012-02-01,PRO
14816071,13756872,2013-02-01,DIV
14816072,61593407,2012-02-01,PRO
14816072,13756872,2013-02-01,DIV
14816079,13849556,2013-03-25,CON
14816079,14476731,2014-09-03,CON
14816084,62032646,2014-08-04,PRO
14816084,62037126,2014-08-14,PRO
14816086,PCT/EP2014/052059,2014-02-03,CON
14816094,12988326,2010-10-18,CON
14816094,PCT/IL2009/000419,2009-04-16,NST
14816095,13552825,2012-07-19,CIP
14816099,61750856,2013-01-10,PRO
14816099,14150939,2014-01-09,CON
14816099,PCT/IL2012/000310,2012-08-21,CIP
14816105,62033390,2014-08-05,PRO
14816106,12602798,2010-05-06,DIV
14816106,PCT/IB2007/052224,2007-06-12,NST
14816112,12893513,2010-09-29,DIV
14816115,60370190,2002-04-08,PRO
14816115,60415575,2002-10-03,PRO
14816115,60442970,2003-01-29,PRO
14816115,10408665,2003-04-08,CIP
14816115,10900199,2004-07-28,CON
14816115,60616254,2004-10-05,PRO
14816115,60624793,2004-11-02,PRO
14816115,11129765,2005-05-13,CIP
14816115,11133925,2005-05-20,CIP
14816115,11189563,2005-07-25,CIP
14816115,11266993,2005-11-04,CIP
14816115,60813589,2005-12-29,PRO
14816115,11363867,2006-02-27,CIP
14816115,11368836,2006-03-06,DIV
14816115,13361685,2012-01-30,CON
14816115,14034434,2013-09-23,CON
14816115,14260060,2014-04-23,CON
14816118,61756502,2013-01-25,PRO
14816118,14163002,2014-01-24,DIV
14816120,61257450,2009-11-02,PRO
14816120,61257461,2009-11-02,PRO
14816120,PCT/US10/55187,2010-11-02,NST
14816120,13503828,2012-07-09,DIV
14816121,13846018,2013-03-18,CON
14816124,10127600,2002-04-23,CON
14816124,11420404,2006-05-25,CON
14816124,12575642,2009-10-08,CON
14816124,13604709,2012-09-06,CON
14816124,14332468,2014-07-16,CON
14816127,61750856,2013-01-10,PRO
14816127,14150939,2014-01-09,CON
14816127,PCT/IL2012/000310,2012-08-21,CIP
14816129,14228319,2014-03-28,DIV
14816131,13458211,2012-04-27,CON
14816133,62034269,2014-08-07,PRO
14816133,62134202,2015-03-17,PRO
14816136,13152598,2011-06-03,CIP
14816136,13173325,2011-06-30,DIV
14816138,13305010,2011-11-28,CON
14816139,62033208,2014-08-05,PRO
14816141,PCT/JP2015/055448,2015-02-25,CON
14816143,13388728,2012-02-03,CON
14816143,PCT/CN2009/000875,2009-08-04,NST
14816148,13652658,2012-10-16,CON
14816151,13458211,2012-04-27,DIV
14816158,10848844,2004-05-19,CIP
14816158,12132819,2008-06-04,CIP
14816158,14488762,2014-09-17,CIP
14816160,62037279,2014-08-14,PRO
14816161,14096269,2013-12-04,CON
14816161,PCT/EP2012/060720,2012-06-06,CON
14816163,13487306,2012-06-04,CON
14816165,61433850,2011-01-18,PRO
14816165,13353087,2012-01-18,CON
14816168,62032078,2014-08-01,PRO
14816170,14528601,2014-10-30,CON
14816170,PCT/JP2014/066850,2014-06-25,CON
14816173,61555599,2011-11-04,PRO
14816173,61557456,2011-11-09,PRO
14816173,13667142,2012-11-02,CIP
14816173,PCT/US2014/014648,2014-02-04,CIP
14816174,PCT/JP2014/055107,2014-02-28,CON
14816175,10432695,2003-05-27,CON
14816175,12075349,2008-03-10,CON
14816175,14025105,2013-09-12,CON
14816175,PCT/JP2002/005680,2002-06-07,NST
14816176,PCT/JP2014/052969,2014-02-07,CON
14816177,13520188,2012-07-02,CON
14816177,PCT/JP2011/051629,2011-01-27,NST
14816178,13129753,2011-05-17,CON
14816178,PCT/JP2009/067469,2009-10-07,NST
14816179,61506549,2011-07-11,PRO
14816179,13493663,2012-06-11,CON
14816181,13657750,2012-10-22,CON
14816184,62033480,2014-08-05,PRO
14816185,61999811,2014-08-07,PRO
14816190,PCT/CN2014/071740,2014-01-29,CON
14816191,61753066,2013-01-16,PRO
14816191,14155809,2014-01-15,CON
14816192,PCT/JP2014/052566,2014-02-04,CON
14816198,62032719,2014-08-04,PRO
14816199,12415641,2009-03-31,CON
14816199,14020467,2013-09-06,CON
14816199,14505692,2014-10-03,CON
14816203,62032894,2014-08-04,PRO
14816204,61603117,2012-02-24,PRO
14816204,61623164,2012-04-12,PRO
14816204,13747738,2013-01-23,CON
14816205,60413536,2002-09-24,PRO
14816205,10314427,2002-12-06,CON
14816205,12729054,2010-03-22,CON
14816205,13420801,2012-03-15,CON
14816205,14249146,2014-04-09,CON
14816206,13898936,2013-05-21,CON
14816207,62032505,2014-08-01,PRO
14816208,61085656,2008-08-01,PRO
14816208,PCT/US09/52521,2009-08-02,NST
14816208,13056982,2011-04-14,CON
14816212,12489435,2009-06-23,CON
14816214,12215592,2008-06-26,CON
14816214,13595836,2012-08-27,CON
14816214,14217042,2014-03-17,CON
14816217,PCT/EP2013/052574,2013-02-08,CON
14816218,13245016,2011-09-26,CON
14816220,61702968,2012-09-19,PRO
14816220,14026324,2013-09-13,DIV
14816222,13907416,2013-05-31,DIV
14816222,PCT/US2012/025028,2012-02-14,CON
14816224,61557954,2011-11-10,PRO
14816224,13671754,2012-11-08,DIV
14816226,60319315,2002-06-13,PRO
14816226,60319321,2002-06-18,PRO
14816226,10249973,2003-05-23,DIV
14816226,11611324,2006-12-15,DIV
14816228,12993856,2010-11-22,CON
14816228,14158881,2014-01-20,DIV
14816228,PCT/IL2009/000507,2009-05-21,NST
14816229,PCT/CN2014/082306,2014-07-16,CON
14816231,13814459,2013-02-05,CON
14816231,PCT/US2011/056809,2011-10-19,NST
14816233,11594308,2006-11-08,CON
14816233,12722156,2010-03-11,CON
14816233,13217748,2011-08-25,CON
14816233,14030439,2013-09-18,CON
14816234,PCT/US2014/014671,2014-02-04,CON
14816239,62033163,2014-08-05,PRO
14816240,62040059,2014-08-21,PRO
14816241,10973513,2004-10-25,DIV
14816241,11830162,2007-07-30,DIV
14816241,12388096,2009-02-18,CON
14816241,12985451,2011-01-06,CON
14816241,13608511,2012-09-10,CON
14816241,14220483,2014-03-20,CON
14816243,62040061,2014-08-21,PRO
14816244,14029136,2013-09-17,CON
14816244,14031626,2013-09-19,CON
14816245,13366458,2012-02-06,CON
14816246,14416937,2015-01-23,CON
14816246,PCT/EP2012/064649,2012-07-26,NST
14816249,60623946,2004-11-02,PRO
14816249,60623947,2004-11-02,PRO
14816249,60636490,2004-12-17,PRO
14816249,60659431,2005-03-09,PRO
14816249,60661925,2005-03-16,PRO
14816249,60666167,2005-03-30,PRO
14816249,60667094,2005-04-01,PRO
14816249,60669403,2005-04-08,PRO
14816249,60673758,2005-04-22,PRO
14816249,60674702,2005-04-26,PRO
14816249,60679241,2005-05-10,PRO
14816249,60685407,2005-05-31,PRO
14816249,60687342,2005-06-06,PRO
14816249,60687341,2005-06-06,PRO
14816249,60692270,2005-06-21,PRO
14816249,11261035,2005-10-28,CON
14816249,13779320,2013-02-27,CON
14816254,62033287,2014-08-05,PRO
14816255,62031898,2014-08-01,PRO
14816256,62032242,2014-08-01,PRO
14816257,13142906,2011-09-06,DIV
14816257,PCT/IB2009/007929,2009-12-29,NST
14816259,61421239,2010-12-09,PRO
14816259,13316016,2011-12-09,CON
14816260,62032412,2014-08-01,PRO
14816261,62034440,2014-08-07,PRO
14816266,13670735,2012-11-07,CON
14816267,13820162,2013-03-01,CON
14816267,PCT/JP2011/068289,2011-08-10,NST
14816268,62032865,2014-08-04,PRO
14816269,13370595,2012-02-10,CON
14816270,61847117,2013-07-17,PRO
14816270,61873035,2013-09-03,PRO
14816270,14326616,2014-07-09,CIP
14816271,60885796,2007-01-19,PRO
14816271,12016723,2008-01-18,CON
14816271,13245061,2011-09-26,CON
14816275,62032227,2014-08-01,PRO
14816280,62033879,2014-08-06,PRO
14816283,61673325,2012-07-19,PRO
14816283,13684151,2012-11-21,DIV
14816284,60862660,2006-10-24,PRO
14816284,11877982,2007-10-24,CIP
14816284,13771597,2013-02-20,CON
14816286,13340463,2011-12-29,CON
14816286,13765497,2013-02-12,CON
14816286,14501372,2014-09-30,CON
14816287,13669540,2012-11-06,CIP
14816287,14051495,2013-10-11,CON
14816289,61447560,2011-02-28,PRO
14816289,13407396,2012-02-28,CON
14816290,12922517,2010-10-27,CON
14816290,PCT/US2009/036138,2009-03-05,NST
14816292,13664613,2012-10-31,CON
14816292,PCT/CA2011/050257,2011-04-28,CIP
14816295,61639274,2012-04-27,PRO
14816295,13788736,2013-03-07,CON
14816296,12699150,2010-02-03,CON
14816302,61422622,2010-12-13,PRO
14816302,13324802,2011-12-13,CON
14816303,13422320,2012-03-16,DIV
14816304,60845271,2006-09-15,PRO
14816304,11855246,2007-09-14,CIP
14816304,12501767,2009-07-13,CON
14816304,13463226,2012-05-03,DIV
14816306,62032228,2014-08-01,PRO
14816313,13583024,2012-10-01,CON
14816313,PCT/GB11/50479,2011-03-10,NST
14816314,13698200,2012-11-15,CIP
14816314,PCT/JP2011/063609,2011-06-14,NST
14816317,61453377,2011-03-16,PRO
14816317,13423060,2012-03-16,CON
14816317,14010901,2013-08-27,CON
14816317,14326118,2014-07-08,CON
14816319,61635400,2012-04-19,PRO
14816319,13804147,2013-03-14,CON
14816320,61470818,2011-04-01,PRO
14816320,13436973,2012-04-01,CON
14816320,14319074,2014-06-30,CON
14816322,61583678,2012-01-06,PRO
14816322,13733713,2013-01-03,CIP
14816323,62032776,2014-08-04,PRO
14816324,14215687,2014-03-17,CON
14816324,PCT/JP2011/072785,2011-10-03,CON
14816328,61779729,2013-03-13,PRO
14816328,14208915,2014-03-13,CON
14816329,10568691,2006-08-30,CON
14816329,PCT/GB04/03564,2004-08-18,NST
14816331,61790771,2013-03-15,PRO
14816331,14216969,2014-03-17,CON
14816332,62032612,2014-08-03,PRO
14816333,61441902,2011-02-11,PRO
14816333,61530905,2011-10-18,PRO
14816333,61556649,2011-11-07,PRO
14816333,61583024,2012-01-04,PRO
14816333,13371238,2012-02-10,CON
14816333,13434766,2012-03-29,CON
14816333,13530386,2012-06-22,CON
14816333,13949684,2013-07-24,CON
14816333,14288184,2014-05-27,CON
14816335,13780313,2013-02-28,CON
14816340,14227984,2014-03-27,CON
14816341,61838862,2013-06-24,PRO
14816341,14083845,2013-11-19,CIP
14816341,14220396,2014-03-20,CON
14816342,61240691,2009-09-09,PRO
14816342,12878191,2010-09-09,DIV
14816346,61145042,2009-01-15,PRO
14816346,12491782,2009-06-25,CON
14816347,13469382,2012-05-11,CON
14816352,10799384,2004-03-11,DIV
14816352,11497431,2006-08-02,DIV
14816352,11641910,2006-12-20,CON
14816352,14515904,2014-10-16,CON
14816352,PCT/JP02/09306,2002-09-11,CON
14816357,62031912,2014-08-01,PRO
14816358,13904329,2013-05-29,CIP
14816359,13911118,2013-06-06,CON
14816362,62033785,2014-08-06,PRO
14816363,61534503,2011-09-14,PRO
14816363,13617782,2012-09-14,CON
14816365,61635634,2012-04-19,PRO
14816365,13801891,2013-03-13,CON
14816367,62033346,2014-08-05,PRO
14816368,62031992,2014-08-01,PRO
14816368,62053038,2014-09-19,PRO
14816371,14456047,2014-08-11,CON
14816372,13741228,2013-01-14,CON
14816373,13535576,2012-06-28,CON
14816373,14464934,2014-08-21,CON
14816375,61877376,2013-09-13,PRO
14816375,14485063,2014-09-12,CON
14816376,62041131,2014-08-24,PRO
14816377,62087271,2014-12-04,PRO
14816379,13722867,2012-12-20,CON
14816381,62032900,2014-08-04,PRO
14816393,09794320,2001-02-27,CON
14816393,10804312,2004-03-18,CON
14816393,11942132,2007-11-19,CON
14816393,PCT/US2001/003781,2001-02-05,CIP
14816397,13665440,2012-10-31,CON
14816397,PCT/IB2012/002423,2012-10-30,CON
14816399,61766435,2013-02-19,PRO
14816399,13826558,2013-03-14,DIV
14816399,14568851,2014-12-12,DIV
14816400,61429399,2011-01-03,PRO
14816400,13342865,2012-01-03,CIP
14816400,13851813,2013-03-27,CON
14816400,14099170,2013-12-06,CON
14816401,12272548,2008-11-17,CON
14816403,60805193,2006-06-19,PRO
14816403,11761865,2007-06-12,CON
14816403,14107913,2013-12-16,CON
14816405,61230202,2009-07-31,PRO
14816405,61324201,2010-04-14,PRO
14816405,12845045,2010-07-28,CON
14816405,13785171,2013-03-05,CON
14816405,14616008,2015-02-06,CON
14816411,60887935,2007-02-02,PRO
14816411,12022253,2008-01-30,DIV
14816411,13466562,2012-05-08,CON
14816415,14062510,2013-10-24,CIP
14816415,14062568,2013-10-24,CIP
14816415,14076746,2013-11-11,CIP
14816415,14215504,2014-03-17,DIV
14816417,13500953,2012-04-09,CON
14816417,PCT/US2010/053644,2010-10-22,NST
14816418,61284865,2009-12-24,PRO
14816418,12977270,2010-12-23,CON
14816418,13963071,2013-08-09,CON
14816421,61878077,2013-09-16,PRO
14816421,14487299,2014-09-16,CON
14816422,PCT/CN2014/086057,2014-09-05,CON
14816423,PCT/JP2014/001217,2014-03-05,CON
14816424,60999603,2007-10-17,PRO
14816424,61133935,2008-07-07,PRO
14816424,12253926,2008-10-17,CIP
14816424,12499075,2009-07-07,CIP
14816424,13007595,2011-01-14,CON
14816424,14049290,2013-10-09,CON
14816429,13706551,2012-12-06,DIV
14816432,61620717,2012-04-05,PRO
14816432,13857658,2013-04-05,DIV
14816434,61662454,2012-06-21,PRO
14816434,13922595,2013-06-20,CON
14816438,62033475,2014-08-05,PRO
14816439,61884224,2013-09-30,PRO
14816439,61929432,2014-01-20,PRO
14816439,14497645,2014-09-26,CIP
14816440,13444124,2012-04-11,CON
14816442,61848360,2013-01-02,PRO
14816442,14145964,2014-01-01,CON
14816443,13116972,2011-05-26,CON
14816443,13670404,2012-11-06,CON
14816443,14627325,2015-02-20,CON
14816446,62033200,2014-08-05,PRO
14816452,14010982,2013-08-27,CON
14816454,62033447,2014-08-05,PRO
14816456,13320877,2011-11-16,DIV
14816456,PCT/GB2010/001064,2010-05-27,NST
14816460,13817143,2013-02-15,CON
14816460,PCT/ES2011/070262,2011-04-15,NST
14816464,13367137,2012-02-06,CON
14816464,PCT/CN2010/075780,2010-08-06,CON
14816466,62033442,2014-08-05,PRO
14816467,62031967,2014-08-01,PRO
14816470,13423320,2012-03-19,CON
14816470,14480221,2014-09-08,CON
14816471,13755407,2013-01-31,CON
14816476,14361510,2014-05-29,DIV
14816476,PCT/GB2012/053045,2012-12-06,NST
14816477,13336257,2011-12-23,CIP
14816477,13556726,2012-07-24,CIP
14816477,13725326,2012-12-21,CIP
14816477,14716727,2015-05-19,CIP
14816481,12972634,2010-12-20,REI
14816482,PCT/US2013/025657,2013-02-12,CON
14816484,11535347,2006-09-26,CON
14816484,12966406,2010-12-13,CIP
14816484,13693010,2012-12-03,CON
14816485,62033173,2014-08-05,PRO
14816486,14043169,2013-10-01,CON
14816487,PCT/CN2013/071333,2013-02-04,CON
14816489,11125327,2005-05-10,CON
14816489,13312982,2011-12-06,CON
14816494,09467316,1999-12-20,CON
14816494,10702969,2003-11-05,CON
14816494,12046171,2008-03-11,CON
14816494,14288527,2014-05-28,CON
14816495,10685562,2003-10-14,CON
14816495,12902097,2010-10-11,CON
14816495,13556453,2012-07-24,CON
14816496,62032627,2014-08-03,PRO
14816497,PCT/JP2014/051226,2014-01-22,CON
14816503,13665159,2012-10-31,DIV
14816505,61818196,2013-05-01,PRO
14816505,14265719,2014-04-30,DIV
14816509,14131202,2014-01-06,CON
14816509,PCT/GB2012/052825,2012-11-14,NST
14816511,61264568,2009-11-25,PRO
14816511,12953129,2010-11-23,DIV
14816517,PCT/JP2014/052218,2014-01-31,CON
14816521,61731919,2012-11-30,PRO
14816521,61769480,2013-02-26,PRO
14816521,13803380,2013-03-14,CON
14816521,14583977,2014-12-29,CON
14816522,11276193,2006-02-17,CON
14816527,13585382,2012-08-14,DIV
14816529,13212569,2011-08-18,CON
14816531,12614513,2009-11-09,DIV
14816532,12745878,2010-06-02,CON
14816532,13631060,2012-09-28,CON
14816532,14161377,2014-01-22,CON
14816532,14624172,2015-02-17,CON
14816532,PCT/KR2008/006777,2008-11-18,NST
14816533,14456469,2014-08-11,CIP
14816534,12873039,2010-08-31,CON
14816536,62007413,2014-06-04,PRO
14816536,62032630,2014-08-03,PRO
14816536,14730232,2015-06-03,CIP
14816538,13842227,2013-03-15,DIV
14816540,62037456,2014-08-14,PRO
14816541,12851870,2010-08-06,DIV
14816542,13490655,2012-06-07,CON
14816545,61955433,2014-03-19,PRO
14816545,14449431,2014-08-01,CON
14816546,PCT/US07/60506,2007-01-12,NST
14816546,12160758,2008-09-02,CON
14816546,13921640,2013-06-19,CON
14816547,13159666,2011-06-14,CON
14816548,14327124,2014-07-09,CON
14816549,62032104,2014-08-01,PRO
14816555,11816765,2007-08-21,REI
14816555,PCT/GB2006/000601,2006-02-21,NST
14816557,13591947,2012-08-22,DIV
14816558,13498358,2012-03-27,CON
14816558,PCT/IB2010/054341,2010-09-27,NST
14816563,61149205,2009-02-02,PRO
14816563,61227192,2009-07-21,PRO
14816563,61236296,2009-08-24,PRO
14816563,12645532,2009-12-23,CON
14816565,13990193,2013-05-29,CON
14816565,PCT/GB2011/052356,2011-11-29,NST
14816567,13371795,2012-02-13,CON
14816567,PCT/CN2010/076043,2010-08-17,CON
14816570,13551987,2012-07-18,DIV
14816573,13216941,2011-08-24,CON
14816578,13852741,2013-03-28,CIP
14816579,61837321,2013-06-20,PRO
14816579,61976230,2014-04-07,PRO
14816579,14308694,2014-06-18,CON
14816582,12740837,2010-09-07,CON
14816582,13622031,2012-09-18,CON
14816582,PCT/EP2008/065149,2008-11-07,NST
14816585,62032803,2014-08-04,PRO
14816586,61383695,2010-09-16,PRO
14816586,13233773,2011-09-15,CON
14816586,14025503,2013-09-12,CON
14816586,14464336,2014-08-20,CON
14816587,62036946,2014-08-13,PRO
14816591,13845308,2013-03-18,DIV
14816592,11513179,2006-08-31,DIV
14816592,13101111,2011-05-04,CON
14816592,13852768,2013-03-28,CON
14816592,14276655,2014-05-13,CON
14816593,13371303,2012-02-10,DIV
14816600,62001929,2014-05-22,PRO
14816600,62036861,2014-08-13,PRO
14816600,14517333,2014-10-17,CON
14816600,14666825,2015-03-24,CON
14816601,13826906,2013-03-14,CON
14816602,62034220,2014-08-07,PRO
14816604,13046127,2011-03-11,CON
14816604,14013344,2013-08-29,CON
14816605,11988321,2009-03-23,CON
14816605,14507006,2014-10-06,CON
14816605,PCT/US2006/025800,2006-06-30,NST
14816608,61480555,2011-04-29,PRO
14816608,13459381,2012-04-30,CIP
14816611,12384634,2009-04-06,CON
14816611,13493129,2012-06-11,CON
14816613,62032218,2014-08-01,PRO
14816617,13978307,2013-10-17,CON
14816617,PCT/US2012/020342,2012-01-05,NST
14816626,13358931,2012-01-26,CIP
14816627,61172769,2009-04-26,PRO
14816627,12767447,2010-04-26,CON
14816630,61901411,2013-11-07,PRO
14816630,14080325,2013-11-14,REI
14816632,12168021,2008-07-03,CON
14816632,12654582,2009-12-23,CON
14816632,13414584,2012-03-07,CON
14816632,13926781,2013-06-25,CON
14816634,62032017,2014-08-01,PRO
14816638,12624074,2009-11-23,CON
14816639,12398245,2009-03-05,DIV
14816640,14310615,2014-06-20,CON
14816645,14193308,2014-02-28,CIP
14816647,13358089,2012-01-25,DIV
14816651,13563025,2012-07-31,CON
14816652,61592282,2012-01-30,PRO
14816652,13754028,2013-01-30,CON
14816654,10279635,2002-10-24,CON
14816654,11045873,2005-01-28,CON
14816654,11953356,2007-12-10,CON
14816654,14341172,2014-07-25,CON
14816657,62032791,2014-08-04,PRO
14816658,61350736,2010-06-02,PRO
14816658,13092703,2011-04-22,CIP
14816658,13481194,2012-05-25,CON
14816660,12852790,2010-08-09,CON
14816660,13454459,2012-04-24,CIP
14816660,13865592,2013-04-18,CON
14816660,14628592,2015-02-23,CON
14816661,62032911,2014-08-04,PRO
14816663,PCT/CN2014/094702,2014-12-23,CON
14816664,61056068,2008-05-27,PRO
14816664,61074679,2008-06-23,PRO
14816664,12472162,2009-05-26,CON
14816664,13023351,2011-02-08,CON
14816664,13742221,2013-01-15,CON
14816665,14077296,2013-11-12,CIP
14816665,61902838,2013-11-12,PRO
14816665,62059637,2014-10-03,PRO
14816665,14538349,2014-11-11,CON
14816671,61431518,2011-01-11,PRO
14816671,13347366,2012-01-10,CIP
14816671,61712922,2012-10-12,PRO
14816671,61713967,2012-10-15,PRO
14816671,61718419,2012-10-25,PRO
14816671,61720448,2012-10-31,PRO
14816671,14052913,2013-10-14,CON
14816673,PCT/CN2013/088857,2013-12-09,CON
14816674,61542100,2011-09-30,PRO
14816674,61564668,2011-11-29,PRO
14816674,13417137,2012-03-09,CON
14816674,13775000,2013-02-22,CON
14816675,12547550,2009-08-26,CON
14816675,13737216,2013-01-09,CON
14816683,60780354,2006-03-09,PRO
14816683,11716002,2007-03-09,DIV
14816683,14453529,2014-08-06,CON
14816684,14147414,2014-01-03,CON
14816684,PCT/EP2012/001316,2012-03-26,CON
14816686,11524549,2006-09-21,CON
14816686,12542068,2009-08-17,CON
14816687,12145347,2008-06-24,CON
14816688,PCT/US2014/013563,2014-01-29,CON
14816689,10477562,2003-11-12,CON
14816689,11716669,2007-03-12,CON
14816689,12357003,2009-01-21,CON
14816689,13089562,2011-04-19,CON
14816689,PCT/EP02/05242,2002-05-13,NST
14816695,12972251,2010-12-17,DIV
14816697,13801635,2013-03-13,CON
14816697,14574755,2014-12-18,CON
14816699,PCT/JP2014/051761,2014-01-28,CON
14816706,62034098,2014-08-06,PRO
14816707,13713042,2012-12-13,CON
14816708,14067204,2013-10-30,DIV
14816717,PCT/JP2014/052458,2014-02-03,CON
14816723,61729183,2012-11-21,PRO
14816723,13836666,2013-03-15,CON
14816724,62032330,2014-08-01,PRO
14816724,62172432,2015-06-08,PRO
14816725,61118400,2008-11-26,PRO
14816725,12490033,2009-06-23,CON
14816726,13188214,2011-07-21,CON
14816726,13605068,2012-09-06,CON
14816730,13651119,2012-10-12,CON
14816730,PCT/US2012/046246,2012-07-11,CON
14816732,13565570,2012-08-02,DIV
14816734,12999766,2010-12-17,CON
14816734,PCT/JP2009/061490,2009-06-24,NST
14816735,13688593,2012-11-29,CON
14816736,12364085,2009-02-02,CON
14816740,12245209,2008-10-03,CON
14816740,13596982,2012-08-28,CON
14816747,PCT/US2014/054412,2014-09-05,CON
14816748,14147402,2014-01-03,CON
14816748,14479863,2014-09-08,CON
14816754,13558191,2012-07-25,CON
14816755,62033052,2014-08-04,PRO
14816755,62157516,2015-05-06,PRO
14816757,13650883,2012-10-12,CON
14816759,14033534,2013-09-23,CON
14816762,61829429,2013-05-31,PRO
14816762,13927663,2013-06-26,CON
14816764,10951250,2004-09-27,CON
14816764,11782610,2007-07-24,CON
14816764,13965904,2013-08-13,CON
14816765,62032180,2014-08-01,PRO
14816766,61533047,2011-09-09,PRO
14816766,61611905,2012-03-16,PRO
14816766,13605155,2012-09-06,CON
14816769,14048789,2013-10-08,CON
14816770,13549974,2012-07-16,CIP
14816771,12456813,2009-06-23,CON
14816772,12685733,2010-01-12,CON
14816773,60602270,2004-08-16,PRO
14816773,60604663,2004-08-26,PRO
14816773,11203783,2005-08-15,CON
14816773,13110255,2011-05-18,CON
14816773,13919408,2013-06-17,CON
14816778,61522504,2011-08-11,PRO
14816778,61555201,2011-11-03,PRO
14816778,61589760,2012-01-23,PRO
14816778,13570647,2012-08-09,CON
14816778,14301759,2014-06-11,CON
14816779,12538388,2009-08-10,CON
14816781,62035212,2014-08-08,PRO
14816784,12090842,2010-08-02,CON
14816784,12090845,2009-07-06,CON
14816784,14054323,2013-10-15,CON
14816784,14055994,2013-10-17,DIV
14816784,14444731,2014-07-28,CIP
14816784,14613577,2015-02-04,CIP
14816784,PCT/US2006/038963,2006-10-04,NST
14816784,PCT/US2006/038966,2006-10-04,NST
14816786,60521592,2004-05-30,PRO
14816786,60594285,2005-03-25,PRO
14816786,10907790,2005-04-15,CON
14816786,13108621,2011-05-16,CON
14816786,14088993,2013-11-25,CON
14816789,10583419,2007-09-28,CON
14816789,13368667,2012-02-08,CON
14816789,13933811,2013-07-02,CON
14816789,PCT/EP2004/014500,2004-12-20,NST
14816795,61297485,2010-01-22,PRO
14816795,PCT/US11/22293,2011-01-24,CON
14816795,13554063,2012-07-20,CON
14816795,14171217,2014-02-03,CON
14816799,60398785,2002-07-29,PRO
14816799,60478206,2003-06-12,PRO
14816799,10630423,2003-07-29,CIP
14816799,10768566,2004-01-29,CON
14816799,12803963,2010-07-09,CON
14816799,13487969,2012-06-04,CON
14816807,61254795,2009-10-26,PRO
14816807,12912411,2010-10-26,CON
14816809,61721756,2012-11-02,PRO
14816809,13804811,2013-03-14,DIV
14816810,62032361,2014-08-01,PRO
14816813,11251205,2005-10-15,CIP
14816813,11687548,2007-03-16,CIP
14816813,61106498,2008-10-17,PRO
14816813,12352978,2009-01-13,CON
14816813,13312272,2011-12-06,CON
14816813,13757599,2013-02-01,DIV
14816815,61388574,2010-09-30,PRO
14816815,13250962,2011-09-30,DIV
14816815,13926332,2013-06-25,CON
14816816,13885526,2013-05-15,CON
14816816,PCT/EP2011/070089,2011-11-15,NST
14816819,12531913,2009-09-18,DIV
14816819,PCT/JP2008/055819,2008-03-27,NST
14816820,13902705,2013-05-24,CON
14816822,61613274,2012-03-20,PRO
14816822,13644748,2012-10-04,CON
14816830,PCT/JP2013/057386,2013-03-15,CON
14816831,13826203,2013-03-14,CON
14816833,61788374,2013-03-15,PRO
14816833,14214134,2014-03-14,DIV
14816836,PCT/JP2014/051990,2014-01-29,CON
14816838,62032885,2014-08-04,PRO
14816840,61613760,2012-03-21,PRO
14816840,13847355,2013-03-19,DIV
14816843,62033551,2014-08-05,PRO
14816843,62060445,2014-10-06,PRO
14816843,62182913,2015-06-22,PRO
14816844,11823999,2007-06-29,CON
14816844,13464572,2012-05-04,CON
14816846,61414293,2010-11-16,PRO
14816846,61433645,2011-01-18,PRO
14816846,61433649,2011-01-18,PRO
14816846,61433652,2011-01-18,PRO
14816846,13298042,2011-11-16,CON
14816846,14561107,2014-12-04,CON
14816847,14264166,2014-04-29,CON
14816852,62032657,2014-08-04,PRO
14816855,13957164,2013-08-01,CON
14816856,PCT/JP2014/053044,2014-02-10,CON
14816857,61029113,2008-02-15,PRO
14816857,12372464,2009-02-17,CON
14816859,62032510,2014-08-01,PRO
14816860,62036058,2014-08-11,PRO
14816865,13856224,2013-04-03,DIV
14816867,13633291,2012-10-02,CON
14816871,11469346,2006-08-31,DIV
14816871,12606052,2009-10-26,CON
14816871,13360416,2012-01-27,CON
14816872,60984101,2007-10-31,PRO
14816872,12263163,2008-10-31,CON
14816873,61783721,2013-03-14,PRO
14816873,14153708,2014-01-13,CON
14816875,62032198,2014-08-01,PRO
14816878,62032152,2014-08-01,PRO
14816879,60915104,2007-04-30,PRO
14816879,11761800,2007-06-12,CON
14816880,11728124,2007-03-23,CON
14816880,13942063,2013-07-15,CON
14816882,62041373,2014-08-25,PRO
14816883,61390478,2010-10-06,PRO
14816883,PCT/US11/53868,2011-09-29,NST
14816883,13877356,2013-05-30,DIV
14816885,13582983,2013-07-29,CON
14816885,PCT/GB2011/000313,2011-03-04,NST
14816887,13855313,2013-04-02,CON
14816889,14329642,2014-07-11,CON
14816896,62032175,2014-08-01,PRO
14816897,13243387,2011-09-23,CON
14816897,14601991,2015-01-21,CON
14816899,61934804,2014-02-02,PRO
14816899,14612241,2015-02-02,CON
14816900,10776677,2004-02-10,DIV
14816900,12070164,2008-02-15,CON
14816902,61540675,2011-09-29,PRO
14816902,13631120,2012-09-28,DIV
14816903,62032294,2014-08-01,PRO
14816906,13508583,2012-05-08,CON
14816906,PCT/JP2012/002589,2012-04-13,NST
14816908,13913339,2013-06-07,CON
14816909,62032786,2014-08-04,PRO
14816911,61729720,2012-11-26,PRO
14816911,14091315,2013-11-26,DIV
14816912,PCT/JP2014/056868,2014-03-14,CON
14816914,61383813,2010-09-17,PRO
14816914,13233700,2011-09-15,DIV
14816915,61222718,2009-07-02,PRO
14816915,12828381,2010-07-01,CON
14816915,13888587,2013-05-07,CON
14816915,14557570,2014-12-02,CIP
14816916,13204265,2011-08-05,DIV
14816917,61256864,2009-10-30,PRO
14816917,12915418,2010-10-29,CON
14816918,61317262,2010-03-24,PRO
14816918,61317264,2010-03-24,PRO
14816918,13071233,2011-03-24,CON
14816920,61029113,2008-02-15,PRO
14816920,12372464,2009-02-17,DIV
14816921,61753325,2013-01-16,PRO
14816921,14157001,2014-01-16,CON
14816924,62032147,2014-08-01,PRO
14816924,62050054,2014-09-12,PRO
14816924,62096331,2014-12-23,PRO
14816924,62149434,2015-04-17,PRO
14816927,62032351,2014-08-01,PRO
14816930,13232543,2011-09-14,CON
14816930,13421143,2012-03-15,CON
14816931,60484085,2003-07-01,PRO
14816931,10882852,2004-07-01,CON
14816931,14138014,2013-12-21,CIP
14816931,14499230,2014-09-28,CON
14816938,13831200,2013-03-14,CON
14816939,62032458,2014-08-01,PRO
14816942,61367340,2010-07-23,PRO
14816942,61369548,2010-07-30,PRO
14816942,13187405,2011-07-20,DIV
14816942,14338287,2014-07-22,CON
14816943,14105028,2013-12-12,CON
14816944,13648083,2012-10-09,CON
14816944,14184275,2014-02-19,CON
14816946,14047111,2013-10-07,CON
14816950,12550168,2009-08-28,CON
14816959,61506331,2011-07-11,PRO
14816959,13547039,2012-07-11,DIV
14816959,14312570,2014-06-23,DIV
14816960,60484085,2003-07-01,PRO
14816960,10882852,2004-07-01,CON
14816960,14138014,2013-12-21,CIP
14816960,14499230,2014-09-28,CON
14816962,09582233,2000-09-07,CON
14816962,PCT/US99/26018,1999-11-23,NST
14816962,10066574,2002-02-06,CON
14816962,10806480,2004-03-23,CON
14816962,12230004,2008-08-21,CON
14816962,13192240,2011-07-27,CON
14816964,62034066,2014-08-06,PRO
14816965,13543119,2012-07-06,CON
14816966,13979985,2013-07-16,CON
14816966,PCT/JP2011/051130,2011-01-21,NST
14816972,14376145,2014-08-01,CON
14816972,PCT/US2013/024397,2013-02-01,NST
14816974,13589333,2012-08-20,CON
14816975,11920805,2007-11-19,CON
14816975,PCT/US2006/014654,2006-04-17,NST
14816976,61255802,2009-10-28,PRO
14816976,PCT/US10/54424,2010-10-28,NST
14816976,13504905,2012-12-07,CON
14816977,13730193,2012-12-28,CIP
14816978,61496206,2011-06-13,PRO
14816978,13494777,2012-06-12,CON
14816980,62033067,2014-08-04,PRO
14816980,62044088,2014-08-29,PRO
14816980,62062674,2014-10-10,PRO
14816981,62034055,2014-08-06,PRO
14816984,61934681,2014-01-31,PRO
14816984,14608105,2015-01-28,CON
14816985,29468950,2013-10-04,CON
14816985,14049782,2013-10-09,CON
14816986,62033077,2014-08-04,PRO
14816986,62119413,2015-02-23,PRO
14816989,61415614,2010-11-19,PRO
14816989,13300352,2011-11-18,DIV
14816989,13924433,2013-06-21,CON
14816992,13824317,2013-12-18,DIV
14816992,PCT/US2011/055181,2011-10-06,NST
14816995,62032589,2014-08-03,PRO
14816995,62045246,2014-09-03,PRO
14816995,62048820,2014-09-11,PRO
14816995,62052910,2014-09-19,PRO
14816995,62053275,2014-09-22,PRO
14816995,62080437,2014-11-17,PRO
14816995,62086747,2014-12-03,PRO
14816995,62091697,2014-12-15,PRO
14816995,62140276,2015-03-30,PRO
14816995,62153999,2015-04-28,PRO
14816995,62154007,2015-04-28,PRO
14816997,10705785,2003-11-12,CIP
14816997,10831370,2004-04-26,DIV
14816997,11499780,2006-08-07,CON
14816997,12796482,2010-06-08,DIV
14816997,13866879,2013-04-19,CON
14816998,13757397,2013-02-01,CON
14816998,14039301,2013-09-27,CON
14816998,14680182,2015-04-07,CON
14816999,62032451,2014-08-01,PRO
14817000,13735979,2013-01-07,CON
14817007,14130896,2014-01-03,CON
14817007,PCT/JP2012/067051,2012-07-04,NST
14817010,61729686,2012-11-26,PRO
14817010,14091169,2013-11-26,DIV
14817011,11973590,2007-10-09,CON
14817012,62033956,2014-08-06,PRO
14817019,13532915,2012-06-26,CON
14817019,13781599,2013-02-28,CON
14817021,13104984,2011-05-11,CON
14817023,62032408,2014-08-01,PRO
14817026,62032309,2014-08-01,PRO
14817030,13565449,2012-08-02,CIP
14817031,13946894,2013-07-19,DIV
14817032,62032215,2014-08-01,PRO
14817033,60980534,2007-10-17,PRO
14817033,61034115,2008-03-05,PRO
14817033,61058885,2008-06-04,PRO
14817033,12253004,2008-10-16,DIV
14817034,61313457,2010-03-12,PRO
14817034,13044469,2011-03-09,CIP
14817034,14058148,2013-10-18,CON
14817036,12982976,2010-12-31,CON
14817041,14177939,2014-02-11,DIV
14817043,61511880,2011-07-26,PRO
14817043,61511887,2011-07-26,PRO
14817043,61511900,2011-07-26,PRO
14817043,61534753,2011-09-14,PRO
14817043,61534761,2011-09-14,PRO
14817043,61534772,2011-09-14,PRO
14817043,61557170,2011-11-08,PRO
14817043,61581566,2011-12-29,PRO
14817043,61601404,2012-02-21,PRO
14817043,61601949,2012-02-22,PRO
14817043,61601953,2012-02-22,PRO
14817043,61647936,2012-05-16,PRO
14817043,61647941,2012-05-16,PRO
14817043,13559314,2012-07-26,CON
14817045,12968106,2010-12-14,CIP
14817046,13731352,2012-12-31,CON
14817047,13320761,2012-03-06,DIV
14817047,PCT/US2010/035129,2010-05-17,NST
14817048,13313620,2011-12-07,DIV
14817050,61332629,2010-05-07,PRO
14817050,13102924,2011-05-06,CON
14817053,61301468,2010-02-04,PRO
14817053,12756954,2010-04-08,CIP
14817053,13194515,2011-07-29,CON
14817054,61721979,2012-11-02,PRO
14817054,61721994,2012-11-02,PRO
14817054,61723685,2012-11-07,PRO
14817054,61723684,2012-11-07,PRO
14817054,61729474,2012-11-23,PRO
14817054,13835483,2013-03-15,CON
14817056,13799150,2013-03-13,CON
14817059,62032950,2014-08-04,PRO
14817061,61999648,2014-08-02,PRO
14817066,61032057,2008-02-27,PRO
14817066,12395333,2009-02-27,CON
14817066,13933028,2013-07-01,CON
14817069,62032512,2014-08-01,PRO
14817070,13692940,2012-12-03,CON
14817071,61426345,2010-12-22,PRO
14817071,13328111,2011-12-16,CON
14817072,61612398,2012-03-19,PRO
14817072,13831940,2013-03-15,CIP
14817072,62032623,2014-08-03,PRO
14817072,62163975,2015-05-20,PRO
14817073,13086667,2011-04-14,DIV
14817073,14276652,2014-05-13,CON
14817074,PCT/JP2014/057011,2014-03-14,CON
14817080,11388672,2006-03-23,CON
14817081,14272323,2014-05-07,CIP
14817082,13016834,2011-01-28,CON
14817082,14598169,2015-01-15,CON
14817084,62032148,2014-08-01,PRO
14817084,62180415,2015-06-16,PRO
14817085,61644173,2012-05-08,PRO
14817085,13890191,2013-05-08,CON
14817088,PCT/JP2013/007595,2013-12-25,CON
14817091,62033350,2014-08-05,PRO
14817091,62039784,2014-08-20,PRO
14817091,62064301,2014-10-15,PRO
14817092,09589328,2000-06-07,DIV
14817092,10167532,2002-06-11,DIV
14817092,10823386,2004-04-12,CIP
14817092,11207080,2005-08-18,DIV
14817092,11827119,2007-07-10,CON
14817092,13373966,2011-12-05,CON
14817094,13841763,2013-03-15,CON
14817097,61585729,2012-01-12,PRO
14817097,13556061,2012-07-23,CON
14817099,13472742,2012-05-16,CON
14817101,11893260,2007-08-15,DIV
14817102,61544169,2011-10-06,PRO
14817102,13647278,2012-10-08,CON
14817103,61208540,2009-02-25,PRO
14817103,12712748,2010-02-25,DIV
14817103,13759239,2013-02-05,REI
14817104,13714771,2012-12-14,DIV
14817106,62033042,2014-08-04,PRO
14817107,61497749,2011-06-16,PRO
14817107,13526092,2012-06-18,DIV
14817109,61746535,2012-12-27,PRO
14817109,14141224,2013-12-26,CON
14817110,61273584,2009-08-06,PRO
14817110,61274726,2009-08-20,PRO
14817110,61278261,2009-10-05,PRO
14817110,61278309,2009-10-05,PRO
14817110,61278246,2009-10-05,PRO
14817110,12847924,2010-07-30,CON
14817110,12898482,2010-10-05,CON
14817110,14185599,2014-02-20,CIP
14817112,14314971,2014-06-25,CIP
14817114,62032745,2014-08-04,PRO
14817116,13975704,2013-08-26,CIP
14817120,13265369,2011-12-29,CON
14817120,PCT/IB10/51701,2010-04-19,NST
14817121,61790931,2013-03-15,PRO
14817121,61810036,2013-04-09,PRO
14817121,61810057,2013-04-09,PRO
14817121,14093763,2013-12-02,CON
14817122,13559145,2012-07-26,CON
14817125,62033467,2014-08-05,PRO
14817126,61721387,2012-11-01,PRO
14817126,13722679,2012-12-20,CIP
14817127,61451589,2011-03-10,PRO
14817127,13417970,2012-03-12,CON
14817130,14143804,2013-12-30,CIP
14817130,14329590,2014-07-11,CIP
14817132,14137561,2013-12-20,CON
14817137,12568323,2009-09-28,DIV
14817139,61381405,2010-09-09,PRO
14817139,13227904,2011-09-08,DIV
14817144,13697468,2013-04-03,CON
14817144,PCT/BR2011/000135,2011-05-12,NST
14817146,13574258,2012-08-23,CIP
14817146,PCT/FR2011/050109,2011-01-20,NST
14817148,61679015,2012-08-02,PRO
14817148,13604482,2012-09-05,CON
14817150,13719125,2012-12-18,DIV
14817151,13942415,2013-07-15,CON
14817152,13083435,2011-04-08,CON
14817154,61293357,2010-01-08,PRO
14817154,12987069,2011-01-07,CIP
14817155,61406060,2010-10-22,PRO
14817155,13280260,2011-10-24,DIV
14817155,14243859,2014-04-02,DIV
14817156,14004149,2013-09-09,CIP
14817156,14004149,2013-09-09,DIV
14817156,14718003,2015-08-11,CIP
14817156,14719300,2015-05-21,CIP
14817156,PCT/US2012/072176,2012-12-28,NST
14817157,61673083,2012-07-18,PRO
14817157,13691095,2012-11-30,CIP
14817157,29457460,2013-06-10,CIP
14817157,13945692,2013-07-18,CIP
14817158,61583004,2012-01-04,PRO
14817158,13734739,2013-01-04,CON
14817159,13644987,2012-10-04,CON
14817160,61377829,2010-08-27,PRO
14817160,12895778,2010-09-30,CON
14817164,60755082,2006-01-03,PRO
14817164,11496443,2006-08-01,CON
14817166,62031987,2014-08-01,PRO
14817167,13418356,2012-03-13,CON
14817170,10943771,2004-09-16,CIP
14817170,11065757,2005-02-24,CIP
14817170,11470606,2006-09-06,CIP
14817170,60865649,2006-11-14,PRO
14817170,11938666,2007-11-12,CIP
14817170,60987402,2007-11-12,PRO
14817170,12264203,2008-11-03,CON
14817171,62032807,2014-08-04,PRO
14817174,61306800,2010-02-22,PRO
14817174,13031979,2011-02-22,CON
14817175,13603990,2012-09-05,DIV
14817175,14566021,2014-12-10,CON
14817176,62037450,2014-08-14,PRO
14817177,14362129,2014-06-02,CON
14817177,PCT/IL2012/050489,2012-11-29,NST
14817179,13696281,2012-11-05,DIV
14817179,PCT/KR2011/003155,2011-04-28,NST
14817180,11799667,2007-05-02,CON
14817180,12250978,2008-10-14,CON
14817181,62032631,2014-08-03,PRO
14817182,13509606,2012-05-12,CON
14817182,14720716,2015-05-22,CIP
14817182,PCT/EP2009/008063,2009-11-12,NST
14817188,62033058,2014-08-04,PRO
14817189,12573319,2009-10-05,CON
14817190,62033075,2014-08-04,PRO
14817193,62032862,2014-08-04,PRO
14817194,13614867,2012-09-13,CON
14817196,62032046,2014-08-01,PRO
14817197,PCT/JP2014/051525,2014-01-24,CON
14817199,13771977,2013-02-20,CON
14817199,PCT/GB2011/001022,2011-07-06,CIP
14817202,13582650,2012-09-04,CON
14817202,PCT/KR2011/001509,2011-03-04,NST
14817203,61693288,2012-08-25,PRO
14817203,61701760,2012-09-17,PRO
14817203,13843910,2013-03-15,CON
14817205,62032486,2014-08-01,PRO
14817205,62053181,2014-09-21,PRO
14817208,60945430,2007-06-21,PRO
14817208,12214773,2008-06-20,CIP
14817208,13113683,2011-05-23,CIP
14817215,12948054,2010-11-17,DIV
14817215,13796025,2013-03-12,CON
14817220,13462779,2012-05-02,CON
14817227,13483074,2012-05-30,DIV
14817228,62036531,2014-08-12,PRO
14817230,62035835,2014-08-11,PRO
14817232,13895741,2013-05-16,CON
14817244,PCT/FR2014/050220,2014-02-05,CON
14817245,61750856,2013-01-10,PRO
14817245,14150939,2014-01-09,CIP
14817245,PCT/IL2012/000310,2012-08-21,CIP
14817246,61547828,2011-10-17,PRO
14817246,13652760,2012-10-16,CON
14817248,62039939,2014-08-21,PRO
14817248,14622023,2015-02-13,CON
14817251,13124132,2011-04-14,CON
14817251,PCT/IB2009/054453,2009-10-09,NST
14817254,60854919,2006-10-28,PRO
14817254,60878508,2007-01-04,PRO
14817254,11926547,2007-10-29,CON
14817254,12706871,2010-02-17,CON
14817254,13038969,2011-03-02,CON
14817254,13445545,2012-04-12,CON
14817254,13848975,2013-03-22,CON
14817254,14258393,2014-04-22,CON
14817260,62035019,2014-08-08,PRO
14817261,12256650,2008-10-23,CON
14817263,11870516,2007-10-11,CON
14817264,13362635,2012-01-31,DIV
14817267,61441121,2011-02-09,PRO
14817267,13370138,2012-02-09,CON
14817269,13273705,2011-10-14,DIV
14817269,14570259,2014-12-15,DIV
14817270,61999731,2014-08-04,PRO
14817272,61501871,2011-06-28,PRO
14817272,13533677,2012-06-26,DIV
14817273,61456664,2010-11-10,PRO
14817273,13292843,2011-11-09,DIV
14817273,14011202,2013-08-27,DIV
14817274,62033598,2014-08-05,PRO
14817275,13504529,2012-09-17,CON
14817275,PCT/CA2010/001684,2010-10-27,NST
14817278,61586464,2012-01-13,PRO
14817278,13726771,2012-12-26,CIP
14817282,PCT/JP2013/003641,2013-06-11,CON
14817286,61310231,2010-03-03,PRO
14817286,13040059,2011-03-03,CON
14817286,13939834,2013-07-11,CON
14817290,14164843,2014-01-27,CIP
14817297,14683274,2015-04-10,CON
14817300,60262132,2001-01-16,PRO
14817300,10051708,2002-01-16,CON
14817300,10431737,2003-05-08,CON
14817300,60479789,2003-06-19,PRO
14817300,10765005,2004-01-26,CIP
14817300,10871902,2004-06-18,CON
14817300,13845387,2013-03-18,CON
14817302,62032938,2014-08-04,PRO
14817303,61789865,2013-03-15,PRO
14817303,61790536,2013-03-15,PRO
14817303,61792998,2013-03-15,PRO
14817303,61798567,2013-03-15,PRO
14817303,14140443,2013-12-24,CIP
14817303,61938660,2014-02-11,PRO
14817303,14199956,2014-03-06,CIP
14817307,62033365,2014-08-05,PRO
14817310,11896130,2007-08-29,CON
14817311,12751430,2010-03-31,CON
14817315,14017796,2013-09-04,CON
14817315,PCT/JP2012/055472,2012-03-02,CON
14817319,62027073,2014-07-21,PRO
14817319,PCT/US15/41346,2015-07-21,CON
14817323,61599222,2012-02-15,PRO
14817323,13766135,2013-02-13,CIP
14817323,13967775,2013-08-15,CIP
14817323,14285799,2014-05-23,CIP
14817327,61687596,2012-04-27,PRO
14817327,13873021,2013-04-29,CIP
14817327,14627187,2015-02-20,CON
14817329,13824430,2013-03-18,CON
14817329,14540216,2014-11-13,CON
14817329,PCT/US2011/055200,2011-10-07,NST
14817333,62032905,2014-08-04,PRO
14817334,60915994,2007-05-04,PRO
14817334,12108946,2008-04-24,CON
14817334,13182957,2011-07-14,CON
14817334,13926166,2013-06-25,CON
14817335,62033213,2014-08-05,PRO
14817336,PCT/JP2014/052901,2014-02-07,CON
14817337,60841831,2006-09-01,PRO
14817337,PCT/US07/19140,2007-08-31,NST
14817337,12377454,2011-04-11,DIV
14817337,13967780,2013-08-15,DIV
14817338,PCT/JP2013/053759,2013-02-15,CON
14817341,60415546,2002-10-01,PRO
14817341,10677098,2003-09-30,CON
14817341,12749412,2010-03-29,CON
14817341,13185491,2011-07-18,CIP
14817341,13287279,2011-11-02,CIP
14817341,13620775,2012-09-15,CIP
14817341,13646706,2012-10-07,CIP
14817341,13661207,2012-10-26,CIP
14817341,13760214,2013-02-06,CIP
14817341,13875311,2013-05-02,CIP
14817341,13973146,2013-08-22,CIP
14817341,14034509,2013-09-23,CIP
14817341,14165826,2014-01-28,CIP
14817341,14458791,2014-08-13,CIP
14817341,14695256,2015-04-24,CIP
14817341,14815988,2015-08-01,CIP
14817343,61363804,2010-07-13,PRO
14817343,13182059,2011-07-13,CON
14817344,62034888,2014-08-08,PRO
14817351,62033157,2014-08-05,PRO
14817352,62033695,2014-08-06,PRO
14817354,62032753,2014-08-04,PRO
14817357,61445432,2011-02-22,PRO
14817357,13402126,2012-02-22,DIV
14817360,61549356,2011-10-20,PRO
14817360,61661512,2012-06-19,PRO
14817360,13655822,2012-10-19,CON
14817362,13583967,2012-09-11,DIV
14817362,PCT/JP2011/057540,2011-03-28,NST
14817363,PCT/JP2014/056874,2014-03-14,CON
14817367,13616299,2012-09-14,CON
14817373,10670641,2003-09-25,CON
14817373,11942883,2007-11-20,CON
14817373,12897100,2010-10-04,CON
14817373,13968710,2013-08-16,CON
14817375,62032713,2014-08-04,PRO
14817379,14327670,2014-07-10,CON
14817379,PCT/IL2014/050032,2014-01-13,CON
14817380,13247031,2011-09-28,CON
14817380,PCT/JP2010/051488,2010-02-03,CON
14817385,61706621,2012-09-27,PRO
14817385,61794216,2013-03-15,PRO
14817385,14040259,2013-09-27,DIV
14817390,62032990,2014-08-04,PRO
14817398,13593888,2012-08-24,CON
14817398,14305244,2014-06-16,CON
14817399,60945700,2007-06-22,PRO
14817399,PCT/US08/67724,2008-06-20,NST
14817399,12665958,2011-01-07,CON
14817399,14016077,2013-08-31,CIP
14817405,62032715,2014-08-04,PRO
14817406,13112545,2011-05-20,CON
14817406,14460432,2014-08-15,CON
14817408,13830461,2013-03-14,CON
14817408,14152881,2014-01-10,CON
14817408,14563186,2014-12-08,CON
14817411,60931611,2007-05-24,PRO
14817411,12126342,2008-05-23,CON
14817411,13427358,2012-03-22,CIP
14817411,61778672,2013-03-13,PRO
14817411,61867731,2013-08-20,PRO
14817411,61927638,2014-01-15,PRO
14817411,61927663,2014-01-15,PRO
14817411,14207955,2014-03-13,CON
14817423,13835011,2013-03-15,DIV
14817424,PCT/JP2014/051285,2014-01-22,CON
14817431,62034199,2014-08-07,PRO
14817432,61221669,2009-06-30,PRO
14817432,12827437,2010-06-30,CIP
14817432,13727732,2012-12-27,CON
14817433,13706213,2012-12-05,CON
14817433,13775203,2013-02-24,CON
14817434,PCT/US2013/050085,2013-07-11,CON
14817435,62033255,2014-08-05,PRO
14817440,62033560,2014-08-05,PRO
14817443,13636089,2012-09-19,CON
14817443,PCT/KR2011/001849,2011-03-17,NST
14817447,62032941,2014-08-04,PRO
14817448,PCT/KR2014/004198,2014-05-09,CON
14817451,13206907,2011-08-10,DIV
14817455,13055333,2011-01-21,DIV
14817455,14048768,2013-10-08,DIV
14817455,PCT/US2009/004265,2009-07-22,NST
14817459,11773752,2007-07-05,CON
14817459,13084884,2011-04-12,CON
14817459,13483510,2012-05-30,CON
14817459,13746155,2013-01-21,CON
14817464,13336883,2011-12-23,DIV
14817465,13263307,2011-10-06,DIV
14817465,PCT/GB2010/000711,2010-04-08,NST
14817470,62032939,2014-08-04,PRO
14817470,62094774,2014-12-19,PRO
14817470,62109370,2015-01-29,PRO
14817473,13516067,2012-08-27,DIV
14817473,PCT/EP2010/069531,2010-12-13,NST
14817476,13377167,2011-12-09,CON
14817476,PCT/KR2010/003723,2010-06-10,NST
14817477,14082482,2013-11-18,CON
14817486,09877708,2001-06-08,CON
14817486,10798160,2004-03-11,CON
14817486,11704483,2007-02-09,CON
14817486,12798134,2010-03-30,CON
14817488,13493330,2012-06-11,DIV
14817492,61745717,2012-12-24,PRO
14817492,14030938,2013-09-18,CON
14817494,29482675,2014-02-20,CIP
14817494,62082415,2014-11-20,PRO
14817494,14674484,2015-03-31,CIP
14817497,11613259,2006-12-20,CIP
14817497,12046126,2008-03-11,DIV
14817497,13431484,2012-03-27,DIV
14817499,61401462,2010-08-12,PRO
14817499,61401915,2010-08-20,PRO
14817499,61402345,2010-08-27,PRO
14817499,61402308,2010-08-26,PRO
14817499,61404429,2010-10-01,PRO
14817499,13013561,2011-01-25,DIV
14817499,13014841,2011-01-27,CON
14817499,13658755,2012-10-23,CON
14817500,12974028,2010-12-21,CON
14817508,61646212,2012-05-11,PRO
14817508,13891301,2013-05-10,CON
14817510,PCT/CA2014/000092,2014-02-04,CON
14817512,12568531,2009-09-28,CON
14817512,14163988,2014-01-24,CON
14817517,13998691,2013-11-25,CON
14817518,62033413,2014-08-05,PRO
14817522,13173880,2011-06-30,CON
14817522,14155656,2014-01-15,DIV
14817523,61477181,2011-04-20,PRO
14817523,13428624,2012-03-23,DIV
14817525,60604845,2004-08-26,PRO
14817525,11213355,2005-08-26,CON
14817525,12709402,2010-02-19,CON
14817525,13311269,2011-12-05,CON
14817525,13892141,2013-05-10,CON
14817525,14262921,2014-04-28,CON
14817525,14479188,2014-09-05,CON
14817527,12898214,2010-10-05,CON
14817527,13943864,2013-07-17,CON
14817528,62032689,2014-08-04,PRO
14817530,14231374,2014-03-31,DIV
14817538,13526241,2012-06-18,CON
14817539,PCT/JP2014/051349,2014-01-23,CON
14817542,61012324,2007-12-07,PRO
14817542,12329594,2008-12-07,CON
14817543,13375148,2011-11-29,CON
14817543,PCT/CN2009/072474,2009-06-26,NST
14817546,13951654,2013-07-26,DIV
14817548,14128209,2014-06-17,CIP
14817548,PCT/US2012/042449,2012-06-14,NST
14817551,62034597,2014-08-07,PRO
14817552,62039093,2014-08-19,PRO
14817554,13032854,2011-02-23,DIV
14817555,61524822,2011-08-18,PRO
14817555,13589776,2012-08-20,CON
14817556,13040293,2011-03-04,CON
14817556,14469950,2014-08-27,CON
14817558,61843498,2013-07-08,PRO
14817558,61874969,2013-09-06,PRO
14817558,14324528,2014-07-07,CIP
14817558,62032730,2014-08-04,PRO
14817560,12251881,2008-10-15,DIV
14817560,13764104,2013-02-11,DIV
14817560,14247629,2014-04-08,DIV
14817568,62032793,2014-08-04,PRO
14817572,62034103,2014-08-06,PRO
14817572,62047606,2014-09-08,PRO
14817572,62129882,2015-03-08,PRO
14817573,60604845,2004-08-26,PRO
14817573,11213355,2005-08-26,CON
14817573,12709402,2010-02-19,CON
14817573,13311269,2011-12-05,CON
14817573,13892141,2013-05-10,CON
14817573,14262921,2014-04-28,CON
14817573,14479824,2014-09-08,CON
14817575,61978452,2014-04-11,PRO
14817575,14684850,2015-04-13,CIP
14817580,62032920,2014-08-04,PRO
14817586,13040293,2011-03-04,CON
14817586,14469950,2014-08-27,CON
14817587,13691869,2012-12-03,DIV
14817589,61870936,2013-08-28,PRO
14817589,14033753,2013-09-23,CON
14817597,12450829,2009-10-13,CON
14817597,14300597,2014-06-10,CON
14817597,14735371,2015-06-10,CON
14817597,PCT/US2008/004747,2008-04-11,NST
14817599,PCT/CN2013/071349,2013-02-04,CON
14817600,60759835,2006-01-17,PRO
14817600,60783632,2006-03-17,PRO
14817600,60824396,2006-09-01,PRO
14817600,11615810,2006-12-22,CON
14817600,12970482,2010-12-16,CON
14817600,14466863,2014-08-22,CON
14817602,62032877,2014-08-04,PRO
14817603,14039863,2013-09-27,CON
14817604,10460631,2003-06-13,CON
14817605,14176555,2014-02-10,DIV
14817606,62033684,2014-08-06,PRO
14817606,62157129,2015-05-05,PRO
14817607,10441461,2003-05-20,CIP
14817607,10815604,2004-03-31,CON
14817607,12606159,2009-10-26,CON
14817607,13967530,2013-08-15,CON
14817607,14333665,2014-07-17,CON
14817609,PCT/CN2013/071382,2013-02-05,CON
14817613,PCT/CN2013/083355,2013-09-12,CON
14817614,11848101,2007-08-30,CON
14817614,13745699,2013-01-18,CON
14817616,61379113,2010-09-01,PRO
14817616,13224031,2011-09-01,CON
14817619,12892022,2010-09-28,CON
14817623,13765273,2013-02-12,DIV
14817624,12987613,2011-01-10,DIV
14817625,62035243,2014-08-08,PRO
14817627,13484903,2012-05-31,CON
14817628,14017781,2013-09-04,DIV
14817629,62035536,2014-08-11,PRO
14817630,PCT/EP2014/000274,2014-02-03,CON
14817631,12095730,2009-03-30,CON
14817631,PCT/DK2006/000675,2006-11-30,NST
14817633,60753566,2005-12-24,PRO
14817633,11643634,2006-12-21,CON
14817633,13938768,2013-07-10,CON
14817633,14268756,2014-05-02,CON
14817635,13779801,2013-02-28,DIV
14817638,61718970,2012-10-26,PRO
14817638,14065360,2013-10-28,DIV
14817639,60897647,2007-01-26,PRO
14817639,60897646,2007-01-26,PRO
14817639,12020721,2008-01-28,CIP
14817639,12492073,2009-06-25,CON
14817639,13653979,2012-10-17,CON
14817642,61819775,2013-05-06,PRO
14817642,14270546,2014-05-06,CON
14817645,14579049,2014-12-22,CON
14817647,12096565,2008-10-06,CON
14817647,13278135,2011-10-20,CON
14817647,13725204,2012-12-21,CON
14817647,14491307,2014-09-19,CON
14817647,PCT/KR2006/005234,2006-12-06,NST
14817648,61513019,2011-07-29,PRO
14817648,PCT/US12/47803,2012-07-23,NST
14817648,14235563,2014-07-03,DIV
14817650,12975091,2010-12-21,CON
14817650,PCT/CN2009/071367,2009-04-20,CON
14817654,62033332,2014-08-05,PRO
14817655,62040176,2014-08-21,PRO
14817656,PCT/CN2014/071742,2014-01-29,CON
14817658,13520325,2012-07-02,CON
14817658,14482695,2014-09-10,CON
14817658,PCT/IL2011/000167,2011-02-17,NST
14817659,62032849,2014-08-04,PRO
14817661,62035091,2014-08-08,PRO
14817666,62032797,2014-08-04,PRO
14817667,62033522,2014-08-05,PRO
14817669,61630321,2011-12-09,PRO
14817669,13694431,2012-12-03,CIP
14817670,13679094,2012-11-16,DIV
14817675,13910295,2013-06-05,CIP
14817676,12677618,2010-06-03,CON
14817676,13803267,2013-03-14,CON
14817676,PCT/EP2008/007551,2008-09-12,NST
14817680,61704150,2012-09-21,PRO
14817680,61733947,2012-12-06,PRO
14817680,13865610,2013-04-18,DIV
14817683,PCT/EP2014/000273,2014-02-03,CON
14817684,12504877,2009-07-17,CON
14817684,13601039,2012-08-31,CON
14817684,14157870,2014-01-17,CON
14817686,61650359,2012-05-22,PRO
14817686,61650649,2012-05-23,PRO
14817686,13772620,2013-02-21,CIP
14817686,13786163,2013-03-05,CIP
14817688,62032724,2014-08-04,PRO
14817689,62033330,2014-08-05,PRO
14817690,60912071,2007-04-16,PRO
14817690,12104409,2008-04-16,CIP
14817690,12624126,2009-11-23,DIV
14817693,62033055,2014-08-04,PRO
14817694,12920443,2010-08-31,DIV
14817694,13674248,2012-11-12,CON
14817694,PCT/JP2009/054171,2009-03-05,NST
14817696,11179640,2005-07-13,CON
14817698,61357754,2010-06-23,PRO
14817698,13167122,2011-06-23,CON
14817702,61159906,2009-03-13,PRO
14817702,12721905,2010-03-11,DIV
14817705,61449848,2011-03-07,PRO
14817705,13414353,2012-03-07,CON
14817707,12310812,2009-03-06,CON
14817707,13315475,2011-12-09,CON
14817707,14043677,2013-10-01,CON
14817707,PCT/EP2007/059356,2007-09-06,NST
14817710,13505167,2012-08-21,CON
14817710,PCT/US2010/054939,2010-11-01,NST
14817711,62033913,2014-08-06,PRO
14817712,12339381,2008-12-19,CON
14817712,14486196,2014-09-15,CON
14817715,62033536,2014-08-05,PRO
14817716,14003162,2013-09-04,DIV
14817716,PCT/JP2011/061968,2011-05-25,NST
14817718,62037197,2014-08-14,PRO
14817719,13483322,2012-05-30,DIV
14817721,62033009,2014-08-04,PRO
14817722,14258506,2014-04-22,CON
14817725,PCT/JP2013/056687,2013-03-11,CON
14817728,62034953,2014-08-08,PRO
14817730,62033353,2014-08-05,PRO
14817734,13678054,2012-11-15,DIV
14817734,14579255,2014-12-22,DIV
14817739,60954357,2007-08-07,PRO
14817739,12221867,2008-08-07,CON
14817739,13608184,2012-09-10,CON
14817739,13908373,2013-06-03,CON
14817740,12794959,2010-06-07,CIP
14817740,13170272,2011-06-28,CON
14817742,13851605,2013-03-27,DIV
14817747,13567091,2012-08-06,CON
14817747,14230093,2014-03-31,CON
14817747,PCT/US2012/042591,2012-06-15,CON
14817749,61447814,2011-03-01,PRO
14817749,13408684,2012-02-29,DIV
14817750,13929431,2013-06-27,DIV
14817751,62033295,2014-08-05,PRO
14817753,62033876,2014-08-06,PRO
14817754,61112406,2008-11-07,PRO
14817754,12613937,2009-11-06,CON
14817754,13330062,2011-12-19,CIP
14817754,13971662,2013-08-20,DIV
14817756,13480229,2012-05-24,CON
14817757,61583400,2012-01-05,PRO
14817757,61722365,2012-11-05,PRO
14817757,13734623,2013-01-04,CON
14817758,13772122,2013-02-20,CON
14817760,62034825,2014-08-08,PRO
14817765,13375020,2012-02-13,CON
14817765,14093325,2013-11-29,CON
14817765,14487768,2014-09-16,CON
14817765,PCT/JP10/03471,2010-05-24,NST
14817769,61378648,2010-08-31,PRO
14817769,13222463,2011-08-31,CON
14817772,62033916,2014-08-06,PRO
14817774,12997419,2011-01-18,DIV
14817774,PCT/US2009/046999,2009-06-11,NST
14817776,13207974,2011-08-11,CON
14817776,14308050,2014-06-18,CON
14817781,13122619,2011-04-05,CON
14817781,PCT/JP2009/067283,2009-09-28,NST
14817787,12538379,2009-09-11,CON
14817787,13272736,2011-10-13,DIV
14817787,13800321,2013-03-13,DIV
14817794,60428735,2002-11-25,PRO
14817794,10686608,2003-10-17,CON
14817794,13448268,2012-04-16,CIP
14817805,62037662,2014-08-15,PRO
14817805,62064492,2014-10-16,PRO
14817806,13471907,2012-05-15,CON
14817810,PCT/NL2014/050067,2014-02-05,CON
14817817,62032926,2014-08-04,PRO
14817817,62160726,2015-05-13,PRO
14817818,12423634,2009-04-14,CON
14817819,61448434,2011-03-02,PRO
14817819,13410670,2012-03-02,DIV
14817820,12638463,2009-12-15,CON
14817820,13925222,2013-06-24,CON
14817821,PCT/JP2014/076992,2014-10-08,CON
14817825,61583626,2012-01-06,PRO
14817825,13734391,2013-01-04,CON
14817827,10514352,2004-11-12,DIV
14817827,12536807,2009-08-06,CON
14817827,13939494,2013-07-11,CON
14817827,14183712,2014-02-19,CON
14817827,PCT/EP2003/050176,2003-05-16,NST
14817834,10253368,2002-09-24,DIV
14817834,60648051,2005-01-28,PRO
14817834,11077569,2005-03-10,CON
14817834,11343284,2006-01-30,CON
14817834,11965152,2007-12-27,CIP
14817834,12576794,2009-10-09,CON
14817834,13737433,2013-01-09,CON
14817834,14538322,2014-11-11,CON
14817836,61999742,2014-08-05,PRO
14817836,62070141,2014-08-15,PRO
14817836,62071297,2014-09-19,PRO
14817838,12511056,2009-07-28,CIP
14817838,12541772,2009-08-14,CIP
14817838,12778892,2010-05-12,CON
14817838,13922434,2013-06-20,CIP
14817840,62032824,2014-08-04,PRO
14817842,PCT/JP2014/052868,2014-02-07,CON
14817846,14023840,2013-09-11,CON
14817847,62033374,2014-08-05,PRO
14817850,62038488,2014-08-18,PRO
14817855,61508313,2011-07-15,PRO
14817855,13528890,2012-06-21,CON
14817855,14574783,2014-12-18,CON
14817860,61829504,2013-05-31,PRO
14817860,61829519,2013-05-31,PRO
14817860,14287852,2014-05-27,CON
14817862,09510652,2000-02-22,CIP
14817862,11210527,2005-08-23,CON
14817862,11429210,2006-05-08,CON
14817862,13618613,2012-09-14,CON
14817862,14037829,2013-09-26,DIV
14817864,62033219,2014-08-05,PRO
14817864,62082430,2014-11-20,PRO
14817864,62155187,2015-04-30,PRO
14817867,62032914,2014-08-04,PRO
14817868,13858125,2013-04-08,CON
14817869,61568905,2011-12-09,PRO
14817869,13708375,2012-12-07,CON
14817871,61798740,2013-03-15,PRO
14817871,61813942,2013-04-19,PRO
14817871,14213548,2014-03-14,CIP
14817871,14256385,2014-04-18,CIP
14817874,61769713,2013-02-26,PRO
14817874,14190019,2014-02-25,CON
14817875,61979542,2014-04-15,PRO
14817875,14683637,2015-04-10,CON
14817876,13119318,2011-06-30,CON
14817876,14220770,2014-03-20,CON
14817876,PCT/US2009/057001,2009-09-15,NST
14817878,13576075,2012-07-30,CON
14817878,PCT/US2011/000288,2011-02-15,NST
14817885,62032946,2014-08-04,PRO
14817889,14003422,2013-09-05,CON
14817889,PCT/EP2011/053720,2011-03-11,NST
14817890,13922680,2013-06-20,CON
14817892,62032843,2014-08-04,PRO
14817894,PCT/JP2014/056347,2014-03-11,CON
14817896,62032965,2014-08-04,PRO
14817901,60455741,2003-02-28,PRO
14817901,10787906,2004-02-26,DIV
14817901,11841617,2007-08-20,DIV
14817903,62040251,2014-08-21,PRO
14817906,61684316,2012-08-17,PRO
14817906,13793592,2013-03-11,DIV
14817907,60314933,2001-08-24,PRO
14817907,10226978,2002-08-23,CIP
14817907,10977786,2004-10-29,CIP
14817907,11810418,2007-06-05,CIP
14817907,13115101,2011-05-24,CON
14817910,13508659,2012-05-08,DIV
14817910,PCT/US2010/055991,2010-11-09,NST
14817915,14040182,2013-09-27,CON
14817915,14510577,2014-10-09,CON
14817920,61710240,2012-10-05,PRO
14817920,61857964,2013-07-24,PRO
14817920,14047905,2013-10-07,CIP
14817920,62032817,2014-08-04,PRO
14817920,62100435,2015-01-06,PRO
14817921,14560350,2014-12-04,CON
14817925,62041381,2014-08-25,PRO
14817927,PCT/EP2014/050823,2014-01-16,CON
14817930,62032873,2014-08-04,PRO
14817931,62032731,2014-08-04,PRO
14817932,14006043,2013-09-18,CON
14817932,PCT/KR2012/001965,2012-03-19,NST
14817933,61644384,2012-05-08,PRO
14817933,13888648,2013-05-07,CON
14817935,13176223,2011-07-05,CON
14817935,14071120,2013-11-04,CON
14817938,62032722,2014-08-04,PRO
14817938,62037247,2014-08-14,PRO
14817941,61392587,2010-10-13,PRO
14817941,13237531,2011-09-20,CON
14817941,14292182,2014-05-30,CON
14817943,13322794,2011-11-28,DIV
14817943,PCT/KR2009/008011,2009-12-31,NST
14817944,62032857,2014-08-04,PRO
14817946,62034830,2014-08-08,PRO
14817947,13601786,2012-08-31,CON
14817949,61335568,2010-01-08,PRO
14817949,12985883,2011-01-06,DIV
14817949,13460545,2012-04-30,DIV
14817954,13060477,2011-02-24,CON
14817954,13787233,2013-03-06,CON
14817954,PCT/US2009/004851,2009-08-26,NST
14817959,62033038,2014-08-04,PRO
14817959,62086634,2014-12-02,PRO
14817962,61331103,2010-05-04,PRO
14817962,13106640,2011-05-12,CON
14817965,12224214,2008-10-03,CON
14817965,PCT/GB2007/000567,2007-02-20,NST
14817966,62036547,2014-08-12,PRO
14817973,62032796,2014-08-04,PRO
14817974,62033468,2014-08-05,PRO
14817975,13322794,2011-11-28,DIV
14817975,PCT/KR2009/008011,2009-12-31,NST
14817976,61588451,2012-01-19,PRO
14817976,13745129,2013-01-18,CON
14817977,60743929,2006-03-29,PRO
14817977,60889646,2007-02-13,PRO
14817977,11692769,2007-03-28,DIV
14817979,61871535,2013-08-29,PRO
14817979,14473995,2014-08-29,CIP
14817983,13484939,2012-05-31,CON
14817984,14358155,2014-05-14,DIV
14817984,PCT/IB2012/002504,2012-11-14,NST
14817985,62033321,2014-08-05,PRO
14817985,62112854,2015-02-06,PRO
14817986,10588131,2007-04-16,DIV
14817986,11980221,2007-10-30,DIV
14817988,61110118,2008-10-31,PRO
14817988,12610284,2009-10-31,CON
14817988,13630285,2012-09-28,CON
14817988,14315388,2014-06-26,CON
14817989,62033364,2014-08-05,PRO
14817989,62069511,2014-10-28,PRO
14817990,62032936,2014-08-04,PRO
14817992,13877498,2013-04-03,DIV
14817992,PCT/KR2011/009978,2011-12-22,NST
14817993,62039115,2014-08-19,PRO
14817996,60493041,2003-08-05,PRO
14817996,60496320,2003-08-18,PRO
14817996,10910910,2004-08-03,DIV
14817996,13211054,2011-08-16,DIV
14817996,14295233,2014-06-03,DIV
14817998,61489796,2011-05-25,PRO
14817998,13477669,2012-05-22,CON
14817998,14542263,2014-11-14,CON
14818002,62032921,2014-08-04,PRO
14818005,61499875,2011-06-22,PRO
14818005,13530516,2012-06-22,DIV
14818011,61467869,2011-03-25,PRO
14818011,13430486,2012-03-26,DIV
14818011,14181387,2014-02-14,CIP
14818012,12535170,2009-08-04,CON
14818013,62032830,2014-08-04,PRO
14818014,62033389,2014-08-05,PRO
14818015,62038019,2014-08-15,PRO
14818016,PCT/CN2013/083940,2013-09-22,CON
14818019,09771095,2001-01-26,CON
14818019,13095331,2011-04-27,CON
14818019,14156560,2014-01-16,CON
14818022,13523787,2012-06-14,CON
14818023,62032816,2014-08-04,PRO
14818026,61092110,2008-08-27,PRO
14818026,12548676,2009-08-27,DIV
14818026,13644859,2012-10-04,CON
14818026,14080483,2013-11-14,CON
14818026,14555123,2014-11-26,CON
14818027,62032907,2014-08-04,PRO
14818028,62038003,2014-08-15,PRO
14818029,12453498,2009-05-13,CON
14818029,14705668,2015-05-06,CON
14818031,13520092,2012-08-20,CON
14818031,PCT/JP2012/063565,2012-05-25,NST
14818032,13152951,2011-06-03,DIV
14818035,62033558,2014-08-05,PRO
14818039,14070624,2013-11-04,DIV
14818040,62033575,2014-08-05,PRO
14818043,12659441,2010-03-09,CON
14818049,62036296,2014-08-12,PRO
14818050,62035217,2014-08-08,PRO
14818052,61847653,2013-07-18,PRO
14818052,14330070,2014-07-14,CON
14818052,14750055,2015-06-25,CON
14818053,62033013,2014-08-04,PRO
14818054,12364107,2009-02-02,CON
14818057,62033238,2014-08-05,PRO
14818059,61257718,2009-11-03,PRO
14818059,61327497,2010-04-23,PRO
14818059,61366052,2010-07-20,PRO
14818059,12938995,2010-11-03,CIP
14818059,13092530,2011-04-22,CIP
14818059,13931228,2013-06-28,CIP
14818059,PCT/US2011/052371,2011-09-20,CIP
14818059,PCT/US2013/024770,2013-02-05,CIP
14818059,PCT/US2013/024770,2013-02-05,CON
14818060,61950816,2014-03-10,PRO
14818060,14644122,2015-03-10,CIP
14818063,62035142,2014-08-08,PRO
14818065,62034386,2014-08-07,PRO
14818068,62035093,2014-08-08,PRO
14818071,12594195,2009-09-30,CON
14818071,12854020,2010-08-10,CON
14818071,13041189,2011-03-04,CON
14818071,13397588,2012-02-15,CON
14818071,13800668,2013-03-13,CON
14818071,14100997,2013-12-09,CON
14818071,14504343,2014-10-01,CON
14818071,PCT/JP2008/003069,2008-10-28,NST
14818072,13364442,2012-02-02,CON
14818072,13614839,2012-09-13,CON
14818073,13555556,2012-07-23,CON
14818075,62035171,2014-08-08,PRO
14818079,PCT/CN2013/071455,2013-02-06,CON
14818081,61429021,2010-12-31,PRO
14818081,13341929,2011-12-31,CON
14818082,13828154,2013-03-14,CON
14818082,14049082,2013-10-08,CON
14818082,14090949,2013-11-26,CON
14818082,14518423,2014-10-20,CON
14818083,13971704,2013-08-20,CON
14818083,PCT/JP2012/000939,2012-02-13,CON
14818085,62032774,2014-08-04,PRO
14818088,62033024,2014-08-04,PRO
14818088,62038744,2014-08-18,PRO
14818094,14377064,2014-08-06,CON
14818094,PCT/EP2013/052372,2013-02-07,NST
14818095,13790617,2013-03-08,CON
14818096,12989017,2010-12-29,CON
14818096,13743707,2013-01-17,CON
14818096,14457924,2014-08-12,CON
14818096,PCT/EP2009/002422,2009-04-02,NST
14818100,13485459,2012-05-31,CON
14818101,61514231,2011-08-02,PRO
14818101,13554342,2012-07-20,CON
14818101,14603730,2015-01-23,CON
14818101,14701958,2015-05-01,CON
14818102,61228935,2009-07-27,PRO
14818102,12840673,2010-07-21,CON
14818104,13727323,2012-12-26,DIV
14818105,13836190,2013-03-15,CON
14818107,62033593,2014-08-05,PRO
14818109,61811603,2013-04-12,PRO
14818109,61828935,2013-05-30,PRO
14818109,61829028,2013-05-30,PRO
14818109,14251259,2014-04-11,CIP
14818109,62034443,2014-08-07,PRO
14818110,12764003,2010-04-20,CON
14818110,14160255,2014-01-21,CON
14818113,61514231,2011-08-02,PRO
14818113,13554342,2012-07-20,CON
14818113,14603730,2015-01-23,CON
14818113,14701958,2015-05-01,CON
14818116,13824949,2013-06-18,DIV
14818116,PCT/GB2012/000426,2012-05-14,NST
14818118,60887667,2007-02-01,PRO
14818118,12023547,2008-01-31,CON
14818118,12905320,2010-10-15,CON
14818118,14551961,2014-11-24,CON
14818119,62033515,2014-08-05,PRO
14818123,61139875,2008-12-22,PRO
14818123,12641465,2009-12-18,CON
14818123,13916402,2013-06-12,CON
14818124,13788986,2013-03-07,CON
14818128,12916086,2010-10-29,DIV
14818128,14533366,2014-11-05,CON
14818129,13892519,2013-05-13,CIP
14818130,13884770,2013-05-10,DIV
14818130,PCT/JP2011/076034,2011-11-11,NST
14818134,62039217,2014-08-19,PRO
14818134,62040864,2014-08-22,PRO
14818134,62065519,2014-10-17,PRO
14818134,62083066,2014-11-21,PRO
14818134,62086617,2014-12-02,PRO
14818136,61591590,2012-01-27,PRO
14818136,61710544,2012-10-05,PRO
14818136,13752046,2013-01-28,CON
14818137,61847564,2013-07-18,PRO
14818137,14325391,2014-07-08,CIP
14818141,62034087,2014-08-06,PRO
14818144,62033018,2014-08-04,PRO
14818145,14027187,2013-09-14,CON
14818149,61358606,2010-06-25,PRO
14818149,13067777,2011-06-24,CIP
14818149,13507386,2012-06-25,CON
14818150,62035302,2014-08-08,PRO
14818150,62039876,2014-08-20,PRO
14818150,62055409,2014-09-25,PRO
14818151,62034672,2014-08-07,PRO
14818152,13884770,2013-05-10,DIV
14818152,PCT/JP2011/076034,2011-11-11,NST
14818154,62033568,2014-08-05,PRO
14818156,PCT/JP2014/000803,2014-02-17,CON
14818161,61313048,2010-03-11,PRO
14818161,61328994,2010-04-28,PRO
14818161,12939874,2010-11-04,CON
14818162,13310431,2011-12-02,DIV
14818162,PCT/GB2010/051122,2010-07-07,CIP
14818162,PCT/GB2011/050019,2011-01-07,CIP
14818163,12065884,2008-09-03,DIV
14818163,12880007,2010-09-10,CON
14818163,PCT/SE2006/001019,2006-10-05,NST
14818166,11719737,2010-03-01,DIV
14818166,13612559,2012-09-12,DIV
14818166,PCT/US2005/042262,2005-11-18,NST
14818171,60572951,2004-05-21,PRO
14818171,10938373,2004-09-10,CON
14818171,12543983,2009-08-19,CON
14818171,12615824,2009-11-10,CON
14818171,13797948,2013-03-12,CON
14818171,14225580,2014-03-26,CON
14818173,12757911,2010-04-09,DIV
14818173,14025487,2013-09-12,CON
14818175,62032875,2014-08-04,PRO
14818184,11524745,2006-09-21,DIV
14818184,13350178,2012-01-13,CON
14818184,14107526,2013-12-16,CON
14818188,62071953,2014-08-04,PRO
14818193,61023326,2008-01-24,PRO
14818193,12247389,2008-10-08,DIV
14818195,13411539,2012-03-03,DIV
14818195,14270046,2014-05-05,DIV
14818196,61780747,2013-03-13,PRO
14818196,14209825,2014-03-13,CON
14818198,11020825,2004-12-22,CON
14818198,12146092,2008-06-25,CON
14818198,13041696,2011-03-07,CON
14818198,13845851,2013-03-18,CON
14818198,14499948,2014-09-29,CON
14818199,13711520,2012-12-11,CON
14818199,PCT/IB2011/001330,2011-06-10,CON
14818200,62033072,2014-08-04,PRO
14818200,62046754,2014-09-05,PRO
14818203,62032951,2014-08-04,PRO
14818203,62042902,2014-08-28,PRO
14818211,14607909,2015-01-28,CON
14818212,61023713,2008-01-25,PRO
14818212,61114758,2008-11-14,PRO
14818212,12357006,2009-01-21,CON
14818212,13651894,2012-10-15,CON
14818215,10964871,2004-10-13,CON
14818215,12547860,2009-08-26,CON
14818215,13491484,2012-06-07,CON
14818215,14071146,2013-11-04,CON
14818216,61317586,2010-03-25,PRO
14818216,13071405,2011-03-24,CON
14818218,12240892,2008-09-29,CON
14818218,13196454,2011-08-02,CON
14818218,14079308,2013-11-13,CON
14818219,62033525,2014-08-05,PRO
14818220,61314003,2010-03-15,PRO
14818220,13048807,2011-03-15,CON
14818220,14173754,2014-02-05,CON
14818225,61971032,2014-03-27,PRO
14818225,14325911,2014-07-08,CON
14818227,62032703,2014-08-04,PRO
14818229,62032772,2014-08-04,PRO
14818230,PCT/IB2014/000208,2014-02-03,CON
14818236,14358025,2014-05-13,CON
14818236,PCT/IN2012/000743,2012-11-12,NST
14818238,62033103,2014-08-04,PRO
14818238,62059827,2014-10-03,PRO
14818240,13816585,2013-04-11,CON
14818240,PCT/EP2011/004146,2011-08-17,NST
14818241,61615808,2012-03-26,PRO
14818241,61703198,2012-09-19,PRO
14818241,13843440,2013-03-15,CON
14818243,13394268,2012-03-05,DIV
14818243,PCT/JP2010/064056,2010-08-20,NST
14818244,12846819,2010-07-29,CON
14818248,PCT/JP2013/073088,2013-08-29,CON
14818257,61025000,2008-01-31,PRO
14818257,12364158,2009-02-02,CON
14818257,13736819,2013-01-08,CON
14818257,14229786,2014-03-28,CON
14818259,61999660,2014-08-04,PRO
14818259,61999659,2014-08-04,PRO
14818261,13577257,2012-10-14,CON
14818265,PCT/KR2014/003653,2014-04-25,CON
14818266,62032721,2014-08-04,PRO
14818268,60993096,2007-09-07,PRO
14818268,11981837,2007-10-31,CIP
14818268,11981646,2007-10-31,CIP
14818268,11981646,2007-10-31,CON
14818268,61065297,2008-02-07,PRO
14818268,12072692,2008-02-27,CIP
14818268,12042913,2008-03-05,CIP
14818268,12079769,2008-03-27,CIP
14818268,61131386,2008-06-06,PRO
14818268,12144194,2008-06-23,CIP
14818268,12220916,2008-07-29,CIP
14818268,12221058,2008-07-30,CIP
14818268,12466091,2009-05-14,CIP
14818268,12833143,2010-07-09,CON
14818272,13321546,2011-11-19,CON
14818272,PCT/US2010/035663,2010-05-20,NST
14818277,13894839,2013-05-15,CON
14818278,11473543,2006-06-22,CON
14818278,12572037,2009-10-01,CON
14818278,14066613,2013-10-29,CON
14818281,62032788,2014-08-04,PRO
14818282,61447673,2011-02-28,PRO
14818282,13407751,2012-02-28,DIV
14818283,61405496,2010-10-21,PRO
14818283,13276816,2011-10-19,CON
14818283,14340212,2014-07-24,CON
14818286,62032646,2014-08-04,PRO
14818286,62037126,2014-08-14,PRO
14818293,12164109,2008-06-30,DIV
14818296,61935534,2014-02-04,PRO
14818296,14613666,2015-02-04,CIP
14818300,12127544,2008-05-27,DIV
14818300,13735512,2013-01-07,DIV
14818301,PCT/CN2014/071568,2014-01-27,CIP
14818304,12898662,2010-10-05,CON
14818306,62036098,2014-08-11,PRO
14818310,PCT/JP2014/052528,2014-02-04,CON
14818312,62034178,2014-08-07,PRO
14818319,62035123,2014-08-08,PRO
14818319,14580130,2014-12-22,CON
14818324,61656021,2012-06-06,PRO
14818324,61667982,2012-07-04,PRO
14818324,13727463,2012-12-26,CON
14818326,11623956,2007-01-17,CON
14818326,14318683,2014-06-29,CON
14818331,PCT/CN2013/001430,2013-11-22,CON
14818332,PCT/CN2013/001644,2013-12-25,CON
14818333,PCT/CN2013/001488,2013-12-02,CON
14818335,14198198,2014-03-05,CON
14818335,14552559,2014-11-25,CON
14818339,13379741,2012-01-31,CON
14818339,PCT/IB2010/052852,2010-06-23,NST
14818349,61946348,2014-02-28,PRO
14818349,14492866,2014-09-22,CIP
14818359,14455109,2014-08-08,CIP
14818362,PCT/JP2014/052662,2014-02-05,CIP
14818366,13015708,2011-01-28,DIV
14818369,13343738,2012-01-05,CON
14818369,PCT/JP2010/060955,2010-06-28,CON
14818370,62033358,2014-08-05,CON
14818371,13187822,2011-07-21,CON
14818373,61316844,2010-03-24,PRO
14818373,13050515,2011-03-17,CIP
14818373,13214588,2011-08-22,CIP
14818373,13279673,2011-10-24,CIP
14818373,13482473,2012-05-29,CON
14818373,14272081,2014-05-07,CIP
14818373,62034010,2014-08-06,CON
14818374,62036194,2014-08-12,PRO
14818375,12075655,2008-03-13,CON
14818375,61057106,2008-05-29,PRO
14818375,12475122,2009-05-29,CIP
14818375,12967253,2010-12-14,CON
14818375,13175192,2011-07-01,CON
14818375,14193068,2014-02-28,CON
14818375,14194969,2014-03-03,CON
14818375,14267187,2014-05-01,CIP
14818380,62035100,2014-08-08,PRO
14818385,62041235,2014-08-25,PRO
14818387,62036308,2014-08-12,PRO
14818389,62033970,2014-08-06,PRO
14818392,13362747,2012-01-31,CON
14818394,12545115,2009-08-21,DIV
14818397,62030457,2014-07-29,PRO
14818401,62036355,2014-08-12,PRO
14818402,62033233,2014-08-05,PRO
14818404,61345256,2010-05-17,PRO
14818404,PCT/US11/36736,2011-05-17,NST
14818404,13697621,2013-02-26,DIV
14818408,62033160,2014-08-05,PRO
14818411,14488429,2014-09-17,CON
14818412,13139201,2011-06-10,CON
14818412,PCT/JP09/06768,2009-12-10,NST
14818413,62033387,2014-08-05,PRO
14818414,62033140,2014-08-05,PRO
14818416,62033162,2014-08-05,PRO
14818416,62034343,2014-08-07,PRO
14818416,62063424,2014-10-14,PRO
14818417,62033975,2014-08-06,PRO
14818417,62094381,2014-12-19,PRO
14818417,62141905,2015-04-02,PRO
14818427,61911627,2013-12-04,PRO
14818427,61949613,2014-03-07,PRO
14818427,14560723,2014-12-04,DIV
14818430,12613368,2009-11-05,CON
14818431,62034399,2014-08-07,PRO
14818432,62033194,2014-08-05,PRO
14818434,13585039,2012-08-14,DIV
14818435,13858681,2013-04-08,DIV
14818436,13916111,2013-06-12,CON
14818438,62033844,2014-08-06,PRO
14818439,62035374,2014-08-08,PRO
14818440,62033395,2014-08-05,PRO
14818443,62038273,2014-08-17,PRO
14818445,12250880,2008-10-14,CON
14818445,13722786,2012-12-20,CON
14818447,61911627,2013-12-04,PRO
14818447,61949613,2014-03-07,PRO
14818447,14560723,2014-12-04,DIV
14818451,61911627,2013-12-04,PRO
14818451,61949613,2014-03-07,PRO
14818451,14560723,2014-12-04,DIV
14818455,61722769,2012-11-05,PRO
14818455,61723645,2012-11-07,PRO
14818455,61829409,2013-05-31,PRO
14818455,14069057,2013-10-31,DIV
14818458,61213128,2009-05-08,PRO
14818458,12776179,2010-05-07,REI
14818459,12250880,2008-10-14,CON
14818459,13722786,2012-12-20,CON
14818463,PCT/US2013/027945,2013-02-27,CON
14818473,14135751,2013-12-20,CON
14818473,14612398,2015-02-03,CIP
14818475,12250880,2008-10-14,CON
14818475,13722786,2012-12-20,CON
14818477,61999735,2014-08-05,PRO
14818478,13662791,2012-10-29,DIV
14818478,14263344,2014-04-28,CON
14818479,62033685,2014-08-06,PRO
14818486,13606871,2012-09-07,CON
14818489,61683737,2012-08-16,PRO
14818489,13967771,2013-08-15,DIV
14818491,13827233,2013-03-14,DIV
14818492,PCT/EP2014/000301,2014-02-05,CON
14818499,14176345,2014-02-10,CON
14818501,61451619,2011-03-11,PRO
14818501,61451635,2011-03-11,PRO
14818501,13417588,2012-03-12,DIV
14818505,11507658,2006-08-22,CIP
14818505,11808380,2007-06-08,DIV
14818505,13086193,2011-04-13,CON
14818505,13672334,2012-11-08,CON
14818505,14543395,2014-11-17,CON
14818506,62033549,2014-08-05,PRO
14818507,61756086,2013-01-24,PRO
14818507,14157718,2014-01-17,CON
14818507,14311767,2014-06-23,CON
14818508,13729647,2012-12-28,CON
14818509,61848295,2012-12-31,PRO
14818509,14135974,2013-12-20,CON
14818510,62033557,2014-08-05,PRO
14818511,61925318,2014-01-09,PRO
14818511,62033567,2014-08-05,PRO
14818511,14593607,2015-01-09,CIP
14818514,PCT/EP2014/051311,2014-01-23,CON
14818515,62033291,2014-08-05,PRO
14818517,62038918,2014-08-19,PRO
14818518,14362240,2014-06-02,CON
14818518,PCT/JP2012/082436,2012-12-07,NST
14818525,62034161,2014-08-07,PRO
14818528,13927398,2013-06-26,CON
14818531,13931577,2013-06-28,CON
14818534,60838222,2006-08-17,PRO
14818534,PCT/US07/18331,2007-08-17,NST
14818534,12377736,2010-08-25,CON
14818534,13567590,2012-08-06,CON
14818538,13781691,2013-02-28,CON
14818539,13054847,2011-04-08,DIV
14818539,14044285,2013-10-02,DIV
14818539,14283465,2014-05-21,DIV
14818539,14660063,2015-03-17,DIV
14818539,PCT/US2009/051499,2009-07-23,NST
14818540,13066244,2011-04-08,CON
14818540,PCT/GB2009/051334,2009-10-08,CON
14818541,13886871,2013-05-03,CON
14818544,62033249,2014-08-05,PRO
14818551,13894243,2013-05-14,CIP
14818552,10842207,2004-05-10,CON
14818553,61834903,2013-06-14,PRO
14818553,13936425,2013-07-08,CIP
14818553,14320726,2014-07-01,CON
14818554,12736319,2010-09-29,DIV
14818554,PCT/JP2009/056717,2009-03-31,NST
14818558,62033298,2014-08-05,PRO
14818564,14011882,2013-08-28,CON
14818567,14138424,2013-12-23,CON
14818569,13021126,2011-02-04,DIV
14818570,61423634,2010-12-16,PRO
14818570,13328806,2011-12-16,DIV
14818571,61244302,2009-09-21,PRO
14818571,12886770,2010-09-21,CON
14818571,13897924,2013-05-20,CON
14818573,62033798,2014-08-06,PRO
14818573,62055232,2014-09-25,PRO
14818573,62076156,2014-11-06,PRO
14818574,61761926,2013-02-07,PRO
14818574,PCT/US14/15366,2014-02-07,CON
14818578,13733195,2013-01-03,CON
14818578,14074100,2013-11-07,CON
14818581,61670296,2012-07-11,PRO
14818581,13939897,2013-07-11,CON
14818582,11882583,2007-08-02,CIP
14818582,12457112,2009-06-01,CON
14818585,13721960,2012-12-20,CON
14818585,14504643,2014-10-02,CON
14818586,61732589,2012-12-03,PRO
14818586,14093916,2013-12-02,CON
14818587,62033553,2014-08-05,PRO
14818591,62034918,2014-08-08,PRO
14818592,PCT/JP2014/052730,2014-02-06,CON
14818598,13021126,2011-02-04,DIV
14818606,13021126,2011-02-04,DIV
14818610,09609140,2000-06-30,CON
14818610,10803922,2004-03-19,CON
14818610,10990527,2004-11-18,CON
14818610,11730788,2007-04-04,CON
14818610,12563967,2009-09-21,CON
14818610,13162525,2011-06-16,CON
14818610,13736006,2013-01-07,CON
14818610,14104955,2013-12-12,CON
14818610,14284829,2014-05-22,CON
14818610,14536106,2014-11-07,CON
14818611,62035016,2014-08-08,PRO
14818611,62053340,2014-09-22,PRO
14818612,13377348,2011-12-09,CON
14818612,PCT/JP2010/004099,2010-06-18,NST
14818613,13332735,2011-12-21,CON
14818615,13690121,2012-11-30,CON
14818615,14319760,2014-06-30,CON
14818617,62033982,2014-08-06,PRO
14818621,13221517,2011-08-30,DIV
14818622,12975878,2010-12-22,CON
14818622,14053391,2013-10-14,CON
14818622,14493918,2014-09-23,CON
14818623,62036713,2014-08-13,PRO
14818623,62036909,2014-08-13,PRO
14818625,14083698,2013-11-19,CON
14818627,13021126,2011-02-04,DIV
14818629,61930404,2014-01-22,PRO
14818629,62033366,2014-08-05,PRO
14818629,14602313,2015-01-22,CIP
14818630,13825842,2013-05-07,DIV
14818630,14447679,2014-07-31,CON
14818630,PCT/EP2011/066687,2011-09-26,NST
14818632,13705992,2012-12-05,DIV
14818633,11910680,2007-10-04,DIV
14818633,PCT/US2006/016373,2006-04-28,NST
14818634,62034291,2014-08-07,PRO
14818640,PCT/JP2014/052860,2014-02-07,CON
14818641,PCT/EP2013/077269,2013-12-19,CON
14818642,62033392,2014-08-05,PRO
14818643,13021126,2011-02-04,DIV
14818646,13745639,2013-01-18,CIP
14818646,14037249,2013-09-25,CON
14818647,62036709,2014-08-13,PRO
14818647,62036713,2014-08-13,PRO
14818648,61740814,2012-12-21,PRO
14818648,61740831,2012-12-21,PRO
14818648,61740851,2012-12-21,PRO
14818648,61745677,2012-12-24,PRO
14818648,14072231,2013-11-05,CIP
14818648,14095156,2013-12-03,CIP
14818648,14105744,2013-12-13,CIP
14818648,14105934,2013-12-13,CIP
14818648,14136467,2013-12-20,CIP
14818648,61955995,2014-03-20,PRO
14818648,62033284,2014-08-05,PRO
14818648,62033290,2014-08-05,PRO
14818648,14664409,2015-03-20,CIP
14818648,14664424,2015-03-20,CIP
14818654,13630043,2012-09-28,CON
14818661,PCT/IB2014/058595,2014-01-28,CON
14818662,62033599,2014-08-05,PRO
14818670,12976071,2010-12-22,CON
14818671,13991691,2013-06-05,CON
14818671,PCT/EP2011/071825,2011-12-06,NST
14818676,PCT/JP2014/000218,2014-01-17,CON
14818678,61643134,2012-05-04,PRO
14818678,13776339,2013-02-25,CON
14818681,61294387,2010-01-12,PRO
14818681,13005442,2011-01-12,CON
14818687,61799286,2013-03-15,PRO
14818687,14012568,2013-08-28,CON
14818692,61506394,2011-07-11,PRO
14818692,13544206,2012-07-09,DIV
14818693,13021126,2011-02-04,DIV
14818694,PCT/CN2014/083015,2014-07-25,CON
14818698,12422496,2009-04-13,CON
14818698,14031349,2013-09-19,CON
14818698,PCT/US2007/083464,2007-11-02,CON
14818699,13801723,2013-03-13,CON
14818705,PCT/CN2014/079762,2014-06-12,CON
14818709,13795100,2013-03-12,CON
14818715,61999741,2014-08-05,PRO
14818717,13981275,2013-07-23,DIV
14818717,PCT/JP2012/050249,2012-01-10,NST
14818718,PCT/CN2014/084489,2014-08-15,CON
14818721,62033472,2014-08-05,PRO
14818723,13478287,2012-05-23,DIV
14818725,PCT/CN2014/083952,2014-08-08,CON
14818726,62034273,2014-08-07,PRO
14818727,PCT/EP2014/052274,2014-02-05,CON
14818728,61072643,2008-03-31,PRO
14818728,12384110,2009-03-30,DIV
14818729,13590292,2012-08-21,CON
14818730,PCT/CN2014/083518,2014-08-01,CON
14818731,60174865,2000-01-07,PRO
14818731,60224308,2000-08-10,PRO
14818731,09755173,2001-01-08,CON
14818731,10619691,2003-07-16,CON
14818731,12477742,2009-06-03,CON
14818731,12779708,2010-05-13,CON
14818731,13004254,2011-01-11,CON
14818731,14153282,2014-01-13,CON
14818731,14577769,2014-12-19,CON
14818735,14072231,2013-11-05,CIP
14818735,14095156,2013-12-03,CIP
14818735,14105744,2013-12-13,CIP
14818735,14105934,2013-12-13,CIP
14818735,14136467,2013-12-20,CIP
14818735,62033278,2014-08-05,PRO
14818735,62033284,2014-08-05,PRO
14818735,62033290,2014-08-05,PRO
14818735,14664409,2015-03-20,CIP
14818735,14664424,2015-03-20,CIP
14818738,14090481,2013-11-26,CON
14818739,62040457,2014-08-22,PRO
14818742,PCT/CN2014/080710,2014-06-25,CON
14818745,10521902,2005-08-10,CIP
14818745,11901941,2007-09-19,CON
14818745,14510652,2014-10-09,CON
14818745,PCT/AU2003/000914,2003-07-16,NST
14818747,12660268,2010-02-24,CON
14818748,12969446,2010-12-15,CON
14818750,13653368,2012-10-16,CON
14818751,61555863,2011-11-04,PRO
14818751,13667313,2012-11-02,CON
14818757,13573566,2012-09-24,CIP
14818757,13896424,2013-05-17,CON
14818759,61901274,2013-11-07,PRO
14818759,14532877,2014-11-04,DIV
14818762,13657324,2012-10-22,CON
14818763,62035454,2014-08-10,PRO
14818768,13502876,2012-04-19,CON
14818768,14097717,2013-12-05,DIV
14818768,PCT/EP2010/065852,2010-10-21,NST
14818771,12110357,2008-04-28,CON
14818771,13400283,2012-02-20,CON
14818771,13764296,2013-02-11,CON
14818776,13651815,2012-10-15,CON
14818777,62033450,2014-08-05,PRO
14818778,62033679,2014-08-06,PRO
14818779,61483521,2011-05-06,PRO
14818779,13464235,2012-05-04,CON
14818780,61417616,2010-11-29,PRO
14818780,13302262,2011-11-22,DIV
14818780,14638251,2015-03-04,DIV
14818782,61113206,2008-11-10,PRO
14818782,12615506,2009-11-10,DIV
14818787,62033858,2014-08-06,PRO
14818788,11319057,2005-12-28,CON
14818788,12461852,2009-08-26,CON
14818788,13137002,2011-07-14,CON
14818788,PCT/JP2004/016247,2004-11-02,CIP
14818789,60950937,2007-07-20,PRO
14818789,11873918,2007-10-17,CON
14818789,13280047,2011-10-24,CON
14818789,13492027,2012-06-08,CON
14818789,13713709,2012-12-13,CON
14818789,14160119,2014-01-21,CON
14818791,61506394,2011-07-11,PRO
14818791,13544206,2012-07-09,DIV
14818794,62040709,2014-08-22,PRO
14818795,13623548,2012-09-20,DIV
14818796,12527818,2009-08-19,DIV
14818796,13544212,2012-07-09,DIV
14818796,14551675,2014-11-24,DIV
14818796,PCT/JP2008/052710,2008-02-19,NST
14818800,62037363,2014-08-14,PRO
14818801,62041213,2014-08-25,PRO
14818802,14072231,2013-11-05,CIP
14818802,14095156,2013-12-03,CIP
14818802,14105744,2013-12-13,CIP
14818802,14105934,2013-12-13,CIP
14818802,14136467,2013-12-20,CIP
14818802,62033278,2014-08-05,PRO
14818802,62033284,2014-08-05,PRO
14818802,62033290,2014-08-05,PRO
14818802,14664409,2015-03-20,CIP
14818802,14664424,2015-03-20,CIP
14818804,13665040,2012-10-31,CIP
14818804,13837087,2013-03-15,CIP
14818804,61999790,2014-08-05,PRO
14818804,62230122,2015-05-27,PRO
14818806,61389000,2010-10-01,PRO
14818806,61389087,2010-10-01,PRO
14818806,61389117,2010-10-01,PRO
14818806,13223039,2011-08-31,CON
14818808,62033533,2014-08-05,PRO
14818811,PCT/JP2014/052558,2014-02-04,CON
14818812,62033297,2014-08-05,PRO
14818816,62034030,2014-08-06,PRO
14818817,61440757,2011-02-08,PRO
14818817,61554750,2011-11-02,PRO
14818817,PCT/US12/24031,2012-02-06,NST
14818817,13984226,2013-11-21,CON
14818822,13173498,2011-06-30,CIP
14818824,62034104,2014-08-06,PRO
14818825,13194617,2011-07-29,DIV
14818826,PCT/JP2014/053206,2014-02-12,CON
14818827,13444477,2012-04-11,DIV
14818827,14211468,2014-03-14,CON
14818828,62033818,2014-08-06,PRO
14818830,14293515,2014-06-02,CIP
14818833,61761081,2013-02-05,PRO
14818833,13856151,2013-04-03,CON
14818833,PCT/US13/59802,2013-09-13,CON
14818835,62034123,2014-08-06,PRO
14818837,14163017,2014-01-24,CON
14818840,13548750,2012-07-13,CON
14818843,PCT/JP2014/051625,2014-01-27,CON
14818846,12648684,2009-12-29,DIV
14818848,10467082,2004-01-20,CON
14818848,14085017,2013-11-20,CON
14818848,PCT/FR02/00387,2002-02-01,NST
14818852,61015264,2007-12-20,PRO
14818852,12034183,2008-02-20,CIP
14818852,12610577,2009-11-02,CON
14818852,13681445,2012-11-20,CON
14818853,62033735,2014-08-06,PRO
14818854,12631247,2009-12-04,CON
14818854,13569620,2012-08-08,CON
14818854,13936275,2013-07-08,CON
14818855,62034125,2014-08-06,PRO
14818857,62033915,2014-08-06,PRO
14818858,62033803,2014-08-06,PRO
14818859,14067780,2013-10-30,CON
14818861,62034377,2014-08-07,PRO
14818862,PCT/JP2014/052634,2014-02-05,CON
14818863,61990027,2014-05-07,PRO
14818863,14320184,2014-06-30,CON
14818863,14665648,2015-03-23,CON
14818863,PCT/IL2014/050411,2014-05-07,CIP
14818864,61265079,2009-11-30,PRO
14818864,12955240,2010-11-29,DIV
14818864,14597690,2015-01-15,CIP
14818866,PCT/IN11/00583,2011-08-29,NST
14818866,13813459,2013-01-31,CON
14818867,62040650,2014-08-22,PRO
14818867,62040799,2014-08-22,PRO
14818867,62045726,2014-09-04,PRO
14818867,62045730,2014-09-04,PRO
14818868,61015264,2007-12-20,PRO
14818868,12034183,2008-02-20,CON
14818868,13683084,2012-11-21,CON
14818869,13925169,2013-06-24,CON
14818872,13516265,2012-06-15,DIV
14818872,PCT/JP2010/000427,2010-01-26,NST
14818873,14100642,2013-12-09,DIV
14818877,13353644,2012-01-19,DIV
14818877,14534838,2014-11-06,CON
14818881,61545311,2011-10-10,PRO
14818881,13649000,2012-10-10,CIP
14818881,62033315,2014-08-05,PRO
14818885,61155902,2009-02-26,PRO
14818885,12714397,2010-02-26,CON
14818885,13604323,2012-09-05,DIV
14818885,14518143,2014-10-20,DIV
14818886,13777434,2013-02-26,DIV
14818887,62033897,2014-08-06,PRO
14818896,13951150,2013-07-25,DIV
14818900,62035026,2014-08-08,PRO
14818901,12063044,2008-02-06,REI
14818901,PCT/IB06/52745,2006-08-09,NST
14818902,13630297,2012-09-28,DIV
14818906,13722661,2012-12-20,DIV
14818907,PCT/JP2014/052554,2014-02-04,CON
14818909,61351226,2010-06-03,PRO
14818909,13051318,2011-03-18,CON
14818914,13130869,2011-05-24,CON
14818914,PCT/US2009/065923,2009-11-25,NST
14818919,61631942,2012-01-17,PRO
14818919,13744286,2013-01-17,CIP
14818922,13116670,2011-05-26,DIV
14818924,13875651,2013-05-02,CON
14818926,61904989,2013-11-15,PRO
14818926,14157599,2014-01-17,DIV
14818927,PCT/GB2014/050275,2014-01-31,CIP
14818928,61128582,2008-05-23,PRO
14818928,61206550,2009-02-02,PRO
14818928,12470842,2009-05-22,CON
14818928,13546059,2012-07-11,CON
14818928,14193556,2014-02-28,CON
14818930,10506958,2005-05-02,CON
14818930,PCT/GB2003/000613,2003-02-11,NST
14818934,61418448,2010-12-01,PRO
14818934,13308716,2011-12-01,DIV
14818936,13807552,2013-04-08,DIV
14818936,PCT/NL2011/050474,2011-06-30,NST
14818939,PCT/JP2014/054229,2014-02-21,CON
14818943,61503389,2011-06-30,PRO
14818943,13399871,2012-02-17,DIV
14818944,62037631,2014-08-15,PRO
14818945,62035198,2014-08-08,PRO
14818946,13889770,2013-05-08,DIV
14818948,13328831,2011-12-16,CON
14818949,61746315,2012-12-27,PRO
14818949,61805978,2013-03-28,PRO
14818949,61810291,2013-04-10,PRO
14818949,13902215,2013-05-24,CIP
14818949,13902436,2013-05-24,CIP
14818949,61859902,2013-07-30,PRO
14818949,61872028,2013-08-30,PRO
14818949,61887541,2013-10-07,PRO
14818949,14087630,2013-11-22,CON
14818949,14539208,2014-11-12,CON
14818955,13445488,2012-04-12,CON
14818959,62033504,2014-08-05,PRO
14818960,62033410,2014-08-05,PRO
14818960,62107707,2015-01-26,PRO
14818961,PCT/JP2014/055567,2014-03-05,CON
14818963,62034094,2014-08-06,PRO
14818970,62033822,2014-08-06,PRO
14818971,61290731,2009-12-29,PRO
14818971,12981348,2010-12-29,CON
14818971,13645195,2012-10-04,CON
14818972,60341811,2001-12-21,PRO
14818972,60350358,2002-01-24,PRO
14818972,60351360,2002-01-28,PRO
14818972,60359370,2002-02-26,PRO
14818972,60360000,2002-02-28,PRO
14818972,60367500,2002-03-27,PRO
14818972,60370227,2002-04-08,PRO
14818972,60378950,2002-05-10,PRO
14818972,60382617,2002-05-24,PRO
14818972,60383123,2002-05-28,PRO
14818972,60385708,2002-06-05,PRO
14818972,60394625,2002-07-10,PRO
14818972,60398008,2002-07-24,PRO
14818972,60402131,2002-08-09,PRO
14818972,60402708,2002-08-13,PRO
14818972,60411355,2002-09-18,PRO
14818972,60411426,2002-09-18,PRO
14818972,60414984,2002-10-02,PRO
14818972,60417611,2002-10-11,PRO
14818972,60420246,2002-10-23,PRO
14818972,60423623,2002-11-05,PRO
14818972,PCT/US02/40891,2002-12-23,CON
14818972,10775204,2004-02-11,CON
14818972,11429373,2006-05-08,DIV
14818972,11783419,2007-04-09,CON
14818972,12836447,2010-07-14,CON
14818972,13078827,2011-04-01,CON
14818972,13929310,2013-06-27,CON
14818972,14611810,2015-02-02,CON
14818973,62033485,2014-08-05,PRO
14818973,62140292,2015-03-30,PRO
14818974,11040847,2005-01-21,CON
14818974,14187693,2014-02-24,CON
14818975,62033435,2014-08-05,PRO
14818980,62033901,2014-08-06,PRO
14818983,12478280,2009-06-04,CON
14818984,14145897,2013-12-31,DIV
14818985,62033905,2014-08-06,PRO
14818991,13408925,2012-02-29,CON
14818993,13538414,2012-06-29,CON
14818995,13088495,2011-04-18,CON
14818999,14010737,2013-08-27,CON
14819000,12791180,2010-06-01,CON
14819000,PCT/US2008/085124,2008-12-01,CON
14819001,61156990,2009-03-03,PRO
14819001,PCT/US10/25898,2010-03-02,NST
14819001,13147491,2011-09-23,DIV
14819003,61537390,2011-09-21,PRO
14819003,13622649,2012-09-19,CON
14819006,61778241,2013-03-12,PRO
14819006,14158295,2014-01-17,CON
14819007,13685126,2012-11-26,CON
14819008,62034008,2014-08-06,PRO
14819013,61875384,2013-09-09,PRO
14819013,14038258,2013-09-26,CON
14819015,62033959,2014-08-06,PRO
14819016,61880852,2013-09-21,PRO
14819016,61955574,2014-03-19,PRO
14819016,14337183,2014-07-21,CON
14819024,61245529,2009-09-24,PRO
14819024,61295663,2010-01-15,PRO
14819024,12890042,2010-09-24,CON
14819024,13915092,2013-06-11,CON
14819024,14624852,2015-02-18,CON
14819028,61433002,2011-01-14,PRO
14819028,13350097,2012-01-13,DIV
14819029,12224453,2009-02-12,CON
14819029,13352649,2012-01-18,CON
14819029,14585793,2014-12-30,CON
14819029,PCT/IB06/50651,2006-03-02,NST
14819031,61408382,2010-10-29,PRO
14819031,13283021,2011-10-27,DIV
14819033,61716966,2012-10-22,PRO
14819033,13797066,2013-03-12,CON
14819035,61903801,2013-11-13,PRO
14819035,14447152,2014-07-30,CIP
14819035,62034130,2014-08-06,PRO
14819036,12375380,2009-07-01,CON
14819036,PCT/KR2007/003634,2007-07-27,NST
14819037,14232725,2014-01-14,CON
14819037,PCT/JP2011/004378,2011-08-03,NST
14819039,11409851,2006-04-24,CON
14819040,61490826,2011-05-27,PRO
14819040,13481843,2012-05-27,CON
14819041,PCT/CN2013/087432,2013-11-19,CON
14819043,62033497,2014-08-05,PRO
14819044,PCT/JP2014/083161,2014-12-15,CON
14819045,10147299,2002-05-17,DIV
14819045,11005565,2004-12-07,DIV
14819045,11332464,2006-01-17,DIV
14819045,12728177,2010-03-19,DIV
14819045,13078879,2011-04-01,DIV
14819045,13216214,2011-08-23,DIV
14819045,13359354,2012-01-26,DIV
14819045,13525157,2012-06-15,DIV
14819045,13869660,2013-04-24,DIV
14819045,14281580,2014-05-19,DIV
14819048,13768823,2013-02-15,DIV
14819050,13976102,2013-06-26,DIV
14819050,PCT/US2011/066049,2011-12-20,NST
14819051,62034015,2014-08-06,PRO
14819054,62033498,2014-08-05,PRO
14819056,62033888,2014-08-06,PRO
14819058,61650339,2012-05-22,PRO
14819058,13899251,2013-05-21,CON
14819059,62034992,2014-08-08,PRO
14819060,PCT/JP2014/052748,2014-02-06,CON
14819061,PCT/JP2014/052634,2014-02-05,CON
14819064,14201621,2014-03-07,DIV
14819069,62033432,2014-08-05,PRO
14819071,62033347,2014-08-05,PRO
14819074,13651878,2012-10-15,DIV
14819075,61344289,2010-06-24,PRO
14819075,13162010,2011-06-16,CON
14819077,62035168,2014-08-08,PRO
14819081,13844917,2013-03-16,DIV
14819086,11072099,2005-03-04,CON
14819086,11935951,2007-11-06,CIP
14819086,14585389,2014-12-30,CIP
14819087,62033826,2014-08-06,PRO
14819090,13562603,2012-07-31,CON
14819091,62033265,2014-08-05,PRO
14819094,12770226,2010-04-29,CON
14819095,60898674,2007-02-01,PRO
14819095,PCT/US08/52863,2008-02-01,NST
14819095,12525652,2009-08-03,CON
14819095,13848249,2013-03-21,CON
14819096,12920399,2010-11-29,DIV
14819096,PCT/EP2009/052918,2009-03-12,NST
14819097,62040684,2014-08-22,PRO
14819098,60263044,2001-01-19,PRO
14819098,09766519,2001-01-19,CIP
14819098,09838993,2001-04-20,CIP
14819098,10051406,2002-01-18,DIV
14819098,11680407,2007-02-28,CON
14819098,13842143,2013-03-15,CON
14819099,13791352,2013-03-08,CON
14819100,PCT/JP2014/053137,2014-02-12,CON
14819101,61548390,2011-10-18,PRO
14819101,13655392,2012-10-18,CON
14819102,61188000,2009-06-17,PRO
14819102,12692134,2010-01-22,CON
14819106,09082558,1998-05-21,CIP
14819106,09161092,1998-09-25,CIP
14819106,60151564,1999-08-31,PRO
14819106,09583350,2000-05-31,REI
14819107,60263044,2001-01-19,PRO
14819107,09766519,2001-01-19,CIP
14819107,09838993,2001-04-20,CIP
14819107,10051406,2002-01-18,DIV
14819107,11680407,2007-02-28,CON
14819107,13842478,2013-03-15,CON
14819109,PCT/JP2014/054987,2014-02-21,CON
14819110,13358389,2012-01-25,CON
14819110,14295110,2014-06-03,CON
14819111,13351492,2012-01-17,CON
14819113,61542914,2011-10-04,PRO
14819113,13612116,2012-09-12,CON
14819113,14480139,2014-09-08,CON
14819115,12783248,2010-05-19,CON
14819117,61349774,2010-05-28,PRO
14819117,61374992,2010-08-18,PRO
14819117,61414393,2010-11-16,PRO
14819117,61428192,2010-12-29,PRO
14819117,13118369,2011-05-27,CON
14819117,13650018,2012-10-11,CON
14819119,61029094,2008-02-15,PRO
14819119,12370407,2009-02-12,CON
14819119,13752438,2013-01-29,CIP
14819121,12810564,2010-06-25,CON
14819121,13903214,2013-05-28,CON
14819121,PCT/JP2008/073864,2008-12-26,NST
14819123,62035874,2014-08-11,PRO
14819125,62033498,2014-08-05,PRO
14819126,14001305,2013-08-23,CON
14819126,PCT/JP12/54858,2012-02-28,NST
14819127,14104668,2013-12-12,CON
14819129,13683690,2012-11-21,DIV
14819134,13901318,2013-05-23,CON
14819136,14348861,2014-03-31,CON
14819136,PCT/KR2012/007966,2012-09-28,NST
14819138,62034777,2014-08-08,PRO
14819139,62038623,2014-08-18,PRO
14819141,60443505,2003-01-28,PRO
14819141,10767548,2004-01-28,CON
14819141,12017467,2008-01-22,CON
14819141,14042246,2013-09-30,CON
14819142,62033408,2014-08-05,PRO
14819146,62033294,2014-08-05,PRO
14819146,62033307,2014-08-05,PRO
14819146,62041595,2014-08-25,PRO
14819146,62046113,2014-09-04,PRO
14819146,62063808,2014-10-14,PRO
14819146,62076534,2014-11-07,PRO
14819146,62089089,2014-12-08,PRO
14819146,62100808,2015-01-07,PRO
14819149,PCT/JP2014/055488,2014-03-04,CON
14819154,62033498,2014-08-05,PRO
14819157,60911809,2007-04-13,PRO
14819157,60947984,2007-07-04,PRO
14819157,12042980,2008-03-05,CON
14819157,12691615,2010-01-21,CON
14819157,13239234,2011-09-21,REI
14819160,12716740,2010-03-03,CON
14819161,12604806,2009-10-23,CON
14819161,13443507,2012-04-10,CON
14819163,62033540,2014-08-05,PRO
14819169,62033969,2014-08-06,PRO
14819171,14158089,2014-01-17,CIP
14819172,61406059,2010-10-22,PRO
14819172,61433370,2011-01-17,PRO
14819172,13023424,2011-02-08,CON
14819176,61733856,2012-12-05,PRO
14819176,61768996,2013-02-25,PRO
14819176,14098387,2013-12-05,CON
14819177,PCT/US2015/024023,2015-04-02,CON
14819178,62035286,2014-08-08,PRO
14819187,PCT/CN2013/071450,2013-02-06,CON
14819189,13409756,2012-03-01,CON
14819189,14276742,2014-05-13,CON
14819191,62035324,2014-08-08,PRO
14819194,11064824,2005-02-25,CON
14819194,14307115,2014-06-17,CIP
14819200,13527475,2012-06-19,CON
14819204,62033604,2014-08-05,PRO
14819212,12296268,2009-09-22,CON
14819212,PCT/US2007/008738,2007-04-06,NST
14819216,12586543,2009-09-24,REI
14819219,62033293,2014-08-05,PRO
14819221,13249157,2011-09-29,CON
14819221,14158401,2014-01-17,CON
14819224,62033881,2014-08-06,PRO
14819225,62033138,2014-08-05,PRO
14819227,11282028,2005-11-17,CON
14819227,12839271,2010-07-19,CON
14819227,13428770,2012-03-23,CON
14819227,13651705,2012-10-15,CON
14819227,14309144,2014-06-19,CON
14819227,14593184,2015-01-09,CON
14819228,13840185,2013-03-15,DIV
14819229,62033508,2014-08-05,PRO
14819231,13747952,2013-01-23,DIV
14819231,PCT/US2011/045107,2011-07-22,CON
14819237,13309248,2011-12-01,CIP
14819237,13324232,2011-12-13,CIP
14819237,13340143,2011-12-29,CIP
14819237,13356419,2012-01-23,CIP
14819237,13362823,2012-01-31,CIP
14819237,13397289,2012-02-15,CIP
14819237,13407570,2012-02-28,CIP
14819237,13425210,2012-03-20,CIP
14819237,13434475,2012-03-29,CIP
14819239,61833318,2013-06-10,PRO
14819239,14299187,2014-06-09,CON
14819240,62033535,2014-08-05,PRO
14819241,PCT/CN2013/071747,2013-02-21,CON
14819245,62034025,2014-08-06,PRO
14819245,62054809,2014-09-24,PRO
14819245,62075604,2014-11-05,PRO
14819249,62034937,2014-08-08,PRO
14819252,14267136,2014-05-01,DIV
14819254,62033620,2014-08-05,PRO
14819255,14015086,2013-08-30,CON
14819256,62035269,2014-08-08,PRO
14819257,61484616,2011-05-10,PRO
14819257,13286053,2011-10-31,CIP
14819257,14170378,2014-01-31,CON
14819257,14686958,2015-04-15,CON
14819258,60898939,2007-01-31,PRO
14819258,12012136,2008-01-30,CIP
14819262,14224124,2014-03-25,CON
14819265,13661934,2012-10-26,CON
14819267,13367290,2012-02-06,DIV
14819268,62033323,2014-08-05,PRO
14819269,62033499,2014-08-05,PRO
14819271,62035113,2014-08-08,PRO
14819272,61800887,2013-03-15,PRO
14819272,13968213,2013-08-15,CON
14819272,13968265,2013-08-15,CON
14819272,14264445,2014-04-29,CON
14819273,61934530,2014-01-31,PRO
14819273,62039856,2014-08-20,PRO
14819273,14610770,2015-01-30,CIP
14819276,62033569,2014-08-05,PRO
14819276,62057091,2014-09-29,PRO
14819278,62034086,2014-08-06,PRO
14819284,13069740,2011-03-23,REI
14819286,61433131,2011-01-14,PRO
14819286,13349353,2012-01-12,CON
14819287,13714319,2012-12-13,CON
14819287,13918381,2013-06-14,CON
14819292,13161415,2011-06-15,CON
14819292,14328981,2014-07-11,CON
14819292,14569565,2014-12-12,CON
14819294,62035300,2014-08-08,PRO
14819294,62038754,2014-08-18,PRO
14819295,62033175,2014-08-05,PRO
14819298,61976794,2014-04-08,PRO
14819298,14681843,2015-04-08,CIP
14819302,61382840,2010-09-14,PRO
14819302,PCT/US11/51224,2011-09-12,NST
14819302,13823112,2013-03-14,DIV
14819304,PCT/JP2013/077404,2013-10-08,CON
14819306,62035363,2014-08-08,PRO
14819306,62146935,2015-04-13,PRO
14819307,PCT/US11/36813,2011-05-17,NST
14819307,13257225,2011-09-16,CON
14819311,60591957,2004-07-27,PRO
14819311,PCT/US05/26673,2005-07-27,NST
14819311,11632870,2009-07-16,CON
14819317,62033423,2014-08-05,PRO
14819319,14240712,2014-05-14,DIV
14819319,PCT/US2012/052358,2012-08-24,NST
14819320,13890462,2013-05-09,CON
14819325,61698341,2012-09-07,PRO
14819325,61726464,2012-11-14,PRO
14819325,61784501,2013-03-14,PRO
14819325,14019456,2013-09-05,CON
14819326,62034097,2014-08-06,PRO
14819326,62046942,2014-09-06,PRO
14819328,PCT/JP2014/052634,2014-02-05,CON
14819329,62035299,2014-08-08,PRO
14819330,12886959,2010-09-21,CON
14819330,13934860,2013-07-03,CON
14819334,61011513,2008-01-18,PRO
14819334,61062663,2008-01-28,PRO
14819334,61069859,2008-03-19,PRO
14819334,61070841,2008-03-27,PRO
14819334,61135787,2008-07-24,PRO
14819334,61189467,2008-08-20,PRO
14819334,12355665,2009-01-16,DIV
14819334,13310576,2011-12-02,DIV
14819336,62033934,2014-08-06,PRO
14819341,09592778,2000-06-13,CON
14819341,10378025,2003-02-28,CON
14819341,12315610,2008-12-04,CON
14819341,13369006,2012-02-08,CON
14819341,14173186,2014-02-05,CON
14819349,61186676,2009-06-12,PRO
14819349,61243720,2009-09-18,PRO
14819349,12787064,2010-05-25,REI
14819351,62035971,2014-08-11,PRO
14819351,62061057,2014-10-07,PRO
14819351,62194697,2015-07-20,PRO
14819352,14056777,2013-10-17,CON
14819352,14455711,2014-08-08,CON
14819353,13327448,2011-12-15,CON
14819357,29471475,2013-10-31,CIP
14819358,62033185,2014-08-05,PRO
14819359,62034092,2014-08-06,PRO
14819359,62034109,2014-08-06,PRO
14819361,61888692,2013-10-09,PRO
14819361,14106690,2013-12-13,CON
14819364,13728952,2012-12-27,CON
14819366,14326425,2014-07-08,CON
14819367,13904539,2013-05-29,CON
14819374,13786324,2013-03-05,CON
14819374,14670264,2015-03-26,CON
14819379,62033449,2014-08-05,PRO
14819380,61421882,2010-12-10,PRO
14819380,61475904,2011-04-15,PRO
14819380,13311031,2011-12-05,CIP
14819383,13941219,2013-07-12,CIP
14819383,62089281,2014-12-09,PRO
14819383,62096857,2014-12-25,PRO
14819383,62103063,2015-01-13,PRO
14819383,62142195,2015-04-02,PRO
14819383,62157419,2015-05-05,PRO
14819385,62033416,2014-08-05,PRO
14819385,62033565,2014-08-05,PRO
14819386,62041219,2014-08-25,PRO
14819387,13737929,2013-01-09,CON
14819388,61526684,2011-08-24,PRO
14819388,13592903,2012-08-23,CON
14819390,62033531,2014-08-05,PRO
14819392,61346398,2010-05-19,PRO
14819392,PCT/US11/37071,2011-05-19,NST
14819392,13698664,2012-11-19,DIV
14819394,60246384,2000-11-06,PRO
14819394,09784699,2001-02-14,CON
14819394,11453301,2006-06-13,CON
14819394,13685484,2012-11-26,CON
14819394,14547052,2014-11-18,CON
14819396,62033311,2014-08-05,PRO
14819396,62075607,2014-11-05,PRO
14819396,62138065,2015-03-25,PRO
14819396,62187995,2015-07-02,PRO
14819397,62033311,2014-08-05,PRO
14819397,62075607,2014-11-05,PRO
14819397,62138065,2015-03-25,PRO
14819397,62187995,2015-07-02,PRO
14819398,62033311,2014-08-05,PRO
14819398,62075607,2014-11-05,PRO
14819398,62138065,2015-03-25,PRO
14819398,62187995,2015-07-02,PRO
14819402,62033104,2014-08-05,PRO
14819408,13583596,2012-09-07,CON
14819408,PCT/US2011/028882,2011-03-07,NST
14819413,61989457,2014-05-06,PRO
14819413,14677730,2015-04-02,CIP
14819417,13989761,2013-05-24,DIV
14819417,PCT/US2010/058443,2010-11-30,NST
14819419,62033115,2014-08-05,PRO
14819420,62033614,2014-08-05,PRO
14819426,62034800,2014-08-08,PRO
14819428,13654973,2012-10-18,CON
14819438,62034181,2014-08-07,PRO
14819438,62034192,2014-08-07,PRO
14819438,62034282,2014-08-07,PRO
14819440,62036383,2014-08-12,PRO
14819441,PCT/KR2013/012124,2013-12-24,CON
14819444,14035952,2013-09-25,CON
14819448,13610897,2012-09-12,DIV
14819450,13610897,2012-09-12,DIV
14819458,12665438,2010-07-09,CON
14819458,14555607,2014-11-27,CON
14819458,PCT/EP2007/006017,2007-07-06,NST
14819459,62034180,2014-08-07,PRO
14819460,PCT/CN2013/074762,2013-04-26,CIP
14819466,62034184,2014-08-07,PRO
14819473,61903359,2013-11-12,PRO
14819473,14539814,2014-11-12,CON
14819476,13114803,2011-05-24,CON
14819479,13106927,2011-05-13,CON
14819479,13723990,2012-12-21,CON
14819479,14551143,2014-11-24,CIP
14819482,PCT/JP2014/052716,2014-02-06,CON
14819485,12377611,2009-06-04,DIV
14819485,14455238,2014-08-08,CON
14819485,PCT/DK2007/050106,2007-08-15,NST
14819486,60612778,2004-09-27,PRO
14819486,11234183,2005-09-26,CIP
14819486,11500461,2006-08-08,CON
14819486,13031295,2011-02-21,CON
14819488,13961277,2013-08-07,DIV
14819489,62033718,2014-08-06,PRO
14819492,PCT/JP2014/000075,2014-01-10,CON
14819493,13494340,2012-06-12,CIP
14819495,PCT/JP2014/053372,2014-02-13,CON
14819498,PCT/JP2014/052518,2014-02-04,CON
14819501,62034355,2014-08-07,PRO
14819502,62037811,2014-08-15,PRO
14819506,PCT/GB2014/050270,2014-01-31,CON
14819507,62034958,2014-08-08,PRO
14819509,62037811,2014-08-15,PRO
14819510,PCT/GB2014/050271,2014-01-31,CON
14819512,61834403,2013-06-12,PRO
14819512,14289935,2014-05-29,CIP
14819513,62034250,2014-08-07,PRO
14819514,PCT/GB2014/050272,2014-01-31,CON
14819520,13648170,2012-10-09,DIV
14819521,14226881,2014-03-27,CON
14819524,62033687,2014-08-06,PRO
14819529,62033769,2014-08-06,PRO
14819531,14019518,2013-09-05,CON
14819532,12589668,2009-10-26,DIV
14819536,14066756,2013-10-30,CON
14819541,61723995,2012-11-08,PRO
14819541,14072563,2013-11-05,CON
14819541,14339123,2014-07-23,CON
14819547,62037811,2014-08-15,PRO
14819549,62033994,2014-08-06,PRO
14819550,11131437,2005-05-18,CON
14819550,11733331,2007-04-10,CON
14819550,12706012,2010-02-16,CON
14819550,13490516,2012-06-07,CON
14819550,13875491,2013-05-02,CON
14819550,14197442,2014-03-05,CON
14819550,14460426,2014-08-15,CON
14819551,62034898,2014-08-08,PRO
14819552,13267336,2011-10-06,DIV
14819553,13364670,2012-02-02,DIV
14819554,13831691,2013-03-15,CON
14819555,13540012,2012-07-02,CON
14819556,13582731,2012-12-13,CON
14819556,PCT/JP2011/054861,2011-03-03,NST
14819567,62070175,2014-08-18,PRO
14819570,62039633,2014-08-20,PRO
14819572,PCT/JP2014/059861,2014-04-03,CON
14819573,61554876,2011-11-02,PRO
14819573,13661371,2012-10-26,DIV
14819577,62033825,2014-08-06,PRO
14819578,60779508,2006-03-06,PRO
14819578,60779509,2006-03-06,PRO
14819578,60779564,2006-03-06,PRO
14819578,60779563,2006-03-06,PRO
14819578,60779562,2006-03-06,PRO
14819578,60779561,2006-03-06,PRO
14819578,60779560,2006-03-06,PRO
14819578,60779693,2006-03-06,PRO
14819578,60779887,2006-03-06,PRO
14819578,60779839,2006-03-06,PRO
14819578,60779957,2006-03-06,PRO
14819578,60779757,2006-03-06,PRO
14819578,60779761,2006-03-06,PRO
14819578,60788212,2006-03-31,PRO
14819578,60788210,2006-03-31,PRO
14819578,11713383,2007-03-02,CON
14819583,62033825,2014-08-06,PRO
14819585,62033691,2014-08-06,PRO
14819587,61607119,2012-03-06,PRO
14819587,13787196,2013-03-06,DIV
14819590,61835267,2013-06-14,PRO
14819590,13953767,2013-07-30,CIP
14819590,61986675,2014-04-30,PRO
14819590,14302684,2014-06-12,CON
14819592,14226895,2014-03-27,CON
14819594,11462829,2006-08-07,DIV
14819594,14273596,2014-05-09,CON
14819595,11614809,2006-12-21,CON
14819595,12730566,2010-03-24,CON
14819595,14153163,2014-01-13,CON
14819599,61236969,2009-08-26,PRO
14819599,PCT/US10/38442,2010-06-13,NST
14819599,13387817,2012-01-30,CON
14819600,62033943,2014-08-06,PRO
14819600,62034759,2014-08-07,PRO
14819600,62054340,2014-09-23,PRO
14819600,62065591,2014-10-17,PRO
14819600,62065603,2014-10-17,PRO
14819601,61679467,2012-08-03,PRO
14819601,13791169,2013-03-08,CON
14819603,62037800,2014-08-15,PRO
14819604,13026171,2011-02-11,CON
14819604,14273345,2014-05-08,CON
14819606,60398605,2002-07-26,PRO
14819606,60461838,2003-04-11,PRO
14819606,60470230,2003-05-14,PRO
14819606,10626879,2003-07-25,DIV
14819606,13796606,2013-03-12,DIV
14819610,13965885,2013-08-13,CIP
14819610,14728513,2015-06-02,CIP
14819612,60567325,2004-04-30,PRO
14819612,11118621,2005-04-28,CON
14819612,12611363,2009-11-03,CON
14819612,13645981,2012-10-05,CON
14819612,14528615,2014-10-30,CON
14819613,12143525,2008-06-20,CON
14819615,12351117,2009-01-09,CON
14819615,13466637,2012-05-08,CON
14819617,62033839,2014-08-06,PRO
14819617,62187982,2015-07-02,PRO
14819618,62034901,2014-08-08,PRO
14819620,62040787,2014-08-22,PRO
14819623,62033766,2014-08-06,PRO
14819629,62034236,2014-08-07,PRO
14819633,14226911,2014-03-27,CON
14819634,62040178,2014-08-21,PRO
14819636,13395574,2012-03-12,CON
14819636,PCT/JP2010/072723,2010-12-10,NST
14819637,PCT/EP2014/051837,2014-01-30,CON
14819641,13902741,2013-05-24,DIV
14819642,61557089,2011-11-08,PRO
14819642,13672272,2012-11-08,CON
14819643,PCT/US09/59749,2009-10-06,CON
14819643,13080981,2011-04-06,CON
14819643,14320613,2014-06-30,CON
14819645,62033943,2014-08-06,PRO
14819645,62034759,2014-08-07,PRO
14819645,62054340,2014-09-23,PRO
14819645,62065591,2014-10-17,PRO
14819645,62065603,2014-10-17,PRO
14819646,13561315,2012-07-30,DIV
14819648,62034739,2014-08-07,PRO
14819648,62062749,2014-10-10,PRO
14819648,62143434,2015-04-06,PRO
14819649,62033961,2014-08-06,PRO
14819650,62033746,2014-08-06,PRO
14819651,62036213,2014-08-12,PRO
14819652,13469429,2012-05-11,CON
14819654,14176873,2014-02-10,DIV
14819655,13915034,2013-06-11,DIV
14819659,60887008,2007-01-29,PRO
14819659,11936344,2007-11-07,CIP
14819659,61460372,2010-12-30,PRO
14819659,61464134,2011-02-28,PRO
14819659,13338732,2011-12-28,CIP
14819659,14101028,2013-12-09,CON
14819661,11304863,2005-12-15,CIP
14819661,11304962,2005-12-15,CON
14819661,11694007,2007-03-30,CIP
14819661,11738759,2007-04-23,CIP
14819661,11972240,2008-01-10,CIP
14819661,11972259,2008-01-10,CIP
14819661,12048003,2008-03-13,CIP
14819661,12048021,2008-03-13,CIP
14819661,12125260,2008-05-22,CON
14819661,12125306,2008-05-22,CON
14819661,12125320,2008-05-22,CON
14819661,12697368,2010-02-01,CON
14819661,12795295,2010-06-07,CON
14819661,13164233,2011-06-20,CON
14819661,13169753,2011-06-27,CON
14819661,13329398,2011-12-19,CON
14819661,13584167,2012-08-13,CIP
14819661,13692583,2012-12-03,CIP
14819661,13758041,2013-02-04,CIP
14819661,14145593,2013-12-31,CIP
14819661,14467083,2014-08-25,CIP
14819661,14588317,2014-12-31,CIP
14819663,13990677,2013-05-30,CON
14819663,PCT/JP2012/076520,2012-10-12,NST
14819664,12826021,2010-06-29,CON
14819664,13495432,2012-06-13,CON
14819664,13783672,2013-03-04,CON
14819664,14143542,2013-12-30,CON
14819664,14493748,2014-09-23,CON
14819665,62035130,2014-08-08,PRO
14819666,62034506,2014-08-07,PRO
14819670,61748006,2012-12-31,PRO
14819670,14143306,2013-12-30,CON
14819672,14526916,2014-10-29,CIP
14819676,13304689,2011-11-28,CON
14819678,13925496,2013-06-24,CON
14819682,62035274,2014-08-08,PRO
14819684,62034475,2014-08-07,PRO
14819686,PCT/JP2014/055556,2014-03-05,CON
14819687,PCT/US09/02411,2009-04-17,NST
14819687,13264588,2011-10-14,CON
14819689,12561500,2009-09-17,CON
14819689,13616223,2012-09-14,CON
14819692,61135364,2008-07-18,PRO
14819692,12505183,2009-07-17,CON
14819692,13898449,2013-05-20,CON
14819695,12522417,2010-01-05,CON
14819695,PCT/GB2008/000127,2008-01-15,NST
14819697,13021126,2011-02-04,DIV
14819698,62033943,2014-08-06,PRO
14819698,62034759,2014-08-07,PRO
14819698,62054340,2014-09-23,PRO
14819698,62065591,2014-10-17,PRO
14819698,62065603,2014-10-17,PRO
14819702,62033838,2014-08-06,PRO
14819704,61500873,2011-06-24,PRO
14819704,13528903,2012-06-21,CON
14819704,13836639,2013-03-15,CON
14819704,14548415,2014-11-20,CON
14819705,14526916,2014-10-29,CIP
14819712,61389000,2010-10-01,PRO
14819712,61389087,2010-10-01,PRO
14819712,61389117,2010-10-01,PRO
14819712,12948675,2010-11-17,CON
14819716,12242765,2008-09-30,CON
14819716,13922957,2013-06-20,CON
14819720,14526916,2014-10-29,CIP
14819722,13708324,2012-12-07,CON
14819722,14330145,2014-07-14,DIV
14819726,62034960,2014-08-08,PRO
14819727,14066963,2013-10-30,CON
14819728,61267729,2009-12-08,PRO
14819728,61296851,2010-01-20,PRO
14819728,61330456,2010-05-03,PRO
14819728,12962995,2010-12-08,CON
14819732,13021126,2011-02-04,DIV
14819733,14385803,2014-09-17,DIV
14819733,PCT/JP2013/057820,2013-03-19,NST
14819734,60743290,2006-02-14,PRO
14819734,11674330,2007-02-13,DIV
14819734,13029561,2011-02-17,DIV
14819734,13547544,2012-07-12,DIV
14819734,13952160,2013-07-26,DIV
14819734,14037601,2013-09-26,CON
14819739,62035060,2014-08-08,PRO
14819740,62034042,2014-08-06,PRO
14819741,62034277,2014-08-07,PRO
14819741,62164761,2015-05-21,PRO
14819743,13132578,2011-07-07,CON
14819743,PCT/DE2009/001688,2009-11-27,NST
14819747,62034689,2014-08-07,PRO
14819749,14178648,2014-02-12,DIV
14819754,62033872,2014-08-06,PRO
14819757,13488744,2012-06-05,DIV
14819758,62034014,2014-08-06,PRO
14819758,62042085,2014-08-26,PRO
14819763,13988197,2013-05-17,DIV
14819763,PCT/JP2012/006683,2012-10-18,NST
14819765,14045962,2013-10-04,DIV
14819765,PCT/US2012/058624,2012-10-04,CIP
14819766,61443233,2011-02-15,PRO
14819766,61525818,2011-08-21,PRO
14819766,PCT/US12/25305,2012-02-15,NST
14819766,13985728,2013-09-24,CON
14819768,61695805,2012-08-31,PRO
14819768,14016686,2013-09-03,CON
14819771,62033943,2014-08-06,PRO
14819771,62034759,2014-08-07,PRO
14819771,62054340,2014-09-23,PRO
14819771,62065591,2014-10-17,PRO
14819771,62065603,2014-10-17,PRO
14819772,13226713,2011-09-07,CON
14819772,14278634,2014-05-15,DIV
14819776,62034012,2014-08-06,PRO
14819778,12758529,2010-04-12,CIP
14819778,13048604,2011-03-15,CON
14819780,61148874,2009-01-30,PRO
14819780,12696585,2010-01-29,CON
14819783,PCT/AU2014/000096,2014-02-07,CON
14819785,13021126,2011-02-04,DIV
14819787,14170002,2014-01-31,CIP
14819789,60370024,2002-04-03,PRO
14819789,10407090,2003-04-02,DIV
14819789,13074531,2011-03-29,CON
14819789,13851493,2013-03-27,CON
14819791,62033767,2014-08-06,PRO
14819793,13964637,2013-08-12,CON
14819796,60264351,2001-01-25,PRO
14819796,09950378,2001-09-10,CON
14819796,11969190,2008-01-03,CON
14819796,12952135,2010-11-22,CON
14819796,13854475,2013-04-01,CON
14819798,61448574,2011-03-02,PRO
14819798,13337052,2011-12-24,CON
14819801,12869278,2010-08-26,CON
14819801,13770120,2013-02-19,CON
14819801,14217887,2014-03-18,CON
14819803,14043431,2013-10-01,CON
14819805,61065284,2008-02-11,PRO
14819805,12322625,2009-02-04,CIP
14819805,61280244,2009-11-02,PRO
14819805,12927030,2010-11-05,CON
14819806,61003631,2007-11-19,PRO
14819806,12287189,2008-10-07,CON
14819807,62037138,2014-08-14,PRO
14819810,61527948,2011-08-26,PRO
14819810,13585650,2012-08-14,DIV
14819813,62035000,2014-08-08,PRO
14819815,62035370,2014-08-08,PRO
14819816,61616817,2012-03-28,PRO
14819816,13463689,2012-05-03,CON
14819817,62038437,2014-08-18,PRO
14819817,62038438,2014-08-18,PRO
14819817,62038440,2014-08-18,PRO
14819819,61530646,2011-09-02,PRO
14819819,13465309,2012-05-07,CON
14819821,12516510,2009-07-20,CON
14819821,PCT/GB2007/050730,2007-11-29,NST
14819822,14125748,2013-12-12,DIV
14819822,PCT/US2012/044932,2012-06-29,NST
14819825,14159619,2014-01-21,CON
14819826,14043431,2013-10-01,DIV
14819827,62035370,2014-08-08,PRO
14819830,62037827,2014-08-15,PRO
14819833,13467199,2012-05-09,CON
14819836,14347018,2014-03-25,CON
14819836,PCT/EP2012/068845,2012-09-25,NST
14819840,62033812,2014-08-06,PRO
14819841,13037502,2011-03-01,CON
14819841,13905375,2013-05-30,CON
14819841,14568737,2014-12-12,CON
14819843,62034520,2014-08-07,PRO
14819844,62035656,2014-08-11,PRO
14819847,14354614,2014-04-28,CON
14819847,PCT/US2012/062670,2012-10-31,NST
14819849,13905365,2013-05-30,CIP
14819851,62038437,2014-08-18,PRO
14819851,62038438,2014-08-18,PRO
14819851,62038440,2014-08-18,PRO
14819852,13006258,2011-01-13,CON
14819852,13965374,2013-08-13,CON
14819852,14332847,2014-07-16,CON
14819854,13723521,2012-12-21,CON
14819855,62034296,2014-08-07,PRO
14819859,61564920,2011-11-30,PRO
14819859,PCT/US12/63668,2012-11-06,NST
14819859,14361719,2014-05-30,CON
14819866,14116212,2013-11-07,CON
14819866,PCT/JP2012/055257,2012-03-01,NST
14819870,61720902,2012-10-31,PRO
14819870,14067662,2013-10-30,CON
14819871,62034695,2014-08-07,PRO
14819875,62036361,2014-08-12,PRO
14819877,62034403,2014-08-07,PRO
14819880,13597300,2012-08-29,CON
14819881,62034465,2014-08-07,PRO
14819882,61013517,2007-12-13,PRO
14819882,12333190,2008-12-11,REI
14819884,11736981,2007-04-18,CON
14819887,62034744,2014-08-07,PRO
14819889,62038437,2014-08-18,PRO
14819889,62038438,2014-08-18,PRO
14819889,62038440,2014-08-18,PRO
14819890,PCT/JP2014/053079,2014-02-10,CON
14819893,62035083,2014-08-08,PRO
14819895,62148813,2015-04-17,PRO
14819896,PCT/EP2014/000269,2014-02-03,CON
14819899,13915967,2013-06-12,CON
14819902,14019913,2013-09-06,CON
14819909,61159055,2009-03-10,PRO
14819909,61159059,2009-03-10,PRO
14819909,61159062,2009-03-10,PRO
14819909,12717778,2010-03-04,DIV
14819911,13876356,2013-03-27,CON
14819911,PCT/SE2011/051176,2011-10-03,NST
14819913,13553485,2012-07-19,DIV
14819916,12636139,2009-12-11,CIP
14819916,12954125,2010-11-24,REI
14819917,13406703,2012-02-28,DIV
14819919,12347493,2008-12-31,DIV
14819919,13470670,2012-05-14,DIV
14819919,14101922,2013-12-10,DIV
14819922,62035370,2014-08-08,PRO
14819927,14017379,2013-09-04,DIV
14819929,13049588,2011-03-16,CON
14819929,13760596,2013-02-06,CON
14819937,62033942,2014-08-06,PRO
14819938,62033940,2014-08-06,PRO
14819942,62034032,2014-08-06,PRO
14819945,13303770,2011-11-23,DIV
14819945,13764339,2013-02-11,CON
14819949,14086442,2013-11-21,CIP
14819949,14603636,2015-01-23,CIP
14819950,PCT/US2014/015314,2014-02-07,CON
14819952,14153425,2014-01-13,CON
14819953,62033749,2014-08-06,PRO
14819955,61714502,2012-10-16,PRO
14819955,14055654,2013-10-16,CON
14819958,13508235,2012-05-04,CON
14819958,PCT/BE2010/000075,2010-11-02,NST
14819961,61821518,2013-05-09,PRO
14819961,14274229,2014-05-09,CON
14819962,14255257,2014-04-17,DIV
14819964,13033102,2011-02-23,CIP
14819964,13573566,2012-09-24,CIP
14819964,13896424,2013-05-17,CON
14819965,PCT/EP2014/050733,2014-01-15,CON
14819969,62033921,2014-08-06,PRO
14819972,61258375,2009-11-05,PRO
14819972,12874319,2010-09-02,DIV
14819972,13897480,2013-05-20,DIV
14819976,62033935,2014-08-06,PRO
14819977,62034371,2014-08-07,PRO
14819978,13757977,2013-02-04,CON
14819981,61740039,2012-12-20,PRO
14819981,14108933,2013-12-17,CIP
14819982,13876985,2013-11-07,CON
14819982,PCT/IB2010/054905,2010-10-29,NST
14819983,60409483,2002-09-10,PRO
14819983,60428163,2002-11-21,PRO
14819983,10659762,2003-09-10,CON
14819983,12691721,2010-01-21,CON
14819983,13609522,2012-09-11,CON
14819983,14454829,2014-08-08,CON
14819985,61650558,2012-05-23,PRO
14819985,13792342,2013-03-11,CON
14819987,13699199,2013-02-04,DIV
14819987,PCT/AU2011/000637,2011-05-26,NST
14819988,62035880,2014-08-11,PRO
14819997,13707312,2012-12-06,CON
14819997,14316688,2014-06-26,CON
14819999,14321333,2014-07-01,CIP
14820001,61636923,2012-04-23,PRO
14820001,14157691,2014-01-17,CIP
14820003,PCT/JP2014/051356,2014-01-23,CON
14820006,61976958,2014-04-08,PRO
14820006,62033880,2014-08-06,PRO
14820006,14681725,2015-04-08,CIP
14820008,12511285,2009-07-29,CON
14820008,13013054,2011-01-25,DIV
14820008,13346963,2012-01-10,DIV
14820011,13301943,2011-11-22,DIV
14820013,12040596,2008-02-29,REI
14820013,14219854,2014-03-19,CON
14820016,62033770,2014-08-06,PRO
14820017,13927736,2013-06-26,CON
14820019,62033846,2014-08-06,PRO
14820020,62034400,2014-08-07,PRO
14820025,61479512,2011-04-27,PRO
14820025,13457670,2012-04-27,CON
14820027,12047414,2008-03-13,DIV
14820027,13047215,2011-03-14,CON
14820027,13676407,2012-11-14,CON
14820028,13301943,2011-11-22,DIV
14820029,PCT/US2014/015032,2014-02-06,CON
14820031,60683056,2005-05-21,PRO
14820031,11166331,2005-06-25,CON
14820031,12477820,2009-06-03,CON
14820031,13207361,2011-08-10,CON
14820031,13552390,2012-07-18,CON
14820031,14029436,2013-09-17,CON
14820032,12997663,2010-12-13,CON
14820032,PCT/US2009/047430,2009-06-16,NST
14820034,13339496,2011-12-29,CON
14820036,62033666,2014-08-06,PRO
14820036,62115975,2015-02-13,PRO
14820039,13301943,2011-11-22,DIV
14820044,11686209,2007-03-14,CON
14820044,13782800,2013-03-01,CON
14820045,62034076,2014-08-06,PRO
14820046,13369654,2012-02-09,DIV
14820047,62034288,2014-08-07,PRO
14820048,13327524,2011-12-15,CON
14820050,13252117,2011-10-03,DIV
14820051,62033816,2014-08-06,PRO
14820056,62033666,2014-08-06,PRO
14820056,62061204,2014-10-08,PRO
14820058,60926649,2007-04-27,PRO
14820058,12111064,2008-04-28,CON
14820058,13296557,2011-11-15,CON
14820059,62033925,2014-08-06,PRO
14820065,12734670,2010-11-29,CON
14820065,PCT/AU2008/001711,2008-11-17,NST
14820076,62033646,2014-08-06,PRO
14820076,62102099,2015-01-12,PRO
14820076,62107442,2015-01-25,PRO
14820080,62035105,2014-08-08,PRO
14820081,62034496,2014-08-07,PRO
14820083,PCT/JP14/52688,2014-02-05,CON
14820084,62036087,2014-08-11,PRO
14820084,62129956,2015-03-08,PRO
14820087,61999789,2014-08-06,PRO
14820090,14219565,2014-03-19,CON
14820092,62035292,2014-08-08,PRO
14820095,13255261,2011-09-08,DIV
14820098,PCT/CN2013/071473,2013-02-06,CON
14820101,13759310,2013-02-05,DIV
14820105,14128591,2013-12-20,CON
14820105,14329941,2014-07-12,CON
14820105,PCT/JP2013/054607,2013-02-22,NST
14820106,62033652,2014-08-06,PRO
14820108,PCT/JP2014/052934,2014-02-07,CON
14820112,62035013,2014-08-08,PRO
14820116,13310937,2011-12-05,CON
14820118,61424416,2010-12-17,PRO
14820118,13326022,2011-12-14,DIV
14820121,13659590,2012-10-24,CON
14820128,PCT/CN2013/071466,2013-02-06,CON
14820130,12937008,2010-10-08,CON
14820130,14090828,2013-11-26,CON
14820130,PCT/SE2008/051261,2008-11-05,NST
14820131,13365762,2012-02-03,CON
14820133,11995973,2008-06-23,DIV
14820133,13437688,2012-04-02,CON
14820133,PCT/US2006/030941,2006-08-04,NST
14820134,62033973,2014-08-06,PRO
14820138,11308683,2006-04-21,CON
14820138,13324688,2011-12-13,CON
14820138,13619032,2012-09-14,CON
14820138,14084405,2013-11-19,CON
14820138,14723039,2015-05-27,CON
14820139,61569605,2011-12-12,PRO
14820139,13653600,2012-10-17,CON
14820143,PCT/EP2013/052327,2013-02-06,CON
14820145,09590455,2000-06-09,CON
14820145,10320287,2002-12-16,CIP
14820145,61432673,2011-01-14,PRO
14820145,13340200,2011-12-29,CON
14820146,13956850,2013-08-01,CON
14820148,PCT/US2014/014557,2014-02-04,CON
14820149,61710079,2012-10-05,PRO
14820149,14047409,2013-10-07,DIV
14820150,PCT/US2014/015209,2014-02-07,CON
14820152,62040809,2014-08-22,PRO
14820158,PCT/JP2014/052916,2014-02-07,CON
14820159,62034418,2014-08-07,PRO
14820163,61442908,2011-02-15,PRO
14820163,13365705,2012-02-03,DIV
14820163,14257119,2014-04-21,DIV
14820166,62033946,2014-08-06,PRO
14820168,62033753,2014-08-06,PRO
14820170,PCT/CN2013/071494,2013-02-07,CON
14820171,61656746,2012-06-07,PRO
14820171,13911515,2013-06-06,CON
14820172,PCT/JP2014/064183,2014-05-28,CON
14820174,11726391,2007-03-21,CIP
14820174,12589178,2009-10-19,CON
14820174,13928611,2013-06-27,CON
14820174,14303388,2014-06-12,CON
14820176,61350090,2010-06-01,PRO
14820176,13149259,2011-05-31,CON
14820176,14332875,2014-07-16,CON
14820181,13862107,2013-04-12,CIP
14820183,14096963,2013-12-04,CON
14820184,PCT/US12/27868,2012-03-06,NST
14820184,13641908,2012-10-18,DIV
14820185,62034280,2014-08-07,PRO
14820187,13224523,2011-09-02,DIV
14820188,12063059,2010-03-23,CON
14820188,13552888,2012-07-19,CON
14820188,PCT/DK06/00445,2006-08-14,NST
14820190,PCT/CN2013/071518,2013-02-07,CON
14820191,60785750,2006-03-24,PRO
14820191,11726391,2007-03-21,CON
14820191,13770051,2013-02-19,CON
14820191,14456700,2014-08-11,CON
14820194,13817261,2013-06-24,CON
14820194,PCT/IB2011/001909,2011-08-18,NST
14820198,61902922,2013-11-12,PRO
14820198,61939338,2014-02-13,PRO
14820198,14341187,2014-07-25,CON
14820203,62041417,2014-08-25,PRO
14820205,11365644,2006-02-28,CON
14820206,60964624,2007-08-13,PRO
14820206,12228251,2008-08-11,CON
14820206,14321258,2014-07-01,CON
14820207,61712197,2012-10-10,PRO
14820207,14028172,2013-09-16,CON
14820210,12674139,2011-01-05,CON
14820210,14266317,2014-04-30,CON
14820210,PCT/US2008/010385,2008-09-03,NST
14820221,62035124,2014-08-08,PRO
14820222,13988967,2013-05-22,CON
14820222,PCT/EP11/70565,2011-11-21,NST
14820226,14447080,2014-07-30,CIP
14820234,PCT/KR2014/005320,2014-06-17,CON
14820235,62034405,2014-08-07,PRO
14820239,61322271,2010-04-08,PRO
14820239,13082025,2011-04-07,CON
14820239,14492975,2014-09-22,CON
14820241,62035030,2014-08-08,PRO
14820241,62050706,2014-09-15,PRO
14820242,12858584,2010-08-18,CON
14820248,62034578,2014-08-07,PRO
14820249,14001369,2013-08-23,DIV
14820249,PCT/US2012/027444,2012-03-02,NST
14820251,61695282,2012-08-30,PRO
14820251,14014247,2013-08-29,CON
14820253,14262615,2014-04-25,CON
14820254,12734229,2010-11-03,CON
14820254,PCT/US2008/011913,2008-10-17,NST
14820255,62035301,2014-08-08,PRO
14820259,14376592,2014-08-04,CON
14820259,PCT/JP2013/052939,2013-02-07,NST
14820260,62034632,2014-08-07,PRO
14820262,62034473,2014-08-07,PRO
14820263,13602968,2012-09-04,CIP
14820263,13790016,2013-03-08,CON
14820263,14304621,2014-06-13,CON
14820263,14640930,2015-03-06,CON
14820264,13965660,2013-08-13,DIV
14820264,PCT/KR2012/001099,2012-02-14,CON
14820266,12225999,2009-01-12,CON
14820266,13710404,2012-12-10,CON
14820266,14321723,2014-07-01,CON
14820266,PCT/US2007/008493,2007-04-04,NST
14820269,60434324,2002-12-17,PRO
14820269,10738616,2003-12-16,CON
14820269,11446017,2006-06-02,DIV
14820269,12429734,2009-04-24,CON
14820269,13431620,2012-03-27,CON
14820273,PCT/CN2013/071541,2013-02-07,CON
14820277,10567701,2006-02-03,CON
14820277,13615286,2012-09-13,CON
14820277,PCT/GB2004/003064,2004-07-14,NST
14820280,13399834,2012-02-17,DIV
14820280,14177604,2014-02-11,CON
14820282,11606027,2006-11-30,DIV
14820282,12985815,2011-01-06,CON
14820283,PCT/JP2013/052925,2013-02-07,CON
14820284,62035155,2014-08-08,PRO
14820285,62034620,2014-08-07,PRO
14820290,62033861,2014-08-06,PRO
14820291,61613173,2012-03-20,PRO
14820291,61669889,2012-07-10,PRO
14820291,61678715,2012-08-02,PRO
14820291,13838267,2013-03-15,CON
14820291,14554269,2014-11-26,CON
14820296,11867987,2007-10-05,CON
14820299,PCT/JP2014/063299,2014-05-20,CON
14820301,60924496,2007-05-17,PRO
14820301,12153369,2008-05-16,CON
14820304,14064708,2013-10-28,CON
14820304,PCT/CN2012/081500,2012-09-17,CIP
14820305,62036954,2014-08-13,PRO
14820306,62034620,2014-08-07,PRO
14820307,62034044,2014-08-06,PRO
14820308,60299928,2001-06-21,PRO
14820308,10176710,2002-06-20,DIV
14820308,11386807,2006-03-23,CON
14820310,13994459,2013-06-14,CON
14820310,PCT/GB2011/001754,2011-12-21,NST
14820314,13422077,2012-03-16,CON
14820314,14318957,2014-06-30,CON
14820315,62035082,2014-08-08,PRO
14820316,12346829,2008-12-30,CON
14820316,14261326,2014-04-24,CON
14820317,13262382,2012-01-03,DIV
14820317,PCT/EP2010/001952,2010-03-27,NST
14820320,13147952,2011-08-04,REI
14820320,PCT/CN2010/001010,2010-07-06,NST
14820322,14343377,2014-03-06,DIV
14820322,PCT/US2012/059106,2012-10-05,NST
14820323,62034665,2014-08-07,PRO
14820324,61663984,2012-06-25,PRO
14820324,61821000,2013-05-08,PRO
14820324,13925923,2013-06-25,DIV
14820325,12656485,2010-02-01,CON
14820325,13531346,2012-06-22,REI
14820330,60974084,2007-09-21,PRO
14820330,60977379,2007-10-04,PRO
14820330,61044504,2008-04-13,PRO
14820330,61076686,2008-06-29,PRO
14820330,61081729,2008-07-17,PRO
14820330,12234915,2008-09-22,CON
14820330,13244266,2011-09-23,CON
14820330,13902653,2013-05-24,CON
14820332,61759456,2013-02-01,PRO
14820332,14168982,2014-01-30,CIP
14820336,62039694,2014-08-20,PRO
14820343,10648686,2003-08-25,CIP
14820343,60830952,2006-07-14,PRO
14820343,11775688,2007-07-10,CON
14820344,13587458,2012-08-16,DIV
14820346,13100215,2011-05-03,DIV
14820347,13167121,2011-06-23,DIV
14820358,13679927,2012-11-16,CIP
14820358,13787323,2013-03-06,CON
14820359,13425452,2012-03-21,CON
14820359,14290532,2014-05-29,CON
14820359,14656030,2015-03-12,CON
14820361,12218583,2008-07-15,CIP
14820361,12572205,2009-10-01,CIP
14820361,12759416,2010-04-13,CON
14820361,13592477,2012-08-23,CON
14820361,14094551,2013-12-02,CON
14820362,13155164,2011-06-07,CON
14820367,61743161,2012-08-28,PRO
14820367,14011474,2013-11-05,CON
14820368,61341356,2010-03-29,PRO
14820368,13065794,2011-03-29,CIP
14820368,13480350,2012-05-24,CON
14820370,62035580,2014-08-11,PRO
14820377,PCT/JP2014/050045,2014-01-07,CON
14820385,61746006,2012-12-26,PRO
14820385,14138669,2013-12-23,CON
14820389,62039311,2014-08-19,PRO
14820393,14301213,2014-06-10,CON
14820394,14054386,2013-10-15,CON
14820395,13540116,2012-07-02,CON
14820395,14311610,2014-06-23,CON
14820400,13010647,2011-01-20,CON
14820400,13786813,2013-03-06,CON
14820404,62035349,2014-08-08,PRO
14820412,61047211,2008-04-23,PRO
14820412,12423299,2009-04-14,CIP
14820412,12607354,2009-10-28,CON
14820412,13270121,2011-10-10,CON
14820412,13740390,2013-01-14,CON
14820412,14246566,2014-04-07,CON
14820412,14574653,2014-12-18,CON
14820413,61976953,2014-04-08,PRO
14820413,14306662,2014-06-17,CIP
14820420,62034117,2014-08-06,PRO
14820420,62054089,2014-09-23,PRO
14820423,12970974,2010-12-17,CON
14820424,62034073,2014-08-06,PRO
14820424,62034085,2014-08-06,PRO
14820426,61759456,2013-02-01,PRO
14820426,14168982,2014-01-30,CON
14820429,62033798,2014-08-06,PRO
14820429,62076156,2014-11-06,PRO
14820431,PCT/US12/63499,2012-11-05,NST
14820431,13990309,2013-05-29,CON
14820432,61607809,2012-03-07,PRO
14820432,13786867,2013-03-06,DIV
14820433,13163614,2011-06-17,CON
14820434,62034997,2014-08-08,PRO
14820434,62082972,2014-11-21,PRO
14820434,62086162,2014-12-01,PRO
14820434,62196251,2015-07-23,PRO
14820435,13677162,2012-11-14,CON
14820438,13843916,2013-03-15,CIP
14820438,62035353,2014-08-08,PRO
14820440,62035288,2014-08-08,PRO
14820441,62033988,2014-08-06,PRO
14820445,12474204,2009-05-28,CON
14820445,14298081,2014-06-06,CON
14820445,PCT/US2007/024720,2007-11-29,CON
14820446,11792145,2008-03-05,CON
14820446,PCT/NL2005/000829,2005-12-02,NST
14820447,14150678,2014-01-08,DIV
14820449,62034660,2014-08-07,PRO
14820452,60328101,2001-10-11,PRO
14820452,60406934,2002-08-30,PRO
14820452,PCT/US02/32369,2002-10-11,NST
14820452,10492427,2004-10-07,DIV
14820452,13333123,2011-12-21,CON
14820452,13455268,2012-04-25,CON
14820453,PCT/US07/09146,2007-04-11,NST
14820453,12595817,2009-10-13,CON
14820453,13832462,2013-03-15,DIV
14820455,60866352,2006-11-17,PRO
14820455,11941950,2007-11-18,CON
14820457,62035499,2014-08-10,PRO
14820460,61586711,2012-01-13,PRO
14820460,13739954,2013-01-11,CON
14820461,14819232,2015-08-05,CIP
14820464,10581990,2007-02-26,DIV
14820464,PCT/IB2004/004406,2004-12-08,NST
14820465,14017088,2013-09-03,CON
14820469,60389474,2002-06-18,PRO
14820469,PCT/US03/19325,2003-06-18,NST
14820469,10518103,2005-10-14,CIP
14820469,11499437,2006-08-04,CON
14820469,13210302,2011-08-15,CON
14820471,13209342,2011-08-12,CIP
14820471,13415742,2012-03-08,CIP
14820471,13624593,2012-09-21,CON
14820471,14095839,2013-12-03,CIP
14820471,14095843,2013-12-03,CIP
14820471,14095848,2013-12-03,CIP
14820471,14095855,2013-12-03,CIP
14820471,14258791,2014-04-22,CIP
14820471,62040962,2014-08-22,PRO
14820471,62098727,2014-12-31,PRO
14820473,62034085,2014-08-06,PRO
14820474,61528116,2011-08-26,PRO
14820474,61660292,2012-06-15,PRO
14820474,13594839,2012-08-26,DIV
14820475,14301250,2014-06-10,CON
14820477,61934681,2014-01-31,PRO
14820477,14608097,2015-01-28,CON
14820478,61528116,2011-08-26,PRO
14820478,61660292,2012-06-15,PRO
14820478,13594839,2012-08-26,DIV
14820482,13794628,2013-03-11,DIV
14820483,61528116,2011-08-26,PRO
14820483,61660292,2012-06-15,PRO
14820483,13594839,2012-08-26,DIV
14820491,62035354,2014-08-08,PRO
14820492,62034121,2014-08-06,PRO
14820492,62187813,2015-07-01,PRO
14820495,61508026,2011-07-14,PRO
14820495,61508536,2011-07-15,PRO
14820495,13198676,2011-08-04,DIV
14820500,13291845,2011-11-08,CON
14820503,62033801,2014-08-06,PRO
14820504,62034105,2014-08-06,PRO
14820513,61384389,2010-09-20,PRO
14820513,13236993,2011-09-20,CON
14820514,61250032,2009-10-09,PRO
14820514,PCT/US10/52068,2010-10-08,NST
14820514,13393098,2012-02-28,DIV
14820516,60540783,2004-01-30,PRO
14820516,60540752,2004-01-30,PRO
14820516,10864141,2004-06-08,CON
14820516,13936429,2013-07-08,CON
14820521,62034237,2014-08-07,PRO
14820521,62076226,2014-11-06,PRO
14820529,PCT/JP2014/000557,2014-02-04,CON
14820530,62029409,2014-07-25,PRO
14820530,62112130,2015-02-04,PRO
14820530,62170131,2015-06-03,PRO
14820530,62185613,2015-06-27,PRO
14820530,14809062,2015-07-24,CIP
14820532,62033865,2014-08-06,PRO
14820535,10982092,2004-11-05,DIV
14820535,12050275,2008-03-18,CON
14820538,62033705,2014-08-06,PRO
14820540,12030611,2008-02-13,CON
14820540,13079498,2011-04-04,CON
14820540,13924811,2013-06-24,CON
14820550,61759345,2013-01-31,PRO
14820550,14170546,2014-01-31,CIP
14820550,14624552,2015-02-17,CIP
14820552,PCT/CN2014/070148,2014-01-06,CIP
14820558,61803798,2013-03-21,PRO
14820558,13902997,2013-05-28,CON
14820559,61657586,2012-06-08,PRO
14820559,13710084,2012-12-10,CON
14820567,13726204,2012-12-23,DIV
14820568,13096073,2011-04-28,DIV
14820577,62034741,2014-08-07,PRO
14820577,62038083,2014-08-15,PRO
14820579,61623078,2012-04-12,PRO
14820579,13860531,2013-04-11,DIV
14820580,62034375,2014-08-07,PRO
14820581,62036184,2014-08-12,PRO
14820582,62034384,2014-08-07,PRO
14820583,62181867,2015-06-19,PRO
14820585,62040961,2014-08-22,PRO
14820586,61528786,2011-08-30,PRO
14820586,13571935,2012-08-10,CON
14820587,PCT/JP2013/007644,2013-12-26,CON
14820588,62034490,2014-08-07,PRO
14820594,62034623,2014-08-07,PRO
14820596,13674508,2012-11-12,CON
14820596,PCT/US2011/036023,2011-05-11,NST
14820599,14185138,2014-02-20,DIV
14820601,13663563,2012-10-30,CON
14820604,61403123,2010-09-11,PRO
14820604,13199814,2011-09-09,DIV
14820608,62037208,2014-08-14,PRO
14820610,12849072,2010-08-03,DIV
14820610,13891224,2013-05-10,DIV
14820611,14435954,2015-04-15,CON
14820611,PCT/IB2013/059754,2013-10-29,NST
14820617,62034251,2014-08-07,PRO
14820618,PCT/EP2014/000199,2014-01-25,CON
14820619,PCT/JP2014/053449,2014-02-14,CON
14820630,13375695,2011-12-01,CON
14820630,PCT/US2010/037080,2010-06-02,NST
14820634,62035104,2014-08-08,PRO
14820639,13797959,2013-03-12,CON
14820645,PCT/EP2014/051422,2014-01-24,CON
14820646,62035208,2014-08-08,PRO
14820650,61669228,2012-07-09,PRO
14820650,13904069,2013-05-29,CON
14820652,61466201,2011-03-22,PRO
14820652,13425130,2012-03-20,CON
14820652,14170988,2014-02-03,CON
14820657,PCT/JP2013/059650,2013-03-29,CON
14820658,14383245,2014-09-05,DIV
14820658,PCT/IB13/00629,2013-03-07,NST
14820659,14604211,2015-01-23,DIV
14820660,62035112,2014-08-08,PRO
14820664,13680299,2012-11-19,CON
14820665,62011151,2014-06-12,PRO
14820665,62035587,2014-08-11,PRO
14820665,14733130,2015-06-08,CIP
14820667,14265410,2014-04-30,DIV
14820673,PCT/CN2014/073886,2014-03-21,CON
14820674,13947746,2013-07-22,CON
14820676,60871366,2006-12-21,PRO
14820676,60908307,2007-03-27,PRO
14820676,11961601,2007-12-20,DIV
14820676,13051670,2011-03-18,CON
14820676,14302153,2014-06-11,DIV
14820680,12278527,2008-08-06,CON
14820680,13340878,2011-12-30,CON
14820680,14107433,2013-12-16,CON
14820680,PCT/JP2007/050222,2007-01-11,NST
14820682,60999024,2007-10-15,PRO
14820682,12250673,2008-10-14,CON
14820684,PCT/JP2015/053733,2015-02-12,CON
14820685,PCT/JP2014/059882,2014-04-03,CON
14820686,62040545,2014-08-22,PRO
14820687,12364769,2009-02-03,CON
14820687,13482961,2012-05-29,CON
14820687,14337738,2014-07-22,CON
14820690,12973332,2010-12-20,CON
14820692,13143250,2011-08-30,DIV
14820692,PCT/US2010/020425,2010-01-08,NST
14820695,62035752,2014-08-11,PRO
14820697,61525025,2011-08-18,PRO
14820697,13589769,2012-08-20,DIV
14820698,13993460,2013-06-12,REI
14820698,PCT/IB11/03018,2011-12-13,NST
14820700,13495436,2012-06-13,CON
14820702,12172535,2008-07-14,DIV
14820702,13682982,2012-11-21,DIV
14820703,13295335,2011-11-14,CIP
14820703,13784969,2013-03-05,CON
14820707,61752554,2013-01-15,PRO
14820707,14014606,2013-08-30,CON
14820711,12680353,2010-11-01,CON
14820711,13910349,2013-06-05,CON
14820711,PCT/GB08/03305,2008-09-29,NST
14820712,61647282,2012-05-15,PRO
14820712,61679217,2012-08-03,PRO
14820712,61717236,2012-10-23,PRO
14820712,61790323,2013-03-15,PRO
14820712,13894750,2013-05-15,CIP
14820720,13424518,2012-03-20,CON
14820725,62035234,2014-08-08,PRO
14820727,14299321,2014-06-09,CIP
14820729,12897491,2010-10-04,CON
14820729,13838031,2013-03-15,CON
14820730,14022503,2013-09-10,CON
14820731,13614301,2012-09-13,CON
14820738,62034838,2014-08-08,PRO
14820738,62076504,2014-11-07,PRO
14820748,62034804,2014-08-08,PRO
14820748,62201595,2015-08-06,PRO
14820748,62201609,2015-08-06,PRO
14820749,11911446,2007-11-12,CON
14820749,13553586,2012-07-19,CON
14820749,PCT/US2006/014207,2006-04-14,NST
14820750,61787019,2013-03-15,PRO
14820750,14211247,2014-03-14,CON
14820754,62037342,2014-08-14,PRO
14820755,61413493,2010-11-15,PRO
14820755,13285338,2011-10-31,DIV
14820756,11911446,2007-11-12,CON
14820756,13553586,2012-07-19,CON
14820756,PCT/US2006/014207,2006-04-14,NST
14820757,61660419,2012-06-15,PRO
14820757,13918227,2013-06-14,DIV
14820758,13740834,2013-01-14,CIP
14820758,13856175,2013-04-03,CON
14820761,11911446,2007-11-12,CON
14820761,13553586,2012-07-19,CON
14820761,PCT/US2006/014207,2006-04-14,NST
14820764,62034316,2014-08-07,PRO
14820765,11911446,2007-11-12,CON
14820765,13553586,2012-07-19,CON
14820765,PCT/US2006/014207,2006-04-14,NST
14820766,61023293,2008-01-24,PRO
14820766,12358130,2009-01-22,DIV
14820766,13247947,2011-09-28,CON
14820766,14656403,2015-03-12,CON
14820769,60979756,2007-10-12,PRO
14820769,PCT/US08/79487,2008-10-10,NST
14820769,12682489,2010-09-13,CON
14820776,14351939,2014-04-15,DIV
14820776,PCT/IB2012/055371,2012-10-05,NST
14820781,62035106,2014-08-08,PRO
14820785,62035037,2014-08-08,PRO
14820785,62079128,2014-11-13,PRO
14820785,62101514,2015-01-09,PRO
14820785,62120569,2015-02-25,PRO
14820785,62198949,2015-07-30,PRO
14820789,60814843,2006-06-19,PRO
14820789,11764468,2007-06-18,CON
14820789,14564559,2014-12-09,CON
14820791,12981633,2010-12-30,CON
14820793,62034471,2014-08-07,PRO
14820794,13410207,2012-03-01,DIV
14820795,62034555,2014-08-07,PRO
14820796,11427149,2006-06-28,DIV
14820798,13867057,2013-04-20,CIP
14820798,13916563,2013-06-12,CON
14820805,PCT/KR2013/007166,2013-08-08,CIP
14820807,61114857,2008-11-14,PRO
14820807,61121086,2008-12-09,PRO
14820807,12618659,2009-11-13,DIV
14820807,13188706,2011-07-22,DIV
14820807,13850978,2013-03-26,CON
14820807,13902774,2013-05-24,CON
14820813,62039607,2014-08-20,PRO
14820820,14013943,2013-08-29,DIV
14820828,62035071,2014-08-08,PRO
14820829,62034903,2014-08-08,PRO
14820830,61549044,2011-10-19,PRO
14820830,61605699,2012-03-01,PRO
14820830,PCT/US12/61219,2012-10-19,NST
14820830,14352969,2014-06-24,CON
14820831,13960114,2013-08-06,CON
14820833,14478891,2014-09-05,DIV
14820833,PCT/JP2013/070143,2013-07-25,CON
14820834,13867057,2013-04-20,CIP
14820834,13916566,2013-06-12,CON
14820835,13840683,2013-03-15,DIV
14820840,62035059,2014-08-08,PRO
14820842,14347709,2014-03-27,CON
14820842,PCT/KR2012/007833,2012-09-27,NST
14820844,13254610,2011-10-28,DIV
14820844,PCT/US2010/026290,2010-03-05,NST
14820845,62035109,2014-08-08,PRO
14820848,13692777,2012-12-03,CON
14820848,14692531,2015-04-21,CON
14820849,13648756,2012-10-10,CON
14820852,13484109,2012-05-30,DIV
14820857,62035275,2014-08-08,PRO
14820858,62034998,2014-08-08,PRO
14820859,61693929,2012-08-28,PRO
14820859,14012226,2013-08-28,CON
14820861,61743485,2012-09-05,PRO
14820861,14017415,2013-09-04,CON
14820862,PCT/JP2014/050116,2014-01-08,CON
14820864,62034533,2014-08-07,PRO
14820872,61360936,2010-07-02,PRO
14820872,13167778,2011-06-24,DIV
14820873,62036978,2014-08-13,PRO
14820873,62169708,2015-06-02,PRO
14820875,62040678,2014-08-22,PRO
14820876,62035189,2014-08-08,PRO
14820880,14347709,2014-03-27,CON
14820880,PCT/KR2012/007833,2012-09-27,NST
14820881,13230506,2011-09-12,CON
14820881,14059170,2013-10-21,DIV
14820884,61478240,2011-04-22,PRO
14820884,13452839,2012-04-21,CON
14820884,14325420,2014-07-08,CON
14820884,14593370,2015-01-09,CON
14820885,14555455,2014-11-26,CON
14820885,PCT/US2013/076733,2013-12-19,CON
14820888,13370400,2012-02-10,CON
14820889,61297578,2010-01-22,PRO
14820889,13004166,2011-01-11,CON
14820889,14101845,2013-12-10,CON
14820891,PCT/US2014/015192,2014-02-07,CON
14820891,PCT/US2014/015200,2014-02-07,CON
14820891,PCT/US2014/015207,2014-02-07,CON
14820891,PCT/US2014/015211,2014-02-07,CON
14820891,PCT/US2014/015216,2014-02-07,CON
14820891,PCT/US2014/015220,2014-02-07,CON
14820891,PCT/US2014/015227,2014-02-07,CON
14820891,PCT/US2014/015230,2014-02-07,CON
14820891,PCT/US2014/015233,2014-02-07,CON
14820891,PCT/US2014/015234,2014-02-07,CON
14820891,PCT/US2014/015239,2014-02-07,CON
14820891,PCT/US2014/015240,2014-02-07,CON
14820891,PCT/US2014/015244,2014-02-07,CON
14820892,62036900,2014-08-13,PRO
14820893,11587893,2008-05-22,CON
14820893,12951813,2010-11-22,CON
14820893,PCT/US2005/014737,2005-05-02,NST
14820895,61356712,2010-06-21,PRO
14820895,61359410,2010-06-29,PRO
14820895,12985695,2011-01-06,CON
14820895,12986798,2011-01-07,CON
14820895,13867716,2013-04-22,CON
14820895,14579755,2014-12-22,CIP
14820895,14590665,2015-01-06,CIP
14820896,62035285,2014-08-08,PRO
14820897,62036382,2014-08-12,PRO
14820900,61640095,2012-04-30,PRO
14820900,13872571,2013-04-29,CON
14820903,13181420,2011-07-12,CON
14820903,PCT/US2009/000206,2009-01-12,CON
14820905,61684008,2012-08-16,PRO
14820905,13965848,2013-08-13,CON
14820907,61538342,2011-09-23,PRO
14820907,13623351,2012-09-20,DIV
14820910,61208567,2009-02-25,PRO
14820910,61208574,2009-02-25,PRO
14820910,61212444,2009-04-13,PRO
14820910,61274191,2009-08-14,PRO
14820910,12692807,2010-01-25,DIV
14820910,14159156,2014-01-20,CON
14820910,14272965,2014-05-08,DIV
14820911,61361543,2010-07-06,PRO
14820911,13176810,2011-07-06,CON
14820911,14310129,2014-06-20,CON
14820914,12979005,2010-12-27,DIV
14820915,13939829,2013-07-11,CIP
14820915,29511393,2014-12-10,CIP
14820915,14642664,2015-03-09,DIV
14820919,13298495,2011-11-17,DIV
14820921,13599821,2012-08-30,DIV
14820921,PCT/JP2011/056863,2011-03-22,CON
14820922,61414147,2010-11-16,PRO
14820922,13295431,2011-11-14,CON
14820922,14576364,2014-12-19,CON
14820923,62034295,2014-08-07,PRO
14820925,14113431,2013-10-23,DIV
14820925,PCT/JP2011/061410,2011-05-18,NST
14820928,12602991,2010-05-12,CON
14820928,PCT/US2008/007103,2008-06-06,NST
14820929,62035470,2014-08-10,PRO
14820930,62034726,2014-08-07,PRO
14820931,13768161,2013-02-15,CON
14820933,PCT/JP2014/052450,2014-02-03,CON
14820937,62035053,2014-08-08,PRO
14820938,13253375,2011-10-05,DIV
14820938,14486108,2014-09-15,DIV
14820939,13195885,2011-08-02,CON
14820940,62034572,2014-08-07,PRO
14820943,62034300,2014-08-07,PRO
14820953,61584146,2012-01-06,PRO
14820953,13734534,2013-01-04,CON
14820954,13008393,2011-01-18,CON
14820954,14143964,2013-12-30,CON
14820955,61614867,2012-03-23,PRO
14820955,13829590,2013-03-14,CON
14820957,13765651,2013-02-12,CON
14820964,62035692,2014-08-11,PRO
14820965,61247197,2009-09-30,PRO
14820965,12893742,2010-09-29,CON
14820968,61281707,2009-11-20,PRO
14820968,12927619,2010-11-19,CIP
14820968,13115975,2011-05-25,CON
14820970,62034444,2014-08-07,PRO
14820975,61071728,2008-05-14,PRO
14820975,12465954,2009-05-14,CON
14820975,13471915,2012-05-15,CON
14820976,62034410,2014-08-07,PRO
14820977,PCT/CN2013/081410,2013-08-13,CON
14820979,13489707,2012-06-06,CON
14820980,13240092,2011-09-22,CON
14820980,PCT/EP2010/053459,2010-03-17,CON
14820981,62034493,2014-08-07,PRO
14820982,62037392,2014-08-14,PRO
14820983,62040564,2014-08-22,PRO
14820984,13876923,2013-03-29,CON
14820984,PCT/JP2011/005867,2011-10-20,NST
14820986,12287868,2008-10-14,CIP
14820986,13287523,2011-11-02,CON
14820986,14322997,2014-07-03,CIP
14820990,61090794,2008-08-21,PRO
14820990,12501257,2009-07-10,CIP
14820990,13792309,2013-03-11,CON
14820999,14086442,2013-11-21,CIP
14820999,14603636,2015-01-23,CIP
14821003,61425857,2010-12-22,PRO
14821003,13334835,2011-12-22,DIV
14821003,13829534,2013-03-14,CON
14821003,14321301,2014-07-01,CON
14821004,61090794,2008-08-21,PRO
14821004,12501257,2009-07-10,CIP
14821004,13792309,2013-03-11,CON
14821005,12359039,2009-01-23,CON
14821008,14048492,2013-10-08,CON
14821010,13090852,2011-04-20,DIV
14821011,13219915,2011-08-29,CON
14821015,13888269,2013-05-06,CON
14821018,61090794,2008-08-21,PRO
14821018,12501257,2009-07-10,CIP
14821018,13792309,2013-03-11,CON
14821019,13450573,2012-04-19,CON
14821020,60873630,2006-12-08,PRO
14821020,11942692,2007-11-19,CON
14821020,13042252,2011-03-07,CON
14821020,13943446,2013-07-16,CON
14821020,14274769,2014-05-11,CON
14821023,61644703,2012-05-09,PRO
14821023,13875342,2013-05-02,CON
14821024,13567950,2012-08-06,CON
14821027,62035065,2014-08-08,PRO
14821034,62037460,2014-08-14,PRO
14821036,60319315,2002-06-13,PRO
14821036,60319321,2002-06-18,PRO
14821036,60419019,2002-10-16,PRO
14821036,10249973,2003-05-23,CIP
14821036,10687166,2003-10-16,CIP
14821036,60555529,2004-03-23,PRO
14821036,60585579,2004-07-07,PRO
14821036,60605761,2004-08-31,PRO
14821036,10907140,2005-03-22,CIP
14821036,11162188,2005-08-31,DIV
14821036,13092634,2011-04-22,DIV
14821037,61090794,2008-08-21,PRO
14821037,12501257,2009-07-10,CIP
14821037,13792309,2013-03-11,CON
14821040,12490575,2009-06-24,DIV
14821041,62034924,2014-08-08,PRO
14821041,62038111,2014-08-15,PRO
14821045,62034379,2014-08-07,PRO
14821046,61494507,2011-06-08,PRO
14821046,61494514,2011-06-08,PRO
14821046,13491196,2012-06-07,CON
14821046,14541276,2014-11-14,CON
14821050,13061975,2011-04-19,CON
14821050,PCT/EP2009/007223,2009-09-03,NST
14821051,61090794,2008-08-21,PRO
14821051,12501257,2009-07-10,CIP
14821051,13792309,2013-03-11,CON
14821054,11434220,2006-05-16,CIP
14821054,11948362,2007-11-30,CIP
14821054,11953615,2007-12-10,CON
14821055,62037406,2014-08-14,PRO
14821056,13983051,2013-07-31,CON
14821056,PCT/JP2012/052293,2012-02-01,NST
14821057,13808440,2013-01-04,DIV
14821057,PCT/FR2011/051764,2011-07-21,NST
14821060,13557742,2012-07-25,CON
14821061,12888445,2010-09-23,CON
14821067,PCT/US2014/015203,2014-02-07,CON
14821068,PCT/JP2014/052797,2014-02-06,CON
14821069,13794236,2013-03-11,CON
14821070,62035067,2014-08-08,PRO
14821070,62038782,2014-08-18,PRO
14821072,61665470,2012-06-28,PRO
14821072,13929996,2013-06-28,CIP
14821072,14138309,2013-12-23,CIP
14821073,62036708,2014-08-13,PRO
14821077,62034362,2014-08-07,PRO
14821078,14265582,2014-04-30,CIP
14821082,61798268,2013-03-15,PRO
14821082,14213583,2014-03-14,CON
14821085,14044909,2013-10-03,DIV
14821086,62039509,2014-08-20,PRO
14821087,PCT/JP2014/000560,2014-02-04,CON
14821088,13992463,2013-08-20,CON
14821088,PCT/US2011/064086,2011-12-09,NST
14821097,14195348,2014-03-03,CON
14821097,14506338,2014-10-03,CON
14821101,11019432,2004-12-21,CON
14821101,12477092,2009-06-02,CON
14821101,13416905,2012-03-09,CON
14821101,14284312,2014-05-21,CON
14821105,62034978,2014-08-08,PRO
14821107,62034583,2014-08-07,PRO
14821110,PCT/CN2013/071529,2013-02-07,CON
14821112,13669116,2012-11-05,CON
14821115,62034844,2014-08-08,PRO
14821119,13656169,2012-10-19,DIV
14821119,14185235,2014-02-20,DIV
14821124,61043734,2008-04-10,PRO
14821124,61043736,2008-04-10,PRO
14821124,61061685,2008-06-16,PRO
14821124,61105454,2008-10-15,PRO
14821124,12419304,2009-04-07,CON
14821124,13590565,2012-08-21,CON
14821124,13920140,2013-06-18,CON
14821124,14182802,2014-02-18,CON
14821126,14324069,2014-07-03,CIP
14821129,14095436,2013-12-03,DIV
14821133,62034853,2014-08-08,PRO
14821137,62034909,2014-08-08,PRO
14821143,61639722,2012-04-27,PRO
14821143,61731245,2012-11-29,PRO
14821143,13871322,2013-04-26,CON
14821144,61832441,2013-06-07,PRO
14821144,14293494,2014-06-02,CON
14821145,62037812,2014-08-15,PRO
14821147,62035041,2014-08-08,PRO
14821152,62034264,2014-08-07,PRO
14821153,13767079,2013-02-14,CIP
14821155,61639935,2012-04-29,PRO
14821155,13799816,2013-03-13,CIP
14821155,13799826,2013-03-13,CIP
14821155,13800071,2013-03-13,CIP
14821155,14067431,2013-10-30,CIP
14821155,14522971,2014-10-24,CON
14821156,62035272,2014-08-08,PRO
14821156,62126270,2015-02-27,PRO
14821158,14079316,2013-11-13,CON
14821160,62035136,2014-08-08,PRO
14821162,62034477,2014-08-07,PRO
14821163,62034847,2014-08-08,PRO
14821164,61412588,2010-11-11,PRO
14821164,13282844,2011-10-27,DIV
14821166,62176887,2014-08-09,PRO
14821169,62035154,2014-08-08,PRO
14821170,PCT/JP2014/053234,2014-02-05,CON
14821171,13220910,2011-08-30,DIV
14821178,14355848,2014-05-02,CON
14821178,PCT/GB2012/052733,2012-11-02,NST
14821179,13790830,2013-03-08,CON
14821181,62035586,2014-08-11,PRO
14821182,PCT/EP2014/052705,2014-02-12,CON
14821185,11250159,2005-10-12,CON
14821185,13182067,2011-07-13,CON
14821191,61152057,2009-02-12,PRO
14821191,61154673,2009-02-23,PRO
14821191,61154679,2009-02-23,PRO
14821191,61154689,2009-02-23,PRO
14821191,12705369,2010-02-12,DIV
14821194,13908203,2013-06-03,DIV
14821195,14086442,2013-11-21,CIP
14821195,14603636,2015-01-23,CIP
14821196,62034646,2014-08-07,PRO
14821197,PCT/JP2014/052685,2014-02-05,CON
14821201,13432772,2012-03-28,CON
14821204,62035159,2014-08-08,PRO
14821206,11468203,2006-08-29,CIP
14821206,12021938,2008-01-29,CIP
14821206,61062476,2008-01-25,PRO
14821206,12321813,2009-01-26,CIP
14821206,13573989,2012-10-18,CON
14821208,61521151,2011-08-08,PRO
14821208,13348941,2012-01-12,DIV
14821212,12343272,2008-12-23,CIP
14821212,13468171,2012-05-10,DIV
14821212,14152311,2014-01-10,DIV
14821213,14106545,2013-12-13,CON
14821213,PCT/US2013/030961,2013-03-13,CON
14821214,PCT/JP2014/053245,2014-02-13,CON
14821215,62035138,2014-08-08,PRO
14821216,62034394,2014-08-07,PRO
14821217,62036252,2014-08-12,PRO
14821221,13577245,2012-08-04,CON
14821221,PCT/SE2012/050749,2012-06-29,NST
14821222,13877845,2013-04-04,DIV
14821222,PCT/EP2011/067546,2011-10-07,NST
14821223,13505957,2012-05-03,CON
14821223,PCT/JP2010/069634,2010-11-04,NST
14821225,14213415,2014-03-14,CON
14821225,PCT/CN2013/071568,2013-02-08,CON
14821231,PCT/JP2015/050298,2015-01-07,CON
14821232,62041509,2014-08-25,PRO
14821232,62171122,2015-06-04,PRO
14821233,13757598,2013-02-01,CON
14821235,14390531,2014-10-03,CIP
14821235,PCT/EP2013/057109,2013-04-04,NST
14821237,PCT/JP2013/053153,2013-02-08,CON
14821240,13806914,2012-12-26,CIP
14821240,PCT/US2011/036068,2011-05-11,NST
14821243,13413039,2012-03-06,CON
14821243,14540173,2014-11-13,CON
14821244,60663195,2005-03-18,PRO
14821244,60663327,2005-03-18,PRO
14821244,60663147,2005-03-18,PRO
14821244,11277016,2006-03-20,CON
14821244,13907502,2013-05-31,CON
14821245,61608420,2012-03-08,PRO
14821245,13744680,2013-01-18,CON
14821246,13758109,2013-02-04,CIP
14821247,61960159,2013-09-12,PRO
14821247,61960163,2013-09-12,PRO
14821247,61960162,2013-09-12,PRO
14821247,14461071,2014-08-15,CIP
14821254,14269833,2014-05-05,CON
14821255,PCT/CN2013/071562,2013-02-08,CON
14821256,PCT/US2014/016089,2014-02-12,CON
14821261,14248572,2014-04-09,CON
14821263,14326949,2014-07-09,CIP
14821264,61908551,2013-11-25,PRO
14821264,14294879,2014-06-03,DIV
14821266,62035001,2014-08-08,PRO
14821274,PCT/CN2013/071601,2013-02-13,CIP
14821275,PCT/US2014/016089,2014-02-12,CON
14821276,62035024,2014-08-08,PRO
14821278,61503743,2011-07-01,PRO
14821278,13540138,2012-07-02,CON
14821281,61432906,2011-01-14,PRO
14821281,13022468,2011-02-07,CON
14821282,61718364,2012-10-25,PRO
14821282,14048672,2013-10-08,DIV
14821283,61985779,2014-04-29,PRO
14821283,62127155,2015-03-02,PRO
14821283,14699875,2015-04-29,CON
14821290,62034353,2014-08-07,PRO
14821291,12621758,2009-11-19,DIV
14821291,13871637,2013-04-26,CON
14821293,12966797,2010-12-13,CON
14821293,14086724,2013-11-21,CON
14821299,PCT/US2014/016089,2014-02-12,CON
14821305,62036195,2014-08-12,PRO
14821305,62134244,2015-03-17,PRO
14821307,61985779,2014-04-29,PRO
14821307,62127155,2015-03-02,PRO
14821307,14699875,2015-04-29,CON
14821312,61911011,2013-12-03,PRO
14821312,61916930,2013-12-17,PRO
14821312,14553782,2014-11-25,DIV
14821313,PCT/JP2014/053235,2014-02-05,CON
14821317,13720123,2012-12-19,DIV
14821318,61169485,2009-04-15,PRO
14821318,12493717,2009-06-29,CON
14821319,62036195,2014-08-12,PRO
14821319,62134244,2015-03-17,PRO
14821321,62034368,2014-08-07,PRO
14821322,13151114,2011-06-01,CON
14821322,14488633,2014-09-17,CON
14821325,61985779,2014-04-29,PRO
14821325,62127155,2015-03-02,PRO
14821325,14699875,2015-04-29,CON
14821327,61499879,2011-06-22,PRO
14821327,13529236,2012-06-21,CON
14821331,PCT/JP2014/052761,2014-02-06,CON
14821333,62036061,2014-08-11,PRO
14821333,62036062,2014-08-11,PRO
14821333,62036064,2014-08-11,PRO
14821333,62101683,2015-01-09,PRO
14821333,62101695,2015-01-09,PRO
14821333,62102794,2015-01-13,PRO
14821333,62155289,2015-04-30,PRO
14821336,62034737,2014-08-07,PRO
14821338,61539884,2011-09-27,PRO
14821338,13341735,2011-12-30,CON
14821339,61375218,2010-08-19,PRO
14821339,13214107,2011-08-19,CON
14821341,12173981,2008-07-16,CON
14821341,13946433,2013-07-19,CON
14821341,14243285,2014-04-02,CON
14821343,61687088,2012-04-17,PRO
14821343,13864988,2013-04-17,CIP
14821343,62034470,2014-08-07,PRO
14821343,62040689,2014-08-22,PRO
14821348,PCT/JP2014/057012,2014-03-14,CON
14821349,61985779,2014-04-29,PRO
14821349,62127155,2015-03-02,PRO
14821349,14699875,2015-04-29,CON
14821350,62039767,2014-08-20,PRO
14821352,61801298,2013-03-15,PRO
14821352,13866020,2013-04-18,CON
14821353,61866011,2013-08-14,PRO
14821353,61866123,2013-08-15,PRO
14821353,14458439,2014-08-13,CON
14821355,13310172,2011-12-02,CIP
14821357,13213568,2011-08-19,CON
14821358,62040671,2014-08-22,PRO
14821358,62052291,2014-09-18,PRO
14821359,62034676,2014-08-07,PRO
14821362,61985779,2014-04-29,PRO
14821362,62127155,2015-03-02,PRO
14821362,14699875,2015-04-29,CON
14821364,61599762,2012-02-16,PRO
14821364,13768108,2013-02-15,CON
14821365,61684672,2012-08-17,PRO
14821365,61697710,2012-09-06,PRO
14821365,61700182,2012-09-12,PRO
14821365,61702650,2012-09-18,PRO
14821365,61736692,2012-12-13,PRO
14821365,61798821,2013-03-15,PRO
14821365,61804942,2013-03-25,PRO
14821365,61804971,2013-03-25,PRO
14821365,61804990,2013-03-25,PRO
14821365,61804998,2013-03-25,PRO
14821365,61805003,2013-03-25,PRO
14821365,61805027,2013-03-25,PRO
14821365,61805030,2013-03-25,PRO
14821365,61805038,2013-03-25,PRO
14821365,61805042,2013-03-25,PRO
14821365,61805053,2013-03-25,PRO
14821365,13969190,2013-08-16,CON
14821365,13969201,2013-08-16,CON
14821365,13969205,2013-08-16,CON
14821365,13970234,2013-08-19,CON
14821365,13970243,2013-08-19,CON
14821365,13970247,2013-08-19,CON
14821365,14407609,2014-12-12,CON
14821365,PCT/US2013/036804,2013-04-16,NST
14821367,14170355,2014-01-31,CON
14821368,61767433,2013-02-21,PRO
14821368,13934784,2013-07-03,DIV
14821370,14391326,2014-10-08,CON
14821370,PCT/KR2013/003346,2013-04-19,NST
14821373,PCT/EP2014/052384,2014-02-07,CON
14821374,PCT/CN2013/071554,2013-02-08,CON
14821375,61431635,2011-01-11,PRO
14821375,13347990,2012-01-11,CON
14821376,13538591,2012-06-29,CON
14821380,14004362,2013-11-19,CON
14821380,PCT/JP2012/056310,2012-03-12,NST
14821381,61392869,2010-10-13,PRO
14821381,13271561,2011-10-12,CON
14821386,61296379,2010-01-19,PRO
14821386,61358406,2010-06-24,PRO
14821386,13009764,2011-01-19,CON
14821386,14018985,2013-09-05,CON
14821390,62070012,2014-08-12,PRO
14821391,62034432,2014-08-07,PRO
14821392,62035146,2014-08-08,PRO
14821393,61527312,2011-08-25,PRO
14821393,13592726,2012-08-23,CON
14821394,13597889,2012-08-29,DIV
14821396,61832736,2013-06-07,PRO
14821396,14298610,2014-06-06,CON
14821399,61733689,2012-12-05,PRO
14821399,13831050,2013-03-14,CON
14821400,PCT/US2014/015047,2014-02-06,CON
14821403,62034791,2014-08-08,PRO
14821405,61171790,2009-04-22,PRO
14821405,61176868,2009-05-08,PRO
14821405,12765747,2010-04-22,CON
14821405,14164100,2014-01-24,CON
14821405,14522500,2014-10-23,CON
14821407,62034955,2014-08-08,PRO
14821408,61606454,2012-03-04,PRO
14821408,13779461,2013-02-27,CON
14821408,14270020,2014-05-05,CON
14821409,13362170,2012-01-31,CON
14821409,13762970,2013-02-08,CON
14821409,13904416,2013-05-29,CIP
14821409,61860337,2013-07-31,PRO
14821409,14012773,2013-08-28,CON
14821409,14219112,2014-03-19,CON
14821411,10537002,2005-05-20,CON
14821411,12326997,2008-12-03,CON
14821411,12423153,2009-04-14,DIV
14821411,14043109,2013-10-01,DIV
14821411,PCT/EP03/13091,2003-11-21,NST
14821412,12679630,2010-06-28,CON
14821412,PCT/US2008/011113,2008-09-24,NST
14821418,61388531,2010-09-30,PRO
14821418,12982071,2010-12-30,CON
14821418,13750105,2013-01-25,CON
14821426,62034896,2014-08-08,PRO
14821429,14670208,2015-03-26,CON
14821430,62034311,2014-08-07,PRO
14821431,62035278,2014-08-08,PRO
14821432,62034460,2014-08-07,PRO
14821434,62034441,2014-08-07,PRO
14821438,62035364,2014-08-08,PRO
14821438,62035366,2014-08-08,PRO
14821438,62035367,2014-08-08,PRO
14821438,62035379,2014-08-08,PRO
14821438,62035380,2014-08-08,PRO
14821441,61525621,2011-08-19,PRO
14821441,61525622,2011-08-19,PRO
14821441,13551603,2012-07-17,CON
14821442,13126671,2011-12-14,CON
14821442,14152813,2014-01-10,CON
14821442,PCT/JP2011/058468,2011-03-25,NST
14821447,62035381,2014-08-08,PRO
14821452,11756616,2007-05-31,CIP
14821452,11756619,2007-05-31,CIP
14821452,11756619,2007-05-31,CON
14821452,PCT/US08/65230,2008-05-30,NST
14821452,PCT/US08/65237,2008-05-30,NST
14821452,12601268,2010-05-22,CIP
14821452,12601271,2010-05-22,CIP
14821452,61379225,2010-09-01,PRO
14821452,61379284,2010-09-01,PRO
14821452,61379820,2010-09-03,PRO
14821452,61379830,2010-09-03,PRO
14821452,13149681,2011-05-31,CIP
14821452,13223297,2011-08-31,CON
14821452,13774249,2013-02-22,CON
14821452,14223758,2014-03-24,CON
14821454,62034714,2014-08-07,PRO
14821455,62034896,2014-08-08,PRO
14821456,13779583,2013-02-27,CON
14821457,14144444,2013-12-30,CON
14821458,61657550,2012-06-08,PRO
14821458,13913259,2013-06-07,DIV
14821459,14170355,2014-01-31,CON
14821461,62035207,2014-08-08,PRO
14821462,12029851,2008-02-12,CON
14821462,13736601,2013-01-08,CON
14821462,14172960,2014-02-05,CON
14821468,62024975,2014-07-15,PRO
14821471,62034584,2014-08-07,PRO
14821471,62044471,2014-09-02,PRO
14821472,61849597,2013-01-30,PRO
14821472,14161130,2014-01-22,CON
14821478,62034979,2014-08-08,PRO
14821478,62111898,2015-02-04,PRO
14821480,61771453,2013-03-01,PRO
14821480,61772791,2013-03-05,PRO
14821480,61934499,2014-01-31,PRO
14821480,14195699,2014-03-03,CON
14821484,13698222,2012-11-15,DIV
14821484,PCT/JP2011/060845,2011-05-11,NST
14821488,61375587,2010-08-20,PRO
14821488,13214035,2011-08-19,CON
14821489,61811084,2013-04-11,PRO
14821489,14250109,2014-04-10,CON
14821490,12951920,2010-11-22,CIP
14821490,61749478,2013-01-07,PRO
14821490,14057667,2013-10-18,CON
14821492,62034620,2014-08-07,PRO
14821494,61341694,2010-04-02,PRO
14821494,13079693,2011-04-04,CIP
14821494,13725658,2012-12-21,DIV
14821495,13723849,2012-12-21,CON
14821496,PCT/JP2014/056887,2014-03-14,CON
14821498,13145669,2011-10-17,CON
14821498,14289856,2014-05-29,CON
14821498,PCT/DK2010/050013,2010-01-21,NST
14821499,62035008,2014-08-08,PRO
14821500,62034225,2014-08-07,PRO
14821503,13512262,2012-09-20,CON
14821503,PCT/US2009/065943,2009-11-25,NST
14821506,61506092,2011-07-09,PRO
14821506,13543883,2012-07-08,DIV
14821509,61845023,2013-07-11,PRO
14821509,61845036,2013-07-11,PRO
14821509,14329179,2014-07-11,CON
14821510,62035194,2014-08-08,PRO
14821512,13970343,2013-08-19,CON
14821517,14045607,2013-10-03,CON
14821518,61592456,2012-01-30,PRO
14821518,13754832,2013-01-30,CON
14821519,62041487,2014-08-25,PRO
14821520,62035184,2014-08-08,PRO
14821521,60824913,2006-09-08,PRO
14821521,11898198,2007-09-10,CON
14821522,13291004,2011-11-07,CIP
14821522,13298771,2011-11-17,CON
14821523,61845023,2013-07-11,PRO
14821523,61845036,2013-07-11,PRO
14821523,14328333,2014-07-10,CON
14821530,PCT/JP2014/052647,2014-02-05,CON
14821534,11937520,2007-11-09,DIV
14821534,13189134,2011-07-22,CON
14821534,13965828,2013-08-13,CON
14821534,14338514,2014-07-23,CON
14821535,62035328,2014-08-08,PRO
14821538,62034754,2014-08-07,PRO
14821540,61412651,2010-11-11,PRO
14821540,PCT/US11/60462,2011-11-11,NST
14821540,13885157,2014-01-06,DIV
14821541,62034420,2014-08-07,PRO
14821545,62034392,2014-08-07,PRO
14821548,10525401,2006-06-01,DIV
14821548,12455397,2009-06-01,DIV
14821548,12804352,2010-07-20,DIV
14821548,13281275,2011-10-25,DIV
14821548,13791575,2013-03-08,CON
14821548,PCT/GB03/03686,2003-08-22,NST
14821550,11685502,2007-03-13,DIV
14821550,12816480,2010-06-16,DIV
14821552,62034544,2014-08-07,PRO
14821553,61600203,2012-02-17,PRO
14821553,61614228,2012-03-22,PRO
14821553,13767509,2013-02-14,CIP
14821554,61483010,2011-05-05,PRO
14821554,29407663,2011-11-30,CIP
14821554,13419365,2012-03-13,CON
14821556,13273060,2011-10-13,CON
14821558,11726095,2007-03-20,CON
14821559,62041020,2014-08-22,PRO
14821561,13749139,2013-01-24,DIV
14821567,61722712,2012-11-05,PRO
14821567,14071559,2013-11-04,CON
14821570,13387090,2012-01-25,CON
14821570,14045691,2013-10-03,CON
14821570,PCT/JP2010/004424,2010-07-06,NST
14821571,PCT/JP2014/057397,2014-03-18,CON
14821574,14112202,2014-02-24,DIV
14821574,PCT/US2012/034532,2012-04-20,NST
14821575,14180147,2014-02-13,CON
14821576,12909458,2010-10-21,DIV
14821577,61700307,2012-09-12,PRO
14821577,61752951,2013-01-15,PRO
14821577,61752952,2013-01-15,PRO
14821577,14024518,2013-09-11,CON
14821578,13217825,2011-08-25,CON
14821578,13546418,2012-07-11,CON
14821580,60495698,2003-08-18,PRO
14821580,10920244,2004-08-18,DIV
14821580,11612757,2006-12-19,CON
14821580,12563897,2009-09-21,CON
14821580,13722915,2012-12-20,CON
14821584,62034731,2014-08-07,PRO
14821588,62034661,2014-08-07,PRO
14821589,62035316,2014-08-08,PRO
14821589,62150789,2015-04-21,PRO
14821590,11580214,2006-10-12,CON
14821590,13015207,2011-01-27,CON
14821590,14573332,2014-12-17,CON
14821592,10525399,2005-02-23,CON
14821592,12220682,2008-07-24,CON
14821592,12803163,2010-06-21,DIV
14821592,13316204,2011-12-09,CON
14821592,14073593,2013-11-06,CON
14821592,PCT/GB03/03690,2003-08-22,NST
14821595,61675221,2012-07-24,PRO
14821595,13949507,2013-07-24,CON
14821595,14159370,2014-01-20,CON
14821599,11835154,2007-08-07,CON
14821599,12816250,2010-06-15,DIV
14821599,14163374,2014-01-24,CON
14821603,62034166,2014-08-07,PRO
14821604,61759345,2013-01-31,PRO
14821604,14170546,2014-01-31,CIP
14821604,14624552,2015-02-17,CIP
14821604,14820550,2015-08-06,CIP
14821608,13664096,2012-10-30,CIP
14821608,PCT/US2011/034842,2011-05-02,CIP
14821618,62035325,2014-08-08,PRO
14821620,61689170,2012-05-29,PRO
14821620,13610773,2012-09-11,CON
14821621,13740076,2013-01-11,CON
14821630,13850239,2013-03-25,CIP
14821631,62034446,2014-08-07,PRO
14821633,13453995,2012-04-23,DIV
14821634,10550860,2006-07-10,CON
14821634,13541653,2012-07-03,CON
14821634,13928140,2013-06-26,CON
14821634,14173684,2014-02-05,CON
14821634,PCT/EP2004/003111,2004-03-24,NST
14821637,61947889,2014-03-04,PRO
14821637,14247160,2014-04-07,CIP
14821637,62034446,2014-08-07,PRO
14821638,62034564,2014-08-07,PRO
14821644,13799948,2013-03-13,DIV
14821645,12998652,2011-05-13,CIP
14821645,13136515,2011-08-02,CIP
14821645,13479178,2012-05-23,CON
14821645,13944817,2013-07-17,CON
14821645,14298318,2014-06-06,CIP
14821645,62034401,2014-08-07,PRO
14821645,PCT/US2009/006195,2009-11-19,NST
14821646,61999818,2014-08-07,PRO
14821646,61999821,2014-08-07,PRO
14821648,61999818,2014-08-07,PRO
14821648,61999821,2014-08-07,PRO
14821649,13470244,2012-05-11,CON
14821652,61416409,2010-11-23,PRO
14821652,61481958,2011-05-03,PRO
14821652,61551032,2011-10-25,PRO
14821652,13301944,2011-11-22,CON
14821652,14014517,2013-08-30,DIV
14821659,PCT/JP2015/000020,2015-01-07,CON
14821660,62034719,2014-08-07,PRO
14821664,60590113,2004-07-21,PRO
14821664,11020457,2004-12-22,DIV
14821665,61735944,2012-12-11,PRO
14821665,13913307,2013-06-07,DIV
14821667,62038079,2014-08-15,PRO
14821667,62129890,2015-03-08,PRO
14821670,62035073,2014-08-08,PRO
14821672,14815691,2015-07-31,CIP
14821672,PCT/US2014/014330,2014-01-31,CON
14821675,62034217,2014-08-07,PRO
14821678,14181533,2014-02-14,CIP
14821678,14746621,2015-06-22,CIP
14821679,60495608,2003-08-14,PRO
14821679,60501251,2003-09-08,PRO
14821679,10882633,2004-06-30,DIV
14821679,12820046,2010-06-21,CON
14821680,PCT/JP2013/005898,2013-10-03,CON
14821681,61739580,2012-12-19,PRO
14821681,13959616,2013-08-05,CON
14821681,62034709,2014-08-07,PRO
14821681,14469431,2014-08-26,CIP
14821683,12949617,2010-11-18,CIP
14821683,12970602,2010-12-16,CIP
14821683,13016313,2011-01-28,CIP
14821683,13273712,2011-10-14,CON
14821683,13492395,2012-06-08,CIP
14821686,62035242,2014-08-08,PRO
14821687,13365824,2012-02-03,CIP
14821687,13365828,2012-02-03,CIP
14821687,61752309,2013-02-04,PRO
14821687,61752356,2013-01-14,PRO
14821687,14155108,2014-01-14,CIP
14821687,PCT/GB2012/052115,2011-10-31,CIP
14821700,62035873,2014-08-11,PRO
14821700,62041787,2014-08-26,PRO
14821704,12270029,2008-11-13,CON
14821704,13480510,2012-05-25,CON
14821704,14499098,2014-09-27,CON
14821709,62041049,2014-08-23,PRO
14821710,62034864,2014-08-08,PRO
14821711,PCT/IE2014/000002,2013-02-13,NST
14821715,12213695,2008-06-23,CON
14821716,14104446,2013-12-12,CON
14821718,10912200,2004-08-06,CIP
14821718,12193345,2008-08-18,CIP
14821718,12718650,2010-03-05,DIV
14821718,13097991,2011-04-29,DIV
14821721,62040034,2014-08-21,PRO
14821722,13492896,2012-06-10,CON
14821723,14106585,2013-12-13,CON
14821724,14136906,2013-12-20,CIP
14821724,62036527,2014-08-12,PRO
14821726,62034942,2014-08-08,PRO
14821726,62105166,2015-01-19,PRO
14821726,62105206,2015-01-20,PRO
14821726,62131320,2015-03-11,PRO
14821728,12885511,2010-09-19,CIP
14821728,13563291,2012-07-31,CIP
14821729,62035351,2014-08-08,PRO
14821738,62035390,2014-08-09,PRO
14821749,10761582,2004-01-21,CON
14821749,12130217,2008-05-30,CON
14821749,12548413,2009-08-26,DIV
14821749,13271135,2011-10-11,CON
14821749,13913380,2013-06-07,CON
14821760,PCT/US2015/015409,2015-02-11,CIP
14821762,60330031,2001-10-16,PRO
14821762,10271471,2002-10-15,CON
14821762,12454052,2009-05-11,CON
14821762,13297515,2011-11-16,CON
14821762,13560306,2012-07-27,CON
14821762,13848370,2013-03-21,CON
14821762,14528675,2014-10-30,CON
14821766,13965571,2013-08-13,CON
14821769,61367380,2010-07-24,PRO
14821769,13748371,2013-01-23,CON
14821774,62070019,2014-08-11,PRO
14821774,62070020,2014-08-11,PRO
14821777,11380572,2006-04-27,CIP
14821777,11932531,2007-10-31,DIV
14821781,61552314,2011-10-27,PRO
14821781,13661032,2012-10-25,CIP
14821786,09996849,2001-11-27,CON
14821786,11824794,2007-07-03,CON
14821786,12497675,2009-07-05,CIP
14821786,13115105,2011-05-24,CON
14821786,13928383,2013-06-27,CON
14821788,13124635,2011-04-15,CON
14821788,PCT/KR2009/005779,2009-10-09,NST
14821790,13945803,2013-07-18,REI
14821794,14405787,2014-12-05,DIV
14821794,PCT/CN2013/075281,2013-05-07,NST
14821796,13170162,2011-06-27,CON
14821803,61583614,2012-01-06,PRO
14821803,61706790,2012-09-28,PRO
14821803,13710387,2012-12-10,CON
14821812,13163770,2011-06-20,CON
14821813,13604156,2012-09-05,CIP
14821815,13417337,2012-03-12,DIV
14821818,12990785,2010-11-03,CON
14821818,14231758,2014-04-01,CON
14821818,PCT/FI2009/050383,2009-05-11,NST
14821826,62036376,2014-08-12,PRO
14821827,PCT/IB2015/053081,2015-04-28,CON
14821830,61804631,2013-03-23,PRO
14821830,14222982,2014-03-24,CON
14821835,12849072,2010-08-03,DIV
14821835,13891224,2013-05-10,DIV
14821840,62038371,2014-08-18,PRO
14821841,62039902,2014-08-20,PRO
14821848,11884389,2007-08-15,DIV
14821848,PCT/IL2006/000204,2006-02-16,NST
14821849,61568056,2011-12-07,PRO
14821849,13437494,2012-04-02,CIP
14821849,13550914,2012-07-17,CON
14821853,10021100,2001-10-30,CON
14821853,12206106,2008-09-08,CON
14821853,12816266,2010-06-15,CON
14821853,13461194,2012-05-01,CON
14821854,12746514,2010-06-04,CON
14821854,14329623,2014-07-11,CON
14821854,PCT/KR2008/007177,2008-12-04,NST
14821856,62035597,2014-08-11,PRO
14821859,61374038,2010-08-16,PRO
14821859,13207610,2011-08-11,DIV
14821861,13221469,2011-08-30,CON
14821862,13389324,2012-10-02,CON
14821862,14040132,2013-09-27,CON
14821862,PCT/KR2010/005186,2010-08-06,NST
14821864,62039695,2014-08-20,PRO
14821867,13828324,2013-03-14,CON
14821872,11659126,2007-02-01,DIV
14821872,13894840,2013-05-15,DIV
14821872,PCT/EP2005/008285,2005-07-30,NST
14821877,PCT/JP2013/053988,2013-02-19,CON
14821878,13957190,2013-08-01,DIV
14821883,PCT/JP2014/061445,2014-04-23,CON
14821884,14101715,2013-12-10,DIV
14821887,61262586,2009-11-19,PRO
14821887,12947920,2010-11-17,CON
14821887,14495225,2014-09-24,CON
14821890,62035055,2014-08-08,PRO
14821893,14163360,2014-01-24,CON
14821896,61352166,2010-06-07,PRO
14821896,61388002,2010-09-30,PRO
14821896,61414451,2010-11-17,PRO
14821896,61439913,2011-02-06,PRO
14821896,61447089,2011-02-27,PRO
14821896,61447464,2011-02-28,PRO
14821896,61467209,2011-03-24,PRO
14821896,13153745,2011-06-06,CIP
14821896,61549560,2011-10-20,PRO
14821896,61568130,2011-12-07,PRO
14821896,61580880,2011-12-28,PRO
14821896,61581913,2011-12-30,PRO
14821896,13406068,2012-02-27,CIP
14821896,61867007,2013-08-16,PRO
14821896,61916190,2013-12-14,PRO
14821896,61924252,2014-01-07,PRO
14821896,61927481,2014-01-15,PRO
14821896,61953878,2014-03-16,PRO
14821896,61972314,2014-03-30,PRO
14821896,62023800,2014-07-11,PRO
14821896,14460915,2014-08-15,CIP
14821896,62047508,2014-09-08,PRO
14821896,62082579,2014-11-20,PRO
14821896,62128974,2015-03-05,PRO
14821896,14796419,2015-07-10,CIP
14821898,61377229,2010-08-26,PRO
14821898,61442967,2011-02-15,PRO
14821898,13216033,2011-08-23,CON
14821898,14225978,2014-03-26,DIV
14821901,09876053,2001-06-08,CIP
14821901,10083250,2002-02-27,CIP
14821901,11065441,2005-02-25,CON
14821901,13758576,2013-02-04,CON
14821903,13855937,2013-04-03,DIV
14821904,62034826,2014-08-08,PRO
14821905,62039597,2014-08-20,PRO
14821908,61463043,2011-02-11,PRO
14821908,13367688,2012-02-07,CON
14821912,62035851,2014-08-11,PRO
14821912,62035863,2014-08-11,PRO
14821917,61887607,2013-10-07,PRO
14821917,14508714,2014-10-07,CON
14821918,13312098,2011-12-06,CON
14821918,13968493,2013-08-16,CON
14821918,14612428,2015-02-03,CON
14821918,PCT/JP2010/058776,2010-05-25,CON
14821920,13843057,2013-03-15,CIP
14821923,13695556,2012-10-31,DIV
14821923,PCT/FI2012/050119,2012-02-08,NST
14821926,13805857,2012-12-20,DIV
14821926,PCT/IB2011/052699,2011-06-21,NST
14821927,13528577,2012-06-20,CON
14821929,13593993,2012-08-24,CON
14821931,62036015,2014-08-11,PRO
14821932,PCT/JP2014/057873,2014-03-20,CON
14821937,13243040,2011-09-23,DIV
14821937,14495664,2014-09-24,CON
14821938,12666289,2010-08-06,CON
14821938,14101520,2013-12-10,CON
14821938,PCT/AU2008/000909,2008-06-20,NST
14821939,61390599,2010-10-06,PRO
14821939,61409727,2010-11-03,PRO
14821939,61414557,2010-11-17,PRO
14821939,13239582,2011-09-22,CON
14821941,PCT/JP2014/055498,2014-03-04,CON
14821943,14045593,2013-10-03,CIP
14821943,14686839,2015-04-15,CIP
14821945,11783452,2007-04-10,CON
14821945,12482958,2009-06-11,CON
14821948,14088053,2013-11-22,DIV
14821950,62035851,2014-08-11,PRO
14821950,62035863,2014-08-11,PRO
14821953,12931854,2011-02-11,DIV
14821955,62035748,2014-08-11,PRO
14821956,14023991,2013-09-11,CON
14821959,13912921,2013-06-07,CON
14821963,13047164,2011-03-14,DIV
14821965,13276393,2011-10-19,CON
14821967,09876053,2001-06-08,CIP
14821967,10083250,2002-02-27,CIP
14821967,11065441,2005-02-25,CIP
14821967,12434334,2009-05-01,CON
14821967,13872677,2013-04-29,CON
14821968,62036811,2014-08-13,PRO
14821969,14080098,2013-11-14,CON
14821970,13326734,2011-12-15,CON
14821970,14474266,2014-09-01,CON
14821979,14088053,2013-11-22,CON
14821983,14735582,2015-06-10,CIP
14821985,13937509,2013-07-09,CIP
14821985,14716755,2015-05-19,CIP
14821987,PCT/JP2014/053827,2014-02-12,CON
14821990,13646233,2012-10-05,CON
14821991,62035463,2014-08-10,PRO
14821997,13294603,2011-11-11,DIV
14822000,61680241,2012-08-06,PRO
14822000,61710609,2012-10-05,PRO
14822000,13844433,2013-03-15,CON
14822002,13346750,2012-01-10,REI
14822003,62035579,2014-08-11,PRO
14822011,61296356,2010-01-19,PRO
14822011,61380455,2010-09-07,PRO
14822011,13005533,2011-01-12,CIP
14822011,13838276,2013-03-15,CIP
14822013,61718826,2012-10-26,PRO
14822013,14063813,2013-10-25,CON
14822014,61264352,2009-11-25,PRO
14822014,61296183,2010-01-19,PRO
14822014,12951323,2010-11-22,DIV
14822016,PCT/CN2015/071855,2015-01-29,CON
14822018,62035575,2014-08-11,PRO
14822020,62035185,2014-08-08,PRO
14822022,62035577,2014-08-11,PRO
14822023,60895236,2007-03-16,PRO
14822023,12047203,2008-03-12,CON
14822025,61554329,2011-11-01,PRO
14822025,13664883,2012-10-31,DIV
14822026,61332859,2010-05-10,PRO
14822026,61390068,2010-10-05,PRO
14822026,61392162,2010-10-12,PRO
14822026,61429313,2011-01-03,PRO
14822026,61440501,2011-02-08,PRO
14822026,61449180,2011-03-04,PRO
14822026,61454829,2011-03-21,PRO
14822026,13093068,2011-04-25,CON
14822026,13904294,2013-05-29,CON
14822028,13678008,2012-11-15,CON
14822030,12250613,2008-10-14,CON
14822030,13567997,2012-08-06,CON
14822033,12890961,2010-09-27,CON
14822034,13542850,2012-07-06,DIV
14822039,61290755,2009-12-29,PRO
14822039,12979719,2010-12-28,DIV
14822044,62035525,2014-08-11,PRO
14822045,61314750,2010-03-17,PRO
14822045,13050544,2011-03-17,CON
14822048,61291268,2009-12-30,PRO
14822048,PCT/US10/62498,2010-12-30,NST
14822048,13520089,2012-09-24,CIP
14822051,13305069,2011-11-28,DIV
14822051,14323676,2014-07-03,CON
14822053,PCT/JP2014/053012,2014-02-10,CON
14822055,61071728,2008-05-14,PRO
14822055,12465954,2009-05-14,CIP
14822055,12684370,2010-01-08,CON
14822057,12827254,2010-06-30,CON
14822057,13542090,2012-07-05,CON
14822061,62039647,2014-08-20,PRO
14822061,14590100,2015-01-06,CON
14822063,13510020,2012-06-15,CIP
14822063,14257214,2014-04-21,CIP
14822063,14257216,2014-04-21,CIP
14822063,PCT/EP2010/006867,2010-11-11,NST
14822064,61123311,2008-04-08,PRO
14822064,PCT/IB09/51470,2009-04-07,NST
14822064,12936762,2011-02-27,CON
14822064,13971291,2013-08-20,CON
14822070,62040255,2014-08-21,PRO
14822073,62035452,2014-08-10,PRO
14822074,62035570,2014-08-11,PRO
14822075,13574627,2012-07-23,CON
14822075,14457557,2014-08-12,CON
14822075,PCT/US2010/060625,2010-12-16,NST
14822079,62035578,2014-08-11,PRO
14822080,61099392,2008-09-23,PRO
14822080,PCT/US09/58033,2009-09-23,NST
14822080,13120324,2011-03-22,CON
14822083,61431208,2011-01-10,PRO
14822083,13051599,2011-03-18,CON
14822083,14199304,2014-03-06,CON
14822092,62036548,2014-08-12,PRO
14822096,12092141,2008-04-30,DIV
14822096,13572885,2012-08-13,DIV
14822096,PCT/JP2006/322020,2006-11-02,NST
14822098,PCT/EP2013/052602,2013-02-08,CON
14822099,61601128,2012-02-21,PRO
14822099,61647090,2012-05-15,PRO
14822099,61706327,2012-09-27,PRO
14822099,13772802,2013-02-21,DIV
14822100,62035180,2014-08-08,PRO
14822101,14265761,2014-04-30,CON
14822104,13326570,2011-12-15,DIV
14822105,60866352,2006-11-17,PRO
14822105,11941950,2007-11-18,DIV
14822106,14077687,2013-11-12,CIP
14822108,13170625,2011-06-28,DIV
14822110,PCT/JP2013/056501,2013-03-08,CON
14822111,13370989,2012-02-10,CON
14822111,PCT/EP2010/063999,2010-09-22,CON
14822115,61317532,2010-03-25,PRO
14822115,13071674,2011-03-25,CON
14822115,13836981,2013-03-15,CON
14822116,13392615,2012-02-27,DIV
14822116,PCT/EP2010/062601,2010-08-30,NST
14822117,PCT/EP2013/052601,2013-02-08,CON
14822118,13961142,2013-08-07,CON
14822119,13707928,2012-12-07,DIV
14822121,62035630,2014-08-11,PRO
14822124,14036190,2013-09-25,DIV
14822126,60718548,2005-09-19,PRO
14822126,11533359,2006-09-19,CIP
14822126,61095147,2008-09-08,PRO
14822126,12555697,2009-09-08,CON
14822126,13348820,2012-01-12,CON
14822126,14286335,2014-05-23,CON
14822133,13950953,2013-07-25,DIV
14822135,62035581,2014-08-11,PRO
14822137,13077636,2011-03-31,CON
14822138,12552330,2009-09-02,CON
14822138,13271838,2011-10-12,DIV
14822138,13571034,2012-08-09,CON
14822138,14282242,2014-05-20,CON
14822138,PCT/JP2008/073950,2008-12-25,CON
14822142,PCT/JP2014/059829,2014-04-03,CON
14822148,13856581,2013-04-04,DIV
14822148,14683939,2015-04-10,DIV
14822152,14241133,2014-05-19,DIV
14822152,PCT/CA2012/050589,2012-08-24,NST
14822155,61461611,2011-01-21,PRO
14822155,13354513,2012-01-20,CON
14822158,13496996,2012-03-27,DIV
14822158,PCT/JP2010/066227,2010-09-17,NST
14822159,62035453,2014-08-10,PRO
14822160,61720585,2012-10-31,PRO
14822160,13847343,2013-03-19,CON
14822164,61888203,2013-10-08,PRO
14822164,14505609,2014-10-03,CON
14822165,62036859,2014-08-13,PRO
14822167,13354024,2012-01-19,DIV
14822168,PCT/US2011/062828,2011-12-01,NST
14822168,PCT/US2014/015596,2014-02-10,CON
14822169,13976850,2013-06-27,CON
14822170,61301460,2010-02-04,PRO
14822170,13021416,2011-02-04,CON
14822170,13936499,2013-07-08,CON
14822170,14552210,2014-11-24,CON
14822172,61906610,2013-11-20,PRO
14822172,61915894,2013-12-13,PRO
14822172,14548550,2014-11-20,DIV
14822173,13847729,2013-03-20,CON
14822175,62035222,2014-08-08,PRO
14822179,12389678,2009-02-20,CON
14822179,13692451,2012-12-03,CON
14822179,14278645,2014-05-15,CON
14822182,13339651,2011-12-29,DIV
14822183,62040781,2014-08-22,PRO
14822185,12596891,2009-10-21,CON
14822185,13716771,2012-12-17,CON
14822185,PCT/US2008/062347,2008-05-02,NST
14822186,60939753,2007-05-23,PRO
14822186,12124297,2008-05-21,CON
14822186,12776780,2010-05-10,CON
14822186,12893242,2010-09-29,CON
14822186,12971228,2010-12-17,CON
14822186,13097570,2011-04-29,CON
14822186,13191772,2011-07-27,CON
14822186,13290640,2011-11-07,CON
14822186,13621388,2012-09-17,CON
14822186,13908457,2013-06-03,CON
14822186,14107625,2013-12-16,CON
14822186,14319165,2014-06-30,CON
14822186,14605153,2015-01-26,CON
14822188,62035017,2014-08-08,PRO
14822189,14074342,2013-11-07,CON
14822191,62036868,2014-08-13,PRO
14822193,61279031,2009-10-15,PRO
14822193,12803435,2010-06-28,CON
14822194,62036387,2014-08-12,PRO
14822195,61767903,2013-02-22,PRO
14822195,14066420,2013-10-29,CON
14822196,10520489,2005-01-07,CON
14822196,11972573,2008-01-10,CON
14822196,14311328,2014-06-22,CON
14822196,PCT/GB03/02934,2003-07-08,NST
14822197,PCT/JP2014/052577,2014-02-04,CON
14822198,09536663,2000-03-27,CIP
14822198,09536258,2000-03-27,CON
14822198,09815589,2001-03-23,CIP
14822198,10123779,2002-04-16,CIP
14822198,10174505,2002-06-17,CIP
14822198,10753069,2004-01-08,CON
14822198,13445164,2012-04-12,CON
14822198,14788931,2015-07-01,CON
14822200,13656668,2012-10-20,CIP
14822200,PCT/US2011/033464,2011-04-21,CON
14822202,13692358,2012-12-03,CON
14822204,13850550,2013-03-26,DIV
14822207,61754072,2013-01-18,PRO
14822207,14158236,2014-01-17,CON
14822208,61708938,2012-10-02,PRO
14822208,14043752,2013-10-01,CON
14822209,62036145,2014-08-12,PRO
14822213,PCT/JP2014/055964,2014-03-07,CON
14822215,62035264,2014-08-08,PRO
14822218,PCT/JP2013/058135,2013-03-21,CON
14822220,PCT/JP2013/057920,2013-03-20,CON
14822221,61668005,2012-07-04,PRO
14822221,13935521,2013-07-04,CIP
14822221,13935522,2013-07-04,CIP
14822221,13935523,2013-07-04,CIP
14822224,14021002,2013-09-09,DIV
14822225,62036292,2014-08-12,PRO
14822226,13689976,2012-11-30,CON
14822227,61275734,2009-09-02,PRO
14822227,61336743,2010-01-26,PRO
14822227,12787205,2010-05-25,CON
14822230,13738137,2013-01-10,CON
14822232,62035582,2014-08-11,PRO
14822233,13034926,2011-02-25,CON
14822238,61601789,2012-02-22,PRO
14822238,13771813,2013-02-20,CIP
14822238,29462798,2013-08-08,CIP
14822238,14078830,2013-11-13,CIP
14822238,14163521,2014-01-24,CIP
14822238,14290207,2014-05-29,CIP
14822238,14535539,2014-11-07,CIP
14822238,14539021,2014-11-12,CIP
14822238,14684000,2015-04-10,CIP
14822238,PCT/US2013/054275,2013-08-09,CIP
14822240,11607298,2006-11-30,CON
14822240,12504107,2009-07-16,DIV
14822240,13688550,2012-11-29,CIP
14822240,13780050,2013-02-28,CON
14822248,61232965,2009-08-11,PRO
14822248,12854408,2010-08-11,DIV
14822248,13845545,2013-03-18,CON
14822250,62035749,2014-08-11,PRO
14822251,10452726,2003-06-03,DIV
14822251,12289892,2008-11-06,CON
14822251,13606175,2012-09-07,CON
14822251,14149453,2014-01-07,CON
14822251,14582443,2014-12-24,CON
14822252,13257750,2011-11-14,DIV
14822252,PCT/EP2010/053554,2010-03-18,NST
14822253,PCT/JP2013/005899,2013-10-03,CON
14822254,09405523,1999-09-23,CON
14822254,09981220,2001-10-16,CON
14822254,11183210,2005-07-15,DIV
14822254,13347752,2012-01-11,CON
14822255,13826861,2013-03-14,CON
14822261,12730525,2010-03-24,REI
14822265,62036276,2014-08-12,PRO
14822265,62189347,2015-07-07,PRO
14822267,13906738,2013-05-31,DIV
14822269,14271883,2014-05-07,CON
14822270,62035743,2014-08-11,PRO
14822272,12910404,2010-10-22,DIV
14822272,14290215,2014-05-29,CON
14822274,12943589,2010-11-10,CON
14822275,62035492,2014-08-10,PRO
14822275,62042795,2014-08-27,PRO
14822275,62117949,2015-02-18,PRO
14822277,13781683,2013-02-28,DIV
14822280,13957101,2013-08-01,CON
14822281,PCT/US10/43233,2010-07-26,NST
14822281,13810665,2013-01-16,CON
14822284,12639832,2009-12-16,CON
14822286,09536663,2000-03-27,CIP
14822286,09536258,2000-03-27,CON
14822286,09815589,2001-03-23,CIP
14822286,10123779,2002-04-16,CIP
14822286,10174505,2002-06-17,CIP
14822286,10753069,2004-01-08,DIV
14822286,12198003,2008-08-25,CIP
14822286,12255518,2008-10-21,CON
14822286,13445126,2012-04-12,CON
14822286,14812717,2015-07-29,CON
14822287,61800907,2013-03-15,PRO
14822287,14055704,2013-10-16,CON
14822288,62037903,2014-08-15,PRO
14822290,61350663,2010-06-02,PRO
14822290,61434491,2011-01-20,PRO
14822290,13099691,2011-05-03,CON
14822290,14071322,2013-11-04,CON
14822291,62035755,2014-08-11,PRO
14822291,62050534,2014-09-15,PRO
14822295,12396295,2009-03-02,DIV
14822295,14027503,2013-09-16,CON
14822297,61614273,2012-03-22,PRO
14822297,13849137,2013-03-22,CON
14822298,12834456,2010-07-12,DIV
14822298,14272612,2014-05-08,CON
14822298,PCT/IL2009/000188,2009-02-18,CIP
14822299,11961396,2007-12-20,CON
14822299,13721608,2012-12-20,CON
14822301,60534298,2004-01-05,PRO
14822301,11015816,2004-12-17,DIV
14822301,11857688,2007-09-19,DIV
14822301,12351510,2009-01-09,DIV
14822301,12782129,2010-05-18,DIV
14822301,12966136,2010-12-13,DIV
14822301,13468173,2012-05-10,DIV
14822301,13757361,2013-02-01,DIV
14822301,14102624,2013-12-11,DIV
14822301,14162976,2014-01-24,DIV
14822301,14444236,2014-07-28,DIV
14822301,14596766,2015-01-14,DIV
14822302,12024828,2008-02-01,DIV
14822307,61595904,2012-02-07,PRO
14822307,13616139,2012-09-14,CON
14822308,PCT/JP2014/050809,2014-01-17,CON
14822309,62036000,2014-08-11,PRO
14822310,60698521,2005-07-11,PRO
14822310,11485143,2006-07-11,CON
14822310,13008559,2011-01-18,CON
14822310,13739831,2013-01-11,CON
14822311,13074798,2011-03-29,CON
14822311,14466835,2014-08-22,CON
14822311,PCT/CN2011/070345,2011-01-18,CON
14822312,13212921,2011-08-18,CON
14822312,14170993,2014-02-03,CON
14822312,14556799,2014-12-01,CON
14822316,13485421,2012-05-31,DIV
14822328,60187972,2000-03-09,PRO
14822328,09803599,2001-03-09,DIV
14822328,10887370,2004-07-06,DIV
14822328,11535714,2006-09-27,DIV
14822328,12350685,2009-01-08,DIV
14822328,12623490,2009-11-23,DIV
14822328,13031500,2011-02-21,DIV
14822328,13167418,2011-06-23,DIV
14822328,13757305,2013-02-01,DIV
14822328,14095333,2013-12-03,DIV
14822332,62035172,2014-08-08,PRO
14822333,13078402,2011-04-01,CON
14822335,61539670,2011-09-27,PRO
14822335,13628393,2012-09-27,DIV
14822341,61521594,2011-08-09,PRO
14822341,13569780,2012-08-08,DIV
14822341,14519223,2014-10-21,DIV
14822343,14091657,2013-11-27,CON
14822344,12312531,2010-11-12,DIV
14822344,PCT/EP2007/009842,2007-11-14,NST
14822345,14281726,2014-05-19,DIV
14822348,62035935,2014-08-11,PRO
14822348,62189923,2015-07-08,PRO
14822351,60873111,2006-12-06,PRO
14822351,60974470,2007-09-22,PRO
14822351,11952123,2007-12-06,CIP
14822351,61240573,2009-09-08,PRO
14822351,61240966,2009-09-09,PRO
14822351,61373271,2010-08-12,PRO
14822351,12877971,2010-09-08,CIP
14822351,61435192,2011-01-21,PRO
14822351,13088211,2011-04-15,CON
14822352,13758601,2013-02-04,CON
14822355,09536663,2000-03-27,CIP
14822355,09536258,2000-03-27,CON
14822355,09815589,2001-03-23,CIP
14822355,10123779,2002-04-16,CIP
14822355,10174505,2002-06-17,CIP
14822355,10753069,2004-01-08,DIV
14822355,12198003,2008-08-25,CIP
14822355,12255518,2008-10-21,CON
14822355,13445126,2012-04-12,CON
14822355,14812717,2015-07-29,CON
14822357,61676422,2012-07-27,PRO
14822357,13800069,2013-03-13,CON
14822360,62035003,2014-08-08,PRO
14822363,61438185,2011-01-31,PRO
14822363,13362612,2012-01-31,CON
14822364,62034877,2014-08-08,PRO
14822366,61611400,2012-03-15,PRO
14822366,13801191,2013-03-13,CON
14822368,14230864,2014-03-31,CIP
14822368,61972834,2014-03-31,PRO
14822368,61972843,2014-03-31,PRO
14822368,61972848,2014-03-31,PRO
14822368,61972861,2014-03-31,PRO
14822368,61972865,2014-03-31,PRO
14822368,61972879,2014-03-31,PRO
14822368,61972878,2014-03-31,PRO
14822368,61972890,2014-03-31,PRO
14822368,61972892,2014-03-31,PRO
14822368,61973287,2014-04-01,PRO
14822368,14672876,2015-03-30,CON
14822371,14206908,2014-03-12,CON
14822372,PCT/EP2014/000149,2014-01-21,CON
14822374,12270155,2008-11-13,CON
14822376,13667384,2012-11-02,DIV
14822377,12761720,2010-04-16,CON
14822378,13704767,2012-12-17,DIV
14822378,PCT/JP2011/001319,2011-03-07,NST
14822380,62035901,2014-08-11,PRO
14822380,62042076,2014-08-26,PRO
14822381,62036347,2014-08-12,PRO
14822384,61561687,2011-11-18,PRO
14822384,13679630,2012-11-16,CON
14822385,62034861,2014-08-08,PRO
14822386,12771104,2010-04-30,CON
14822387,62035020,2014-08-08,PRO
14822390,14106574,2013-12-13,DIV
14822391,61677687,2012-07-31,PRO
14822391,13776040,2013-02-25,CON
14822392,61043097,2008-04-07,PRO
14822392,12123391,2008-05-19,CON
14822398,14199696,2014-03-06,DIV
14822399,09594775,2000-06-16,CON
14822399,10636588,2003-08-08,CON
14822399,11362722,2006-02-28,CON
14822399,12382597,2009-03-19,CON
14822399,13137524,2011-08-24,CON
14822399,13871375,2013-04-26,CON
14822400,61225965,2009-07-16,PRO
14822400,12792957,2010-06-03,CON
14822401,13665361,2012-10-31,CON
14822405,60518119,2003-11-07,PRO
14822405,10983458,2004-11-08,CON
14822405,12633917,2009-12-09,CON
14822408,11846586,2007-08-29,CON
14822408,11846617,2007-08-29,CON
14822410,62035988,2014-08-11,PRO
14822410,62100285,2015-01-06,PRO
14822411,62036012,2014-08-11,PRO
14822412,14008089,2013-12-03,DIV
14822412,PCT/JP2012/058418,2012-03-29,NST
14822414,PCT/CN2014/071890,2014-02-07,CON
14822416,62035700,2014-08-11,PRO
14822418,62034894,2014-08-08,PRO
14822418,62034914,2014-08-08,PRO
14822421,13641331,2012-10-15,CON
14822421,PCT/EP2011/055955,2011-04-14,NST
14822423,13125508,2011-04-21,CON
14822423,14246901,2014-04-07,DIV
14822423,PCT/EP2009/064007,2009-10-23,NST
14822426,60119311,1999-02-08,PRO
14822426,12629842,2009-12-02,CON
14822428,PCT/US2014/015636,2014-02-10,CON
14822429,61100721,2008-09-27,PRO
14822429,61108743,2008-10-27,PRO
14822429,61121159,2008-12-09,PRO
14822429,61142796,2009-01-06,PRO
14822429,61142818,2009-01-06,PRO
14822429,61142880,2009-01-06,PRO
14822429,61142885,2009-01-06,PRO
14822429,61142887,2009-01-06,PRO
14822429,61142889,2009-01-06,PRO
14822429,61142977,2009-01-07,PRO
14822429,61143058,2009-01-07,PRO
14822429,61147386,2009-01-26,PRO
14822429,61152086,2009-02-12,PRO
14822429,61152390,2009-02-13,PRO
14822429,61156764,2009-03-02,PRO
14822429,61163695,2009-03-26,PRO
14822429,61169240,2009-04-14,PRO
14822429,61172633,2009-04-24,PRO
14822429,61173747,2009-04-29,PRO
14822429,61178508,2009-05-15,PRO
14822429,61182768,2009-06-01,PRO
14822429,12567716,2009-09-25,CIP
14822429,12639489,2009-12-16,CIP
14822429,12647705,2009-12-28,CIP
14822429,12705582,2010-02-13,CIP
14822429,12721118,2010-03-10,CIP
14822429,12749571,2010-03-30,CIP
14822429,12757716,2010-04-09,CIP
14822429,12759047,2010-04-13,CIP
14822429,12767633,2010-04-26,CIP
14822429,12770137,2010-04-29,CIP
14822429,12789611,2010-05-28,CIP
14822429,61530495,2011-09-02,PRO
14822429,13536435,2012-06-28,CIP
14822429,13603002,2012-09-04,CON
14822430,10445798,2003-05-28,CON
14822430,12430790,2009-04-27,CON
14822430,13330225,2011-12-19,CON
14822431,11760200,2007-06-08,CIP
14822431,13492410,2012-06-08,CON
14822433,11276962,2006-03-19,DIV
14822433,12656739,2010-02-16,CON
14822433,13033211,2011-02-23,CON
14822433,13622981,2012-09-19,CIP
14822433,13964883,2013-08-12,CIP
14822437,60986155,2007-11-07,PRO
14822437,PCT/US08/82414,2008-11-05,NST
14822437,12742039,2010-06-23,DIV
14822439,13811115,2013-01-18,CON
14822439,PCT/KR2011/005721,2011-08-04,NST
14822441,12772029,2010-04-30,CON
14822441,13752270,2013-01-28,CON
14822442,10035337,2002-01-04,DIV
14822442,11282675,2005-11-21,CON
14822442,11856541,2007-09-17,DIV
14822442,11929191,2007-10-30,CON
14822442,12712888,2010-02-25,CON
14822442,13347485,2012-01-10,CON
14822442,13846741,2013-03-18,CON
14822442,14467762,2014-08-25,CON
14822444,09892350,2001-06-26,CON
14822444,12853193,2010-08-09,CON
14822445,12600027,2009-12-28,CON
14822445,PCT/AU2008/000677,2008-05-14,NST
14822446,12388910,2009-02-19,CON
14822446,13152505,2011-06-03,CON
14822446,13788805,2013-03-07,CON
14822446,14546458,2014-11-18,CON
14822446,14686375,2015-04-14,CON
14822452,61594542,2012-02-03,PRO
14822452,13756672,2013-02-01,CON
14822454,11971896,2008-01-09,DIV
14822455,13747531,2013-01-23,CON
14822455,PCT/GB2011/051777,2011-09-21,CIP
14822455,PCT/GB2011/051843,2011-09-29,CIP
14822455,PCT/GB2011/051964,2011-10-12,CIP
14822456,12335301,2008-12-15,CON
14822457,61409662,2010-11-03,PRO
14822457,61410162,2010-11-04,PRO
14822457,61410642,2010-11-05,PRO
14822457,61411209,2010-11-08,PRO
14822457,61512614,2011-07-28,PRO
14822457,13288597,2011-11-03,CON
14822457,14070018,2013-11-01,CON
14822467,61013772,2007-12-14,PRO
14822467,PCT/US08/86895,2008-12-15,NST
14822467,12808042,2011-01-21,DIV
14822467,13951679,2013-07-26,CON
14822469,62035797,2014-08-11,PRO
14822470,62034982,2014-08-08,PRO
14822471,12333325,2008-12-12,CON
14822471,13346710,2012-01-09,CON
14822473,61637928,2012-04-25,PRO
14822473,13868822,2013-04-23,CIP
14822473,14181050,2014-02-14,CIP
14822477,11629579,2007-02-28,DIV
14822477,12986820,2011-01-07,DIV
14822477,14052133,2013-10-11,DIV
14822477,PCT/FR2005/001379,2005-06-06,NST
14822478,14190745,2014-02-26,DIV
14822479,62035280,2014-08-08,PRO
14822488,60789749,2006-04-06,PRO
14822488,60789748,2006-04-06,PRO
14822488,60789746,2006-04-06,PRO
14822488,60789745,2006-04-06,PRO
14822488,60789744,2006-04-06,PRO
14822488,60789743,2006-04-06,PRO
14822488,60789766,2006-04-06,PRO
14822488,60789958,2006-04-06,PRO
14822488,60824649,2006-09-06,PRO
14822488,60828491,2006-10-06,PRO
14822488,11697647,2007-04-06,CON
14822491,11705101,2007-02-12,CON
14822491,13317783,2011-10-28,CON
14822491,14219667,2014-03-19,CON
14822492,62038070,2014-08-15,PRO
14822494,14135649,2013-12-20,CON
14822497,60567425,2004-04-29,PRO
14822497,60567426,2004-04-29,PRO
14822497,60567427,2004-04-29,PRO
14822497,60567428,2004-04-29,PRO
14822497,60567429,2004-04-29,PRO
14822497,11118504,2005-04-29,CIP
14822497,11118503,2005-04-29,CIP
14822497,11118530,2005-04-29,CIP
14822497,60755486,2006-01-03,PRO
14822497,11619589,2007-01-03,DIV
14822501,14104030,2013-12-12,CON
14822504,62035032,2014-08-08,PRO
14822508,61545261,2011-10-10,PRO
14822508,61556160,2011-11-04,PRO
14822508,13647902,2012-10-09,CIP
14822510,PCT/JP2013/083835,2013-12-18,CON
14822512,61076221,2008-06-27,PRO
14822512,12493912,2009-06-29,CON
14822512,13445979,2012-04-13,CON
14822512,13524812,2012-06-15,CON
14822513,13818077,2013-03-26,CON
14822513,PCT/NZ2011/000171,2011-08-26,NST
14822514,62035790,2014-08-11,PRO
14822514,62153818,2015-04-28,PRO
14822515,61008326,2007-12-19,PRO
14822515,12339748,2008-12-19,CIP
14822515,12499592,2009-07-08,CON
14822515,14156568,2014-01-16,DIV
14822516,13519649,2012-08-07,CON
14822517,61413856,2010-11-15,PRO
14822517,61466696,2011-03-23,PRO
14822517,13295742,2011-11-14,CON
14822517,14477455,2014-09-04,CON
14822519,12982322,2010-12-30,CON
14822519,13784205,2013-03-04,CON
14822520,13205369,2011-08-08,CON
14822520,13956633,2013-08-01,CON
14822522,12966572,2010-12-13,CON
14822524,61714731,2012-10-16,PRO
14822524,13950054,2013-07-24,CON
14822524,14293356,2014-06-02,CON
14822525,60957161,2007-08-21,PRO
14822525,12194939,2008-08-20,DIV
14822525,14027833,2013-09-16,CON
14822527,12280585,2008-11-14,DIV
14822527,PCT/US2007/006679,2007-03-16,NST
14822528,PCT/US2015/028644,2015-04-30,CON
14822529,13232577,2011-09-14,CON
14822533,13918569,2013-06-14,DIV
14822534,13564003,2012-08-01,DIV
14822534,14631551,2015-02-25,CON
14822536,61863864,2013-08-08,PRO
14822536,14026685,2013-09-13,REI
14822537,PCT/EP2014/000313,2014-02-05,CON
14822539,60613556,2004-09-27,PRO
14822539,11235843,2005-09-27,CON
14822539,13959102,2013-08-05,CON
14822540,13096991,2011-04-28,CON
14822541,62036779,2014-08-13,PRO
14822543,14462164,2014-08-18,CON
14822545,62034987,2014-08-08,PRO
14822546,62035257,2014-08-08,PRO
14822556,62036036,2014-08-11,PRO
14822557,12874867,2010-09-02,DIV
14822557,13723537,2012-12-21,CON
14822558,29353432,2010-01-08,CON
14822558,29364452,2010-06-23,CIP
14822558,12939446,2010-11-04,CON
14822558,14513738,2014-10-14,CON
14822559,61427434,2010-12-27,PRO
14822559,13336835,2011-12-23,CON
14822562,62035788,2014-08-11,PRO
14822562,62140282,2015-03-30,PRO
14822563,61163267,2009-03-25,PRO
14822563,12730297,2010-03-24,CON
14822563,13117836,2011-05-27,CON
14822568,11704115,2007-02-08,DIV
14822568,13323636,2011-12-12,DIV
14822571,61988909,2014-05-06,PRO
14822571,62054185,2014-09-23,PRO
14822571,14702336,2015-05-01,CIP
14822575,14016949,2013-09-03,DIV
14822577,61999921,2014-08-11,PRO
14822578,60692504,2005-06-21,PRO
14822578,11229156,2005-09-16,CON
14822578,12632716,2009-12-07,CON
14822578,14299730,2014-06-09,CON
14822583,62035666,2014-08-11,PRO
14822584,62034882,2014-08-08,PRO
14822586,13532279,2012-06-25,DIV
14822589,62037201,2014-08-14,PRO
14822589,62055319,2014-09-25,PRO
14822590,60752205,2005-12-19,PRO
14822590,11612449,2006-12-18,CON
14822591,62035239,2014-08-08,PRO
14822601,62146906,2015-04-13,PRO
14822602,61195281,2008-10-06,PRO
14822602,12537224,2009-08-06,CIP
14822602,12582703,2009-10-20,CIP
14822602,61433899,2011-01-18,PRO
14822602,13304132,2011-11-23,CIP
14822602,13420432,2012-03-14,CIP
14822602,61771773,2013-03-01,PRO
14822602,14010469,2013-08-26,CON
14822603,62041534,2014-08-25,PRO
14822608,60420683,2002-10-23,PRO
14822608,PCT/US03/28037,2003-09-08,CON
14822608,11237251,2005-09-08,CON
14822609,13650658,2012-10-12,CON
14822611,61725998,2012-11-13,PRO
14822611,14029901,2013-09-18,CON
14822612,61647593,2012-05-16,PRO
14822612,13570823,2012-08-09,DIV
14822613,61938475,2014-02-11,PRO
14822613,14302171,2014-06-11,CON
14822615,13446931,2012-04-13,CON
14822615,13760942,2013-02-06,CON
14822617,60925269,2007-04-19,PRO
14822617,11963547,2007-12-21,CON
14822618,61559321,2011-11-14,PRO
14822618,13673220,2012-11-09,CON
14822620,PCT/JP2014/052101,2014-01-30,CON
14822623,61268947,2009-06-18,PRO
14822623,12818045,2010-06-17,CON
14822623,13745615,2013-01-18,CON
14822623,14281556,2014-05-19,CON
14822624,60976555,2007-10-01,PRO
14822624,12243968,2008-10-01,CON
14822624,12977825,2010-12-23,DIV
14822624,13569900,2012-08-08,CON
14822624,13925096,2013-06-24,CON
14822624,14658407,2015-03-16,CON
14822626,13780457,2013-02-28,CIP
14822626,62104482,2015-01-30,PRO
14822627,14235022,2014-01-24,CON
14822628,61661329,2012-06-18,PRO
14822628,61680544,2012-08-07,PRO
14822628,13920012,2013-06-17,CON
14822629,13730260,2012-12-28,CON
14822633,61429917,2011-01-05,PRO
14822633,13344375,2012-01-05,CIP
14822633,14635562,2015-03-02,CIP
14822633,62150652,2015-04-21,PRO
14822634,12411879,2009-03-26,CON
14822635,PCT/JP2014/054199,2014-02-21,CON
14822637,62035856,2014-08-11,PRO
14822640,12908534,2010-10-20,CON
14822640,13970349,2013-08-19,CON
14822643,PCT/CN2014/075258,2014-04-14,CON
14822644,62035372,2014-08-08,PRO
14822645,13939394,2013-07-11,CIP
14822646,10837260,2004-04-30,CIP
14822646,11303462,2005-12-15,CON
14822646,11368845,2006-03-06,CIP
14822646,11371118,2006-03-08,DIV
14822646,14228020,2014-03-27,CON
14822647,13375864,2011-12-02,CIP
14822647,PCT/US2010/036189,2010-05-26,NST
14822649,62036002,2014-08-11,PRO
14822652,13307065,2011-11-30,DIV
14822655,13899322,2013-05-21,CON
14822656,61261780,2009-11-17,PRO
14822656,12650141,2009-12-30,CON
14822657,13618066,2012-09-14,CON
14822657,PCT/JP2011/055915,2011-03-14,CON
14822660,13660646,2012-10-25,CON
14822661,13130548,2011-05-20,DIV
14822661,14075917,2013-11-08,CON
14822661,PCT/US2009/065359,2009-11-20,NST
14822663,PCT/EP2014/052568,2014-02-10,CON
14822664,13541708,2012-07-04,CON
14822666,13797862,2013-03-12,CIP
14822667,10941457,2004-09-14,CON
14822667,13965116,2013-08-12,CON
14822670,12824291,2010-06-28,DIV
14822671,12953584,2010-11-24,DIV
14822676,61800066,2013-03-15,PRO
14822676,14214234,2014-03-14,CON
14822678,PCT/EP2014/075801,2014-11-27,CON
14822682,11181509,2005-07-13,CIP
14822682,11181428,2005-07-13,CIP
14822682,11181187,2005-07-13,CIP
14822682,11181178,2005-07-13,CIP
14822682,11181409,2005-07-13,CIP
14822682,11255821,2005-10-19,DIV
14822682,11857223,2007-09-18,CON
14822682,13536479,2012-06-28,CON
14822682,14059025,2013-10-21,CON
14822683,14231349,2014-03-31,CIP
14822684,62035517,2014-08-11,PRO
14822685,13931640,2013-06-28,CON
14822687,61189853,2008-08-21,PRO
14822687,12545755,2009-08-21,DIV
14822691,11667275,2007-07-25,DIV
14822691,13968309,2013-08-15,CON
14822691,PCT/JP2005/020453,2005-11-08,NST
14822692,62035260,2014-08-08,PRO
14822693,13870938,2013-04-25,CON
14822694,14423667,2015-07-23,CON
14822694,PCT/US2012/052203,2012-08-24,NST
14822697,62035975,2014-08-11,PRO
14822700,13289613,2011-11-04,CIP
14822700,13289613,2011-11-04,CON
14822700,61657607,2012-06-08,PRO
14822700,13692739,2012-12-03,CIP
14822700,13913326,2013-06-07,CIP
14822700,61837539,2013-06-20,PRO
14822700,61892346,2013-10-17,PRO
14822700,14260206,2014-04-23,CIP
14822700,14309602,2014-06-19,CON
14822700,PCT/US2013/035623,2013-04-08,CIP
14822704,12414260,2009-03-30,CON
14822705,61684672,2012-08-17,PRO
14822705,61697710,2012-09-06,PRO
14822705,61700182,2012-09-12,PRO
14822705,61702650,2012-09-18,PRO
14822705,61736692,2012-12-13,PRO
14822705,61798821,2013-03-15,PRO
14822705,61804942,2013-03-25,PRO
14822705,61804971,2013-03-25,PRO
14822705,61804990,2013-03-25,PRO
14822705,61804998,2013-03-25,PRO
14822705,61805003,2013-03-25,PRO
14822705,61805027,2013-03-25,PRO
14822705,61805030,2013-03-25,PRO
14822705,61805038,2013-03-25,PRO
14822705,61805042,2013-03-25,PRO
14822705,61805053,2013-03-25,PRO
14822705,13968867,2013-08-16,CON
14822705,13968876,2013-08-16,CON
14822705,13968897,2013-08-16,CON
14822705,13968903,2013-08-16,CON
14822705,13968913,2013-08-16,CON
14822705,14407593,2014-12-12,CON
14822705,14407598,2014-12-12,CON
14822705,PCT/US2013/036782,2013-04-16,NST
14822705,PCT/US2013/036844,2013-04-16,NST
14822706,62035486,2014-08-10,PRO
14822708,12618721,2009-11-14,CIP
14822708,14016200,2013-09-02,DIV
14822709,13647250,2012-10-08,CON
14822714,60971813,2007-09-12,PRO
14822714,12206564,2008-09-08,CON
14822714,13108717,2011-05-16,CON
14822714,13872931,2013-04-29,CON
14822715,13843195,2013-03-15,CON
14822716,PCT/US2014/028604,2014-03-14,CON
14822717,61820744,2013-05-08,PRO
14822717,14256951,2014-04-19,CIP
14822718,13850550,2013-03-26,DIV
14822724,PCT/JP2014/061328,2014-04-22,CON
14822725,13706350,2012-12-05,CON
14822725,14148704,2014-01-06,CON
14822727,14014523,2013-08-30,CIP
14822732,14362863,2014-06-04,CON
14822732,PCT/US2012/068817,2012-12-10,NST
14822734,62004091,2014-05-28,PRO
14822734,14723316,2015-05-27,CON
14822738,PCT/JP2013/057916,2013-03-20,CON
14822741,12301767,2008-11-20,CON
14822741,PCT/IB2007/001365,2007-05-25,NST
14822742,12473987,2009-05-28,CON
14822745,62035996,2014-08-11,PRO
14822748,60776127,2006-02-22,PRO
14822748,11528979,2006-09-27,CON
14822748,12955628,2010-11-29,CON
14822748,13559249,2012-07-26,CON
14822750,13015396,2011-01-27,CON
14822751,10209476,2002-07-31,CON
14822751,14190675,2014-02-26,CON
14822754,61389000,2010-10-01,PRO
14822754,61389087,2010-10-01,PRO
14822754,61389117,2010-10-01,PRO
14822754,13222970,2011-08-31,CIP
14822754,61539884,2011-09-27,PRO
14822754,13364500,2012-02-02,CON
14822756,PCT/JP2014/068631,2014-07-11,CON
14822757,13306801,2011-11-29,CON
14822760,13705115,2012-12-04,CIP
14822760,61860172,2013-07-30,PRO
14822760,13972579,2013-08-21,CON
14822761,61560694,2011-11-16,PRO
14822761,61597138,2012-02-09,PRO
14822761,13674825,2012-11-12,CON
14822762,61355138,2010-06-15,PRO
14822762,61355144,2010-06-16,PRO
14822762,61355145,2010-06-16,PRO
14822762,61355150,2010-06-16,PRO
14822762,12893963,2010-09-29,CON
14822762,13887172,2013-05-03,CON
14822763,62035765,2014-08-11,PRO
14822763,62035776,2014-08-11,PRO
14822763,62035843,2014-08-11,PRO
14822763,62035862,2014-08-11,PRO
14822764,60968246,2007-08-27,PRO
14822764,60972191,2007-09-13,PRO
14822764,12198001,2008-08-25,CIP
14822764,12482280,2009-06-10,CIP
14822764,12797372,2010-06-09,CON
14822764,13758855,2013-02-04,CON
14822772,PCT/JP2014/068630,2014-07-11,CON
14822779,62035557,2014-08-11,PRO
14822780,62036053,2014-08-11,PRO
14822781,13449248,2012-04-17,CIP
14822781,13452032,2012-04-20,CIP
14822781,61680221,2012-08-06,PRO
14822781,13682618,2012-11-20,CON
14822781,14657380,2015-03-13,CON
14822781,14735043,2015-06-09,CON
14822782,61751648,2013-01-11,PRO
14822782,14152865,2014-01-10,CON
14822784,PCT/JP2013/059570,2013-03-29,CON
14822791,PCT/JP2014/071446,2014-08-14,CON
14822794,62036803,2014-08-13,PRO
14822795,13598016,2012-08-29,DIV
14822795,14178951,2014-02-12,CON
14822796,62034932,2014-08-08,PRO
14822797,13263701,2011-12-19,CON
14822797,PCT/EP2010/054592,2010-04-07,NST
14822799,62035296,2014-08-08,PRO
14822800,11691208,2007-03-26,DIV
14822800,14040689,2013-09-29,CON
14822801,14015725,2013-08-30,DIV
14822802,13142823,2011-08-19,CON
14822802,14169051,2014-01-30,CON
14822802,PCT/EP2009/064273,2009-10-29,NST
14822805,13753051,2013-01-29,CIP
14822806,PCT/JP2013/063063,2013-05-09,CON
14822807,14239524,2014-02-18,CON
14822807,PCT/US2012/051351,2012-08-17,NST
14822810,61761195,2013-02-05,PRO
14822810,13828974,2013-03-14,CON
14822810,14281797,2014-05-19,CON
14822816,61893829,2013-10-21,PRO
14822816,14091280,2013-11-26,DIV
14822818,12481784,2009-06-10,DIV
14822818,13932180,2013-07-01,DIV
14822818,14187308,2014-02-23,DIV
14822819,13961077,2013-08-07,CON
14822822,62035140,2014-08-08,PRO
14822823,13118995,2011-05-31,CON
14822825,62036034,2014-08-11,PRO
14822827,62036004,2014-08-11,PRO
14822829,61014427,2007-12-17,PRO
14822829,12335505,2008-12-15,DIV
14822829,13933388,2013-07-02,CON
14822830,13148350,2011-11-02,CON
14822830,14321514,2014-07-01,CON
14822830,PCT/US2010/023543,2010-02-09,NST
14822832,13944518,2013-07-17,CON
14822833,11999475,2007-12-05,CON
14822834,13607380,2012-09-07,CON
14822837,12243371,2008-10-01,CON
14822837,14594119,2015-01-10,CON
14822839,62035361,2014-08-08,PRO
14822840,61811981,2013-04-15,PRO
14822840,61865954,2013-08-14,PRO
14822840,61870698,2013-08-27,PRO
14822840,61891217,2013-10-15,PRO
14822840,61904205,2013-11-14,PRO
14822840,61924572,2014-01-07,PRO
14822840,61926749,2014-01-13,PRO
14822840,14253476,2014-04-15,CON
14822842,62035139,2014-08-08,PRO
14822844,61362231,2010-07-07,PRO
14822844,13178336,2011-07-07,CIP
14822850,61413736,2010-11-15,PRO
14822850,13167165,2011-06-23,CON
14822850,14336185,2014-07-21,CON
14822855,61811981,2013-04-15,PRO
14822855,61865954,2013-08-14,PRO
14822855,61870698,2013-08-27,PRO
14822855,61891217,2013-10-15,PRO
14822855,61904205,2013-11-14,PRO
14822855,61924572,2014-01-07,PRO
14822855,61926749,2014-01-13,PRO
14822855,14253067,2014-04-15,CON
14822856,13295087,2011-11-13,CON
14822857,62034994,2014-08-08,PRO
14822857,62109658,2015-01-30,PRO
14822858,61648064,2012-05-16,PRO
14822858,13833381,2013-03-15,DIV
14822859,61644859,2012-05-09,PRO
14822859,13890753,2013-05-09,CON
14822862,61655315,2012-06-04,PRO
14822862,13908179,2013-06-03,CIP
14822862,13916022,2013-06-12,CIP
14822862,62073468,2014-10-31,PRO
14822863,13390502,2012-02-14,CON
14822863,14295215,2014-06-03,CON
14822863,PCT/KR2010/005339,2012-02-14,NST
14822865,13631197,2012-09-28,CON
14822867,62035248,2014-08-08,PRO
14822869,62035249,2014-08-08,PRO
14822870,62036513,2014-08-12,PRO
14822871,13794528,2013-03-11,CON
14822873,61087722,2008-08-10,PRO
14822873,PCT/US09/53307,2009-08-10,NST
14822873,13058179,2011-04-29,DIV
14822876,62035445,2014-08-10,PRO
14822877,62037256,2014-08-14,PRO
14822886,13895938,2013-05-16,CIP
14822888,61484638,2011-05-10,PRO
14822888,13467969,2012-05-09,CON
14822888,13749609,2013-01-24,CON
14822890,62035362,2014-08-08,PRO
14822901,61978964,2014-04-13,PRO
14822901,14299025,2014-06-09,CON
14822907,13968391,2013-08-15,DIV
14822919,62035561,2014-08-11,PRO
14822920,13456228,2012-04-26,CON
14822920,13864756,2013-04-17,CON
14822920,PCT/NL2010/000146,2010-10-19,CON
14822921,61492822,2011-06-03,PRO
14822921,13483705,2012-05-30,DIV
14822924,62036284,2014-08-12,PRO
14822928,14263423,2014-04-28,DIV
14822935,13487077,2012-06-01,CON
14822936,14163324,2014-01-24,CON
14822937,14089905,2013-11-26,CON
14822938,61459613,2010-12-16,PRO
14822938,13314735,2011-12-08,DIV
14822942,14093646,2013-12-02,DIV
14822943,PCT/JP2013/083693,2013-12-17,CON
14822947,61175815,2009-05-06,PRO
14822947,12753998,2010-04-05,CON
14822947,13672725,2012-11-09,CON
14822950,61782307,2013-03-14,PRO
14822950,14038097,2013-09-26,CON
14822952,12842244,2010-07-23,CIP
14822956,29421549,2012-03-15,CIP
14822956,61643411,2012-05-07,PRO
14822956,13470870,2012-05-14,CON
14822957,12849072,2010-08-03,DIV
14822957,13891224,2013-05-10,DIV
14822959,14097570,2013-12-05,DIV
14822961,62036158,2014-08-12,PRO
14822963,13194031,2011-07-29,CON
14822963,14542755,2014-11-17,CIP
14822964,12215919,2008-06-30,CON
14822964,13348211,2012-01-11,DIV
14822965,14197433,2014-03-05,DIV
14822966,62035538,2014-08-11,PRO
14822970,61913550,2013-12-09,PRO
14822970,61913572,2013-12-09,PRO
14822970,14550071,2014-11-21,CIP
14822970,14550183,2014-11-21,CIP
14822974,61191836,2008-09-12,PRO
14822974,12558520,2009-09-14,CON
14822975,62036268,2014-08-12,PRO
14822977,13847528,2013-03-20,CON
14822979,61191836,2008-09-12,PRO
14822979,12558520,2009-09-14,CIP
14822979,61310694,2010-03-04,PRO
14822979,13040335,2011-03-04,CON
14822982,62035616,2014-08-11,PRO
14822992,14249403,2014-04-10,CON
14822995,12581187,2009-10-19,CON
14822995,14496404,2014-09-25,CON
14823002,62015386,2014-06-20,PRO
14823002,14745674,2015-06-22,CIP
14823012,14266984,2014-05-01,CON
14823013,13832093,2013-03-15,CON
14823014,13024088,2011-02-09,CON
14823014,14029951,2013-09-18,CON
14823014,14245078,2014-04-04,CON
14823014,14245108,2014-04-04,CON
14823016,60857807,2006-11-09,PRO
14823016,11937917,2007-11-09,CON
14823024,61906146,2013-11-19,PRO
14823024,14526354,2014-10-28,CON
14823025,62036741,2014-08-13,PRO
14823026,13837744,2013-03-15,CIP
14823026,14195251,2014-03-03,CON
14823028,61731598,2012-11-30,PRO
14823028,61819226,2013-05-03,PRO
14823028,14091742,2013-11-27,CON
14823030,62036324,2014-08-12,PRO
14823033,13771370,2013-02-20,CON
14823035,13141085,2011-09-07,DIV
14823035,PCT/EP2009/067832,2009-12-23,NST
14823037,61379795,2010-09-03,PRO
14823037,13223784,2011-09-01,DIV
14823040,61701329,2012-09-14,PRO
14823040,14027183,2013-09-14,CIP
14823040,14485690,2014-09-13,CIP
14823044,14079898,2013-11-14,CON
14823045,13955434,2013-07-31,CON
14823047,61954185,2014-03-17,PRO
14823047,14659826,2015-03-17,CIP
14823052,61915331,2013-12-12,PRO
14823052,14564957,2014-12-09,DIV
14823053,PCT/JP2014/052247,2014-01-31,CON
14823054,PCT/JP2014/054409,2014-02-25,CON
14823057,61321329,2010-04-06,PRO
14823057,61321332,2010-04-06,PRO
14823057,13081254,2011-04-06,DIV
14823057,13529542,2012-06-21,CON
14823057,13935021,2013-07-03,CON
14823062,13674143,2012-11-12,CON
14823063,13696346,2012-11-27,CON
14823063,PCT/US2011/035468,2011-05-06,NST
14823065,62038896,2014-08-19,PRO
14823066,61379799,2010-09-03,PRO
14823066,13223884,2011-09-01,DIV
14823068,62036319,2014-08-12,PRO
14823074,62036254,2014-08-12,PRO
14823078,14077410,2013-11-12,DIV
14823080,PCT/CN2014/079124,2014-06-04,CON
14823086,61116887,2008-11-21,PRO
14823086,61141470,2008-12-30,PRO
14823086,12622793,2009-11-20,CON
14823086,13774332,2013-02-22,CON
14823089,62037757,2014-08-15,PRO
14823090,13772863,2013-02-21,CON
14823090,14467188,2014-08-25,CON
14823092,62036193,2014-08-12,PRO
14823093,62036156,2014-08-12,PRO
14823094,13827691,2013-03-14,CON
14823095,PCT/GB2014/050443,2014-02-14,CON
14823100,12067115,2008-09-04,CON
14823100,13328890,2011-12-16,CON
14823100,13924399,2013-06-21,CON
14823100,14570197,2014-12-15,CON
14823100,PCT/EP2006/008369,2006-08-25,NST
14823101,62035894,2014-08-11,PRO
14823102,13834613,2013-03-15,DIV
14823104,61417606,2010-11-29,PRO
14823104,61533530,2011-09-12,PRO
14823104,13271851,2011-10-12,CON
14823105,13792004,2013-03-09,CON
14823106,62036399,2014-08-12,PRO
14823107,61799219,2013-03-15,PRO
14823107,13892887,2013-05-13,CON
14823109,13074029,2011-03-29,CON
14823110,62036096,2014-08-11,PRO
14823110,62062141,2014-10-09,PRO
14823110,62062143,2014-10-09,PRO
14823111,PCT/JP2013/084610,2013-12-25,CON
14823112,13304726,2011-11-28,CON
14823113,14037415,2013-09-26,DIV
14823114,61999955,2014-08-11,PRO
14823117,62035688,2014-08-11,PRO
14823119,60698254,2005-07-11,PRO
14823119,11482424,2006-07-07,CON
14823119,12688057,2010-01-15,CON
14823120,PCT/EP2014/054042,2014-03-03,CON
14823123,61541168,2011-09-30,PRO
14823123,13552966,2012-07-19,CON
14823124,13522074,2013-05-29,CON
14823124,PCT/US2011/021140,2011-01-13,NST
14823125,60943823,2007-06-13,PRO
14823125,PCT/US08/66953,2008-06-13,NST
14823125,12664626,2010-05-28,CON
14823132,62035706,2014-08-11,PRO
14823133,11844912,2007-08-24,CON
14823138,61566244,2011-12-02,PRO
14823138,13679225,2012-11-16,DIV
14823138,14253518,2014-04-15,CON
14823140,14163345,2014-01-24,CON
14823150,PCT/JP2013/084006,2013-12-19,CON
14823151,11426916,2006-06-27,CON
14823151,12471186,2009-05-22,CON
14823151,13037912,2011-03-01,CON
14823151,13585073,2012-08-14,CON
14823151,13948930,2013-07-23,CON
14823151,14320862,2014-07-01,CON
14823151,14610969,2015-01-30,CON
14823153,PCT/JP2013/063417,2013-05-14,CON
14823157,13046413,2011-03-11,CIP
14823157,13110709,2011-05-18,CIP
14823157,13475881,2012-05-18,CON
14823157,13901243,2013-05-23,CON
14823161,13039559,2011-03-03,DIV
14823161,14058342,2013-10-21,CON
14823163,61753435,2013-01-17,PRO
14823163,14157520,2014-01-17,DIV
14823166,PCT/EP2014/052398,2014-02-07,CON
14823168,13978091,2013-10-09,CON
14823168,PCT/EP2012/050049,2012-01-03,NST
14823174,62039028,2014-08-19,PRO
14823174,62056897,2014-09-29,PRO
14823176,11786663,2007-04-11,CON
14823177,PCT/JP2014/000858,2014-02-19,CON
14823178,62037017,2014-08-13,PRO
14823181,13037396,2011-03-01,CON
14823182,PCT/JP2014/001274,2014-03-07,CON
14823186,12377617,2009-02-16,CON
14823186,13975251,2013-08-23,CON
14823186,PCT/KR2007/001433,2007-03-23,NST
14823188,13543333,2012-07-06,CON
14823188,14025239,2013-09-12,CON
14823192,12993228,2011-01-21,CON
14823192,PCT/GB2009/001219,2009-05-15,NST
14823196,61401718,2010-08-18,PRO
14823196,61403813,2010-09-22,PRO
14823196,13212483,2011-09-21,DIV
14823197,PCT/EP2014/052625,2014-02-11,CON
14823199,13486599,2012-06-01,CON
14823199,PCT/IB2010/003307,2010-12-03,CON
14823202,62036703,2014-08-13,PRO
14823203,PCT/JP2014/053530,2014-02-14,CON
14823206,61602883,2012-02-24,PRO
14823206,13770104,2013-02-19,DIV
14823214,61401718,2010-08-18,PRO
14823214,61403813,2010-09-22,PRO
14823214,13212483,2011-09-21,DIV
14823215,61751787,2013-01-11,PRO
14823215,61759996,2013-02-01,PRO
14823215,13842282,2013-03-15,CIP
14823215,14249946,2014-04-10,DIV
14823215,PCT/US2014/011236,2014-01-13,CIP
14823220,61300963,2010-02-03,PRO
14823220,13020568,2011-02-03,CIP
14823220,13837009,2013-03-15,CIP
14823220,62036228,2014-08-12,PRO
14823223,13313234,2011-12-07,DIV
14823225,13744454,2013-01-18,DIV
14823225,PCT/US2011/045265,2011-07-26,CON
14823226,14242329,2014-04-01,DIV
14823228,PCT/JP2013/060530,2013-04-05,CON
14823234,62035875,2014-08-11,PRO
14823235,10725274,2003-11-25,CON
14823235,14087429,2013-11-22,CON
14823236,PCT/JP2013/065281,2013-05-31,CON
14823240,61725918,2012-11-13,PRO
14823240,13752494,2013-01-29,DIV
14823242,13985099,2013-10-25,DIV
14823242,14477897,2014-09-05,DIV
14823242,PCT/JP2011/053378,2011-02-17,NST
14823243,62036377,2014-08-12,PRO
14823244,61575300,2011-08-18,PRO
14823244,61573636,2011-09-09,PRO
14823244,13585125,2012-08-14,CON
14823244,14293056,2014-06-02,CON
14823245,13506093,2012-03-26,CIP
14823245,13964176,2013-08-12,DIV
14823245,13964214,2013-08-12,DIV
14823251,14151038,2014-01-09,DIV
14823251,14601402,2015-01-21,DIV
14823253,10590457,2006-08-25,CON
14823253,PCT/EP2005/001863,2005-02-23,NST
14823258,62035677,2014-08-11,PRO
14823261,61647697,2012-05-16,PRO
14823261,13888442,2013-05-07,CIP
14823261,61936416,2014-02-06,PRO
14823261,62011288,2014-06-12,PRO
14823261,14610052,2015-01-30,CIP
14823261,14726873,2015-06-01,CIP
14823261,14729151,2015-06-03,CIP
14823263,12257260,2008-10-23,CON
14823266,13952020,2013-07-26,DIV
14823271,11304863,2005-12-15,CIP
14823271,11304962,2005-12-15,CON
14823271,11694007,2007-03-30,CIP
14823271,11738759,2007-04-23,CIP
14823271,11972240,2008-01-10,CIP
14823271,11972259,2008-01-10,CIP
14823271,12048003,2008-03-13,CIP
14823271,12048021,2008-03-13,CIP
14823271,12125260,2008-05-22,CON
14823271,12125306,2008-05-22,CON
14823271,12125320,2008-05-22,CON
14823271,12697368,2010-02-01,CON
14823271,12795295,2010-06-07,CON
14823271,13164233,2011-06-20,CON
14823271,13169753,2011-06-27,CON
14823271,13329398,2011-12-19,CON
14823271,13584167,2012-08-13,CIP
14823271,13692583,2012-12-03,CIP
14823271,13758041,2013-02-04,CIP
14823271,14145593,2013-12-31,CIP
14823271,14467083,2014-08-25,CIP
14823271,14588317,2014-12-31,CIP
14823271,14819661,2015-08-06,CON
14823272,PCT/US2014/015405,2014-02-07,CON
14823273,12377617,2009-02-16,CON
14823273,13975251,2013-08-23,CON
14823273,PCT/KR2007/001433,2007-03-23,NST
14823278,13421665,2012-03-15,CON
14823278,14140902,2013-12-26,CON
14823278,PCT/CN2009/073943,2009-09-15,CON
14823279,61726236,2012-11-14,PRO
14823279,14077762,2013-11-12,CIP
14823280,62036039,2014-08-11,PRO
14823281,13576249,2012-11-29,DIV
14823281,PCT/US2011/023744,2011-02-04,NST
14823282,11960627,2007-12-19,CON
14823284,13262489,2012-01-25,CON
14823284,PCT/GB2010/000650,2010-03-31,NST
14823285,13691428,2012-11-30,CON
14823285,PCT/CN2011/074939,2011-05-31,CON
14823288,62035783,2014-08-11,PRO
14823290,13541006,2012-07-03,DIV
14823292,13141139,2011-06-21,DIV
14823293,14112125,2013-10-16,DIV
14823293,PCT/JP2012/062199,2012-05-11,NST
14823294,61575300,2011-08-18,PRO
14823294,61573636,2011-09-09,PRO
14823294,13585125,2012-08-14,CON
14823294,14293056,2014-06-02,CON
14823297,13715316,2012-12-14,DIV
14823299,13255487,2011-09-08,CON
14823299,PCT/US2010/026722,2010-03-09,NST
14823302,14187286,2014-02-23,CIP
14823304,61769820,2013-02-27,PRO
14823304,PCT/US14/17660,2014-02-21,CON
14823306,13206336,2011-08-09,CON
14823306,14524836,2014-10-27,CON
14823312,14332613,2014-07-16,CON
14823313,62037064,2014-08-13,PRO
14823318,11060252,2005-02-17,CON
14823318,12381515,2009-03-12,CON
14823318,13647652,2012-10-09,CON
14823318,14286224,2014-05-23,CON
14823319,14457325,2014-08-12,DIV
14823320,61741440,2012-07-20,PRO
14823320,61853061,2013-03-28,PRO
14823320,13947458,2013-07-22,CIP
14823321,61763688,2013-02-12,PRO
14823321,61790600,2013-03-15,PRO
14823321,PCT/US14/15794,2014-02-11,NST
14823325,PCT/IL2014/050196,2014-02-26,CON
14823326,13695818,2012-11-26,CON
14823326,PCT/US2011/034618,2011-04-29,NST
14823327,14298209,2014-06-06,CIP
14823330,13486717,2012-06-01,DIV
14823334,60531531,2003-12-19,PRO
14823334,60583170,2004-06-25,PRO
14823334,60604970,2004-08-27,PRO
14823334,PCT/US04/42706,2004-12-20,CIP
14823334,11921614,2010-07-28,CON
14823334,PCT/US2006/023722,2006-06-19,NST
14823335,12642659,2009-12-18,CON
14823337,PCT/JP2014/000770,2014-02-14,CON
14823338,13887674,2013-05-06,DIV
14823339,62035904,2014-08-11,PRO
14823346,62036433,2014-08-12,PRO
14823348,11304863,2005-12-15,CIP
14823348,11304962,2005-12-15,CON
14823348,11694007,2007-03-30,CIP
14823348,11738759,2007-04-23,CIP
14823348,11972240,2008-01-10,CIP
14823348,11972259,2008-01-10,CIP
14823348,12048003,2008-03-13,CIP
14823348,12048021,2008-03-13,CIP
14823348,12125260,2008-05-22,CON
14823348,12125306,2008-05-22,CON
14823348,12125320,2008-05-22,CON
14823348,12697368,2010-02-01,CON
14823348,12795295,2010-06-07,CON
14823348,13164233,2011-06-20,CON
14823348,13169753,2011-06-27,CON
14823348,13329398,2011-12-19,CON
14823348,13584167,2012-08-13,CIP
14823348,13692583,2012-12-03,CIP
14823348,13758041,2013-02-04,CIP
14823348,14145593,2013-12-31,CIP
14823348,14467083,2014-08-25,CON
14823354,PCT/JP2014/060758,2014-04-15,CON
14823356,62069206,2014-10-27,PRO
14823357,61588058,2012-01-18,PRO
14823357,13614522,2012-09-13,CON
14823357,14199531,2014-03-06,CON
14823358,13926500,2013-06-25,DIV
14823359,12897389,2010-10-04,CON
14823359,13800931,2013-03-13,CON
14823359,PCT/US2009/039424,2009-04-03,CON
14823361,62036077,2014-08-11,PRO
14823361,62042145,2014-08-26,PRO
14823362,62036938,2014-08-13,PRO
14823363,62036474,2014-08-12,PRO
14823364,62035675,2014-08-11,PRO
14823368,14012300,2013-08-28,CIP
14823369,61747635,2012-12-31,PRO
14823369,61913618,2013-12-09,PRO
14823369,14143974,2013-12-30,CON
14823376,13312258,2011-12-06,CIP
14823376,13910443,2013-06-05,CON
14823378,13819142,2013-02-26,DIV
14823378,PCT/JP2011/069178,2011-08-25,NST
14823379,61122743,2008-12-16,PRO
14823379,12639923,2009-12-16,CON
14823379,13660930,2012-10-25,CON
14823379,14338036,2014-07-22,CON
14823381,PCT/JP2014/052808,2014-02-06,CON
14823382,13229099,2011-09-09,CIP
14823384,12912735,2010-10-26,CON
14823384,14011222,2013-08-27,CON
14823388,11756357,2007-05-31,CON
14823389,13663867,2012-10-30,DIV
14823391,12999951,2011-03-24,CON
14823391,13766772,2013-02-13,CON
14823391,PCT/AU09/00785,2009-06-18,NST
14823392,13279504,2011-10-24,DIV
14823392,14159775,2014-01-21,CON
14823396,13437037,2012-04-02,CON
14823396,14453010,2014-08-06,CON
14823398,62036327,2014-08-12,PRO
14823399,13432993,2012-03-28,CIP
14823399,13449195,2012-04-17,CIP
14823399,13523694,2012-06-14,CIP
14823399,13603322,2012-09-04,CIP
14823399,13752930,2013-01-29,CIP
14823399,13872673,2013-04-29,CIP
14823399,13897492,2013-05-20,CIP
14823399,13907892,2013-06-01,CIP
14823399,14059599,2013-10-22,CIP
14823399,14067038,2013-10-30,CIP
14823399,14174171,2014-02-06,CIP
14823399,14193501,2014-02-28,CIP
14823399,14193782,2014-02-28,CIP
14823399,14198663,2014-03-06,CIP
14823399,14198702,2014-03-06,CIP
14823399,14198755,2014-03-06,CIP
14823399,14230882,2014-03-31,CIP
14823399,14271498,2014-05-07,CIP
14823399,14320352,2014-06-30,CIP
14823399,14340141,2014-07-24,CIP
14823399,14472228,2014-08-28,CIP
14823399,14668788,2015-03-25,CIP
14823399,14795834,2015-07-09,CIP
14823401,61185912,2009-06-10,PRO
14823401,61267956,2009-12-09,PRO
14823401,12813253,2010-06-10,DIV
14823408,62040016,2014-08-21,PRO
14823412,61434242,2011-01-19,PRO
14823412,13353612,2012-01-19,DIV
14823418,62036366,2014-08-12,PRO
14823420,62147487,2015-04-14,PRO
14823421,61545147,2011-10-08,PRO
14823421,13351822,2012-01-17,CON
14823422,PCT/JP2013/059760,2013-03-29,CON
14823423,10331742,2002-12-30,CON
14823423,12607633,2009-10-28,CON
14823423,13838358,2013-03-15,CON
14823423,14521989,2014-10-23,CON
14823428,13905298,2013-05-30,DIV
14823430,13390392,2012-02-14,CON
14823430,14329556,2014-07-11,CON
14823430,PCT/FR2010/051729,2010-08-18,NST
14823432,62035505,2014-08-11,PRO
14823432,62072428,2014-10-30,PRO
14823432,62147398,2015-04-14,PRO
14823434,14446520,2014-07-30,CON
14823434,PCT/JP2013/052353,2013-02-01,CON
14823435,13169507,2011-06-27,CON
14823436,13640497,2012-10-11,CON
14823436,PCT/US2011/031887,2011-04-11,NST
14823441,62014803,2014-06-20,PRO
14823441,14744515,2015-06-19,CON
14823443,62040119,2014-08-21,PRO
14823445,14195552,2014-03-03,DIV
14823449,62036446,2014-08-12,PRO
14823450,13885725,2013-07-23,CON
14823450,PCT/EP2011/005586,2011-11-07,NST
14823454,62035709,2014-08-11,PRO
14823467,12995034,2010-11-29,CON
14823467,PCT/US2008/065104,2008-05-29,NST
14823470,13659272,2012-10-24,CON
14823471,13585147,2012-08-14,CON
14823472,13885725,2013-07-23,DIV
14823472,PCT/EP2011/005586,2011-11-07,NST
14823473,61777453,2013-03-12,PRO
14823473,14205473,2014-03-12,CIP
14823474,62036001,2014-08-11,PRO
14823478,13725647,2012-12-21,CON
14823479,PCT/JP2013/076233,2013-09-27,CON
14823481,61475561,2011-04-14,PRO
14823481,61600505,2012-02-17,PRO
14823481,13447075,2012-04-13,CON
14823481,13606914,2012-09-07,CON
14823482,PCT/JP2014/050655,2014-01-16,CON
14823484,11791385,2007-07-05,CON
14823484,13085200,2011-04-12,CON
14823484,PCT/GB05/50211,2005-11-23,NST
14823485,62036258,2014-08-12,PRO
14823487,14185502,2014-02-20,DIV
14823488,62035594,2014-08-11,PRO
14823490,61693960,2012-08-28,PRO
14823490,61713515,2012-10-13,PRO
14823490,61736537,2012-12-12,PRO
14823490,61748073,2013-01-01,PRO
14823490,PCT/US13/57163,2013-08-28,CON
14823490,14014141,2013-08-29,CON
14823490,14507599,2014-10-06,CON
14823493,61185912,2009-06-10,PRO
14823493,61267956,2009-12-09,PRO
14823493,12813253,2010-06-10,DIV
14823494,62036353,2014-08-12,PRO
14823497,13706553,2012-12-06,CON
14823498,13876882,2013-06-04,CON
14823498,PCT/EP11/04892,2011-09-30,NST
14823501,61539224,2011-09-26,PRO
14823501,13545147,2012-07-10,CON
14823504,PCT/JP2014/000919,2014-02-21,CON
14823505,61161668,2009-03-19,PRO
14823505,61298101,2010-01-25,PRO
14823505,12727726,2010-03-19,CIP
14823505,12727726,2010-03-19,CON
14823505,61345885,2010-05-18,PRO
14823505,12914209,2010-10-28,CON
14823505,61452983,2011-03-15,PRO
14823505,61485693,2011-05-13,PRO
14823505,13166378,2011-06-22,CIP
14823505,13166542,2011-06-22,CON
14823505,61538262,2011-09-23,PRO
14823505,13271650,2011-10-12,CIP
14823505,13272005,2011-10-12,CIP
14823505,13623348,2012-09-20,CIP
14823505,61914936,2013-12-11,PRO
14823505,14257521,2014-04-21,CON
14823506,13701449,2012-12-03,CON
14823506,PCT/US2011/039180,2011-06-03,NST
14823508,13725661,2012-12-21,CON
14823512,13161389,2011-06-15,DIV
14823514,62035923,2014-08-11,PRO
14823518,13712539,2012-12-12,DIV
14823520,62035602,2014-08-11,PRO
14823524,62135094,2015-03-18,PRO
14823525,62035590,2014-08-11,PRO
14823531,62035676,2014-08-11,PRO
14823533,62036133,2014-08-12,PRO
14823537,13740853,2013-01-14,CON
14823538,14446520,2014-07-30,CON
14823538,PCT/JP2013/052353,2013-02-01,CON
14823539,12264193,2008-11-03,CIP
14823539,12384027,2009-03-31,CON
14823539,12861789,2010-08-23,CON
14823539,13445597,2012-04-12,CON
14823540,13259071,2011-09-22,CON
14823540,PCT/JP2010/002185,2010-03-26,NST
14823545,13520014,2012-10-10,DIV
14823545,PCT/EP2010/070924,2010-12-30,NST
14823546,14431175,2015-03-25,CON
14823546,PCT/US2013/062057,2013-09-26,NST
14823547,09944495,2001-08-31,CON
14823547,11141751,2005-06-01,DIV
14823547,12016845,2008-01-18,CON
14823547,13099427,2011-05-03,CON
14823547,14041600,2013-09-30,CON
14823550,PCT/JP2014/053532,2014-02-14,CON
14823551,61777792,2013-03-12,PRO
14823551,14206105,2014-03-12,CON
14823552,62036388,2014-08-12,PRO
14823561,PCT/JP2014/056936,2014-03-14,CON
14823562,60910662,2007-04-08,PRO
14823562,12049364,2008-03-16,CON
14823562,13556195,2012-07-23,CON
14823562,13748519,2013-01-23,CON
14823562,14281878,2014-05-19,CON
14823562,14752840,2015-06-27,CON
14823564,13921381,2013-06-19,DIV
14823565,62036394,2014-08-12,PRO
14823567,62035694,2014-08-11,PRO
14823568,62036452,2014-08-12,PRO
14823569,62036207,2014-08-12,PRO
14823571,60121223,1999-02-23,PRO
14823571,60127825,1999-04-05,PRO
14823571,60128643,1999-04-09,PRO
14823571,09510626,2000-02-22,CON
14823571,10606201,2003-06-25,DIV
14823571,11928808,2007-10-30,CON
14823571,13015242,2011-01-27,DIV
14823572,61796975,2012-11-26,PRO
14823572,14087560,2013-11-22,CON
14823573,60394153,2002-07-03,PRO
14823573,10609780,2003-06-30,CON
14823573,11526503,2006-09-25,CON
14823573,13573310,2012-09-10,CON
14823573,14186145,2014-02-21,CON
14823573,PCT/DK03/00419,2003-06-20,CON
14823576,61822090,2013-05-10,PRO
14823576,14274328,2014-05-09,CON
14823577,12208107,2008-09-10,CON
14823577,14086682,2013-11-21,CON
14823578,PCT/JP2014/000751,2014-02-14,CIP
14823581,14636402,2015-03-03,CON
14823581,PCT/US2014/011068,2014-01-10,CON
14823584,61295070,2010-01-14,PRO
14823584,13007338,2011-01-14,DIV
14823585,62040616,2014-08-22,PRO
14823586,61697716,2012-09-06,PRO
14823586,PCT/US13/58292,2013-09-05,NST
14823586,14403861,2014-11-25,CON
14823587,62035890,2014-08-11,PRO
14823590,13176676,2011-07-05,REI
14823591,11335877,2006-01-20,DIV
14823594,PCT/JP2013/084011,2013-12-19,CON
14823595,62037439,2014-08-14,PRO
14823599,60904017,2007-02-27,PRO
14823599,11967916,2007-12-31,CON
14823599,12756396,2010-04-08,CON
14823606,61581529,2011-12-29,PRO
14823606,13729572,2012-12-28,DIV
14823608,61145715,2009-01-19,PRO
14823608,12689406,2010-01-19,CON
14823608,13492483,2012-06-08,DIV
14823608,13867781,2013-04-22,DIV
14823608,14104456,2013-12-12,CON
14823610,13879237,2013-04-26,DIV
14823610,14452971,2014-08-06,DIV
14823610,14560556,2014-12-04,CON
14823610,PCT/JP2011/075091,2011-10-31,NST
14823612,11965456,2007-12-27,CON
14823612,13754443,2013-01-30,CON
14823612,14249952,2014-04-10,CON
14823612,14516027,2014-10-16,CON
14823622,14446520,2014-07-30,CON
14823622,PCT/JP2013/052353,2013-02-01,CON
14823624,13783528,2013-03-04,DIV
14823626,62036013,2014-08-11,PRO
14823628,62036871,2014-08-13,PRO
14823629,12660934,2010-03-05,CON
14823630,62035559,2014-08-11,PRO
14823632,60778282,2006-03-02,PRO
14823632,11681704,2007-03-02,CON
14823632,13887082,2013-05-03,CON
14823633,61493592,2011-06-06,PRO
14823633,13466732,2012-05-08,DIV
14823636,13522828,2012-09-26,CON
14823636,PCT/EP2011/050682,2011-01-19,NST
14823638,13640014,2012-10-08,CON
14823638,PCT/KR2011/002514,2011-04-11,NST
14823644,14268445,2014-05-02,CON
14823645,60869959,2006-12-14,PRO
14823645,60891075,2007-02-22,PRO
14823645,11956391,2007-12-14,CIP
14823645,12035717,2008-02-22,CON
14823645,13150694,2011-06-01,CON
14823649,13904502,2013-05-29,CON
14823650,14087528,2013-11-22,CON
14823650,PCT/CN2012/072997,2012-03-26,CON
14823651,62036318,2014-08-12,PRO
14823652,PCT/JP2014/000752,2014-02-14,CIP
14823656,14455566,2014-08-08,DIV
14823661,13039390,2011-03-03,DIV
14823661,14540370,2014-11-13,DIV
14823662,14309497,2014-06-19,DIV
14823664,62035549,2014-08-11,PRO
14823666,13188047,2011-07-21,CON
14823666,14677669,2015-04-02,CON
14823668,62070011,2014-08-11,PRO
14823669,60566594,2004-04-30,PRO
14823669,11117375,2005-04-29,CON
14823671,14319430,2014-06-30,CON
14823672,13846572,2013-03-18,DIV
14823675,62035821,2014-08-11,PRO
14823675,62146806,2015-04-13,PRO
14823675,62152540,2015-04-24,PRO
14823676,61472900,2011-04-07,PRO
14823676,13442561,2012-04-09,DIV
14823681,13370049,2012-02-09,DIV
14823682,13967036,2013-08-14,CIP
14823682,14567333,2014-12-11,DIV
14823682,PCT/KR2012/001046,2012-02-13,CON
14823688,61940080,2014-02-14,PRO
14823688,14620754,2015-02-12,CIP
14823691,62038728,2014-08-18,PRO
14823691,62053421,2014-09-22,PRO
14823695,62035583,2014-08-11,PRO
14823697,13921381,2013-06-19,DIV
14823701,13746908,2013-01-22,CON
14823703,61547888,2011-10-17,PRO
14823703,PCT/US12/25165,2012-02-15,CIP
14823703,13653935,2012-10-17,CIP
14823703,62035897,2014-08-11,PRO
14823704,60882898,2006-12-29,PRO
14823704,11669132,2007-01-30,CON
14823704,12870032,2010-08-27,CON
14823704,13270060,2011-10-10,DIV
14823704,13872296,2013-04-29,CON
14823704,14635941,2015-03-02,DIV
14823705,62035907,2014-08-11,PRO
14823708,12281283,2010-08-23,CON
14823708,PCT/SG2007/000286,2007-08-30,NST
14823711,10243070,2002-09-12,CON
14823711,12108891,2008-04-24,CON
14823711,14073469,2013-11-06,CON
14823713,13959124,2013-08-05,DIV
14823714,PCT/US2013/025584,2013-02-11,CON
14823715,13558957,2012-07-26,CON
14823719,13696003,2012-11-02,CON
14823719,PCT/IB2011/001489,2011-05-03,NST
14823722,61494045,2011-06-07,PRO
14823722,13490959,2012-06-07,DIV
14823725,10381394,2003-09-22,DIV
14823725,11586799,2006-10-26,CON
14823725,12940227,2010-11-05,CON
14823725,13162018,2011-06-16,CON
14823725,13239509,2011-09-22,CON
14823725,13542695,2012-07-06,DIV
14823725,PCT/JP2002/007497,2002-07-24,NST
14823728,13904535,2013-05-29,DIV
14823731,11844550,2007-08-24,CON
14823732,61999914,2014-08-11,PRO
14823733,61389874,2010-10-05,PRO
14823733,13253452,2011-10-05,CON
14823734,62035687,2014-08-11,PRO
14823736,61383927,2010-09-17,PRO
14823736,13234777,2011-09-16,CON
14823736,14188171,2014-02-24,CON
14823738,62036736,2014-08-13,PRO
14823739,62035766,2014-08-11,PRO
14823746,13689445,2012-11-29,CON
14823746,PCT/CN2012/072698,2012-03-21,CON
14823749,14188978,2014-02-25,CIP
14823757,13381773,2011-12-30,CON
14823757,PCT/FR10/51124,2010-06-08,NST
14823758,13657185,2012-10-22,CON
14823758,14461778,2014-08-18,CON
14823760,62036528,2014-08-12,PRO
14823761,61903273,2013-11-12,PRO
14823761,14229895,2014-03-29,CIP
14823762,11542160,2006-10-04,CON
14823762,13034321,2011-02-24,CON
14823767,14052618,2013-10-11,CON
14823769,61562361,2011-11-21,PRO
14823769,13683795,2012-11-21,CON
14823771,61691102,2012-08-20,PRO
14823771,13971027,2013-08-20,CON
14823772,62035896,2014-08-11,PRO
14823772,62036306,2014-08-12,PRO
14823772,62067882,2014-10-23,PRO
14823776,62036683,2014-08-13,PRO
14823777,12539217,2009-08-11,CON
14823777,12859055,2010-08-18,CON
14823778,PCT/JP2013/063421,2013-05-14,CON
14823780,62036939,2014-08-13,PRO
14823785,12695054,2010-01-27,CON
14823785,13610700,2012-09-11,CON
14823785,14451157,2014-08-04,CON
14823786,12785276,2010-05-21,CON
14823786,14070151,2013-11-01,CON
14823788,13367164,2012-02-06,DIV
14823795,13018077,2011-01-31,CIP
14823795,14013889,2013-08-29,CIP
14823797,61539687,2011-09-27,PRO
14823797,13629207,2012-09-27,DIV
14823801,62038778,2014-08-18,PRO
14823802,13495413,2012-06-13,DIV
14823804,11330524,2006-01-11,DIV
14823804,12479684,2009-06-05,CON
14823804,13013779,2011-01-25,CON
14823804,13398768,2012-02-16,CON
14823804,13752324,2013-01-28,CON
14823804,14175955,2014-02-07,CON
14823804,14806011,2015-07-22,CON
14823811,62036086,2014-08-11,PRO
14823814,PCT/JP2013/067870,2013-06-28,CON
14823815,62036317,2014-08-12,PRO
14823817,61592849,2012-01-31,PRO
14823817,13755986,2013-01-31,CON
14823818,61624185,2012-04-13,PRO
14823818,13734355,2013-01-04,CON
14823819,12517404,2009-06-03,CON
14823819,PCT/US2006/049636,2006-12-09,NST
14823820,62035773,2014-08-11,PRO
14823821,61542866,2011-10-04,PRO
14823821,13633811,2012-10-02,CIP
14823821,62191233,2015-07-10,PRO
14823822,12372681,2009-02-17,CON
14823826,11330524,2006-01-11,DIV
14823826,12479684,2009-06-05,CON
14823826,13013779,2011-01-25,CON
14823826,13398768,2012-02-16,CON
14823826,13752324,2013-01-28,CON
14823826,14175955,2014-02-07,CON
14823826,14806011,2015-07-22,CON
14823829,12488959,2009-06-22,REI
14823829,PCT/CA2008/001704,2008-09-30,CIP
14823830,13804002,2013-03-14,DIV
14823832,61551133,2011-10-25,PRO
14823832,13660141,2012-10-25,CON
14823835,11698345,2007-01-25,CON
14823837,62035621,2014-08-11,PRO
14823838,62035802,2014-08-11,PRO
14823842,62035931,2014-08-11,PRO
14823848,62036418,2014-08-12,PRO
14823849,61707823,2012-09-28,PRO
14823849,61707827,2012-09-28,PRO
14823849,61707840,2012-09-28,PRO
14823849,13802780,2013-03-14,CON
14823850,10289066,2002-11-06,CON
14823850,10703373,2003-11-07,CON
14823850,13166584,2011-06-22,CON
14823850,13770773,2013-02-19,CON
14823851,14043556,2013-10-01,DIV
14823853,62035836,2014-08-11,PRO
14823853,62086255,2014-12-02,PRO
14823854,62036551,2014-08-12,PRO
14823855,11946777,2007-11-28,CON
14823855,14063813,2013-10-25,CON
14823856,61389000,2010-10-01,PRO
14823856,61389087,2010-10-01,PRO
14823856,61389117,2010-10-01,PRO
14823856,61458150,2010-11-17,PRO
14823856,61539884,2011-09-27,PRO
14823856,13247839,2011-09-28,CON
14823857,13481109,2012-05-25,CON
14823859,61702856,2012-09-19,PRO
14823859,61848437,2013-01-04,PRO
14823859,13892292,2013-05-12,CON
14823859,14191244,2014-02-26,CIP
14823862,11587119,2006-10-20,DIV
14823862,12939725,2010-11-04,DIV
14823862,13462876,2012-05-03,DIV
14823862,13790136,2013-03-08,DIV
14823862,14067006,2013-10-30,CON
14823862,14596901,2015-01-14,CON
14823862,PCT/US2005/017954,2005-05-20,NST
14823865,62036485,2014-08-12,PRO
14823866,61697540,2012-09-06,PRO
14823866,13844331,2013-03-15,CON
14823867,62036442,2014-08-12,PRO
14823868,12078681,2008-04-03,CON
14823868,14273067,2014-05-08,CON
14823868,14518382,2014-10-20,DIV
14823868,14735755,2015-06-10,CON
14823869,PCT/US2014/015584,2014-02-10,CON
14823870,61763403,2013-02-11,PRO
14823870,14178051,2014-02-11,CON
14823873,13611823,2012-09-12,CON
14823874,61908009,2013-11-22,PRO
14823874,14550537,2014-11-21,CON
14823882,13335536,2011-12-22,DIV
14823884,62039824,2014-08-20,PRO
14823886,61539884,2011-09-27,PRO
14823886,13628831,2012-09-27,CON
14823891,62035716,2014-08-11,PRO
14823892,13149733,2011-05-31,CON
14823892,13570087,2012-08-08,CON
14823894,61553772,2011-10-31,PRO
14823894,61553789,2011-10-31,PRO
14823894,13665470,2012-10-31,CON
14823894,13679719,2012-11-16,CON
14823895,12095940,2008-06-03,CON
14823895,PCT/JP2006/324286,2006-12-05,NST
14823896,62036481,2014-08-12,PRO
14823897,14288872,2014-05-28,CIP
14823898,61990039,2014-05-07,PRO
14823898,14706732,2015-05-07,CIP
14823899,11550387,2006-10-17,CIP
14823899,11839053,2007-08-15,DIV
14823901,62035918,2014-08-11,PRO
14823904,62036205,2014-08-12,PRO
14823906,62035966,2014-08-11,PRO
14823907,61584798,2012-01-09,PRO
14823907,13732213,2012-12-31,DIV
14823908,12819111,2010-06-18,CIP
14823908,13077720,2011-03-31,CON
14823908,14186275,2014-02-21,DIV
14823911,62036528,2014-08-12,PRO
14823913,10533395,2005-04-30,CON
14823913,PCT/EP2003/011672,2003-10-22,NST
14823916,61358367,2010-06-24,PRO
14823916,13163590,2011-06-17,CON
14823918,61763677,2013-02-12,PRO
14823918,14175748,2014-02-07,CON
14823919,10478541,2004-07-06,CON
14823919,14250570,2014-04-11,CON
14823919,14310228,2014-06-20,CON
14823919,14533524,2014-11-05,CON
14823919,PCT/JP2002/004875,2002-05-21,NST
14823923,13280197,2011-10-24,CON
14823926,61320058,2010-04-01,PRO
14823926,13074974,2011-03-29,CON
14823930,62036005,2014-08-11,PRO
14823931,61428993,2010-12-31,PRO
14823931,13341923,2011-12-31,CON
14823932,62040147,2014-08-21,PRO
14823935,62036999,2014-08-13,PRO
14823939,13662187,2012-10-26,CON
14823939,14537704,2014-11-10,CON
14823940,62036108,2014-08-11,PRO
14823941,61773771,2013-03-06,PRO
14823941,61774528,2013-03-07,PRO
14823941,14196428,2014-03-04,CON
14823942,12409343,2009-03-23,REI
14823943,13117894,2011-05-27,CON
14823943,14297223,2014-06-05,CON
14823944,62035994,2014-08-11,PRO
14823950,61615671,2012-03-26,PRO
14823950,13839221,2013-03-15,CON
14823951,61610826,2012-03-14,PRO
14823951,61613591,2012-03-21,PRO
14823951,PCT/US13/30474,2013-03-12,CON
14823951,14203459,2014-03-10,CON
14823951,14461344,2014-08-15,CON
14823955,61429019,2010-12-31,PRO
14823955,13341927,2011-12-31,CON
14823956,12832908,2010-07-08,CON
14823959,61871448,2013-08-29,PRO
14823959,14473568,2014-08-29,CIP
14823960,62039186,2014-08-19,PRO
14823960,62067760,2014-10-23,PRO
14823963,11428299,2006-06-30,CON
14823967,13950066,2013-07-24,CIP
14823969,61421154,2010-12-08,PRO
14823969,61435914,2011-01-25,PRO
14823969,13312057,2011-12-06,CON
14823969,14152873,2014-01-10,CON
14823971,13699800,2012-11-26,CON
14823971,PCT/JP2011/062005,2011-05-25,NST
14823972,60915654,2007-05-02,PRO
14823972,12114398,2008-05-02,CON
14823972,13888040,2013-05-06,CON
14823973,62035970,2014-08-11,PRO
14823975,61789117,2013-03-15,PRO
14823975,14038542,2013-09-26,CON
14823975,14495651,2014-09-24,CON
14823981,62036040,2014-08-11,PRO
14823983,11226219,2005-09-15,CON
14823983,13188178,2011-07-21,CON
14823983,13965769,2013-08-13,CON
14823984,12932214,2011-02-22,CIP
14823986,61731894,2012-11-30,PRO
14823986,14073037,2013-11-06,CON
14823987,61763245,2013-02-11,PRO
14823987,PCT/US13/75500,2013-12-16,CON
14823991,13982748,2013-07-30,CON
14823991,PCT/IB2011/054739,2011-10-24,NST
14823992,62037029,2014-08-13,PRO
14823993,13573252,2012-09-04,CON
14823993,14534068,2014-11-05,CIP
14823993,14534079,2014-11-05,CIP
14823993,14534089,2014-11-05,CIP
14823993,14535279,2014-11-06,CIP
14823993,14535282,2014-11-06,CIP
14823993,14535274,2014-11-06,CIP
14823993,14536524,2014-11-07,CIP
14823993,14568045,2014-12-11,CIP
14823993,14702549,2015-05-01,CIP
14823994,13340511,2011-12-29,CON
14823995,14232820,2014-01-14,CON
14823995,PCT/GB2012/051659,2012-07-12,NST
14823998,62035884,2014-08-11,PRO
14824001,62035642,2014-08-11,PRO
14824002,11473990,2006-06-22,CON
14824002,13007619,2011-01-15,CON
14824006,61871448,2013-08-29,PRO
14824006,14473568,2014-08-29,CIP
14824008,08982149,1997-12-01,CIP
14824008,09100684,1998-06-19,CON
14824008,11084431,2005-03-18,CON
14824008,11423299,2006-06-09,CON
14824008,13113587,2011-05-23,CON
14824008,13436799,2012-03-30,CON
14824008,13730515,2012-12-28,CON
14824010,61357068,2010-06-21,PRO
14824010,13165009,2011-06-21,CON
14824011,62035762,2014-08-11,PRO
14824012,62036092,2014-08-11,PRO
14824013,PCT/JP2014/003649,2014-07-09,CON
14824014,14080248,2013-11-14,CON
14824018,13465899,2012-05-07,DIV
14824018,14166766,2014-01-28,CON
14824029,61969148,2014-03-22,PRO
14824029,14664846,2015-03-21,CON
14824032,61398495,2010-06-25,PRO
14824032,13135171,2011-06-27,CON
14824033,61742414,2012-08-11,PRO
14824033,13964098,2013-08-11,CIP
14824034,12517643,2009-07-24,DIV
14824034,PCT/IB2007/004388,2007-12-04,NST
14824035,13772512,2013-02-21,CON
14824038,61871448,2013-08-29,PRO
14824038,14473568,2014-08-29,CIP
14824043,62039350,2014-08-19,PRO
14824043,62069659,2014-10-28,PRO
14824045,62036078,2014-08-11,PRO
14824060,62036138,2014-08-12,PRO
14824062,62035827,2014-08-11,PRO
14824063,61539884,2011-09-27,PRO
14824063,13408530,2012-02-29,CON
14824064,13699726,2012-11-24,CON
14824064,PCT/CN12/80482,2012-08-23,NST
14824066,60984720,2007-11-01,PRO
14824066,11956636,2007-12-14,CON
14824066,14445602,2014-07-29,CON
14824067,14218412,2014-03-18,CON
14824070,62036037,2014-08-11,PRO
14824071,13135029,2011-06-22,DIV
14824071,14490673,2014-09-19,CON
14824074,62035900,2014-08-11,PRO
14824074,62059318,2014-10-03,PRO
14824078,62036569,2014-08-12,PRO
14824080,62038125,2014-08-15,PRO
14824082,PCT/JP2014/053208,2014-02-12,CON
14824090,12969605,2010-12-16,CON
14824090,13921197,2013-06-18,CON
14824090,PCT/CN2009/072304,2009-06-16,CON
14824094,13831724,2013-03-15,CON
14824095,61392169,2010-10-12,PRO
14824095,13228237,2011-09-08,CON
14824096,61447104,2011-02-28,PRO
14824096,13400586,2012-02-21,DIV
14824098,61559243,2011-11-14,PRO
14824098,13610903,2012-09-12,DIV
14824100,62036632,2014-08-13,PRO
14824101,14288605,2014-05-28,CIP
14824104,62036128,2014-08-12,PRO
14824104,62184262,2015-06-25,PRO
14824105,14317370,2014-06-27,CON
14824106,14300679,2014-06-10,DIV
14824109,12858933,2010-08-18,CON
14824111,PCT/JP2014/053064,2014-02-10,CON
14824112,61541151,2011-09-30,PRO
14824112,13623194,2012-09-20,DIV
14824113,61363092,2010-07-09,PRO
14824113,13180487,2011-07-11,CON
14824113,13921856,2013-06-19,CIP
14824117,62037284,2014-08-14,PRO
14824119,11719774,2007-05-21,CON
14824119,PCT/IB05/53791,2005-11-16,NST
14824120,62036151,2014-08-12,PRO
14824123,14226980,2014-03-27,CON
14824128,13952162,2013-07-26,DIV
14824131,13743045,2013-01-16,CON
14824132,61662191,2012-06-20,PRO
14824132,61678989,2012-08-02,PRO
14824132,13919980,2013-06-17,CON
14824134,13939829,2013-07-11,CIP
14824134,29511393,2014-12-10,CIP
14824134,14642664,2015-03-09,CIP
14824137,PCT/JP2015/000334,2015-01-27,CON
14824139,14382916,2014-09-04,DIV
14824139,PCT/EP2013/054611,2013-03-07,NST
14824140,PCT/GB2014/050415,2014-02-12,CON
14824144,61164036,2009-03-27,PRO
14824144,12699283,2010-02-03,DIV
14824145,13147088,2011-08-24,CON
14824145,PCT/EP2010/000264,2010-01-19,NST
14824148,PCT/GB2014/050734,2014-03-12,CON
14824149,12038007,2008-02-27,DIV
14824150,12886879,2010-09-21,DIV
14824152,12377417,2009-10-14,CON
14824152,PCT/GB07/03077,2007-08-14,NST
14824154,62039125,2014-08-19,PRO
14824156,14027479,2013-09-16,DIV
14824157,13431048,2012-03-27,CON
14824159,62037666,2014-08-15,PRO
14824160,61193751,2008-12-22,PRO
14824160,12643004,2009-12-21,CON
14824160,13909118,2013-06-04,CON
14824160,14201994,2014-03-10,CON
14824161,62036844,2014-08-13,PRO
14824168,13601251,2012-08-31,CON
14824168,13768386,2013-02-15,CON
14824169,61193751,2008-12-22,PRO
14824169,12643004,2009-12-21,CON
14824169,13909118,2013-06-04,CON
14824169,14201994,2014-03-10,CON
14824171,13222046,2011-08-31,CON
14824173,13767758,2013-02-14,CON
14824175,62036795,2014-08-13,PRO
14824177,61561506,2011-11-18,PRO
14824177,13611625,2012-09-12,CON
14824178,60626979,2004-11-10,PRO
14824178,11255270,2005-10-21,CON
14824178,14283596,2014-05-21,CON
14824182,11946655,2007-11-28,CON
14824190,61762039,2013-02-07,PRO
14824190,13829667,2013-03-14,CON
14824191,62036153,2014-08-12,PRO
14824196,PCT/EP2014/051679,2014-01-29,CON
14824197,13279397,2011-10-24,CON
14824197,14525329,2014-10-28,CON
14824198,61334325,2010-05-13,PRO
14824198,PCT/US11/36394,2011-05-13,NST
14824198,13697501,2013-03-12,CON
14824199,14039747,2013-09-27,CON
14824205,61845392,2013-07-12,PRO
14824205,61891061,2013-10-15,PRO
14824205,61902900,2013-11-12,PRO
14824205,61904479,2013-11-15,PRO
14824205,61924321,2014-01-07,PRO
14824205,61973314,2014-04-01,PRO
14824205,14328051,2014-07-10,CON
14824207,61762350,2013-02-08,PRO
14824207,14175635,2014-02-07,DIV
14824208,13597521,2012-08-29,REI
14824209,60995845,2007-09-28,PRO
14824209,PCT/US08/11181,2008-09-26,NST
14824209,12733763,2010-03-18,CON
14824209,14280868,2014-05-19,CON
14824210,14051548,2013-10-11,CIP
14824214,11072608,2005-03-03,CON
14824214,11374696,2006-03-13,CON
14824217,62038096,2014-08-15,PRO
14824217,62038106,2014-08-15,PRO
14824218,11621791,2007-01-10,CON
14824218,13491806,2012-06-08,CON
14824218,14033591,2013-09-23,CON
14824218,14460406,2014-08-15,CON
14824219,13382217,2012-01-04,DIV
14824219,PCT/DE2010/000838,2010-07-19,NST
14824224,12413861,2009-03-30,CON
14824224,13434521,2012-03-29,CON
14824224,14054953,2013-10-16,CON
14824224,14537108,2014-11-10,CON
14824229,62038085,2014-08-15,PRO
14824231,62036272,2014-08-12,PRO
14824237,62036279,2014-08-12,PRO
14824247,14390106,2014-10-02,CON
14824247,PCT/US2013/031821,2013-03-15,NST
14824258,PCT/JP2014/053363,2014-02-13,CON
14824260,PCT/JP2013/077189,2013-09-30,CON
14824263,13139915,2011-06-23,REI
14824263,PCT/ES2009/000570,2009-12-14,NST
14824265,62036558,2014-08-12,PRO
14824269,62070038,2014-08-13,PRO
14824270,PCT/JP2013/083048,2013-12-10,CON
14824272,13511246,2012-07-10,DIV
14824272,14096346,2013-12-04,CON
14824272,PCT/US2010/057910,2010-11-23,NST
14824276,60483841,2003-06-30,PRO
14824276,10877458,2004-06-25,CON
14824276,13625952,2012-09-25,CON
14824281,13820547,2013-04-11,CON
14824281,PCT/US2011/050532,2011-09-06,NST
14824287,14036547,2013-09-25,CON
14824287,PCT/US2012/033786,2012-04-16,CON
14824291,61651719,2012-05-25,PRO
14824291,13899733,2013-05-22,CON
14824293,61719705,2012-10-29,PRO
14824293,14031173,2013-09-19,CON
14824294,62039240,2014-08-19,PRO
14824296,13819353,2013-02-27,CON
14824296,PCT/JP2011/068288,2011-08-10,NST
14824297,13522853,2012-07-18,CON
14824297,14300667,2014-06-10,CON
14824297,PCT/JP2011/050637,2011-01-17,NST
14824300,62037896,2014-08-15,PRO
14824302,14295802,2014-06-04,CON
14824303,14093594,2013-12-02,CON
14824304,14767106,2015-08-11,CON
14824304,PCT/FI2014/050119,2014-02-18,NST
14824305,12896795,2010-10-01,CON
14824306,61637949,2012-04-25,PRO
14824306,13870098,2013-04-25,DIV
14824312,14114869,2014-02-11,CIP
14824312,PCT/MX2011/000052,2011-05-04,NST
14824315,61228819,2009-07-27,PRO
14824315,12843138,2010-07-26,CIP
14824315,12942911,2010-11-09,CON
14824315,13856226,2013-04-03,CON
14824316,62036487,2014-08-12,PRO
14824317,13781514,2013-02-28,CON
14824317,14524095,2014-10-27,CON
14824317,14607536,2015-01-28,CON
14824318,13481057,2012-05-25,CIP
14824318,13483345,2012-05-30,CON
14824319,13810089,2013-09-05,CON
14824319,PCT/IB2011/001705,2011-07-15,NST
14824320,62036271,2014-08-12,PRO
14824324,61780181,2013-03-13,PRO
14824324,14208980,2014-03-13,DIV
14824333,60609970,2004-09-15,PRO
14824333,11229065,2005-09-15,CIP
14824333,60764980,2006-02-03,PRO
14824333,11670866,2007-02-02,CON
14824333,12815685,2010-06-15,CON
14824333,13896581,2013-05-17,CON
14824336,14073979,2013-11-07,CON
14824339,13473231,2012-05-16,DIV
14824339,14305359,2014-06-16,DIV
14824342,12942494,2010-11-09,CON
14824342,13073420,2011-03-28,CON
14824342,13197154,2011-08-03,CON
14824342,13667944,2012-11-02,CON
14824342,PCT/CN2009/072322,2009-06-17,CON
14824344,11548811,2006-10-12,CON
14824344,13686381,2012-11-27,CON
14824345,14326842,2014-07-09,DIV
14824346,10721780,2003-11-26,CON
14824346,12543918,2009-08-19,CIP
14824346,12754998,2010-04-06,DIV
14824346,14064952,2013-10-28,CON
14824351,11504220,2006-08-15,CIP
14824351,13340735,2011-12-30,CON
14824351,13486766,2012-06-01,CIP
14824359,62036867,2014-08-13,PRO
14824361,13947439,2013-07-22,DIV
14824362,13955394,2013-07-31,CIP
14824362,14062291,2013-10-24,CIP
14824363,62036835,2014-08-13,PRO
14824363,62036837,2014-08-13,PRO
14824363,62036840,2014-08-13,PRO
14824363,62036842,2014-08-13,PRO
14824363,62036843,2014-08-13,PRO
14824364,PCT/US13/23457,2013-01-28,NST
14824364,13996331,2013-06-20,CON
14824365,13388105,2012-03-21,CON
14824365,PCT/IB2010/053587,2010-08-09,NST
14824368,61842966,2013-07-04,PRO
14824368,61843921,2013-07-09,PRO
14824368,61879578,2013-09-18,PRO
14824368,14281262,2014-05-19,CON
14824371,PCT/ES2013/000037,2013-02-18,CIP
14824373,61681851,2012-08-10,PRO
14824373,13856476,2013-04-04,CON
14824376,13508393,2012-07-23,DIV
14824376,PCT/CH2010/000279,2010-11-09,NST
14824378,61532263,2011-09-08,PRO
14824378,13606320,2012-09-07,DIV
14824381,12696047,2010-01-28,CIP
14824381,12912426,2010-10-26,CIP
14824383,13438081,2012-04-03,CON
14824385,61567264,2011-12-06,PRO
14824385,13688292,2012-11-29,CON
14824386,62036835,2014-08-13,PRO
14824386,62036837,2014-08-13,PRO
14824386,62036840,2014-08-13,PRO
14824386,62036842,2014-08-13,PRO
14824386,62036843,2014-08-13,PRO
14824388,13796287,2013-03-12,CON
14824391,61532263,2011-09-08,PRO
14824391,13606320,2012-09-07,DIV
14824392,61654388,2012-06-01,PRO
14824392,13905491,2013-05-30,CON
14824393,62036162,2014-08-12,PRO
14824396,62036688,2014-08-13,PRO
14824398,14452409,2014-08-05,CON
14824399,62036772,2014-08-13,PRO
14824403,62038117,2014-08-15,PRO
14824406,62038118,2014-08-15,PRO
14824407,11239954,2005-09-29,CON
14824413,12824263,2010-06-28,REI
14824419,62036835,2014-08-13,PRO
14824419,62036837,2014-08-13,PRO
14824419,62036840,2014-08-13,PRO
14824419,62036842,2014-08-13,PRO
14824419,62036843,2014-08-13,PRO
14824423,62036219,2014-08-12,PRO
14824428,14263462,2014-04-28,DIV
14824431,62041199,2014-08-25,PRO
14824437,61373680,2010-08-13,PRO
14824437,61377315,2010-08-26,PRO
14824437,13208854,2011-08-12,DIV
14824442,62037326,2014-08-14,PRO
14824448,61415737,2010-11-19,PRO
14824448,13299914,2011-11-18,DIV
14824456,PCT/JP2014/052483,2014-02-04,CON
14824463,14086442,2013-11-21,CIP
14824463,14603636,2015-01-23,CIP
14824466,61382917,2010-09-14,PRO
14824466,61414877,2010-11-17,PRO
14824466,61416713,2010-11-23,PRO
14824466,61478045,2011-04-21,PRO
14824466,13232945,2011-09-14,CON
14824466,13920662,2013-06-18,CON
14824469,PCT/CN2014/080705,2014-06-25,CON
14824471,61618235,2012-03-30,PRO
14824471,13804730,2013-03-14,CON
14824475,62005476,2014-05-30,PRO
14824475,62051626,2014-09-17,PRO
14824475,62072692,2014-10-30,PRO
14824475,14723855,2015-05-28,CON
14824480,12882627,2010-09-15,CON
14824480,13772053,2013-02-20,CON
14824491,61392419,2010-10-12,PRO
14824491,13270339,2011-10-11,CIP
14824491,13860371,2013-04-10,CON
14824494,62037039,2014-08-13,PRO
14824495,12014593,2008-01-15,CON
14824495,13544340,2012-07-09,CON
14824495,13916012,2013-06-12,CON
14824495,14217882,2014-03-18,CON
14824495,PCT/KR2006/002786,2006-07-14,CON
14824497,62036434,2014-08-12,PRO
14824498,62037696,2014-08-15,PRO
14824499,61825403,2013-05-20,PRO
14824499,14281484,2014-05-19,CON
14824502,13445282,2012-04-12,DIV
14824502,14681130,2015-04-08,CON
14824506,61655558,2012-06-05,PRO
14824506,13910125,2013-06-05,CON
14824508,13860921,2013-04-11,CIP
14824508,14063477,2013-10-25,CIP
14824512,61648183,2012-05-17,PRO
14824512,13891584,2013-05-10,CIP
14824512,14100456,2013-12-09,CON
14824512,14645727,2015-03-12,CON
14824513,62036896,2014-08-13,PRO
14824517,62038951,2014-08-19,PRO
14824520,13181006,2011-07-12,DIV
14824520,13852322,2013-03-28,CON
14824520,14456726,2014-08-11,DIV
14824521,62036199,2014-08-12,PRO
14824524,62038127,2014-08-15,PRO
14824525,13554686,2012-07-20,DIV
14824531,62036456,2014-08-12,PRO
14824532,60126656,1999-03-29,PRO
14824532,09536597,2000-03-28,DIV
14824532,10641328,2003-08-14,CON
14824532,11190396,2005-07-27,CON
14824532,11738216,2007-04-20,CON
14824532,11780393,2007-07-19,REI
14824534,12748710,2010-03-29,CON
14824535,62036286,2014-08-12,PRO
14824541,13276848,2011-10-19,CIP
14824547,13598760,2012-08-30,CON
14824551,61666224,2012-06-29,PRO
14824551,13781201,2013-02-28,CON
14824555,PCT/JP2014/063104,2014-05-16,CON
14824556,PCT/JP2014/000545,2014-02-03,CON
14824558,62036313,2014-08-12,PRO
14824560,13431347,2012-03-27,DIV
14824563,61999983,2014-08-12,PRO
14824565,PCT/JP2013/070589,2013-07-30,CON
14824567,61984159,2014-04-25,PRO
14824567,61997793,2014-06-09,PRO
14824567,62025041,2014-07-16,PRO
14824567,62036762,2014-08-13,PRO
14824567,14695636,2015-04-24,CIP
14824571,12167137,2008-07-02,DIV
14824572,13110968,2011-05-19,DIV
14824576,62041177,2014-08-25,PRO
14824577,62036440,2014-08-12,PRO
14824578,62040248,2014-08-21,PRO
14824579,13938767,2013-07-10,DIV
14824580,13494888,2012-06-12,DIV
14824589,13002634,2011-02-28,CON
14824589,PCT/NZ2009/000106,2009-06-16,NST
14824593,61640521,2012-04-30,PRO
14824593,61793608,2013-03-15,PRO
14824593,13874120,2013-04-30,DIV
14824596,62036340,2014-08-12,PRO
14824601,61831806,2013-06-06,PRO
14824601,14294703,2014-06-03,CON
14824602,14009050,2014-01-10,CON
14824602,14522509,2014-10-23,CON
14824602,PCT/IB2012/051611,2012-04-02,NST
14824603,61060499,2008-06-11,PRO
14824603,12482032,2009-06-10,CON
14824603,13708153,2012-12-07,CON
14824603,13949710,2013-07-24,CON
14824607,61352114,2010-06-07,PRO
14824607,13153513,2011-06-06,CON
14824611,PCT/JP2014/051778,2014-01-28,CON
14824614,61825403,2013-05-20,PRO
14824614,14281484,2014-05-19,CON
14824615,62039703,2014-08-20,PRO
14824618,61360166,2010-06-30,PRO
14824618,PCT/US11/41939,2011-06-27,NST
14824618,13807058,2013-02-07,DIV
14824620,61835114,2013-06-14,PRO
14824620,14299387,2014-06-09,DIV
14824621,61780387,2013-03-13,PRO
14824621,13956868,2013-08-01,DIV
14824624,PCT/JP2014/055825,2014-03-06,CON
14824626,13767771,2013-02-14,CIP
14824627,14086442,2013-11-21,CIP
14824627,14603636,2015-01-23,CIP
14824631,61221279,2009-06-29,PRO
14824631,12816733,2010-06-16,DIV
14824633,PCT/JP2013/069666,2013-07-19,CON
14824635,60690057,2005-06-09,PRO
14824635,11423225,2006-06-09,DIV
14824635,12987251,2011-01-10,DIV
14824635,14725769,2015-05-29,DIV
14824636,14234277,2014-01-22,DIV
14824636,PCT/US2012/047512,2012-07-20,NST
14824637,62036804,2014-08-13,PRO
14824640,13002634,2011-02-28,CON
14824640,PCT/NZ2009/000106,2009-06-16,NST
14824644,13265694,2011-10-21,DIV
14824644,PCT/KR10/02542,2010-04-22,NST
14824646,62037453,2014-08-14,PRO
14824648,11706317,2007-02-15,CON
14824652,13850399,2013-03-26,DIV
14824653,61672346,2012-07-17,PRO
14824653,13938579,2013-07-10,DIV
14824660,14496349,2014-09-25,CON
14824664,61166958,2009-04-06,PRO
14824664,61235859,2009-08-21,PRO
14824664,12755379,2010-04-06,CON
14824664,14306610,2014-06-17,CON
14824666,PCT/JP2014/065815,2014-06-13,CON
14824670,62040138,2014-08-21,PRO
14824673,PCT/US2013/027038,2013-02-21,CON
14824674,PCT/JP2014/053359,2014-02-13,CON
14824682,12996731,2010-12-07,CON
14824682,PCT/CH2009/000201,2009-06-15,NST
14824688,60898810,2007-01-31,PRO
14824688,12023753,2008-01-31,CON
14824688,13595072,2012-08-27,CON
14824688,13794467,2013-03-11,CON
14824689,61580439,2011-12-27,PRO
14824689,61654580,2012-06-01,PRO
14824689,PCT/US12/71654,2012-12-26,NST
14824689,14368064,2014-06-23,DIV
14824690,12746974,2010-06-09,CON
14824690,PCT/EP2008/068049,2008-12-19,NST
14824691,13226071,2011-09-06,DIV
14824695,14567301,2014-12-11,DIV
14824695,PCT/EP2014/060591,2014-05-22,CON
14824696,61412980,2010-11-12,PRO
14824696,61420428,2010-12-07,PRO
14824696,13294057,2011-11-10,DIV
14824698,14397566,2014-10-28,CON
14824698,PCT/US2013/031877,2013-03-15,NST
14824699,12746974,2010-06-09,DIV
14824699,PCT/EP2008/068049,2008-12-19,NST
14824701,12840831,2010-07-21,CON
14824701,13587312,2012-08-16,CON
14824701,14049328,2013-10-09,CON
14824702,PCT/JP2013/070588,2013-07-30,CON
14824703,62036453,2014-08-12,PRO
14824705,61169054,2009-04-14,PRO
14824705,61169048,2009-04-14,PRO
14824705,61170764,2009-04-20,PRO
14824705,61172559,2009-04-24,PRO
14824705,61172889,2009-04-27,PRO
14824705,61300312,2010-02-01,PRO
14824705,61306663,2010-02-22,PRO
14824705,61313440,2010-03-12,PRO
14824705,61318076,2010-03-26,PRO
14824705,61319063,2010-03-30,PRO
14824705,12760510,2010-04-14,CON
14824705,14061429,2013-10-23,CON
14824706,10594561,2006-09-27,CON
14824706,13782580,2013-03-01,CON
14824706,14276255,2014-05-13,CON
14824706,PCT/JP2005/013355,2005-07-21,NST
14824709,62036197,2014-08-12,PRO
14824710,13393096,2012-02-28,DIV
14824710,14087191,2013-11-22,CON
14824710,PCT/US2010/047973,2010-09-07,NST
14824712,11204060,2005-08-15,CIP
14824712,11436222,2006-05-18,CIP
14824712,11592566,2006-11-03,CON
14824712,11974637,2007-10-15,DIV
14824712,12178739,2008-07-24,DIV
14824712,12556760,2009-09-10,CON
14824712,12916926,2010-11-01,CON
14824712,13286544,2011-11-01,CON
14824712,13419586,2012-03-14,CON
14824712,14071783,2013-11-05,CON
14824712,14249820,2014-04-10,CON
14824712,14491328,2014-09-19,CON
14824713,62036359,2014-08-12,PRO
14824713,62036371,2014-08-12,PRO
14824714,61826587,2013-05-23,PRO
14824714,61901832,2013-11-08,PRO
14824714,14282101,2014-05-20,CIP
14824714,14533674,2014-11-05,CON
14824718,13655188,2012-10-18,CON
14824721,62037376,2014-08-14,PRO
14824722,10465958,2003-06-27,DIV
14824722,11905912,2007-10-05,CON
14824722,12801153,2010-05-25,CON
14824722,13193245,2011-07-28,CON
14824722,14246820,2014-04-07,CON
14824722,PCT/JP02/11169,2002-10-28,NST
14824725,62036411,2014-08-12,PRO
14824726,62036344,2014-08-12,PRO
14824726,62145793,2015-04-10,PRO
14824731,10146862,2002-05-15,CON
14824731,11641569,2006-12-18,CON
14824731,13730608,2012-12-28,CON
14824731,14335460,2014-07-18,CON
14824732,13702834,2012-12-07,DIV
14824732,PCT/IN2010/000575,2010-08-31,NST
14824733,62036328,2014-08-12,PRO
14824733,62078242,2014-11-11,PRO
14824734,11846411,2007-08-28,CON
14824734,14086415,2013-11-21,CON
14824736,61826587,2013-05-23,PRO
14824736,14282101,2014-05-20,CON
14824736,14522158,2014-10-23,CON
14824738,12575960,2009-10-08,CON
14824739,61825403,2013-05-20,PRO
14824739,14281484,2014-05-19,CON
14824740,PCT/CN2014/080712,2014-06-25,CON
14824741,13334295,2011-12-22,DIV
14824742,62036567,2014-08-12,PRO
14824745,61372452,2010-08-10,PRO
14824745,61374160,2010-08-16,PRO
14824745,61383437,2010-09-16,PRO
14824745,61389476,2010-10-04,PRO
14824745,61392436,2010-10-12,PRO
14824745,61410493,2010-11-05,PRO
14824745,13206793,2011-08-10,CON
14824750,14474928,2014-09-02,CON
14824750,PCT/US2013/029304,2013-03-06,CON
14824751,61944295,2014-02-25,PRO
14824751,14603011,2015-01-22,CON
14824758,62036604,2014-08-12,PRO
14824760,61367613,2010-07-26,PRO
14824760,13080049,2011-04-05,CON
14824760,14016290,2013-09-03,CON
14824765,14342160,2014-03-04,CON
14824765,PCT/JP12/05413,2012-08-28,NST
14824766,61092807,2008-08-29,PRO
14824766,12545034,2009-08-20,DIV
14824766,13590882,2012-08-21,CON
14824766,13764596,2013-02-11,DIV
14824766,14606127,2015-01-27,DIV
14824769,14094484,2013-12-02,CON
14824770,62036281,2014-08-12,PRO
14824772,62036650,2014-08-13,PRO
14824774,13652223,2012-10-15,DIV
14824777,12087357,2008-07-02,CON
14824777,13872502,2013-04-29,CON
14824777,PCT/US2007/000199,2007-01-08,NST
14824782,62036396,2014-08-12,PRO
14824786,13601064,2012-08-31,DIV
14824786,14573845,2014-12-17,CIP
14824787,13525432,2012-06-18,CON
14824788,PCT/JP2014/054926,2014-02-27,CON
14824789,62036808,2014-08-13,PRO
14824790,62036384,2014-08-12,PRO
14824792,62036496,2014-08-12,PRO
14824792,62036545,2014-08-12,PRO
14824794,08909513,1997-08-12,DIV
14824794,09318530,1999-05-25,CON
14824794,10209169,2002-07-30,CIP
14824794,60462238,2003-04-10,PRO
14824794,10717217,2003-11-18,REI
14824797,12878616,2010-09-09,DIV
14824797,14035556,2013-09-24,CON
14824798,62036368,2014-08-12,PRO
14824799,62037726,2014-08-15,PRO
14824802,62036543,2014-08-12,PRO
14824805,13478358,2012-05-23,CON
14824805,14462892,2014-08-19,CON
14824806,12529872,2010-02-03,DIV
14824806,PCT/EP2008/062061,2008-09-11,NST
14824807,61220461,2009-06-25,PRO
14824807,12823806,2010-06-25,CON
14824808,13258095,2011-09-21,CON
14824808,PCT/JP2010/002852,2010-04-20,NST
14824812,61315688,2010-03-19,PRO
14824812,13051710,2011-03-18,CON
14824812,14199134,2014-03-06,CON
14824813,12868023,2010-08-25,DIV
14824814,13618159,2012-09-14,DIV
14824817,62070008,2014-08-12,PRO
14824817,62178347,2015-04-07,PRO
14824818,61372452,2010-08-10,PRO
14824818,61374160,2010-08-16,PRO
14824818,61383437,2010-09-16,PRO
14824818,61389476,2010-10-04,PRO
14824818,61392436,2010-10-12,PRO
14824818,61410493,2010-11-05,PRO
14824818,13206793,2011-08-10,CON
14824819,13339254,2011-12-28,CON
14824821,13206700,2011-08-10,DIV
14824824,61567737,2011-12-07,PRO
14824824,13708040,2012-12-07,CON
14824825,61652094,2012-05-25,PRO
14824825,13902518,2013-05-24,CON
14824825,14564019,2014-12-08,CON
14824826,62036702,2014-08-13,PRO
14824828,62036267,2014-08-12,PRO
14824828,62154515,2015-04-29,PRO
14824829,13645179,2012-10-04,CON
14824834,13830795,2013-03-14,CON
14824835,61483972,2011-05-09,PRO
14824835,13449604,2012-04-18,CON
14824838,62036295,2014-08-12,PRO
14824840,13155027,2011-06-07,CON
14824842,10496713,2004-05-26,CON
14824842,PCT/EP02/12797,2002-11-15,NST
14824845,60900556,2007-02-09,PRO
14824845,12069364,2008-02-08,DIV
14824845,13780438,2013-02-28,CON
14824846,61389000,2010-10-01,PRO
14824846,61389087,2010-10-01,PRO
14824846,61389117,2010-10-01,PRO
14824846,61458150,2010-11-17,PRO
14824846,61539884,2011-09-27,PRO
14824846,13247719,2011-09-28,CON
14824847,61552654,2011-10-28,PRO
14824847,13662036,2012-10-26,DIV
14824852,61717484,2012-10-23,PRO
14824852,13797634,2013-03-12,CON
14824856,62036854,2014-08-13,PRO
14824861,62036800,2014-08-13,PRO
14824864,62036349,2014-08-12,PRO
14824866,61186175,2009-06-11,PRO
14824866,12813316,2010-06-10,DIV
14824866,13747150,2013-01-22,DIV
14824866,14064946,2013-10-28,DIV
14824866,14589716,2015-01-05,CON
14824867,13725348,2012-12-21,CON
14824869,13790731,2013-03-08,CON
14824870,62036402,2014-08-12,PRO
14824872,62037332,2014-08-14,PRO
14824876,13250992,2011-09-30,CON
14824877,14606695,2015-01-27,CON
14824879,12087357,2008-07-02,CON
14824879,13872502,2013-04-29,CON
14824879,PCT/US2007/000199,2007-01-08,NST
14824880,13198666,2011-08-04,DIV
14824881,13481197,2012-05-25,CON
14824882,62036146,2014-08-12,PRO
14824883,62036714,2014-08-13,PRO
14824883,62039758,2014-08-20,PRO
14824883,62063225,2014-10-13,PRO
14824883,62069707,2014-10-28,PRO
14824883,62069710,2014-10-28,PRO
14824883,62069712,2014-10-28,PRO
14824885,61286532,2009-12-15,PRO
14824885,12966249,2010-12-13,CON
14824885,14045572,2013-10-03,CON
14824886,61811981,2013-04-15,PRO
14824886,61865954,2013-08-14,PRO
14824886,61870698,2013-08-27,PRO
14824886,61891217,2013-10-15,PRO
14824886,61904205,2013-11-14,PRO
14824886,61924572,2014-01-07,PRO
14824886,61926749,2014-01-13,PRO
14824886,14253034,2014-04-15,CON
14824892,13768645,2013-02-15,CON
14824892,14029065,2013-09-17,CON
14824893,13953571,2013-07-29,CON
14824894,12764692,2010-04-21,CIP
14824895,PCT/DE2014/100023,2014-01-29,CON
14824897,61672336,2012-07-17,PRO
14824897,13840066,2013-03-15,CON
14824899,14495945,2014-09-25,DIV
14824900,29500266,2014-08-22,CIP
14824900,62105256,2015-01-20,PRO
14824903,13807142,2012-12-27,CON
14824903,PCT/JP2011/003533,2011-06-21,NST
14824904,61362188,2010-07-07,PRO
14824904,13176850,2011-07-06,DIV
14824910,13963079,2013-08-09,DIV
14824913,62036233,2014-08-12,PRO
14824914,14120377,2014-05-15,CON
14824914,14300225,2014-06-09,CON
14824915,62036496,2014-08-12,PRO
14824923,60755171,2005-12-30,PRO
14824923,11644281,2006-12-22,CON
14824923,12772838,2010-05-03,CIP
14824923,13840810,2013-03-15,CON
14824925,13529943,2012-06-21,CON
14824926,61594445,2012-02-03,PRO
14824926,13753119,2013-01-29,CON
14824926,14293431,2014-06-02,CON
14824927,62036438,2014-08-12,PRO
14824930,60461167,2003-04-07,PRO
14824930,10816720,2004-04-01,DIV
14824930,11796186,2007-04-27,DIV
14824930,12480550,2009-06-08,CON
14824930,14157331,2014-01-16,DIV
14824931,61567737,2011-12-07,PRO
14824931,13708040,2012-12-07,DIV
14824932,12618427,2009-11-13,CON
14824932,13720078,2012-12-19,CON
14824932,14449615,2014-08-01,CON
14824933,62036269,2014-08-12,PRO
14824937,62036210,2014-08-12,PRO
14824940,10766303,2004-01-28,CON
14824940,11109832,2005-04-19,CON
14824940,11533294,2006-09-19,CON
14824940,11860272,2007-09-24,CON
14824940,12255393,2008-10-21,CON
14824940,13523109,2012-06-14,CON
14824940,13893038,2013-05-13,CON
14824941,62038807,2014-08-18,PRO
14824941,62061487,2014-10-08,PRO
14824942,14083056,2013-11-18,DIV
14824944,PCT/JP2014/054370,2014-02-24,CON
14824946,62036393,2014-08-12,PRO
14824948,61548083,2011-10-17,PRO
14824948,13654406,2012-10-17,CON
14824951,60518580,2003-11-08,PRO
14824951,10868075,2004-06-15,CIP
14824951,60682783,2005-05-19,PRO
14824951,11202487,2005-08-12,REI
14824951,13972493,2013-08-21,CON
14824951,13973462,2013-08-22,CON
14824953,13355436,2012-01-20,CON
14824955,62036510,2014-08-12,PRO
14824962,14181100,2014-02-14,DIV
14824964,13520425,2012-07-03,DIV
14824964,PCT/IL2011/000005,2011-01-05,NST
14824966,61830563,2013-06-03,PRO
14824966,61831397,2013-06-05,PRO
14824966,14292744,2014-05-30,DIV
14824967,12180212,2008-07-25,DIV
14824967,13434473,2012-03-29,CON
14824967,14152609,2014-01-10,DIV
14824968,61523125,2011-08-12,PRO
14824968,13572514,2012-08-10,DIV
14824970,11636062,2006-12-07,DIV
14824970,12850449,2010-08-04,CON
14824971,14232118,2014-04-11,CON
14824971,PCT/EP2012/002941,2012-07-12,NST
14824972,61715238,2012-10-17,PRO
14824972,14056265,2013-10-17,CON
14824973,62036496,2014-08-12,PRO
14824978,12959199,2010-12-02,CON
14824978,13930078,2013-06-28,CON
14824978,14302254,2014-06-11,DIV
14824980,10343872,2003-10-08,DIV
14824980,PCT/JP02/05622,2002-06-06,NST
14824985,61684513,2012-08-17,PRO
14824985,13795734,2013-03-12,CON
14824992,29499886,2014-08-19,CIP
14824996,13270978,2011-10-11,CON
14824997,61773128,2013-03-05,PRO
14824997,61798824,2013-03-15,PRO
14824997,14184978,2014-02-20,CON
14825000,13553760,2012-07-19,CON
14825001,62036570,2014-08-12,PRO
14825006,12648217,2009-12-28,CON
14825006,13094334,2011-04-26,CON
14825006,13407726,2012-02-28,CON
14825006,13734789,2013-01-04,CON
14825009,61559659,2011-11-14,PRO
14825009,61559664,2011-11-14,PRO
14825009,13613540,2012-09-13,DIV
14825011,13435351,2012-03-30,CON
14825011,14486602,2014-09-15,CON
14825015,61610321,2012-03-13,PRO
14825015,13558197,2012-07-25,DIV
14825016,61761316,2013-02-06,PRO
14825016,14166763,2014-01-28,CON
14825019,13368869,2012-02-08,CON
14825019,14186996,2014-02-21,CON
14825021,61523125,2011-08-12,PRO
14825021,13572514,2012-08-10,DIV
14825024,12977774,2010-12-23,REI
14825024,14308793,2014-06-19,CON
14825025,62036373,2014-08-12,PRO
14825026,11417670,2006-05-04,CON
14825027,61965882,2014-02-07,PRO
14825027,14617664,2015-02-09,CIP
14825029,12935384,2010-11-19,CON
14825029,14058892,2013-10-21,CON
14825029,14222351,2014-03-21,CON
14825029,14498852,2014-09-26,CON
14825029,PCT/GB2009/051359,2009-10-12,NST
14825030,13759395,2013-02-05,CON
14825031,PCT/CN2014/076081,2014-04-24,CON
14825033,61947335,2014-03-03,PRO
14825033,14636334,2015-03-03,CON
14825034,13274962,2011-10-17,CON
14825036,12569057,2009-09-29,CON
14825036,13968776,2013-08-16,CON
14825038,13929322,2013-06-27,CON
14825042,13486236,2012-06-01,CON
14825043,62036463,2014-08-12,PRO
14825044,13626262,2012-09-25,DIV
14825049,62036974,2014-08-13,PRO
14825050,62036746,2014-08-13,PRO
14825050,62039553,2014-08-20,PRO
14825052,62040941,2014-08-22,PRO
14825052,62171503,2015-06-05,PRO
14825053,61486186,2011-05-13,PRO
14825053,13468749,2012-05-10,CON
14825053,14242150,2014-04-01,CON
14825056,61763684,2013-02-12,PRO
14825056,PCT/US14/15894,2014-02-11,CON
14825057,13626820,2012-09-25,CON
14825058,61773128,2013-03-05,PRO
14825058,61798824,2013-03-15,PRO
14825058,14184978,2014-02-20,CON
14825059,61935333,2014-02-04,PRO
14825059,PCT/US15/14037,2015-02-02,CON
14825060,60836138,2006-08-08,PRO
14825060,11890544,2007-08-07,CON
14825060,14224436,2014-03-25,CIP
14825063,13839055,2013-03-15,CON
14825066,14078108,2013-11-12,CIP
14825066,62163919,2015-05-19,PRO
14825071,13806565,2012-12-28,CON
14825071,PCT/KR2011/003052,2011-04-27,NST
14825077,13846429,2013-03-18,DIV
14825078,62036546,2014-08-12,PRO
14825079,61484393,2011-05-10,PRO
14825079,13462601,2012-05-02,DIV
14825082,62284398,2014-08-12,CON
14825089,61774237,2013-03-07,PRO
14825089,61790942,2013-03-15,PRO
14825089,61807699,2013-04-02,PRO
14825089,61870350,2013-08-27,PRO
14825089,61889187,2013-10-10,PRO
14825089,61915093,2013-12-12,PRO
14825089,14199461,2014-03-06,CIP
14825089,62010302,2014-06-10,PRO
14825089,62036284,2014-08-12,PRO
14825089,62036297,2014-08-12,PRO
14825089,14511858,2014-10-10,CIP
14825089,14735745,2015-06-10,CIP
14825090,62036500,2014-08-12,PRO
14825093,13427686,2012-03-22,DIV
14825099,62036198,2014-08-12,PRO
14825103,62036236,2014-08-12,PRO
14825108,62037542,2014-08-14,PRO
14825108,62039832,2014-08-20,PRO
14825108,62067357,2014-10-22,PRO
14825109,14081451,2013-11-15,CON
14825111,61406319,2010-10-25,PRO
14825111,12942762,2010-11-09,CON
14825111,13875045,2013-05-01,CON
14825113,62036343,2014-08-12,PRO
14825115,13875146,2013-05-01,CON
14825117,62036581,2014-08-12,PRO
14825121,62011372,2014-06-12,PRO
14825123,11632587,2007-11-05,CON
14825123,13089096,2011-04-18,CIP
14825123,PCT/IL2005/000743,2005-07-13,NST
14825130,13977188,2013-06-28,CON
14825130,PCT/US2011/064096,2011-12-09,NST
14825135,14308061,2014-06-18,CON
14825139,62036241,2014-08-12,PRO
14825139,PCT/IB2014/065690,2014-10-29,CIP
14825140,62036149,2014-08-12,PRO
14825144,62041017,2014-08-22,PRO
14825145,62037145,2014-08-14,PRO
14825145,62037147,2014-08-14,PRO
14825145,62037148,2014-08-14,PRO
14825145,62037151,2014-08-14,PRO
14825145,62037154,2014-08-14,PRO
14825145,62037156,2014-08-14,PRO
14825145,62037159,2014-08-14,PRO
14825151,14308270,2014-06-18,CON
14825156,14198385,2014-03-05,CIP
14825156,62036277,2014-08-12,PRO
14825156,62081267,2014-11-18,PRO
14825156,62113934,2015-02-09,PRO
14825156,14702723,2015-05-02,CIP
14825157,62036112,2014-08-12,PRO
14825164,14198385,2014-03-05,CIP
14825164,62036277,2014-08-12,PRO
14825164,62081267,2014-11-18,PRO
14825164,62113934,2015-02-09,PRO
14825164,14702723,2015-05-02,CIP
14825165,13206533,2011-08-10,CON
14825166,61523069,2011-08-12,PRO
14825166,13571553,2012-08-10,CON
14825166,14556818,2014-12-01,CON
14825167,14198385,2014-03-05,CIP
14825167,62036277,2014-08-12,PRO
14825167,62081267,2014-11-18,PRO
14825167,62113934,2015-02-09,PRO
14825167,14702723,2015-05-02,CIP
14825170,60689650,2005-06-09,PRO
14825170,11450145,2006-06-09,CON
14825170,12590855,2009-11-12,CON
14825170,14010478,2013-08-26,CON
14825172,13612419,2012-09-12,CON
14825172,PCT/JP2011/068665,2011-08-18,CIP
14825173,62037778,2014-08-15,PRO
14825175,14254904,2014-04-17,CIP
14825177,13361959,2012-01-31,REI
14825180,10562025,2005-12-22,DIV
14825187,61544279,2011-10-07,PRO
14825187,13591229,2012-08-22,CON
14825192,PCT/CN2014/074172,2014-03-27,CIP
14825194,62038190,2014-08-15,PRO
14825194,62038336,2014-08-17,PRO
14825198,PCT/GB2014/050456,2014-02-17,CON
14825205,62037081,2014-08-13,PRO
14825211,62039248,2014-08-19,PRO
14825212,61583016,2012-01-04,PRO
14825212,13733225,2013-01-03,DIV
14825213,61781086,2013-03-14,PRO
14825213,14207796,2014-03-13,CON
14825215,14446271,2014-07-29,CIP
14825217,13301292,2011-11-21,CIP
14825217,13528810,2012-06-20,CON
14825217,13735769,2013-01-07,CIP
14825221,13429108,2012-03-23,CON
14825226,14092991,2013-11-28,CON
14825227,13465349,2012-05-07,DIV
14825231,14459391,2014-08-14,CIP
14825233,62040629,2014-08-22,PRO
14825234,10830085,2004-04-23,CON
14825234,12318711,2009-01-07,CON
14825234,13835063,2013-03-15,CON
14825234,14153371,2014-01-13,CON
14825234,14597729,2015-01-15,CON
14825235,14090064,2013-11-26,DIV
14825239,61701893,2012-09-17,PRO
14825239,14029742,2013-09-17,CIP
14825241,13771476,2013-02-20,CON
14825242,61775684,2013-03-11,PRO
14825242,14202917,2014-03-10,CON
14825244,62036780,2014-08-13,PRO
14825245,61548310,2011-10-18,PRO
14825245,13655414,2012-10-18,CON
14825247,62037398,2014-08-14,PRO
14825253,PCT/EP2014/052122,2014-02-04,CON
14825255,PCT/JP2014/052244,2014-01-31,CON
14825256,62070031,2014-08-14,PRO
14825257,62037330,2014-08-14,PRO
14825258,12308601,2010-09-27,CON
14825258,13849720,2013-03-25,CON
14825258,PCT/US2007/014187,2007-06-18,NST
14825261,14373393,2014-07-21,CON
14825261,PCT/EP2013/052523,2013-02-08,NST
14825263,12368601,2009-02-10,CIP
14825263,12536103,2009-08-05,CON
14825263,14307667,2014-06-18,CON
14825264,14317422,2014-06-27,CON
14825265,14292857,2014-05-31,CON
14825268,62038188,2014-08-15,PRO
14825268,62051759,2014-09-17,PRO
14825268,62058892,2014-10-02,PRO
14825270,12641116,2009-12-17,DIV
14825270,13910332,2013-06-05,DIV
14825271,14318846,2014-06-30,DIV
14825275,62039802,2014-08-20,PRO
14825276,14317444,2014-06-27,CON
14825279,62037768,2014-08-15,PRO
14825280,62036774,2014-08-13,PRO
14825280,62036787,2014-08-13,PRO
14825284,62037244,2014-08-14,PRO
14825286,61759687,2013-02-01,PRO
14825286,14168303,2014-01-30,CON
14825287,61427038,2010-12-23,PRO
14825287,61427047,2010-12-23,PRO
14825287,13323582,2011-12-12,DIV
14825290,12193268,2008-08-18,CON
14825291,13263941,2011-10-11,DIV
14825291,PCT/IB2010/002165,2010-06-11,NST
14825298,13853592,2013-03-29,CON
14825299,PCT/JP2013/005895,2013-10-03,CON
14825303,13414825,2012-03-08,DIV
14825305,60931901,2007-05-25,PRO
14825305,12154692,2008-05-23,DIV
14825305,13350294,2012-01-13,REI
14825309,PCT/EP2014/052600,2014-02-11,CON
14825310,61554107,2011-11-01,PRO
14825310,13528211,2012-06-20,CIP
14825310,13528501,2012-06-20,CIP
14825310,13651213,2012-10-12,CON
14825315,62037228,2014-08-14,PRO
14825315,62161987,2015-05-15,PRO
14825316,62036785,2014-08-13,PRO
14825317,62037966,2014-08-15,PRO
14825317,62039398,2014-08-19,PRO
14825318,13879485,2013-04-15,CIP
14825318,PCT/US2011/057080,2011-10-20,NST
14825320,62041418,2014-08-25,PRO
14825323,PCT/JP2014/053360,2014-02-13,CON
14825324,62040152,2014-08-21,PRO
14825328,14184629,2014-02-19,CON
14825331,13371177,2012-02-10,DIV
14825333,14315763,2014-06-26,CON
14825334,14197744,2014-03-05,CON
14825335,61882746,2013-09-26,PRO
14825335,61897306,2013-10-30,PRO
14825335,14190031,2014-02-25,CIP
14825335,PCT/US14/57307,2014-09-24,CIP
14825336,13826237,2013-03-14,DIV
14825337,62037198,2014-08-14,PRO
14825343,PCT/EP2014/052776,2014-02-13,CON
14825344,61810598,2013-04-10,PRO
14825344,14249974,2014-04-10,CON
14825345,14315799,2014-06-26,CON
14825351,62037740,2014-08-15,PRO
14825354,PCT/JP2014/056231,2014-03-11,CON
14825355,62037966,2014-08-15,PRO
14825355,62039398,2014-08-19,PRO
14825356,PCT/US14/16728,2014-02-17,NST
14825357,PCT/JP2014/053749,2014-02-18,CON
14825358,62040084,2014-08-21,PRO
14825361,62037732,2014-08-15,PRO
14825362,PCT/JP2014/058408,2014-03-26,CON
14825363,13879085,2013-04-12,DIV
14825363,PCT/FI2011/050896,2011-10-14,NST
14825364,60908604,2007-03-28,PRO
14825364,12058637,2008-03-28,CON
14825364,12951710,2010-11-22,CON
14825366,13181707,2011-07-13,DIV
14825366,14187563,2014-02-24,CON
14825367,61266753,2009-12-04,PRO
14825367,12684543,2010-01-08,CIP
14825367,PCT/US10/58936,2010-12-03,NST
14825367,13513472,2012-10-11,CON
14825367,14276368,2014-05-13,CON
14825367,14580335,2014-12-23,CON
14825368,61714118,2012-10-15,PRO
14825368,13750839,2013-01-25,CON
14825369,61542953,2011-10-04,PRO
14825369,13633588,2012-10-02,CON
14825371,13002634,2011-02-28,DIV
14825371,PCT/NZ2009/000106,2009-06-16,NST
14825372,61757697,2013-01-28,PRO
14825372,14165497,2014-01-27,CON
14825375,14088461,2013-11-25,DIV
14825379,13002634,2011-02-28,DIV
14825379,PCT/NZ2009/000106,2009-06-16,NST
14825380,13415264,2012-03-08,CON
14825382,61715737,2012-10-18,PRO
14825382,14022584,2013-09-10,DIV
14825383,14048376,2013-10-08,CON
14825386,61655934,2012-06-05,PRO
14825386,61759295,2013-01-31,PRO
14825386,13800374,2013-03-13,CON
14825386,14600911,2015-01-20,CON
14825389,14115738,2013-11-05,CON
14825389,PCT/JP2012/003263,2012-05-18,NST
14825399,13450775,2012-04-19,DIV
14825399,13597765,2012-08-29,DIV
14825399,14706795,2015-05-07,DIV
14825406,13500564,2012-04-05,CON
14825406,PCT/JP2010/067640,2010-10-07,NST
14825407,62038512,2014-08-18,PRO
14825410,10486916,2004-02-23,CON
14825410,12175532,2008-07-18,CON
14825410,12645659,2009-12-23,CON
14825410,14153466,2014-01-13,CON
14825410,PCT/JP2002/008451,2002-08-22,NST
14825412,13287193,2011-11-02,DIV
14825413,62036664,2014-08-13,PRO
14825414,61141536,2008-12-30,PRO
14825414,12649941,2009-12-30,CON
14825416,PCT/JP2014/055238,2014-03-03,CON
14825418,PCT/EP2014/050919,2014-01-17,CON
14825426,PCT/EP2014/053039,2014-02-17,CON
14825427,62040714,2014-08-22,PRO
14825436,60753908,2005-12-23,PRO
14825436,11639102,2006-12-14,CON
14825436,12770321,2010-04-29,CIP
14825436,13169968,2011-06-27,CON
14825436,14254244,2014-04-16,CON
14825436,14529516,2014-10-31,CON
14825437,61409297,2010-11-02,PRO
14825437,13287432,2011-11-02,CON
14825438,PCT/EP2014/052832,2014-02-13,CON
14825441,13752104,2013-01-28,CON
14825443,13332658,2011-12-21,CON
14825443,14103066,2013-12-11,CON
14825446,61242872,2009-09-16,PRO
14825446,12846062,2010-07-29,DIV
14825446,13606899,2012-09-07,DIV
14825446,13898992,2013-05-21,DIV
14825446,14066097,2013-10-29,DIV
14825446,14289066,2014-05-28,DIV
14825446,14576656,2014-12-19,DIV
14825448,12926618,2010-11-30,CON
14825451,61501409,2011-06-27,PRO
14825451,13533178,2012-06-26,DIV
14825452,61574455,2011-08-04,PRO
14825452,13365818,2012-02-03,CON
14825453,PCT/JP2014/000656,2014-02-07,CON
14825457,14132135,2013-12-18,CON
14825459,61578425,2011-12-21,PRO
14825459,13719380,2012-12-19,CON
14825462,60783888,2006-03-20,PRO
14825462,PCT/US07/64435,2007-03-20,CON
14825462,12208972,2008-09-11,CON
14825462,12377268,2010-03-24,CIP
14825462,13247574,2011-09-28,CON
14825462,14047183,2013-10-07,CON
14825462,14341901,2014-07-28,CIP
14825462,PCT/US2007/077178,2007-08-30,NST
14825462,PCT/US2014/016983,2014-02-18,CON
14825464,12164774,2008-06-30,DIV
14825464,13720310,2012-12-19,DIV
14825464,14191669,2014-02-27,DIV
14825468,62040360,2014-08-21,PRO
14825471,62038512,2014-08-18,PRO
14825478,PCT/JP2013/059700,2013-03-29,CON
14825484,13148160,2011-08-05,CIP
14825484,PCT/DE2010/000126,2010-02-04,NST
14825487,62038598,2014-08-18,PRO
14825490,62037663,2014-08-15,PRO
14825491,62037535,2014-08-14,PRO
14825492,13817306,2013-06-24,CON
14825492,PCT/US2011/047920,2011-08-16,NST
14825493,62038506,2014-08-18,PRO
14825493,14734147,2015-06-09,CIP
14825497,13264436,2011-10-14,CON
14825497,PCT/US2010/031276,2010-04-15,NST
14825498,13511951,2012-05-24,DIV
14825498,PCT/JP2010/070597,2010-11-18,NST
14825499,13148416,2011-08-08,DIV
14825499,PCT/JP2009/064059,2009-08-07,NST
14825503,62036829,2014-08-13,PRO
14825504,13693023,2012-12-03,CON
14825505,62036754,2014-08-13,PRO
14825507,13010443,2011-01-20,CIP
14825507,13025729,2011-02-11,CON
14825507,14013611,2013-08-29,CON
14825509,61715737,2012-10-18,PRO
14825509,14022584,2013-09-10,CON
14825510,62036816,2014-08-13,PRO
14825513,62037623,2014-08-15,PRO
14825515,13360498,2012-01-27,DIV
14825516,10599512,2007-05-29,DIV
14825516,12979535,2010-12-28,CON
14825516,14028027,2013-09-16,DIV
14825516,PCT/EP2005/003371,2005-03-31,NST
14825517,14004089,2013-11-25,CON
14825517,14624835,2015-02-18,CIP
14825517,PCT/KR2012/001712,2012-03-08,NST
14825518,62036831,2014-08-13,PRO
14825520,PCT/CN2013/072336,2013-03-08,CON
14825523,61578425,2011-12-21,PRO
14825523,13719380,2012-12-19,CIP
14825523,13923002,2013-06-20,CON
14825525,62037432,2014-08-14,PRO
14825526,09716146,2000-11-17,CIP
14825526,09783633,2001-02-14,CIP
14825526,10258087,2003-08-19,CIP
14825526,10936884,2004-09-09,DIV
14825529,14450042,2014-08-01,CIP
14825529,62046995,2014-09-07,PRO
14825531,13693023,2012-12-03,CON
14825535,61199179,2008-11-13,PRO
14825535,12616831,2009-11-12,CON
14825535,13398887,2012-02-17,CON
14825535,13761407,2013-02-07,CON
14825535,14059638,2013-10-22,CON
14825535,14293031,2014-06-02,CON
14825535,14591124,2015-01-07,CON
14825542,62039204,2014-08-19,PRO
14825546,14239316,2014-02-18,CIP
14825546,PCT/IB2012/056316,2012-11-09,NST
14825547,62037443,2014-08-14,PRO
14825549,60937761,2007-06-29,PRO
14825549,12163656,2008-06-27,CON
14825550,62040338,2014-08-21,PRO
14825557,13693023,2012-12-03,CON
14825559,60456995,2003-03-21,PRO
14825559,10806084,2004-03-22,CON
14825559,12897509,2010-10-04,CON
14825559,13493860,2012-06-11,CON
14825559,14503818,2014-10-01,CON
14825560,13835647,2013-03-15,CON
14825561,62038062,2014-08-15,PRO
14825564,60548261,2004-02-27,PRO
14825564,11069472,2005-02-28,CON
14825564,13099424,2011-05-03,CON
14825564,14142160,2013-12-27,CON
14825564,14731053,2015-06-04,CON
14825564,14731334,2015-06-04,DIV
14825565,61345412,2010-05-17,PRO
14825565,13109711,2011-05-17,CON
14825567,61116443,2008-11-20,PRO
14825567,12620639,2009-11-18,REI
14825568,13784615,2013-03-04,CON
14825570,62040132,2014-08-21,PRO
14825574,12576804,2009-10-09,CON
14825574,13585213,2012-08-14,CON
14825574,14017895,2013-09-04,CON
14825575,13753178,2013-01-29,DIV
14825579,62038512,2014-08-18,PRO
14825581,14140933,2013-12-26,DIV
14825582,62037572,2014-08-14,PRO
14825586,13606841,2012-09-07,CON
14825588,62040030,2014-08-21,PRO
14825593,13475301,2012-05-18,DIV
14825593,14281271,2014-05-19,CON
14825596,13828968,2013-03-14,CON
14825600,61165778,2009-04-01,PRO
14825600,12750956,2010-03-31,CON
14825605,62036727,2014-08-13,PRO
14825606,62038669,2014-08-18,PRO
14825607,13770432,2013-02-19,CIP
14825607,14166329,2014-01-28,CON
14825607,14536148,2014-11-07,CON
14825609,13433290,2012-03-29,CON
14825610,61559878,2011-11-15,PRO
14825610,13652576,2012-10-16,CON
14825611,12391503,2009-02-24,CIP
14825611,13150725,2011-06-01,CON
14825611,13848649,2013-03-21,CON
14825613,13249904,2011-09-30,DIV
14825613,14189685,2014-02-25,DIV
14825615,10689189,2003-10-20,CON
14825615,13013812,2011-01-25,CON
14825615,14077685,2013-11-12,CON
14825617,62070040,2014-08-13,PRO
14825619,61772945,2013-03-05,PRO
14825619,14189327,2014-02-25,CIP
14825624,09940110,2001-08-27,CIP
14825624,10118289,2002-04-08,CIP
14825624,60379306,2002-05-10,PRO
14825624,10345914,2003-01-16,CON
14825624,12572153,2009-10-01,CON
14825624,14041757,2013-09-30,CON
14825624,14467434,2014-08-25,CON
14825626,62036942,2014-08-13,PRO
14825629,12846363,2010-07-29,CON
14825630,62036953,2014-08-13,PRO
14825635,62036937,2014-08-13,PRO
14825639,62037501,2014-08-14,PRO
14825643,61542546,2011-10-03,PRO
14825643,13633623,2012-10-02,DIV
14825645,13690666,2012-11-30,CON
14825646,62037716,2014-08-15,PRO
14825650,13967225,2013-08-14,CON
14825651,13497581,2012-03-22,DIV
14825651,PCT/JP2011/003799,2011-07-04,NST
14825654,62037580,2014-08-14,PRO
14825656,62037720,2014-08-15,PRO
14825657,10830085,2004-04-23,CON
14825657,12318711,2009-01-07,CON
14825657,13835063,2013-03-15,CON
14825657,14153371,2014-01-13,CON
14825657,14597729,2015-01-15,CON
14825659,10060402,2002-02-01,CON
14825659,12385661,2009-04-15,CON
14825659,12944320,2010-11-11,CON
14825659,14193966,2014-02-28,CON
14825660,PCT/JP2014/053361,2014-02-13,CON
14825661,12095557,2010-07-22,DIV
14825661,13746762,2013-01-22,DIV
14825661,PCT/US2006/061817,2006-12-08,NST
14825663,14497451,2014-09-26,CIP
14825663,14720111,2015-05-22,CON
14825664,10577857,2007-03-30,CON
14825664,13557266,2012-07-25,CON
14825664,14332946,2014-07-16,CON
14825664,PCT/EP2004/053116,2004-11-26,NST
14825665,13328936,2011-12-16,DIV
14825665,14481243,2014-09-09,CON
14825666,PCT/JP2014/053049,2014-02-10,CON
14825667,61500338,2011-06-23,PRO
14825667,13528980,2012-06-21,DIV
14825668,62037071,2014-08-13,PRO
14825668,62082468,2014-11-20,PRO
14825669,62037348,2014-08-14,PRO
14825675,13765871,2013-02-13,DIV
14825678,PCT/JP2013/079888,2013-11-05,CON
14825680,61667953,2012-07-04,PRO
14825680,61675489,2012-07-25,PRO
14825680,13804270,2013-03-14,CON
14825682,PCT/JP2014/053453,2014-02-14,CON
14825683,11855611,2007-09-14,DIV
14825684,PCT/US2014/016602,2014-02-14,CON
14825688,14357964,2014-05-13,DIV
14825688,PCT/US2012/065046,2012-11-14,NST
14825693,13202949,2012-02-27,CON
14825693,PCT/AU2010/000231,2010-02-26,NST
14825696,62047397,2014-09-08,PRO
14825699,14126177,2014-02-04,CON
14825699,PCT/US2012/042178,2012-06-13,NST
14825703,13669107,2012-11-05,DIV
14825705,61828081,2013-05-28,PRO
14825705,14258825,2014-04-22,CON
14825706,13723068,2012-12-20,CON
14825708,62037985,2014-08-15,PRO
14825710,12375182,2009-01-26,CON
14825710,13749214,2013-01-24,CON
14825710,PCT/AU2007/001029,2007-07-25,NST
14825711,12699706,2010-02-03,CON
14825714,61151007,2009-02-09,PRO
14825714,61240760,2009-09-09,PRO
14825714,12702628,2010-02-09,DIV
14825714,14074448,2013-11-07,CON
14825714,14264708,2014-04-29,CON
14825715,PCT/JP2014/053689,2014-02-18,CON
14825719,13932406,2013-07-01,CON
14825721,13692487,2012-12-03,CON
14825722,13275065,2011-10-17,CON
14825722,14638839,2015-03-04,CON
14825723,PCT/JP2014/059270,2014-03-28,CON
14825725,62036928,2014-08-13,PRO
14825728,61601156,2012-02-21,PRO
14825728,13767769,2013-02-14,DIV
14825729,13281609,2011-10-26,DIV
14825732,62037997,2014-08-15,PRO
14825733,62037472,2014-08-14,PRO
14825734,62036881,2014-08-13,PRO
14825735,PCT/JP2013/056023,2013-03-05,CON
14825736,PCT/EP2014/054224,2014-03-05,CON
14825740,62039720,2014-08-20,PRO
14825740,62130727,2015-03-10,PRO
14825741,13719733,2012-12-19,DIV
14825741,14566555,2014-12-10,DIV
14825742,11286044,2005-11-22,CIP
14825742,61408462,2010-10-29,PRO
14825742,13286044,2011-10-31,CON
14825742,14297509,2014-06-05,CON
14825750,61471872,2011-04-05,PRO
14825750,13440351,2012-04-05,CON
14825751,61616398,2012-03-27,PRO
14825751,13799673,2013-03-13,DIV
14825753,12837727,2010-07-16,CIP
14825753,13759376,2013-02-05,CIP
14825757,62037068,2014-08-13,PRO
14825760,PCT/EP2014/052851,2014-02-13,CON
14825761,PCT/US2014/016939,2014-02-18,CON
14825762,PCT/JP2013/073726,2013-08-28,CON
14825765,13059405,2011-05-12,DIV
14825765,PCT/EP2009/005419,2009-07-27,NST
14825766,13147812,2011-08-04,CON
14825766,14563724,2014-12-08,CON
14825766,PCT/KR2010/001814,2010-03-24,NST
14825771,61607758,2012-03-07,PRO
14825771,13767774,2013-02-14,DIV
14825775,13012335,2011-01-24,CON
14825778,14195940,2014-03-04,DIV
14825780,62037312,2014-08-14,PRO
14825784,61255636,2009-10-28,PRO
14825784,13380743,2012-03-09,CON
14825784,PCT/KR2010/004087,2010-06-23,NST
14825785,12956626,2010-11-30,CON
14825785,14290783,2014-05-29,CON
14825785,14684653,2015-04-13,CON
14825786,60067310,1997-12-04,PRO
14825786,60085585,1998-05-15,PRO
14825786,09204289,1998-12-03,CON
14825786,10865904,2004-06-14,DIV
14825786,11041299,2005-01-25,DIV
14825786,12573217,2009-10-05,CON
14825786,13035337,2011-02-25,CON
14825786,13616430,2012-09-14,CON
14825789,62036918,2014-08-13,PRO
14825790,13273060,2011-10-13,CON
14825791,62036897,2014-08-13,PRO
14825799,60743588,2006-03-20,PRO
14825799,11688789,2007-03-20,DIV
14825799,12410392,2009-03-24,CON
14825799,12905823,2010-10-15,REI
14825801,14159226,2014-01-20,DIV
14825802,62036828,2014-08-13,PRO
14825806,62036943,2014-08-13,PRO
14825807,62036710,2014-08-13,PRO
14825810,61603217,2012-02-24,PRO
14825810,61719486,2012-10-28,PRO
14825810,61751919,2013-01-13,PRO
14825810,61764611,2013-02-14,PRO
14825810,61765402,2013-02-15,PRO
14825810,13775230,2013-02-24,CON
14825816,62036982,2014-08-13,PRO
14825817,62040957,2014-08-22,PRO
14825818,62036893,2014-08-13,PRO
14825821,62037657,2014-08-15,PRO
14825823,14178065,2014-02-11,CIP
14825825,13640014,2012-10-08,CON
14825826,62037934,2014-08-15,PRO
14825827,61371350,2010-08-06,PRO
14825827,13204164,2011-08-05,CON
14825828,13859118,2013-04-09,CON
14825829,10102568,2002-03-18,CON
14825829,10963080,2004-10-12,CON
14825829,11102390,2005-04-08,CON
14825829,11179257,2005-07-12,CON
14825829,11780932,2007-07-20,CON
14825829,12400888,2009-03-10,CON
14825829,13044189,2011-03-09,CON
14825829,13411212,2012-03-02,CON
14825829,13669916,2012-11-06,CON
14825829,13732743,2013-01-02,CON
14825829,13929441,2013-06-27,CON
14825829,PCT/ES99/00296,1999-09-20,CON
14825832,60180378,2000-02-04,PRO
14825832,PCT/US01/02962,2001-01-30,NST
14825832,10203043,2002-08-02,CON
14825832,11761287,2007-06-11,CON
14825832,13104290,2011-05-10,CON
14825832,13620850,2012-09-15,CON
14825832,14702431,2015-05-01,CON
14825834,62036665,2014-08-13,PRO
14825835,61594958,2012-02-03,PRO
14825835,13629420,2012-09-27,CON
14825836,13688617,2012-11-29,CON
14825840,PCT/JP2013/054098,2013-02-20,CON
14825841,11528225,2006-09-26,CON
14825841,13616186,2012-09-14,CON
14825844,61876071,2013-09-10,PRO
14825844,14198410,2014-03-05,CON
14825845,61277271,2009-09-22,PRO
14825845,12887404,2010-09-21,CON
14825846,14311857,2014-06-23,CON
14825847,61749925,2013-01-08,PRO
14825847,14147568,2014-01-05,CIP
14825848,62037010,2014-08-13,PRO
14825849,13913042,2013-06-07,CON
14825850,13719305,2012-12-19,CON
14825855,62037534,2014-08-14,PRO
14825856,13299100,2011-11-17,DIV
14825856,14317763,2014-06-27,CON
14825858,10988592,2004-11-16,DIV
14825858,11759627,2007-06-07,DIV
14825858,12117767,2008-05-09,CON
14825858,12775571,2010-05-07,DIV
14825858,13413779,2012-03-07,CON
14825858,13754057,2013-01-30,CON
14825858,14017611,2013-09-04,CON
14825859,13559638,2012-07-27,CON
14825862,13744403,2013-01-17,CON
14825863,62036718,2014-08-13,PRO
14825865,61586506,2012-01-13,PRO
14825865,13737660,2013-01-09,DIV
14825866,13434431,2012-03-29,DIV
14825867,PCT/FI2013/050239,2013-03-05,CON
14825869,61675677,2012-07-25,PRO
14825869,13951036,2013-07-25,CON
14825870,14090975,2013-11-26,DIV
14825871,13253409,2011-10-05,DIV
14825873,13943183,2013-07-16,CON
14825876,62041191,2014-08-25,PRO
14825877,PCT/JP2014/001393,2014-03-12,CON
14825880,14000594,2013-12-27,CON
14825880,PCT/US2012/028367,2012-03-08,NST
14825882,12856192,2010-08-13,CON
14825882,13915289,2013-06-11,CON
14825884,13493262,2012-06-11,DIV
14825885,62038076,2014-08-15,PRO
14825886,62038044,2014-08-15,PRO
14825889,62037010,2014-08-13,PRO
14825890,62038473,2014-08-18,PRO
14825891,12592261,2009-10-28,CIP
14825891,12618644,2009-11-13,CON
14825892,61321472,2010-04-06,PRO
14825892,13081385,2011-04-06,CON
14825892,14189256,2014-02-25,CON
14825893,14115788,2013-11-05,CON
14825893,PCT/JP2012/052412,2012-02-02,NST
14825896,PCT/JP2014/053046,2014-02-10,CON
14825897,13273445,2011-10-14,CIP
14825897,13738990,2013-01-11,CIP
14825899,13836681,2013-03-15,CON
14825902,12826275,2010-06-29,DIV
14825902,13528574,2012-06-20,CON
14825902,13901767,2013-05-24,DIV
14825902,14299742,2014-06-09,CON
14825903,61047964,2008-04-25,PRO
14825903,12430333,2009-04-27,CON
14825903,13244720,2011-09-26,CON
14825905,61513330,2011-07-29,PRO
14825905,61513341,2011-07-29,PRO
14825905,13425062,2012-03-20,CON
14825905,14248768,2014-04-09,CON
14825906,12929939,2011-02-25,REI
14825908,62037263,2014-08-14,PRO
14825909,12171278,2008-07-10,CON
14825909,13949070,2013-07-23,CON
14825911,13504995,2012-04-30,DIV
14825911,14552021,2014-11-24,DIV
14825911,PCT/US2010/058438,2010-11-30,NST
14825915,61529796,2011-08-31,PRO
14825915,61533560,2011-09-12,PRO
14825915,13566908,2012-08-03,DIV
14825915,14286784,2014-05-23,CON
14825916,62038076,2014-08-15,PRO
14825918,12908512,2010-10-20,REI
14825920,13652363,2012-10-15,DIV
14825921,14219940,2014-03-19,DIV
14825923,13829612,2013-03-14,CON
14825924,11838255,2007-08-14,CON
14825924,13336289,2011-12-23,CON
14825924,13741729,2013-01-15,CON
14825924,14537549,2014-11-10,CON
14825924,PCT/JP2007/061506,2007-05-31,CON
14825927,62037010,2014-08-13,PRO
14825929,61537526,2011-09-21,PRO
14825929,13398227,2012-02-16,CON
14825929,13851606,2013-03-27,CON
14825933,62037459,2014-08-14,PRO
14825936,12137346,2008-06-11,CON
14825938,62038076,2014-08-15,PRO
14825939,62037523,2014-08-14,PRO
14825940,62036961,2014-08-13,PRO
14825942,62036809,2014-08-13,PRO
14825943,61537526,2011-09-21,PRO
14825943,13398227,2012-02-16,CON
14825943,13851606,2013-03-27,CON
14825944,62038103,2014-08-15,PRO
14825944,62189165,2015-07-06,PRO
14825947,13222367,2011-08-31,DIV
14825950,62036984,2014-08-13,PRO
14825953,13649467,2012-10-11,CON
14825953,14548667,2014-11-20,CON
14825953,PCT/CN2010/071754,2010-04-14,CON
14825957,62036850,2014-08-13,PRO
14825958,61537526,2011-09-21,PRO
14825958,13398227,2012-02-16,CON
14825958,13851606,2013-03-27,CON
14825959,13767746,2013-02-14,CON
14825961,60825407,2006-09-12,PRO
14825961,11853790,2007-09-11,CIP
14825961,13013740,2011-01-25,CIP
14825961,13083499,2011-04-08,CON
14825961,14299847,2014-06-09,CON
14825969,62037705,2014-08-15,PRO
14825972,PCT/CN2013/071704,2013-02-20,CON
14825974,61537526,2011-09-21,PRO
14825974,13398227,2012-02-16,CON
14825974,13851606,2013-03-27,CON
14825976,11093907,2005-03-30,CON
14825976,13229455,2011-09-09,CON
14825976,13942339,2013-07-15,CON
14825977,12407559,2009-03-19,DIV
14825978,62037025,2014-08-13,PRO
14825979,13656369,2012-10-19,CON
14825982,61066182,2008-02-19,PRO
14825982,12388123,2009-02-18,DIV
14825982,14286269,2014-05-23,CON
14825984,62037517,2014-08-14,PRO
14825985,61537526,2011-09-21,PRO
14825985,13398227,2012-02-16,CON
14825985,13851606,2013-03-27,CON
14825986,62036898,2014-08-13,PRO
14825986,62036953,2014-08-13,PRO
14825987,13752229,2013-01-28,DIV
14825990,11746046,2007-05-08,CON
14825990,12202427,2008-09-01,CON
14825990,13726019,2012-12-22,CON
14825990,14194751,2014-03-02,CON
14825990,14523878,2014-10-25,CON
14825991,11691974,2007-03-27,CON
14825991,13446386,2012-04-13,CIP
14825991,13738725,2013-01-10,CON
14825991,14290513,2014-05-29,CON
14825998,61811981,2013-04-15,PRO
14825998,61865954,2013-08-14,PRO
14825998,61870698,2013-08-27,PRO
14825998,61891217,2013-10-15,PRO
14825998,61904205,2013-11-14,PRO
14825998,61924572,2014-01-07,PRO
14825998,61926749,2014-01-13,PRO
14825998,14252858,2014-04-15,CON
14826000,61474367,2011-04-12,PRO
14826000,13227330,2011-09-07,CON
14826001,61359667,2010-06-29,PRO
14826001,13165180,2011-06-21,CIP
14826001,13330264,2011-12-19,CON
14826006,61542515,2011-10-03,PRO
14826006,13253811,2011-10-05,CON
14826011,61441893,2011-02-11,PRO
14826011,13371080,2012-02-10,DIV
14826011,14226279,2014-03-26,CON
14826012,60894121,2007-03-09,PRO
14826012,12025164,2008-02-04,CIP
14826012,13171273,2011-06-28,DIV
14826012,14244365,2014-04-03,CON
14826013,61779696,2013-03-13,PRO
14826013,14207515,2014-03-12,DIV
14826015,13099973,2011-05-03,CON
14826015,14145525,2013-12-31,CON
14826018,61542515,2011-10-03,PRO
14826018,61561502,2011-11-18,PRO
14826018,13310452,2011-12-02,CON
14826019,62036789,2014-08-13,PRO
14826022,13697851,2012-12-05,DIV
14826022,PCT/JP2011/004455,2011-08-05,NST
14826024,13718747,2012-12-18,CON
14826025,61542515,2011-10-03,PRO
14826025,61561502,2011-11-18,PRO
14826025,13422750,2012-03-16,CON
14826026,12213143,2008-06-16,CON
14826026,13589609,2012-08-20,CON
14826026,14269644,2014-05-05,CON
14826026,14535962,2014-11-07,CON
14826027,62038176,2014-08-15,PRO
14826034,62037531,2014-08-14,PRO
14826036,62036725,2014-08-13,PRO
14826036,62133052,2015-03-13,PRO
14826038,61441893,2011-02-11,PRO
14826038,13371080,2012-02-10,DIV
14826038,14226279,2014-03-26,CON
14826039,61730121,2012-11-27,PRO
14826039,14090918,2013-11-26,CON
14826040,62038000,2014-08-15,PRO
14826042,61557788,2011-11-09,PRO
14826042,13469652,2012-05-11,CON
14826044,11461502,2006-08-01,DIV
14826044,12904815,2010-10-14,CON
14826054,62037918,2014-08-15,PRO
14826056,62038040,2014-08-15,PRO
14826058,61716956,2012-10-22,PRO
14826058,61800182,2013-03-15,PRO
14826058,14060279,2013-10-22,CON
14826058,61901886,2013-11-08,PRO
14826058,61914354,2013-12-10,PRO
14826058,61930328,2014-01-22,PRO
14826058,61930336,2014-01-22,PRO
14826058,62005484,2014-05-30,PRO
14826058,62015215,2014-06-20,PRO
14826058,62053732,2014-09-22,PRO
14826058,62068498,2014-10-24,PRO
14826058,14536056,2014-11-07,CON
14826058,14752364,2015-06-26,CIP
14826059,62036882,2014-08-13,PRO
14826061,60616355,2004-10-06,PRO
14826061,11163155,2005-10-06,CON
14826061,12415945,2009-03-31,CON
14826066,62037521,2014-08-14,PRO
14826068,62036782,2014-08-13,PRO
14826069,62037533,2014-08-14,PRO
14826072,62037560,2014-08-14,PRO
14826073,62037546,2014-08-14,PRO
14826077,13182271,2011-07-13,DIV
14826078,13631278,2012-09-28,CON
14826080,62036981,2014-08-13,PRO
14826083,61503578,2011-06-30,PRO
14826083,13538953,2012-06-29,DIV
14826087,09264587,1999-03-08,DIV
14826087,10179603,2002-06-25,CON
14826087,10804548,2004-03-18,CON
14826087,12455180,2009-05-29,CON
14826087,12592788,2009-12-03,CON
14826087,13271552,2011-10-12,CON
14826087,14246573,2014-04-07,CON
14826092,62036965,2014-08-13,PRO
14826092,62087694,2014-12-04,PRO
14826092,62111032,2015-02-02,PRO
14826092,62120005,2015-02-24,PRO
14826092,62190640,2015-07-09,PRO
14826098,62056456,2014-09-26,PRO
14826099,11885388,2007-08-29,DIV
14826099,PCT/US2006/007404,2006-03-01,NST
14826101,62037525,2014-08-14,PRO
14826101,62109536,2015-01-29,PRO
14826102,62038112,2014-08-15,PRO
14826103,61715737,2012-10-18,PRO
14826103,14022584,2013-09-10,CIP
14826103,61901987,2013-11-08,PRO
14826103,14488747,2014-09-17,CON
14826105,61689347,2012-06-04,PRO
14826105,13909747,2013-06-04,CON
14826107,61163430,2009-03-25,PRO
14826107,12732034,2010-03-25,CON
14826112,62038066,2014-08-15,PRO
14826115,62036948,2014-08-13,PRO
14826115,62043649,2014-08-29,PRO
14826115,62043789,2014-08-29,PRO
14826115,62141355,2015-04-01,PRO
14826116,61975566,2014-04-04,PRO
14826116,14313794,2014-06-24,CON
14826117,14350775,2014-04-09,CON
14826117,PCT/JP2011/073310,2011-10-11,NST
14826121,13792778,2013-03-11,DIV
14826122,62036672,2014-08-13,PRO
14826123,12473171,2009-05-27,CON
14826125,14593067,2015-01-09,CIP
14826127,61867963,2013-08-20,PRO
14826127,61959292,2013-08-19,PRO
14826127,14167766,2014-01-29,CIP
14826127,61965351,2014-01-27,PRO
14826127,62070130,2014-08-15,PRO
14826127,62070585,2014-08-29,PRO
14826128,62037607,2014-08-15,PRO
14826131,62037238,2014-08-14,PRO
14826131,62089447,2014-12-09,PRO
14826131,62161404,2015-05-14,PRO
14826132,60957714,2007-08-24,PRO
14826132,60974084,2007-09-21,PRO
14826132,60977379,2007-10-04,PRO
14826132,61044504,2008-04-13,PRO
14826132,61076686,2008-06-29,PRO
14826132,12197999,2008-08-25,REI
14826134,61775620,2013-03-10,PRO
14826134,13823659,2013-07-05,CIP
14826134,13842698,2013-03-15,DIV
14826134,PCT/US2012/035658,2012-04-27,NST
14826135,62038802,2014-08-18,PRO
14826140,61173459,2009-04-28,PRO
14826140,12637685,2009-12-14,CON
14826142,13207186,2011-08-10,CON
14826144,61072008,2008-03-27,PRO
14826144,12383693,2009-03-26,CON
14826147,61182044,2009-05-28,PRO
14826147,61233345,2009-08-12,PRO
14826147,12705938,2010-02-15,DIV
14826147,13829608,2013-03-14,CON
14826147,14188495,2014-02-24,CON
14826149,13596655,2012-08-28,CON
14826157,61957255,2013-06-26,PRO
14826157,61959847,2013-09-04,PRO
14826157,61959861,2013-09-04,PRO
14826157,61959859,2013-09-04,PRO
14826157,61959870,2013-09-04,PRO
14826157,61959858,2013-09-04,PRO
14826157,61959854,2013-09-04,PRO
14826157,61935761,2014-02-04,PRO
14826157,14316469,2014-06-26,CON
14826157,14704891,2015-05-05,CON
14826158,13520207,2012-07-02,CON
14826158,PCT/KR2011/000111,2011-01-07,NST
14826159,62036932,2014-08-13,PRO
14826162,PCT/JP2014/000806,2014-02-17,CON
14826163,PCT/JP2013/059508,2013-03-29,CIP
14826164,13730115,2012-12-28,CON
14826166,62036906,2014-08-13,PRO
14826171,62037094,2014-08-13,PRO
14826172,61790813,2013-03-15,PRO
14826172,14191330,2014-02-26,CON
14826180,62036666,2014-08-13,PRO
14826181,14361698,2014-05-29,CIP
14826181,PCT/CN2012/001611,2012-12-03,NST
14826182,62037552,2014-08-14,PRO
14826184,14249315,2014-04-09,DIV
14826185,PCT/KR2013/011934,2013-12-20,CON
14826191,62037220,2014-08-14,PRO
14826197,61490400,2011-05-26,PRO
14826197,13480541,2012-05-25,CIP
14826197,13841519,2013-03-15,CON
14826200,62037382,2014-08-14,PRO
14826220,13991424,2013-06-20,CON
14826220,PCT/DE2012/000223,2012-03-08,NST
14826228,PCT/JP2013/084010,2013-12-19,CON
14826229,13743276,2013-01-16,CIP
14826229,13873832,2013-04-30,CIP
14826229,61841419,2013-06-30,PRO
14826229,14202653,2014-03-10,CIP
14826237,62037786,2014-08-15,PRO
14826238,62037939,2014-08-15,PRO
14826239,10228855,2002-08-27,CIP
14826239,10779978,2004-02-17,CON
14826241,62039972,2014-08-21,PRO
14826242,62037131,2014-08-14,PRO
14826244,PCT/EP2014/053323,2014-02-20,CON
14826246,62037137,2014-08-14,PRO
14826252,61522902,2011-08-12,PRO
14826252,13432304,2012-03-28,DIV
14826253,62039958,2014-08-21,PRO
14826254,12343547,2008-12-24,CON
14826255,62039518,2014-08-20,PRO
14826256,61553386,2011-10-31,PRO
14826256,13654866,2012-10-18,CON
14826259,14104832,2013-12-12,CON
14826261,13719366,2012-12-19,DIV
14826266,14133836,2013-12-19,DIV
14826268,PCT/JP2014/053221,2014-02-12,CON
14826269,14353385,2014-04-22,DIV
14826269,PCT/JP2012/008103,2012-12-19,NST
14826270,62041630,2014-08-25,PRO
14826272,12743098,2010-08-25,CON
14826272,13594965,2012-08-27,CON
14826272,14635480,2015-03-02,CON
14826272,PCT/US2008/082473,2008-11-05,NST
14826273,12507939,2009-07-23,DIV
14826277,12219401,2008-07-22,CON
14826277,13548473,2012-07-13,CON
14826277,14246234,2014-04-07,CON
14826277,14465079,2014-08-21,CON
14826279,13767681,2013-02-14,DIV
14826282,11878683,2007-07-26,CON
14826282,12923475,2010-09-23,CON
14826282,13456298,2012-04-26,CON
14826282,14057005,2013-10-18,CON
14826282,14284466,2014-05-22,CON
14826282,14696993,2015-04-27,CON
14826283,13850614,2013-03-26,DIV
14826284,62070049,2014-08-14,PRO
14826285,11979308,2007-11-01,CON
14826285,13426865,2012-03-22,CON
14826285,13666158,2012-11-01,CON
14826285,14447670,2014-07-31,CON
14826285,14611746,2015-02-02,CON
14826288,12346936,2008-12-31,DIV
14826288,13908768,2013-06-03,CON
14826294,PCT/EP2014/050924,2014-01-17,CON
14826296,14337899,2014-07-22,DIV
14826298,13190911,2011-07-26,DIV
14826298,14538020,2014-11-11,DIV
14826304,10568918,2006-02-17,CON
14826304,12128390,2008-05-28,CON
14826304,13105443,2011-05-11,CON
14826304,14276279,2014-05-13,CON
14826304,PCT/US2004/026772,2004-08-19,NST
14826305,13587976,2012-08-17,CON
14826305,13610834,2012-09-11,CON
14826308,12467860,2009-05-18,CON
14826308,14336177,2014-07-21,CON
14826311,62045666,2014-09-04,PRO
14826311,62045669,2014-09-04,PRO
14826311,62045674,2014-09-04,PRO
14826311,14633772,2015-02-27,CON
14826314,14189239,2014-02-25,CON
14826318,13723762,2012-12-21,DIV
14826323,12097259,2008-06-12,CON
14826323,13423361,2012-03-19,CON
14826323,PCT/IB2006/054731,2006-12-11,NST
14826324,13883008,2013-05-02,DIV
14826324,PCT/EP2011/069389,2011-11-04,NST
14826325,61663898,2012-06-25,PRO
14826325,13922777,2013-06-20,CIP
14826325,14483495,2014-09-11,CON
14826326,12914635,2010-10-28,CON
14826329,13521820,2012-07-12,DIV
14826329,13912287,2013-06-07,CON
14826329,14168595,2014-01-30,CON
14826329,PCT/US2010/024035,2010-02-12,NST
14826335,PCT/JP2014/077491,2014-10-16,CON
14826336,62038082,2014-08-15,PRO
14826337,12906671,2010-10-18,CON
14826340,13635655,2012-09-17,CON
14826340,PCT/SG2011/000103,2011-03-15,NST
14826342,14045960,2013-10-04,CON
14826344,61533106,2011-09-09,PRO
14826344,13607729,2012-09-09,CON
14826344,14229976,2014-03-30,CON
14826345,62037199,2014-08-14,PRO
14826351,13626441,2012-09-25,CON
14826351,14331398,2014-07-15,CON
14826354,61787067,2013-03-15,PRO
14826354,14200972,2014-03-07,DIV
14826356,11049458,2005-02-02,CON
14826356,12470808,2009-05-22,CON
14826356,13416763,2012-03-09,CON
14826356,13843932,2013-03-15,CON
14826356,14285233,2014-05-22,CON
14826357,10525292,2005-10-27,CON
14826357,13471820,2012-05-15,CON
14826357,14091938,2013-11-27,CON
14826357,14322581,2014-07-02,CON
14826357,14453490,2014-08-06,CON
14826357,14558182,2014-12-02,CON
14826357,PCT/IB2003/004502,2003-08-15,NST
14826359,61698176,2012-09-07,PRO
14826359,13788677,2013-03-07,CON
14826362,61250051,2009-10-09,PRO
14826362,61298243,2010-01-26,PRO
14826362,61298252,2010-01-26,PRO
14826362,12923810,2010-10-08,CON
14826362,14138643,2013-12-23,CON
14826365,62037395,2014-08-14,PRO
14826366,61555113,2011-11-03,PRO
14826366,PCT/US2014/025354,2014-03-13,CON
14826367,10525292,2005-10-27,CON
14826367,13471820,2012-05-15,CON
14826367,14091938,2013-11-27,CON
14826367,14322581,2014-07-02,CON
14826367,14453490,2014-08-06,CON
14826367,14558182,2014-12-02,CON
14826367,PCT/IB2003/004502,2003-08-15,NST
14826368,62037161,2014-08-14,PRO
14826372,PCT/CN2014/080731,2014-06-25,CON
14826374,62038884,2014-08-19,PRO
14826376,PCT/EP2014/067409,2014-08-14,CON
14826377,10525292,2005-10-27,CON
14826377,13471820,2012-05-15,CON
14826377,14091938,2013-11-27,CON
14826377,14322581,2014-07-02,CON
14826377,14453490,2014-08-06,CON
14826377,14558182,2014-12-02,CON
14826377,PCT/IB2003/004502,2003-08-15,NST
14826381,12672751,2010-02-09,CON
14826381,PCT/EP2008/060672,2008-08-14,NST
14826383,10525292,2005-10-27,CON
14826383,13471820,2012-05-15,CON
14826383,14091938,2013-11-27,CON
14826383,14322581,2014-07-02,CON
14826383,14453490,2014-08-06,CON
14826383,14558182,2014-12-02,CON
14826383,PCT/IB2003/004502,2003-08-15,NST
14826384,13146784,2011-10-03,DIV
14826384,13973477,2013-08-22,DIV
14826384,14283943,2014-05-21,DIV
14826384,PCT/JP2010/051807,2010-02-08,NST
14826385,61479952,2011-04-28,PRO
14826385,61531574,2011-09-06,PRO
14826385,61531583,2011-09-06,PRO
14826385,61538079,2011-09-22,PRO
14826385,61564763,2011-11-29,PRO
14826385,61578192,2011-12-20,PRO
14826385,61594160,2012-02-02,PRO
14826385,61598881,2012-02-14,PRO
14826385,61598892,2012-02-14,PRO
14826385,13458739,2012-04-27,CIP
14826385,13663334,2012-10-29,CIP
14826385,62037575,2014-08-14,PRO
14826385,62046845,2014-09-05,PRO
14826386,62038009,2014-08-15,PRO
14826387,14111650,2013-12-18,CON
14826387,PCT/US2012/033444,2012-04-13,NST
14826389,13886886,2013-05-03,CON
14826393,10525292,2005-10-27,CON
14826393,13471820,2012-05-15,CON
14826393,14091938,2013-11-27,CON
14826393,14322581,2014-07-02,CON
14826393,14453490,2014-08-06,CON
14826393,14558182,2014-12-02,CON
14826393,PCT/IB2003/004502,2003-08-15,NST
14826394,13217188,2011-08-24,CON
14826399,12570412,2009-09-30,CON
14826399,12610915,2009-11-02,CON
14826399,12610937,2009-11-02,CIP
14826399,12588928,2009-11-02,CIP
14826399,13624443,2012-09-21,CON
14826399,14635077,2015-03-02,CIP
14826403,62037723,2014-08-15,PRO
14826405,13106170,2011-05-12,DIV
14826407,11402576,2006-04-12,DIV
14826407,13042936,2011-03-08,CON
14826407,13350344,2012-01-13,CON
14826407,13657043,2012-10-22,CON
14826407,14513197,2014-10-13,CON
14826408,60200756,2000-05-01,PRO
14826408,09845803,2001-04-30,CON
14826408,13279639,2011-10-24,CON
14826408,14053067,2013-10-14,CON
14826409,61788800,2013-03-15,PRO
14826409,14215799,2014-03-17,CIP
14826409,62037866,2014-08-15,PRO
14826410,62037569,2014-08-14,PRO
14826411,61779558,2013-03-13,PRO
14826411,13946533,2013-07-19,CON
14826413,61174994,2009-05-02,PRO
14826413,61177769,2009-05-13,PRO
14826413,61226618,2009-07-17,PRO
14826413,12772198,2010-05-01,CON
14826413,13492616,2012-06-08,CIP
14826413,13798918,2013-03-13,CON
14826414,62038076,2014-08-15,PRO
14826417,14073838,2013-11-06,CON
14826421,14058530,2013-10-21,CON
14826422,62037972,2014-08-15,PRO
14826423,14025293,2013-09-12,CON
14826426,62037669,2014-08-15,PRO
14826429,61566893,2011-12-05,PRO
14826429,13706126,2012-12-05,DIV
14826430,61748217,2013-01-02,PRO
14826430,61748220,2013-01-02,PRO
14826430,61874129,2013-09-05,PRO
14826430,14090261,2013-11-26,CIP
14826433,14132230,2013-12-18,CON
14826434,61389910,2010-10-05,PRO
14826434,13247149,2011-09-28,DIV
14826435,62037339,2014-08-14,PRO
14826437,62038229,2014-08-16,PRO
14826438,PCT/JP2014/057448,2014-03-19,CON
14826441,62037639,2014-08-15,PRO
14826443,13687044,2012-11-28,CON
14826444,61566893,2011-12-05,PRO
14826444,13706126,2012-12-05,DIV
14826447,14184452,2014-02-19,DIV
14826451,13305660,2011-11-28,DIV
14826455,62038132,2014-08-15,PRO
14826458,62039149,2014-08-19,PRO
14826459,62037142,2014-08-14,PRO
14826462,60879668,2007-01-10,PRO
14826462,11972395,2008-01-10,CIP
14826462,61488671,2011-05-20,PRO
14826462,13419203,2012-03-13,DIV
14826462,14733695,2015-06-08,CON
14826465,PCT/JP2014/053972,2014-02-20,CON
14826466,14088462,2013-11-25,DIV
14826468,62039080,2014-08-19,PRO
14826470,PCT/EP2014/053927,2014-02-28,CON
14826471,13332658,2011-12-21,CON
14826471,14103066,2013-12-11,CIP
14826473,11536118,2006-09-28,CON
14826475,62037807,2014-08-15,PRO
14826476,PCT/US2014/016522,2014-02-14,CON
14826483,62070161,2014-08-18,PRO
14826484,61618949,2012-04-02,PRO
14826484,13854224,2013-04-01,CON
14826487,61760987,2013-02-05,PRO
14826487,PCT/US14/14779,2014-02-05,NST
14826487,14765993,2015-08-05,CIP
14826491,13407919,2012-02-29,CON
14826495,14175820,2014-02-07,CIP
14826497,13278912,2011-10-21,CON
14826499,12729873,2010-03-23,CON
14826504,PCT/CN2013/087535,2013-11-20,CON
14826508,13601235,2012-08-31,CON
14826511,61882261,2013-09-25,PRO
14826511,61984246,2014-04-25,PRO
14826511,62054661,2014-09-24,PRO
14826511,14495991,2014-09-25,CIP
14826512,13480960,2012-05-25,CIP
14826512,13855782,2013-04-03,CIP
14826515,12677621,2010-03-11,CON
14826515,13481016,2012-05-25,CON
14826515,PCT/JP2008/068287,2008-10-08,NST
14826516,62070300,2014-08-20,PRO
14826518,62037315,2014-08-14,PRO
14826522,13548843,2012-07-13,DIV
14826526,13790356,2013-03-08,CIP
14826526,14199004,2014-03-06,CON
14826526,14751844,2015-06-26,CON
14826528,14146456,2014-01-02,CON
14826530,13345217,2012-01-06,CON
14826532,PCT/EP2014/052604,2014-02-11,CON
14826538,62038020,2014-08-15,PRO
14826541,62037628,2014-08-15,PRO
14826542,14144667,2013-12-31,CON
14826543,12984014,2011-01-04,CON
14826546,62037193,2014-08-14,PRO
14826547,62037817,2014-08-15,PRO
14826547,62049489,2014-09-12,PRO
14826549,61474574,2011-04-12,PRO
14826549,13445036,2012-04-12,CON
14826550,PCT/JP2014/054007,2014-02-20,CON
14826552,62037990,2014-08-15,PRO
14826553,61747751,2012-12-31,PRO
14826553,13779104,2013-02-27,DIV
14826554,PCT/JP2014/053954,2014-02-19,CON
14826555,12568455,2009-09-28,CON
14826556,14014680,2013-08-30,CIP
14826557,60141355,1999-06-28,PRO
14826557,09484856,2000-01-18,CON
14826557,10143087,2002-05-09,CON
14826557,11114969,2005-04-26,CON
14826557,11385632,2006-03-21,CON
14826557,11729679,2007-03-29,CON
14826557,12363202,2009-01-30,CON
14826557,12784713,2010-05-21,CON
14826558,62039605,2014-08-20,PRO
14826560,13540391,2012-07-02,DIV
14826561,PCT/JP2013/053875,2013-02-18,CON
14826562,61642745,2012-05-04,PRO
14826562,13556012,2012-07-23,CON
14826563,61474574,2011-04-12,PRO
14826563,13445040,2012-04-12,CON
14826563,14536212,2014-11-07,CON
14826564,11632403,2007-01-12,DIV
14826564,12536075,2009-08-05,DIV
14826564,12961758,2010-12-07,DIV
14826564,13010429,2011-01-20,CON
14826564,13039458,2011-03-03,CON
14826564,13242780,2011-09-23,CON
14826564,13601330,2012-08-31,CON
14826564,13840930,2013-03-15,CON
14826564,PCT/JP2005/013945,2005-07-29,NST
14826565,14315160,2014-06-25,CON
14826566,62037963,2014-08-15,PRO
14826566,62134384,2015-03-17,PRO
14826567,62037817,2014-08-15,PRO
14826567,62049489,2014-09-12,PRO
14826568,PCT/JP2014/051975,2014-01-29,CON
14826571,PCT/EP2014/052484,2014-02-07,CON
14826576,12570945,2009-09-30,CIP
14826576,61348183,2010-05-25,PRO
14826576,13114923,2011-05-24,DIV
14826578,13515494,2012-06-12,CIP
14826578,PCT/US2010/059953,2010-12-10,NST
14826578,PCT/US2014/067168,2014-11-24,CIP
14826583,13443306,2012-04-10,CON
14826584,14356462,2014-05-06,CON
14826584,14642164,2015-03-09,CON
14826584,PCT/KR2013/009774,2013-10-31,NST
14826587,61475173,2011-04-13,PRO
14826587,13285167,2011-10-31,CON
14826588,61692857,2012-08-24,PRO
14826588,13756347,2013-01-31,CON
14826590,62037947,2014-08-15,PRO
14826591,13459482,2012-04-30,CON
14826595,62037861,2014-08-15,PRO
14826599,12211162,2008-09-16,CON
14826602,13700266,2012-11-27,CON
14826602,PCT/US2011/039106,2011-06-03,NST
14826603,13587322,2012-08-16,DIV
14826607,10448552,2003-05-30,CON
14826607,11862079,2007-09-26,CON
14826607,12832925,2010-07-08,CON
14826607,13227219,2011-09-07,CON
14826609,62039529,2014-08-20,PRO
14826611,12232764,2008-09-24,CON
14826614,62038086,2014-08-15,PRO
14826616,61623155,2012-04-12,PRO
14826616,13859936,2013-04-10,CIP
14826617,61497714,2011-06-16,PRO
14826617,13495451,2012-06-13,DIV
14826617,14635656,2015-03-02,DIV
14826619,61328409,2010-04-27,PRO
14826619,PCT/US11/34051,2011-04-27,NST
14826619,13695150,2012-10-29,DIV
14826630,14007242,2013-12-03,CON
14826630,PCT/JP2012/059342,2012-04-05,NST
14826632,62038187,2014-08-15,PRO
14826634,61261355,2009-11-15,PRO
14826634,12945916,2010-11-15,CON
14826638,PCT/EP2014/053131,2014-02-18,CON
14826639,10913095,2004-08-06,DIV
14826639,11935203,2007-11-05,CIP
14826639,12562348,2009-09-18,CON
14826639,13096367,2011-04-28,CIP
14826639,13467260,2012-05-09,CON
14826641,13353690,2012-01-19,DIV
14826641,PCT/KR2011/004337,2011-06-14,CON
14826642,62037667,2014-08-15,PRO
14826643,60966022,2007-08-24,PRO
14826643,PCT/US08/08027,2008-06-26,NST
14826643,12668811,2010-01-12,DIV
14826644,60764229,2006-01-31,PRO
14826644,60838708,2006-08-18,PRO
14826644,60887597,2007-01-31,PRO
14826644,11669937,2007-01-31,CIP
14826644,12023747,2008-01-31,CON
14826646,13715120,2012-12-14,CON
14826648,62038061,2014-08-15,PRO
14826648,62079201,2014-11-13,PRO
14826648,62079349,2014-11-13,PRO
14826650,PCT/EP2014/052182,2014-02-05,CON
14826653,62038185,2014-08-15,PRO
14826653,62038335,2014-08-17,PRO
14826655,60984248,2007-10-31,PRO
14826655,60987320,2007-11-12,PRO
14826655,61029704,2008-02-19,PRO
14826655,12263101,2008-10-31,CIP
14826655,12577592,2009-10-12,CON
14826655,14138246,2013-12-23,CIP
14826657,61140600,2008-12-23,PRO
14826657,12645497,2009-12-23,DIV
14826658,14527662,2014-10-29,CON
14826663,11615636,2006-12-22,CON
14826663,12835402,2010-07-13,CON
14826663,13598133,2012-08-29,CON
14826663,14457643,2014-08-12,CON
14826664,13749665,2013-01-24,CIP
14826664,61800981,2013-03-15,PRO
14826664,61867064,2013-08-17,PRO
14826664,14217337,2014-03-17,CIP
14826664,14505106,2014-10-02,CIP
14826664,14709541,2015-05-12,CIP
14826666,12339727,2008-12-19,CON
14826666,13530374,2012-06-22,CON
14826667,PCT/US10/40065,2010-06-25,CON
14826667,12902433,2010-10-12,CIP
14826667,13336842,2011-12-23,DIV
14826669,11498412,2006-08-02,CON
14826672,14242470,2014-04-01,CON
14826675,62037837,2014-08-15,PRO
14826676,14116389,2013-11-08,DIV
14826676,PCT/JP2012/003180,2012-05-16,NST
14826679,13503558,2012-05-22,CON
14826684,PCT/US2014/016473,2014-02-14,CON
14826686,62038511,2014-08-18,PRO
14826687,PCT/JP2014/053550,2014-02-14,CON
14826688,61759137,2013-01-31,PRO
14826688,14150199,2014-01-08,CIP
14826691,13749665,2013-01-24,CIP
14826691,61800981,2013-03-15,PRO
14826691,61867064,2013-08-17,PRO
14826691,14217337,2014-03-17,CIP
14826691,14505106,2014-10-02,CIP
14826691,14709541,2015-05-12,CIP
14826692,62038104,2014-08-15,PRO
14826695,14183737,2014-02-19,CON
14826699,62037368,2014-08-14,PRO
14826701,61733242,2012-12-04,PRO
14826701,13963138,2013-08-09,CON
14826704,PCT/US2014/015806,2014-02-11,CON
14826706,62037393,2014-08-14,PRO
14826709,61324647,2010-04-15,PRO
14826709,13086562,2011-04-14,CON
14826710,13162781,2011-06-17,DIV
14826716,62037650,2014-08-15,PRO
14826716,62037652,2014-08-15,PRO
14826716,62037659,2014-08-15,PRO
14826716,62037661,2014-08-15,PRO
14826718,PCT/US2014/016818,2014-02-18,CON
14826719,PCT/JP2014/052295,2014-01-31,CON
14826721,62037616,2014-08-15,PRO
14826722,13836853,2013-03-15,CON
14826731,PCT/US2013/042449,2013-05-23,CON
14826732,13416074,2012-03-09,CON
14826732,14174600,2014-02-06,CON
14826733,62037622,2014-08-15,PRO
14826734,14009504,2013-10-02,DIV
14826734,PCT/EP2012/056550,2012-04-11,NST
14826735,13930814,2013-06-28,CON
14826736,62037650,2014-08-15,PRO
14826736,62037652,2014-08-15,PRO
14826736,62037659,2014-08-15,PRO
14826736,62037661,2014-08-15,PRO
14826738,62037333,2014-08-14,PRO
14826739,13962564,2013-08-08,CON
14826739,14021354,2013-09-09,CON
14826740,14024399,2013-09-11,CON
14826744,61147888,2009-01-28,PRO
14826744,12470325,2009-05-21,DIV
14826744,14023079,2013-09-10,DIV
14826746,PCT/JP2014/055192,2014-02-28,CON
14826747,62037380,2014-08-14,PRO
14826749,62037650,2014-08-15,PRO
14826749,62037652,2014-08-15,PRO
14826749,62037659,2014-08-15,PRO
14826749,62037661,2014-08-15,PRO
14826751,13533141,2012-06-26,CON
14826753,60729338,2005-10-21,PRO
14826753,11551335,2006-10-20,DIV
14826753,12582740,2009-10-21,DIV
14826753,14031380,2013-09-19,DIV
14826754,14123718,2014-04-23,CON
14826754,PCT/US2012/040461,2012-06-01,NST
14826758,13948629,2013-07-23,DIV
14826762,60905758,2007-03-08,PRO
14826762,12044234,2008-03-07,CON
14826762,13849028,2013-03-22,CON
14826766,13274271,2011-10-14,CON
14826767,62037650,2014-08-15,PRO
14826767,62037652,2014-08-15,PRO
14826767,62037659,2014-08-15,PRO
14826767,62037661,2014-08-15,PRO
14826769,11186291,2005-07-21,CON
14826772,PCT/US2014/019335,2013-02-28,CON
14826773,61605593,2012-03-01,PRO
14826773,13782073,2013-03-01,DIV
14826773,14617075,2015-02-09,CON
14826778,61916793,2013-12-16,PRO
14826778,14519239,2014-10-21,CON
14826781,13994146,2013-06-14,CON
14826781,PCT/EP2011/073500,2011-12-21,NST
14826783,61564552,2011-11-29,PRO
14826783,13683247,2012-11-21,CON
14826789,62070034,2014-08-14,PRO
14826795,60685640,2005-05-27,PRO
14826795,11419801,2006-05-23,CON
14826795,12243020,2008-10-01,CON
14826795,13188853,2011-07-22,CON
14826795,14610735,2015-01-30,CON
14826796,13061735,2011-10-20,CON
14826796,PCT/KR2009/004984,2009-09-03,NST
14826804,12451435,2009-11-12,CON
14826804,PCT/IL2008/000641,2008-05-11,NST
14826805,62037379,2014-08-14,PRO
14826806,PCT/US2014/025892,2014-03-13,CIP
14826807,13716554,2012-12-17,CON
14826809,13824870,2013-06-03,CON
14826809,PCT/EP2011/066082,2011-09-16,NST
14826810,12464534,2009-05-12,CON
14826810,13742525,2013-01-16,CON
14826810,14557917,2014-12-02,CON
14826813,62038673,2014-08-18,PRO
14826814,13585963,2012-08-15,DIV
14826818,60969951,2007-09-05,PRO
14826818,60992695,2007-12-05,PRO
14826818,61065844,2008-02-16,PRO
14826818,61069029,2008-03-13,PRO
14826818,12231900,2008-09-05,CON
14826823,62037355,2014-08-14,PRO
14826825,PCT/JP2013/080050,2013-11-06,CON
14826828,12705702,2010-02-15,CON
14826828,13746792,2013-01-22,CON
14826828,14052315,2013-10-11,CON
14826832,11684880,2007-03-12,CON
14826834,PCT/KR2013/003089,2013-04-12,CON
14826835,13736139,2013-01-08,CON
14826836,61784624,2013-03-14,PRO
14826836,14210776,2014-03-14,CON
14826836,14313234,2014-06-24,CON
14826840,60034194,1997-01-09,PRO
14826840,60044824,1997-04-25,PRO
14826840,08924021,1997-08-29,CIP
14826840,09818073,2001-03-27,CIP
14826840,10047554,2001-10-23,CON
14826840,11135892,2005-05-24,CON
14826840,12581843,2009-10-19,CON
14826840,13658415,2012-10-23,CON
14826842,11678136,2007-02-23,CON
14826842,13185214,2011-07-18,CON
14826842,14222358,2014-03-21,CON
14826843,62037991,2014-08-15,PRO
14826844,60987021,2007-11-09,PRO
14826844,60989083,2007-11-19,PRO
14826844,PCT/US08/12571,2008-11-07,NST
14826844,12742046,2011-04-22,CON
14826848,10555180,2005-10-31,DIV
14826848,12134846,2008-06-06,DIV
14826848,12778290,2010-05-12,CON
14826848,13102397,2011-05-06,CON
14826848,13279997,2011-10-24,CON
14826848,13453071,2012-04-23,CON
14826848,13758767,2013-02-04,CON
14826848,PCT/JP2005/005761,2005-03-28,NST
14826851,62037240,2014-08-14,PRO
14826852,12402061,2009-03-11,DIV
14826852,13609905,2012-09-11,CON
14826854,61844898,2013-07-11,PRO
14826854,14328429,2014-07-10,CON
14826856,14696014,2015-04-24,CIP
14826857,14029848,2013-09-18,DIV
14826861,62037334,2014-08-14,PRO
14826862,60550998,2004-03-04,PRO
14826862,11067768,2005-02-28,CON
14826862,12290257,2008-10-29,CON
14826862,14501614,2014-09-30,CON
14826865,62037425,2014-08-14,PRO
14826865,62037640,2014-08-15,PRO
14826873,14696014,2015-04-24,CIP
14826876,13434450,2012-03-29,DIV
14826876,PCT/EP2010/064379,2010-09-28,CON
14826877,13142224,2011-06-24,CON
14826877,PCT/KR2009/007810,2009-12-24,NST
14826878,61772245,2013-03-04,PRO
14826878,14191269,2014-02-26,CON
14826880,09227331,1999-01-06,CON
14826880,09935463,2001-08-22,CON
14826880,13492901,2012-06-10,CON
14826880,14094740,2013-12-02,CON
14826884,13764577,2013-02-11,CIP
14826884,14454555,2014-08-07,CON
14826885,61387180,2010-09-28,PRO
14826885,13242447,2011-09-23,CON
14826885,14278605,2014-05-15,CON
14826886,62037708,2014-08-15,PRO
14826889,60304252,2001-07-10,PRO
14826889,60361946,2002-03-06,PRO
14826889,10193075,2002-07-10,CON
14826889,10846152,2004-05-14,CON
14826889,11244324,2005-10-05,CON
14826889,12009641,2008-01-18,CON
14826889,12692895,2010-01-25,CON
14826890,62037304,2014-08-14,PRO
14826891,61491041,2011-05-27,PRO
14826891,13481403,2012-05-25,CON
14826904,62037327,2014-08-14,PRO
14826907,62037983,2014-08-15,PRO
14826908,62038059,2014-08-15,PRO
14826908,62043353,2014-08-28,PRO
14826908,62189669,2015-07-07,PRO
14826911,10158903,2002-06-03,CON
14826911,11104488,2005-04-13,CON
14826911,11288287,2005-11-29,CON
14826911,11452275,2006-06-14,CON
14826911,12078992,2008-04-09,CON
14826911,12457917,2009-06-25,CON
14826911,13067177,2011-05-13,CON
14826911,13352142,2012-01-17,CON
14826911,13528025,2012-06-20,CON
14826911,13865279,2013-04-18,CON
14826911,14323064,2014-07-03,CON
14826912,62038154,2014-08-15,PRO
14826916,13741194,2013-01-14,CIP
14826916,14154760,2014-01-14,DIV
14826918,61490507,2011-05-26,PRO
14826918,13480272,2012-05-24,CON
14826919,13658638,2012-10-23,CON
14826921,61385372,2010-09-22,PRO
14826921,13240757,2011-09-22,CON
14826921,14053179,2013-10-14,CON
14826923,13774974,2013-02-22,CON
14826928,62038504,2014-08-18,PRO
14826930,62038141,2014-08-15,PRO
14826938,62037598,2014-08-14,PRO
14826940,61550199,2011-10-21,PRO
14826940,13657685,2012-10-22,CON
14826942,13434450,2012-03-29,DIV
14826942,PCT/EP2010/064379,2010-09-28,CON
14826943,12353052,2009-01-13,CON
14826945,62037598,2014-08-14,PRO
14826947,11895622,2007-08-24,CON
14826948,61536673,2011-09-20,PRO
14826948,13623279,2012-09-20,CON
14826948,14704729,2015-05-05,CIP
14826949,62038197,2014-08-15,PRO
14826953,62037442,2014-08-14,PRO
14826954,13359301,2012-01-26,CON
14826958,61190057,2006-12-22,PRO
14826958,11963732,2007-12-21,CON
14826958,13615231,2012-09-13,CON
14826958,14139241,2013-12-23,CON
14826961,62037804,2014-08-15,PRO
14826961,62037979,2014-08-15,PRO
14826961,62038100,2014-08-15,PRO
14826963,61061436,2008-06-13,PRO
14826963,12484615,2009-06-15,CIP
14826963,12826146,2010-06-29,CIP
14826963,13015147,2011-01-27,CON
14826966,14021413,2013-09-09,DIV
14826970,61827452,2013-05-24,PRO
14826970,62001913,2014-05-22,PRO
14826970,14285272,2014-05-22,DIV
14826971,61603646,2012-02-27,PRO
14826971,13768285,2013-02-15,DIV
14826974,62038177,2014-08-15,PRO
14826975,62038041,2014-08-15,PRO
14826975,62083659,2014-11-24,PRO
14826975,62175773,2015-06-15,PRO
14826976,13183000,2011-07-14,REI
14826976,14270218,2014-05-05,CON
14826977,61251587,2009-10-14,PRO
14826977,12612442,2009-11-04,DIV
14826977,13918728,2013-06-14,CIP
14826977,14275632,2014-05-12,CON
14826979,13743947,2013-01-17,DIV
14826980,62039705,2014-08-20,PRO
14826982,61655840,2012-06-05,PRO
14826982,13910504,2013-06-05,CON
14826983,61531914,2011-09-07,PRO
14826983,13605122,2012-09-06,CON
14826983,14493772,2014-09-23,CON
14826985,11250984,2005-10-13,CON
14826985,14039544,2013-09-27,CON
14826987,62038177,2014-08-15,PRO
14826988,13411449,2012-03-02,CON
14826988,14488214,2014-09-16,CON
14826989,13423089,2012-03-16,CON
14826990,62038712,2014-08-18,PRO
14826992,62038025,2014-08-15,PRO
14826994,12974631,2010-12-21,CON
14826995,61155821,2009-02-26,PRO
14826995,61236689,2009-08-25,PRO
14826995,12712989,2010-02-25,CON
14826998,62037293,2014-08-14,PRO
14827000,13504075,2012-04-25,CON
14827000,14336900,2014-07-21,CON
14827000,PCT/KR2010/007343,2010-10-25,NST
14827001,13432993,2012-03-28,CIP
14827001,13449195,2012-04-17,CIP
14827001,13523694,2012-06-14,CIP
14827001,13603322,2012-09-04,CIP
14827001,13752930,2013-01-29,CIP
14827001,13872673,2013-04-29,CIP
14827001,13897492,2013-05-20,CIP
14827001,13907892,2013-06-01,CIP
14827001,14059599,2013-10-22,CIP
14827001,14067038,2013-10-30,CIP
14827001,14174171,2014-02-06,CIP
14827001,14193501,2014-02-28,CIP
14827001,14193782,2014-02-28,CIP
14827001,14198663,2014-03-06,CIP
14827001,14198702,2014-03-06,CIP
14827001,14198755,2014-03-06,CIP
14827001,14230882,2014-03-31,CIP
14827001,14271498,2014-05-07,CIP
14827001,14320352,2014-06-30,CIP
14827001,14340141,2014-07-24,CIP
14827001,14472228,2014-08-28,CIP
14827001,14668788,2015-03-25,CIP
14827001,14795834,2015-07-09,CIP
14827001,14823399,2015-08-11,CIP
14827004,13996453,2013-06-20,CON
14827004,PCT/US2011/066665,2011-12-21,NST
14827006,PCT/CN2013/071632,2013-02-18,CON
14827010,14159952,2014-01-21,CON
14827012,PCT/US2014/028200,2014-03-14,CON
14827013,12866558,2011-04-15,CON
14827013,14168552,2014-01-30,CON
14827013,PCT/US2009/033793,2009-02-11,NST
14827016,62037354,2014-08-14,PRO
14827019,13530991,2012-06-22,CON
14827020,62039482,2014-08-20,PRO
14827022,PCT/CN2014/071902,2014-02-08,CON
14827023,61512768,2011-07-28,PRO
14827023,13332299,2011-12-20,CON
14827024,13597692,2012-08-29,DIV
14827026,61866922,2013-08-16,PRO
14827026,14461209,2014-08-15,CIP
14827027,61783054,2013-03-14,PRO
14827027,14208805,2014-03-13,CON
14827035,62037502,2014-08-14,PRO
14827036,61760193,2013-02-04,PRO
14827036,14171955,2014-02-04,CIP
14827037,09738086,2000-12-15,CON
14827037,11199586,2005-08-08,CON
14827037,11931926,2007-10-31,CON
14827037,12748781,2010-03-29,CON
14827037,13230625,2011-09-12,CON
14827037,14294117,2014-06-02,CON
14827037,14678848,2015-04-03,CON
14827038,14077037,2013-11-11,CON
14827042,60368582,2002-03-29,PRO
14827042,10393957,2003-03-20,DIV
14827042,12763060,2010-04-19,CON
14827048,61454315,2011-03-18,PRO
14827048,13423149,2012-03-16,DIV
14827048,14137966,2013-12-20,CON
14827052,13188421,2011-07-21,DIV
14827054,61067515,2008-02-27,PRO
14827054,12393903,2009-02-26,CON
14827056,13965746,2013-08-13,CON
14827057,62037588,2014-08-14,PRO
14827060,13956713,2013-08-01,CON
14827060,PCT/CN2011/071152,2011-02-22,CON
14827063,62038166,2014-08-15,PRO
14827067,62038131,2014-08-15,PRO
14827067,62041611,2014-08-25,PRO
14827067,62101897,2015-01-09,PRO
14827070,62037307,2014-08-14,PRO
14827071,62037251,2014-08-14,PRO
14827072,62037268,2014-08-14,PRO
14827072,62040265,2014-08-21,PRO
14827074,62038122,2014-08-15,PRO
14827074,62110274,2015-01-30,PRO
14827077,61762212,2013-02-07,PRO
14827077,13896941,2013-05-17,CON
14827079,61606559,2012-03-05,PRO
14827079,13785904,2013-03-05,CON
14827079,14477628,2014-09-04,CON
14827080,62037428,2014-08-14,PRO
14827081,62038131,2014-08-15,PRO
14827081,62041611,2014-08-25,PRO
14827083,62037272,2014-08-14,PRO
14827085,13711520,2012-12-11,DIV
14827085,PCT/IB2011/001330,2011-06-10,CON
14827086,61389000,2010-10-01,PRO
14827086,61389087,2010-10-01,PRO
14827086,61389117,2010-10-01,PRO
14827086,61458150,2010-11-17,PRO
14827086,61539884,2011-09-27,PRO
14827086,13248305,2011-09-29,CON
14827089,62038138,2014-08-15,PRO
14827090,10909192,2004-07-30,CIP
14827090,11685188,2007-03-12,DIV
14827090,12632745,2009-12-07,CON
14827095,62038131,2014-08-15,PRO
14827095,62041611,2014-08-25,PRO
14827095,62101899,2015-01-09,PRO
14827100,61061251,2008-06-13,PRO
14827100,12484364,2009-06-15,CIP
14827100,12856957,2010-08-16,CON
14827100,13668776,2012-11-05,CON
14827100,14610492,2015-01-30,CON
14827101,62038047,2014-08-15,PRO
14827101,62038053,2014-08-15,PRO
14827102,13037164,2011-02-28,CIP
14827102,13596023,2012-08-27,CON
14827104,13711520,2012-12-11,DIV
14827104,PCT/IB2011/001330,2011-06-10,CON
14827107,62038148,2014-08-15,PRO
14827108,62038131,2014-08-15,PRO
14827108,62041611,2014-08-25,PRO
14827108,62101888,2015-01-09,PRO
14827113,10909192,2004-07-30,DIV
14827113,11685188,2007-03-12,DIV
14827113,12632745,2009-12-07,CON
14827115,13539181,2012-06-29,DIV
14827116,14233865,2014-04-02,CON
14827116,PCT/IB2012/053814,2012-07-26,NST
14827120,61393735,2010-10-15,PRO
14827120,PCT/US11/56458,2011-10-14,NST
14827120,13879616,2013-08-07,CON
14827121,13804047,2013-03-14,CON
14827127,62037974,2014-08-15,PRO
14827127,62037994,2014-08-15,PRO
14827127,62038002,2014-08-15,PRO
14827127,62038034,2014-08-15,PRO
14827128,61022132,2008-01-18,PRO
14827128,12207856,2008-09-10,CIP
14827128,12328549,2008-12-04,CON
14827128,13295945,2011-11-14,CIP
14827128,13751842,2013-01-28,CON
14827129,10909192,2004-07-30,DIV
14827129,11685188,2007-03-12,DIV
14827129,12632745,2009-12-07,CON
14827130,62037515,2014-08-14,PRO
14827132,13711520,2012-12-11,DIV
14827132,PCT/IB2011/001330,2011-06-10,CON
14827134,61621728,2012-04-09,PRO
14827134,13829180,2013-03-14,CON
14827138,62037322,2014-08-14,PRO
14827142,13194585,2011-07-29,CON
14827143,62037526,2014-08-14,PRO
14827148,62037530,2014-08-14,PRO
14827149,62037956,2014-08-15,PRO
14827151,62037536,2014-08-14,PRO
14827152,10590446,2007-10-10,CON
14827152,13529172,2012-06-21,CON
14827152,14477148,2014-09-04,CON
14827152,PCT/US2005/005735,2005-02-24,NST
14827155,13301628,2011-11-21,CON
14827157,13621159,2012-09-15,CON
14827158,12042207,2008-03-04,CON
14827158,14095807,2013-12-03,CON
14827160,62038136,2014-08-15,PRO
14827161,62037507,2014-08-14,PRO
14827163,62038065,2014-08-15,PRO
14827164,62039113,2014-08-19,PRO
14827165,62038063,2014-08-15,PRO
14827168,61059276,2008-06-06,PRO
14827168,12455864,2009-06-08,CON
14827168,13619621,2012-09-14,CON
14827172,61512328,2011-07-27,PRO
14827172,13559395,2012-07-26,DIV
14827174,13103996,2011-05-09,CON
14827175,62038065,2014-08-15,PRO
14827176,62037430,2014-08-14,PRO
14827176,62135060,2015-03-18,PRO
14827178,62037890,2014-08-15,PRO
14827180,10959362,2004-10-06,CIP
14827180,11669066,2007-01-30,CON
14827180,13269155,2011-10-07,CON
14827180,14182759,2014-02-18,CON
14827182,62038065,2014-08-15,PRO
14827184,62037427,2014-08-14,PRO
14827187,61384586,2010-09-20,PRO
14827187,13234916,2011-09-16,CIP
14827187,61748757,2013-01-04,PRO
14827187,14142272,2013-12-27,CON
14827189,62038065,2014-08-15,PRO
14827191,13452019,2012-04-20,DIV
14827191,PCT/US2010/053539,2010-10-21,CON
14827192,62038718,2014-08-18,PRO
14827195,62038065,2014-08-15,PRO
14827198,10765674,2004-01-27,CON
14827198,13836590,2013-03-15,CON
14827202,62038065,2014-08-15,PRO
14827205,62037788,2014-08-15,PRO
14827206,62038065,2014-08-15,PRO
14827207,PCT/US2014/019482,2014-02-28,CON
14827208,62037545,2014-08-14,PRO
14827210,60499723,2003-09-04,PRO
14827210,10934863,2004-09-03,DIV
14827210,12220336,2008-07-23,CON
14827210,12353383,2009-01-14,CON
14827212,61639044,2012-04-26,PRO
14827212,13843630,2013-03-15,CON
14827213,12677465,2010-05-11,DIV
14827213,PCT/CA2008/001601,2008-09-10,NST
14827214,13909842,2013-06-04,DIV
14827216,61301082,2010-02-03,PRO
14827216,13019506,2011-02-02,DIV
14827217,12583718,2009-08-24,CON
14827217,13915503,2013-06-11,CON
14827217,14486552,2014-09-15,CON
14827218,62037857,2014-08-15,PRO
14827221,12677465,2010-05-11,DIV
14827221,PCT/CA2008/001601,2008-09-10,NST
14827222,62037684,2014-08-15,PRO
14827223,62070108,2014-08-14,PRO
14827224,62032447,2014-08-01,PRO
14827224,62057829,2014-09-30,PRO
14827224,PCT/US15/43502,2015-08-03,CON
14827225,12505576,2009-07-20,CON
14827225,13400434,2012-02-20,CON
14827225,14305080,2014-06-16,CON
14827227,62037766,2014-08-15,PRO
14827228,12734993,2010-06-07,DIV
14827228,13694063,2012-10-23,DIV
14827228,14263237,2014-04-28,DIV
14827228,PCT/US2008/013657,2008-12-12,NST
14827231,61640689,2012-04-30,PRO
14827231,61646162,2012-05-11,PRO
14827231,13844070,2013-03-15,CON
14827232,62037554,2014-08-14,PRO
14827234,62037265,2014-08-14,PRO
14827236,61640689,2012-04-30,PRO
14827236,61646162,2012-05-11,PRO
14827236,13843986,2013-03-15,CON
14827237,62037601,2014-08-14,PRO
14827238,14044598,2013-10-02,CON
14827240,61372513,2010-08-11,PRO
14827240,13205433,2011-08-08,CIP
14827240,13449280,2012-04-17,CON
14827240,14532828,2014-11-04,CON
14827240,14628214,2015-02-21,CON
14827242,62037587,2014-08-14,PRO
14827243,60262036,2001-01-18,PRO
14827243,09874258,2001-06-06,CON
14827243,11532002,2006-09-14,CON
14827243,13110353,2011-05-18,CON
14827243,13620368,2012-09-14,CON
14827243,14294476,2014-06-03,CON
14827246,61591397,2012-01-27,PRO
14827246,13455083,2012-04-24,CON
14827246,13917048,2013-06-13,CON
14827246,14204614,2014-03-11,CON
14827247,62037210,2014-08-14,PRO
14827250,61668014,2012-07-04,PRO
14827250,13933660,2013-07-02,CON
14827253,61421380,2010-12-09,PRO
14827253,PCT/US11/01962,2011-12-09,NST
14827253,13379909,2013-07-23,CIP
14827253,14601959,2015-01-21,CON
14827253,14617843,2015-02-09,CIP
14827256,14185149,2014-02-20,DIV
14827257,61421380,2010-12-09,PRO
14827257,PCT/US11/01962,2011-12-09,NST
14827257,13379909,2013-07-23,CON
14827257,14249165,2014-04-09,CIP
14827260,62037776,2014-08-15,PRO
14827264,14460960,2014-08-15,CIP
14827265,62037426,2014-08-14,PRO
14827266,14184384,2014-02-19,DIV
14827269,62038531,2014-08-18,PRO
14827275,62070140,2014-08-15,PRO
14827276,62037924,2014-08-15,PRO
14827277,10673949,2003-09-29,CON
14827277,12259545,2008-10-28,CON
14827277,14108433,2013-12-17,CON
14827278,13669500,2012-11-06,CON
14827280,13096589,2011-04-28,CON
14827280,13407718,2012-02-28,CON
14827286,13721055,2012-12-20,CON
14827290,60837754,2006-08-14,PRO
14827290,11893056,2007-08-14,CON
14827291,09901442,2001-07-09,CON
14827291,12113607,2008-05-01,CON
14827292,61337299,2010-02-01,PRO
14827292,61337706,2010-02-03,PRO
14827292,12931438,2011-02-01,CON
14827292,13858482,2013-04-08,CON
14827292,14476632,2014-09-03,CON
14827293,61840286,2013-06-27,PRO
14827293,14067898,2013-10-30,CIP
14827301,61867570,2013-08-19,PRO
14827301,61911433,2013-12-03,PRO
14827301,14445253,2014-07-29,CON
14827302,62038246,2014-08-16,PRO
14827302,62046583,2014-09-05,PRO
14827303,62038326,2014-08-17,PRO
14827304,62038024,2014-08-15,PRO
14827304,62079127,2014-11-13,PRO
14827309,62037847,2014-08-15,PRO
14827312,62038155,2014-08-15,PRO
14827313,61778350,2013-03-12,PRO
14827313,14203846,2014-03-11,DIV
14827314,61778350,2013-03-12,PRO
14827314,14203846,2014-03-11,DIV
14827326,61525096,2011-08-18,PRO
14827326,13479126,2012-05-23,CON
14827326,14622970,2015-02-16,CON
14827327,62038338,2014-08-17,PRO
14827327,62068731,2014-10-26,PRO
14827329,62038788,2014-08-18,PRO
14827332,61098250,2008-09-19,PRO
14827332,12555864,2009-09-09,DIV
14827332,14054015,2013-10-15,CON
14827333,13323914,2011-12-13,DIV
14827336,62038217,2014-08-16,PRO
14827337,13120442,2011-03-23,DIV
14827337,14172926,2014-02-05,DIV
14827337,PCT/IL2009/000919,2009-09-23,NST
14827339,12959507,2010-12-03,CON
14827342,13836155,2013-03-15,CON
14827344,13323914,2011-12-13,DIV
14827348,13408505,2012-02-29,DIV
14827350,13695063,2013-01-06,CON
14827350,14264351,2014-04-29,CON
14827350,PCT/IL2011/000343,2011-04-28,NST
14827351,61452342,2011-03-14,PRO
14827351,13417364,2012-03-12,CON
14827356,12951142,2010-11-22,CIP
14827356,12957487,2010-12-01,CON
14827357,61639527,2012-04-27,PRO
14827357,13871662,2013-04-26,DIV
14827358,62038950,2014-08-19,PRO
14827358,62150860,2015-04-22,PRO
14827360,62038963,2014-08-19,PRO
14827362,13489027,2012-06-05,DIV
14827362,14581732,2014-12-23,DIV
14827365,12129917,2008-05-30,CIP
14827365,12612756,2009-11-05,CON
14827365,13723731,2012-12-21,CON
14827367,61014981,2007-12-19,PRO
14827367,12337409,2008-12-17,DIV
14827367,13272561,2011-10-13,DIV
14827367,13588240,2012-08-17,CON
14827367,14081377,2013-11-15,CON
14827367,14554883,2014-11-26,CON
14827368,PCT/EP2014/000346,2014-02-07,CIP
14827371,12720239,2010-03-09,DIV
14827371,13550718,2012-07-17,DIV
14827371,14104444,2013-12-12,DIV
14827375,13668047,2012-11-02,CON
14827375,14297977,2014-06-06,CON
14827375,PCT/US2011/035618,2011-05-06,CON
14827378,60995784,2007-09-28,PRO
14827378,12284985,2008-09-26,CON
14827378,14028349,2013-09-16,CON
14827380,13910155,2013-06-05,CON
14827381,62039099,2014-08-19,PRO
14827383,62038931,2014-08-19,PRO
14827387,13146669,2011-09-07,DIV
14827387,PCT/EP10/00787,2010-02-09,NST
14827388,61752709,2013-01-15,PRO
14827388,14155312,2014-01-14,DIV
14827390,62037962,2014-08-15,PRO
14827393,14342544,2014-08-19,CON
14827393,PCT/CN2011/001531,2011-09-09,NST
14827394,62038223,2014-08-16,PRO
14827395,62037820,2014-08-15,PRO
14827396,13032851,2011-02-23,CON
14827398,PCT/JP2013/059566,2013-03-29,CON
14827399,62039985,2014-08-21,PRO
14827404,13606930,2012-09-07,CON
14827406,13842608,2013-03-15,DIV
14827408,13497987,2012-06-29,CON
14827408,PCT/GB2010/001790,2010-09-23,NST
14827410,12576619,2009-10-09,CON
14827410,13936524,2013-07-08,CON
14827411,61187820,2009-06-17,PRO
14827411,12817772,2010-06-17,DIV
14827418,60953825,2007-08-03,PRO
14827418,12184351,2008-08-01,DIV
14827418,12825552,2010-06-29,DIV
14827418,13169549,2011-06-27,DIV
14827418,14270197,2014-05-05,DIV
14827419,61499382,2011-06-21,PRO
14827419,13527286,2012-06-19,CON
14827420,PCT/JP2014/054022,2014-02-20,CON
14827422,13029862,2011-02-17,CIP
14827422,13366899,2012-02-06,CIP
14827422,13874625,2013-05-01,CIP
14827422,13895979,2013-05-16,CIP
14827422,14709327,2015-05-11,CIP
14827430,62037761,2014-08-15,PRO
14827433,62039285,2014-08-19,PRO
14827436,61196204,2008-10-15,PRO
14827436,61612922,2012-03-19,PRO
14827436,61620355,2012-04-04,PRO
14827436,13489406,2012-06-05,CIP
14827436,13712828,2012-12-12,CIP
14827436,13723800,2012-12-21,CIP
14827436,14069221,2013-10-31,CIP
14827436,62039169,2014-08-19,PRO
14827436,14494488,2014-09-23,CIP
14827444,13163879,2011-06-20,CON
14827447,61450251,2011-03-08,PRO
14827447,13197116,2011-08-03,CIP
14827447,13295515,2011-11-14,CIP
14827447,14483637,2014-09-11,DIV
14827455,60798641,2006-05-08,PRO
14827455,11800562,2007-05-07,CIP
14827455,61042574,2008-04-04,PRO
14827455,12418093,2009-04-03,CON
14827455,13245021,2011-09-26,CON
14827455,14209273,2014-03-13,CIP
14827455,14471895,2014-08-28,CON
14827456,PCT/JP2015/055258,2015-02-24,CON
14827464,13795240,2013-03-12,DIV
14827469,PCT/US2014/058874,2014-10-02,CIP
14827475,PCT/JP2014/056741,2014-03-13,CON
14827476,PCT/US12/62411,2012-10-29,NST
14827476,13877377,2013-04-02,CON
14827477,61653781,2012-05-31,PRO
14827477,13907121,2013-05-31,CON
14827478,62038279,2014-08-17,PRO
14827479,PCT/EP2014/055468,2014-03-19,CON
14827480,62039029,2014-08-19,PRO
14827482,13029862,2011-02-17,CIP
14827482,13366899,2012-02-06,CIP
14827482,13874625,2013-05-01,CIP
14827482,13895979,2013-05-16,CIP
14827482,14709327,2015-05-11,CIP
14827484,13442753,2012-04-09,CON
14827484,13829320,2013-03-14,CIP
14827484,14549723,2014-11-21,CIP
14827487,14533135,2014-11-05,CON
14827488,11505408,2006-08-17,DIV
14827488,13181033,2011-07-12,REI
14827488,PCT/EP2005/001501,2005-02-15,CIP
14827493,PCT/EP2014/053075,2014-02-18,CON
14827497,13803153,2013-03-14,CON
14827498,62037772,2014-08-15,PRO
14827506,61754125,2013-01-18,PRO
14827506,61762063,2013-02-07,PRO
14827506,13833732,2013-03-15,CON
14827509,13517849,2012-06-14,DIV
14827510,14168112,2014-01-30,DIV
14827519,14254294,2014-04-16,CON
14827523,13440046,2012-04-05,CON
14827523,PCT/US13/35079,2013-04-03,NST
14827523,14394433,2014-10-14,CON
14827526,13517849,2012-06-14,DIV
14827528,62187474,2015-07-01,PRO
14827535,14225769,2014-03-26,DIV
14827536,14125246,2013-12-10,DIV
14827536,PCT/US2011/043156,2011-07-07,NST
14827538,14076305,2013-11-11,CON
14827539,13637454,2012-10-16,CON
14827539,PCT/EP2011/054712,2011-03-28,NST
14827545,60195520,2000-04-06,PRO
14827545,09827256,2001-04-05,CON
14827545,11425851,2006-06-22,CON
14827545,12620475,2009-11-17,CON
14827545,13777032,2013-02-26,CON
14827545,14608350,2015-01-29,DIV
14827546,12397489,2009-03-04,CON
14827546,13189610,2011-07-25,CON
14827546,14151875,2014-01-10,CON
14827546,14615502,2015-02-06,CON
14827548,61567625,2011-12-06,PRO
14827548,13680382,2012-11-19,CIP
14827548,13831536,2013-03-14,CON
14827549,62040449,2014-08-22,PRO
14827553,61718471,2012-10-25,PRO
14827553,61822284,2013-05-10,PRO
14827553,14063557,2013-10-25,CON
14827556,60836158,2006-08-08,PRO
14827556,11890338,2007-08-06,CON
14827556,13216352,2011-08-24,DIV
14827556,13911415,2013-06-06,DIV
14827556,14480513,2014-09-08,DIV
14827557,13688119,2012-11-28,DIV
14827558,14039097,2013-09-27,DIV
14827560,13122907,2011-04-06,CON
14827560,14094402,2013-12-02,CON
14827560,PCT/SE2009/051128,2009-10-09,NST
14827561,PCT/JP2013/000882,2013-02-18,CON
14827562,62037624,2014-08-15,PRO
14827566,61386237,2010-09-24,PRO
14827566,13244074,2011-09-23,DIV
14827566,13758093,2013-02-04,DIV
14827566,14242532,2014-04-01,CON
14827567,13898716,2013-05-21,DIV
14827571,62037809,2014-08-15,PRO
14827571,62037823,2014-08-15,PRO
14827571,62037828,2014-08-15,PRO
14827571,62073013,2014-10-31,PRO
14827575,60434732,2002-12-18,PRO
14827575,10741639,2003-12-18,CIP
14827575,10871238,2004-06-18,CIP
14827575,11640783,2006-12-18,CIP
14827575,12428780,2009-04-23,CON
14827581,14324190,2014-07-06,CON
14827582,12999258,2010-12-15,CON
14827582,PCT/EP2009/004386,2010-06-18,NST
14827584,61414733,2010-11-17,PRO
14827584,61414734,2010-11-17,PRO
14827584,13299082,2011-11-17,CON
14827584,14287412,2014-05-27,CON
14827587,12565255,2009-09-23,CON
14827587,14322543,2014-07-02,CON
14827587,PCT/CN2009/071404,2009-04-22,CON
14827588,14058562,2013-10-21,CON
14827589,62040178,2014-08-21,PRO
14827591,61732253,2012-11-30,PRO
14827591,13917772,2013-06-14,DIV
14827599,62037809,2014-08-15,PRO
14827599,62037823,2014-08-15,PRO
14827599,62037828,2014-08-15,PRO
14827599,62073013,2014-10-31,PRO
14827602,PCT/JP2013/077771,2013-10-11,CON
14827603,61414733,2010-11-17,PRO
14827603,61414734,2010-11-17,PRO
14827603,13298712,2011-11-17,DIV
14827606,60854174,2006-10-25,PRO
14827606,11978150,2007-10-25,CON
14827606,12908207,2010-10-20,CON
14827606,13472092,2012-05-15,CON
14827606,14203402,2014-03-10,CON
14827608,62037710,2014-08-15,PRO
14827611,13964326,2013-08-12,DIV
14827613,62040178,2014-08-21,PRO
14827616,13297547,2011-11-16,CON
14827617,14058581,2013-10-21,CON
14827618,13697143,2012-11-09,DIV
14827618,PCT/JP2011/060654,2011-05-09,NST
14827620,61946192,2014-02-28,PRO
14827620,14608030,2015-01-28,CON
14827624,62037809,2014-08-15,PRO
14827624,62037823,2014-08-15,PRO
14827624,62037828,2014-08-15,PRO
14827624,62073013,2014-10-31,PRO
14827625,62037715,2014-08-15,PRO
14827628,61424355,2010-12-17,PRO
14827628,13328867,2011-12-16,DIV
14827634,PCT/JP2014/001926,2014-04-02,CON
14827635,PCT/CN2013/091245,2013-12-31,CON
14827640,12817055,2010-06-16,CON
14827641,13971943,2013-08-21,DIV
14827644,13770014,2013-02-19,DIV
14827644,PCT/CN2011/071659,2011-03-10,CON
14827646,60969659,2007-09-03,PRO
14827646,12203432,2008-09-03,CON
14827646,13861845,2013-04-12,CON
14827647,62039713,2014-08-20,PRO
14827648,60729698,2005-10-24,PRO
14827648,11585427,2006-10-24,CIP
14827648,12797065,2010-06-09,CIP
14827648,13679142,2012-11-16,CIP
14827652,12705212,2010-02-12,CON
14827652,13568305,2012-08-07,CON
14827658,61643154,2012-05-04,PRO
14827658,13776296,2013-02-25,DIV
14827662,13753015,2013-01-29,DIV
14827664,PCT/CN2014/072073,2014-02-14,CON
14827665,12036139,2008-02-22,DIV
14827666,62040478,2014-08-22,PRO
14827668,13548345,2012-07-13,CIP
14827668,14307652,2014-06-18,DIV
14827673,13600822,2012-08-31,CON
14827674,14004383,2013-09-10,CON
14827674,PCT/US2012/030196,2012-03-22,NST
14827677,13757561,2013-02-01,DIV
14827679,62039992,2014-08-21,PRO
14827681,12667627,2010-03-30,CIP
14827681,PCT/FR2008/000948,2008-07-02,NST
14827691,13637665,2013-01-10,DIV
14827691,PCT/US2011/030484,2011-03-30,NST
14827692,13045025,2011-03-10,DIV
14827693,13521671,2013-04-17,DIV
14827693,PCT/US2011/020750,2011-01-11,NST
14827694,13644057,2012-10-03,CIP
14827694,13799110,2013-03-13,CON
14827694,14157717,2014-01-17,CIP
14827694,14516953,2014-10-17,CON
14827696,61844631,2013-07-10,PRO
14827696,14327042,2014-07-09,CON
14827699,13782357,2013-03-01,CON
14827701,62037944,2014-08-15,PRO
14827703,11560083,2006-11-15,CON
14827703,13095458,2011-04-27,CON
14827704,12812534,2010-08-19,DIV
14827704,13784142,2013-03-04,CON
14827704,14573643,2014-12-17,CON
14827704,PCT/US2009/030170,2009-01-06,NST
14827706,62038472,2014-08-18,PRO
14827707,60673838,2005-04-22,PRO
14827707,60702823,2005-07-27,PRO
14827707,11408717,2006-04-21,DIV
14827707,13712651,2012-12-12,DIV
14827709,13937338,2013-07-09,DIV
14827709,14629049,2015-02-23,CON
14827712,12811208,2010-09-01,CON
14827713,61728656,2012-11-20,PRO
14827713,61799665,2013-03-15,PRO
14827713,14085682,2013-11-20,CON
14827715,62037953,2014-08-15,PRO
14827716,13191363,2011-07-26,CON
14827716,14152152,2014-01-10,CON
14827718,13913462,2013-06-09,CON
14827720,12224655,2008-09-03,CON
14827720,14262159,2014-04-25,CON
14827720,PCT/GB2007/000850,2007-03-12,NST
14827723,14044438,2013-10-02,DIV
14827727,PCT/CN2014/072577,2014-02-26,CON
14827728,62040029,2014-08-21,PRO
14827731,09095039,1998-06-10,DIV
14827731,09905039,2001-07-12,DIV
14827731,12176267,2008-07-18,DIV
14827731,12913045,2010-10-27,DIV
14827731,13197211,2011-08-03,CON
14827731,13197248,2011-08-03,CON
14827731,13197281,2011-08-03,CON
14827731,13272316,2011-10-13,CON
14827731,13325695,2011-12-14,CON
14827731,13325773,2011-12-14,CON
14827735,62038538,2014-08-18,PRO
14827739,13708498,2012-12-07,CON
14827742,61361885,2010-07-06,PRO
14827742,61361889,2010-07-06,PRO
14827742,12951018,2010-11-20,CON
14827742,13912422,2013-06-07,CIP
14827744,61542026,2011-09-30,PRO
14827744,13629316,2012-09-27,CON
14827744,14643480,2015-03-10,CON
14827749,61167233,2009-04-07,PRO
14827749,12652900,2010-01-06,CON
14827749,13957701,2013-08-02,CON
14827749,14290687,2014-05-29,CON
14827754,60954724,2007-08-08,PRO
14827754,12187854,2008-08-07,CIP
14827754,13422582,2012-03-16,CON
14827755,13533651,2012-06-26,DIV
14827756,14054278,2013-10-15,CON
14827757,PCT/JP2014/055203,2014-02-25,CON
14827759,61767887,2013-02-22,PRO
14827759,14181687,2014-02-16,CIP
14827762,61755519,2013-01-23,PRO
14827762,14159566,2014-01-21,CON
14827763,12174393,2008-07-16,DIV
14827763,13085122,2011-04-12,CON
14827763,14191086,2014-02-26,DIV
14827764,12703879,2010-02-11,DIV
14827764,13942103,2013-07-15,CON
14827765,12550514,2009-08-31,CON
14827767,13383472,2012-01-11,DIV
14827767,PCT/JP2010/059761,2010-06-09,NST
14827771,10923421,2004-08-20,CON
14827771,11621491,2007-01-09,CON
14827771,12694251,2010-01-26,CON
14827771,13276708,2011-10-19,CON
14827771,13656238,2012-10-19,CON
14827771,14230558,2014-03-31,CON
14827772,14449597,2014-08-01,DIV
14827780,62037940,2014-08-15,PRO
14827782,11462023,2006-08-02,CON
14827782,13067353,2011-05-26,CON
14827782,13453648,2012-04-23,CON
14827782,13866586,2013-04-19,CON
14827783,61255097,2009-10-27,PRO
14827783,61349202,2010-05-27,PRO
14827783,61358514,2010-06-25,PRO
14827783,PCT/US10/53977,2010-10-25,NST
14827783,13502855,2012-06-19,CON
14827783,14452192,2014-08-05,CON
14827785,61623607,2012-04-13,PRO
14827785,13863005,2013-04-15,CIP
14827787,13187922,2011-07-21,CON
14827793,62070225,2014-08-18,PRO
14827794,62038581,2014-08-18,PRO
14827795,PCT/JP2014/056379,2014-03-11,CON
14827796,13579562,2012-11-02,CON
14827798,13949350,2013-07-24,DIV
14827799,14055276,2013-10-16,CON
14827801,PCT/JP2014/057554,2014-03-19,CON
14827806,13277337,2011-10-20,CON
14827807,61474715,2011-04-12,PRO
14827807,61483577,2011-05-06,PRO
14827807,61491145,2011-05-27,PRO
14827807,61498698,2011-06-20,PRO
14827807,61540431,2011-09-28,PRO
14827807,61560668,2011-11-16,PRO
14827807,13445729,2012-04-12,DIV
14827809,13037889,2011-03-01,CON
14827809,13942428,2013-07-15,CON
14827809,14600279,2015-01-20,CON
14827815,61309165,2010-03-01,PRO
14827815,12731136,2010-03-24,CIP
14827815,61441894,2011-02-11,PRO
14827815,13037987,2011-03-01,DIV
14827820,61698529,2012-09-07,PRO
14827820,14021772,2013-09-09,CIP
14827820,14201823,2014-03-08,CON
14827822,14378778,2014-08-14,CON
14827822,PCT/SG2013/000065,2013-02-18,NST
14827825,13991572,2013-06-04,DIV
14827825,PCT/JP2011/078478,2011-12-08,NST
14827826,13316689,2011-12-12,CON
14827830,09095039,1998-06-10,DIV
14827830,09905039,2001-07-12,DIV
14827830,12176267,2008-07-18,DIV
14827830,12913045,2010-10-27,DIV
14827830,13197211,2011-08-03,CON
14827830,13197248,2011-08-03,CON
14827830,13197281,2011-08-03,CON
14827830,13272316,2011-10-13,CON
14827830,13325695,2011-12-14,CON
14827830,13325773,2011-12-14,CON
14827831,61585437,2012-01-11,PRO
14827831,13728330,2012-12-27,CON
14827831,14319544,2014-06-30,CON
14827835,61577462,2011-12-19,PRO
14827835,13720557,2012-12-19,DIV
14827839,61564614,2011-11-29,PRO
14827839,13650548,2012-10-12,DIV
14827842,61829158,2013-05-30,PRO
14827842,14015703,2013-08-30,DIV
14827843,62038022,2014-08-15,PRO
14827844,61431083,2011-01-10,PRO
14827844,13346977,2012-01-10,CON
14827845,PCT/CA2015/000414,2015-06-26,CON
14827850,12431794,2009-04-29,CON
14827851,14045882,2013-10-04,CON
14827862,61692893,2012-08-24,PRO
14827862,13803609,2013-03-14,DIV
14827869,61884105,2013-09-29,PRO
14827869,14040705,2013-09-29,CON
14827872,14098911,2013-12-06,CON
14827872,14718242,2015-05-21,CON
14827873,12674028,2010-09-10,CON
14827873,PCT/US2008/066637,2008-06-12,NST
14827876,61597329,2012-02-10,PRO
14827876,13761763,2013-02-07,CON
14827881,61565133,2011-11-30,PRO
14827881,61635048,2012-04-18,PRO
14827881,13690891,2012-11-30,CON
14827891,13525719,2012-06-18,DIV
14827897,62037987,2014-08-15,PRO
14827898,61389000,2010-10-01,PRO
14827898,61389087,2010-10-01,PRO
14827898,61389117,2010-10-01,PRO
14827898,61458150,2010-11-17,PRO
14827898,61539884,2011-09-27,PRO
14827898,13247955,2011-09-28,CON
14827903,61558985,2011-11-11,PRO
14827903,13666480,2012-11-01,DIV
14827904,14353353,2014-04-22,DIV
14827904,PCT/US2013/021232,2013-01-11,NST
14827909,13538565,2012-06-29,DIV
14827916,62038011,2014-08-15,PRO
14827917,60798970,2006-05-09,PRO
14827917,11746363,2007-05-09,CON
14827917,13224463,2011-09-02,CON
14827917,13845606,2013-03-18,CON
14827918,13817364,2013-02-15,CON
14827918,PCT/GB2012/051857,2012-07-31,NST
14827922,14127238,2013-12-18,CON
14827922,PCT/JP2012/004667,2012-07-23,NST
14827923,62038500,2014-08-18,PRO
14827925,09417774,1999-10-14,DIV
14827925,11474951,2006-06-27,CON
14827925,14243111,2014-04-02,CON
14827925,14549012,2014-11-20,CON
14827927,60662240,2005-03-16,PRO
14827927,11276856,2006-03-16,CON
14827927,12752622,2010-04-01,CON
14827927,13758164,2013-02-04,CON
14827928,13194070,2011-07-29,CIP
14827928,14329423,2014-07-11,CON
14827929,61456746,2010-11-12,PRO
14827929,13295738,2011-11-14,CIP
14827934,13125007,2011-04-19,REI
14827934,PCT/IB10/02153,2010-08-31,NST
14827935,13239758,2011-09-22,DIV
14827939,61544190,2011-10-06,PRO
14827939,13470445,2012-05-14,CON
14827940,61339857,2010-03-10,PRO
14827940,12932970,2011-03-10,DIV
14827943,14183859,2014-02-19,CON
14827944,61811981,2013-04-15,PRO
14827944,61865954,2013-08-14,PRO
14827944,61870698,2013-08-27,PRO
14827944,61891217,2013-10-15,PRO
14827944,61904205,2013-11-14,PRO
14827944,61924572,2014-01-07,PRO
14827944,61926749,2014-01-13,PRO
14827944,14253727,2014-04-15,CON
14827945,61732701,2012-12-03,PRO
14827945,13836306,2013-03-15,CON
14827946,62038037,2014-08-15,PRO
14827947,62037867,2014-08-15,PRO
14827949,12499441,2009-07-08,CON
14827949,PCT/JP2007/069299,2007-10-02,CON
14827953,13911789,2013-06-06,CON
14827954,13988160,2013-09-27,CON
14827954,PCT/EP2011/069721,2011-11-09,NST
14827956,62037937,2014-08-15,PRO
14827958,61201185,2008-12-08,PRO
14827958,12633500,2009-12-08,DIV
14827958,14039223,2013-09-27,DIV
14827960,13775651,2013-02-25,CIP
14827960,14314552,2014-06-25,DIV
14827963,10816537,2004-04-01,CIP
14827963,11096969,2005-04-01,CON
14827964,13676578,2012-11-14,CON
14827964,14464271,2014-08-20,CON
14827970,60891978,2007-02-28,PRO
14827970,PCT/US08/55332,2008-02-28,NST
14827970,12528832,2011-07-12,CON
14827970,14249079,2014-04-09,CON
14827972,11887984,2009-02-02,CON
14827972,14032143,2013-09-19,CON
14827972,PCT/AU2006/000457,2006-04-06,NST
14827975,12069853,2008-02-12,CON
14827976,12227834,2009-04-13,DIV
14827976,14070555,2013-11-03,DIV
14827976,PCT/CA2006/000909,2006-06-02,NST
14827977,14353353,2014-04-22,DIV
14827977,PCT/US2013/021232,2013-01-11,NST
14827978,11145429,2005-06-03,CON
14827978,12940942,2010-11-05,CON
14827979,13836540,2013-03-15,CON
14827983,09967389,2001-09-28,CON
14827983,10205883,2002-07-25,CIP
14827983,10305635,2002-11-27,CIP
14827983,10608613,2003-06-27,DIV
14827983,10679673,2003-10-03,CIP
14827983,10824734,2004-04-15,CIP
14827983,10870365,2004-06-17,CIP
14827983,11083473,2005-03-18,CIP
14827983,11108385,2005-04-18,CIP
14827983,11207518,2005-08-19,CIP
14827983,11223286,2005-09-09,CIP
14827983,11258484,2005-10-24,CIP
14827983,11304445,2005-12-14,CIP
14827983,11369878,2006-03-06,CIP
14827983,11552938,2006-10-25,CON
14827983,13162112,2011-06-16,CON
14827983,13609019,2012-09-10,CON
14827985,14191726,2014-02-27,CON
14827988,62037729,2014-08-15,PRO
14827989,13375115,2011-11-29,DIV
14827989,PCT/KR10/03662,2010-06-08,NST
14827990,61506024,2011-07-08,PRO
14827990,13544715,2012-07-09,CON
14827991,62040447,2014-08-22,PRO
14827996,62038536,2014-08-18,PRO
14827998,10763628,2004-01-23,CON
14827998,12976610,2010-12-22,DIV
14827998,13867510,2013-04-22,CON
14827999,PCT/JP2014/053858,2014-02-19,CON
14828000,10690399,2003-10-20,DIV
14828000,11081336,2005-03-16,CON
14828000,11932209,2007-10-31,DIV
14828000,13155029,2011-06-07,CON
14828001,PCT/JP2014/053433,2014-02-14,CON
14828005,10763628,2004-01-23,CON
14828005,12976610,2010-12-22,DIV
14828005,13867510,2013-04-22,CON
14828006,14175263,2014-02-07,CON
14828008,62038684,2014-08-18,PRO
14828009,13546393,2012-07-11,CON
14828012,13218160,2011-08-25,CON
14828013,11145429,2005-06-03,CON
14828013,12940942,2010-11-05,CON
14828017,60504947,2003-09-22,PRO
14828017,10749000,2003-12-30,CIP
14828017,11409346,2006-04-21,CON
14828017,12789016,2010-05-27,CON
14828017,13558328,2012-07-25,CON
14828018,13149154,2011-05-31,CON
14828020,12953984,2010-11-24,CON
14828020,13920252,2013-06-18,CON
14828020,14258352,2014-04-22,CON
14828023,61610211,2012-03-13,PRO
14828023,13795825,2013-03-12,CON
14828025,10580806,2006-05-25,CON
14828025,PCT/US2014/001747,2004-01-22,NST
14828026,61422152,2010-12-11,PRO
14828026,13316417,2011-12-09,CON
14828030,13675699,2012-11-13,CON
14828031,PCT/CN2013/071620,2013-02-17,CON
14828032,13419712,2012-03-14,CIP
14828033,62037863,2014-08-15,PRO
14828038,60548261,2004-02-27,PRO
14828038,11069472,2005-02-28,CON
14828038,13099424,2011-05-03,CON
14828038,14142160,2013-12-27,CON
14828038,14731053,2015-06-04,CON
14828038,14731334,2015-06-04,DIV
14828038,14825564,2015-08-13,DIV
14828041,11474105,2006-06-22,CON
14828041,13926779,2013-06-25,CON
14828042,62037927,2014-08-15,PRO
14828047,61867383,2013-08-19,PRO
14828047,61946736,2014-03-01,PRO
14828047,PCT/US14/51440,2014-08-18,NST
14828047,14654760,2015-06-22,CON
14828049,61381664,2010-09-10,PRO
14828049,13229338,2011-09-09,CON
14828050,13132603,2011-06-02,CON
14828050,PCT/IT2008/000815,2008-12-30,NST
14828053,62037960,2014-08-15,PRO
14828054,61432179,2011-01-12,PRO
14828054,13325878,2011-12-14,CON
14828057,62038817,2014-08-18,PRO
14828062,60639054,2004-12-23,PRO
14828062,60641470,2005-01-05,PRO
14828062,11224909,2005-09-13,CIP
14828062,60728168,2005-10-19,PRO
14828062,11551222,2006-10-19,CIP
14828062,12321484,2009-01-21,CON
14828062,14095771,2013-12-03,CON
14828065,62040849,2014-08-22,PRO
14828065,62101739,2015-01-09,PRO
14828067,13293043,2011-11-09,CIP
14828067,14536142,2014-11-07,CIP
14828068,09694880,2000-10-24,CON
14828068,11147796,2005-06-07,CON
14828068,12501936,2009-07-13,CON
14828068,13619027,2012-09-14,CON
14828072,61196754,2008-10-20,PRO
14828072,12582556,2009-10-20,CON
14828077,61245984,2009-09-25,PRO
14828077,PCT/US10/50210,2010-09-24,NST
14828077,13497386,2012-07-09,DIV
14828081,12453841,2009-05-22,DIV
14828087,62038585,2014-08-18,PRO
14828088,61612617,2012-03-19,PRO
14828088,13834083,2013-03-15,CON
14828090,61610211,2012-03-13,PRO
14828090,13795825,2013-03-12,CON
14828095,13811095,2013-01-18,DIV
14828095,PCT/EP2011/062454,2011-07-20,NST
14828096,13362013,2012-01-31,CON
14828097,61862238,2013-08-05,PRO
14828097,14450994,2014-08-04,CON
14828098,61293442,2010-01-08,PRO
14828098,12986621,2011-01-07,CON
14828098,13920304,2013-06-18,CON
14828099,62039148,2014-08-19,PRO
14828103,13668642,2012-11-05,DIV
14828104,13811095,2013-01-18,CON
14828104,PCT/EP2011/062454,2011-07-20,NST
14828105,62037856,2014-08-15,PRO
14828105,62186934,2015-06-30,PRO
14828106,12051100,2008-03-19,DIV
14828108,13909404,2013-06-04,DIV
14828109,61427321,2010-12-27,PRO
14828109,13337828,2011-12-27,CON
14828110,13619233,2012-09-14,DIV
14828111,11722682,2008-05-02,DIV
14828111,13110704,2011-05-18,CON
14828111,14559669,2014-12-03,CON
14828111,PCT/US2005/046485,2005-12-22,NST
14828112,62038426,2014-08-18,PRO
14828114,61820407,2013-05-07,PRO
14828114,14267516,2014-05-01,CON
14828115,61890122,2013-10-11,PRO
14828115,14099849,2013-12-06,DIV
14828116,14054617,2013-10-15,CON
14828117,09618222,2000-07-18,CON
14828117,11705157,2007-02-12,DIV
14828117,13096182,2011-04-28,CON
14828117,14082591,2013-11-18,CON
14828117,14612501,2015-02-03,CON
14828118,PCT/CN2014/072090,2014-02-14,CON
14828120,61594312,2012-02-02,PRO
14828120,13757729,2013-02-01,CON
14828125,61416655,2010-11-23,PRO
14828125,61416663,2010-11-23,PRO
14828125,61416665,2010-11-23,PRO
14828125,13302282,2011-11-22,CON
14828126,62037816,2014-08-15,PRO
14828127,61700514,2012-09-13,PRO
14828127,14025360,2013-09-12,DIV
14828128,PCT/JP2013/079908,2013-11-05,CON
14828131,60097635,1998-08-24,PRO
14828131,09169963,1998-10-13,CIP
14828131,09382402,1999-08-24,CON
14828131,09922319,2001-08-02,CIP
14828131,60394665,2002-07-10,PRO
14828131,10616303,2003-07-10,CON
14828131,11346213,2006-02-03,CON
14828131,13591492,2012-08-22,CON
14828132,13944420,2013-07-17,CON
14828133,14372932,2014-07-17,DIV
14828133,PCT/JP2012/081683,2012-12-06,NST
14828134,61747604,2012-12-31,PRO
14828134,14145105,2013-12-31,CIP
14828137,62038526,2014-08-18,PRO
14828139,62040383,2014-08-21,PRO
14828140,12873272,2010-08-31,CIP
14828143,62038549,2014-08-18,PRO
14828146,PCT/CN2013/084687,2013-09-30,CON
14828147,61702624,2012-09-18,PRO
14828147,61707442,2012-09-28,PRO
14828147,61707609,2012-09-28,PRO
14828147,61707644,2012-09-28,PRO
14828147,13712722,2012-12-12,CON
14828148,PCT/EP2014/052957,2014-02-14,CON
14828149,62038670,2014-08-18,PRO
14828152,61910930,2013-12-02,PRO
14828152,14556980,2014-12-01,CON
14828154,62037965,2014-08-15,PRO
14828155,61006343,2008-01-07,PRO
14828155,61136328,2008-08-28,PRO
14828155,12314239,2008-12-05,CON
14828155,13541293,2012-07-03,CON
14828155,13966102,2013-08-13,CON
14828157,61907740,2013-11-22,PRO
14828157,14551791,2014-11-24,CON
14828161,61247628,2009-10-01,PRO
14828161,12896414,2010-10-01,CON
14828161,13965682,2013-08-13,CON
14828163,60636301,2004-12-15,PRO
14828163,11300854,2005-12-15,CIP
14828164,60804613,2006-06-13,PRO
14828164,11760868,2007-06-11,CON
14828164,13713035,2012-12-13,CON
14828170,61087821,2008-08-11,PRO
14828170,12539529,2009-08-11,CIP
14828170,13826788,2013-03-14,CON
14828171,11638240,2006-12-12,CON
14828172,61806362,2013-03-28,PRO
14828172,14067681,2013-10-30,CON
14828172,14309379,2014-06-19,CON
14828174,14039789,2013-09-27,CON
14828175,13608141,2012-09-10,CON
14828176,61334990,2010-05-14,PRO
14828176,13106562,2011-05-12,CON
14828178,62037793,2014-08-15,PRO
14828179,60305151,2001-07-13,PRO
14828179,60305150,2001-07-13,PRO
14828179,60305149,2001-07-13,PRO
14828179,60305147,2001-07-13,PRO
14828179,60305146,2001-07-13,PRO
14828179,60323598,2001-09-20,PRO
14828179,60323597,2001-09-20,PRO
14828179,10193980,2002-07-12,CON
14828179,12760185,2010-04-14,CON
14828179,13618191,2012-09-14,CON
14828182,60868905,2006-12-06,PRO
14828182,11676936,2007-02-20,CIP
14828182,61148946,2009-01-31,PRO
14828182,12695834,2010-01-28,CIP
14828182,13971659,2013-08-20,CON
14828183,61907740,2013-11-22,PRO
14828183,14551791,2014-11-24,DIV
14828185,13436625,2012-03-30,CON
14828186,62038798,2014-08-18,PRO
14828188,13020672,2011-02-03,CON
14828190,12584015,2009-08-28,CON
14828190,12913675,2010-10-27,CON
14828196,14079863,2013-11-14,CON
14828196,PCT/CN2012/074378,2012-04-19,CON
14828197,12337043,2008-12-17,CIP
14828197,13872663,2013-04-29,CIP
14828197,62158415,2015-05-07,PRO
14828198,13476976,2012-05-21,DIV
14828199,60252468,2000-11-22,PRO
14828199,60276056,2001-03-16,PRO
14828199,60283381,2001-04-13,PRO
14828199,09885977,2001-06-22,CON
14828199,11200599,2005-08-10,CON
14828199,12537205,2009-08-06,CON
14828199,13237770,2011-09-20,CON
14828199,13769192,2013-02-15,CON
14828204,61841833,2013-07-01,PRO
14828204,14321569,2014-07-01,DIV
14828207,13523681,2012-06-14,CON
14828208,62038145,2014-08-15,PRO
14828209,61979781,2014-04-15,PRO
14828209,14640179,2015-03-06,CIP
14828210,13957003,2013-08-01,CON
14828211,61841833,2013-07-01,PRO
14828211,61900822,2013-11-06,PRO
14828211,14321569,2014-07-01,DIV
14828212,61480018,2011-04-28,PRO
14828212,61526751,2011-08-24,PRO
14828212,61534972,2011-09-15,PRO
14828212,13457156,2012-04-26,CON
14828212,14566304,2014-12-10,CON
14828217,14128592,2013-12-20,CON
14828217,PCT/CN2012/077381,2012-06-21,NST
14828218,PCT/CN2013/087948,2013-11-27,CON
14828219,PCT/CN2014/072165,2014-02-17,CON
14828221,13543237,2012-07-06,CON
14828221,13716916,2012-12-17,CON
14828221,14187037,2014-02-21,CON
14828221,PCT/JP10/66547,2010-09-24,CON
14828223,PCT/JP2014/056132,2014-03-10,CON
14828224,61525579,2011-08-19,PRO
14828224,13590086,2012-08-20,CON
14828227,12879875,2010-09-10,CON
14828227,13899197,2013-05-21,CON
14828228,62038167,2014-08-15,PRO
14828229,62038665,2014-08-18,PRO
14828230,62040972,2014-08-22,PRO
14828235,13626605,2012-09-25,CON
14828237,12946814,2010-11-15,DIV
14828238,60373256,2002-04-17,PRO
14828238,10179488,2002-06-24,CIP
14828238,60411058,2002-09-16,PRO
14828238,10329008,2002-12-23,DIV
14828238,11101038,2005-04-06,CON
14828238,12499254,2009-07-08,CON
14828238,13245132,2011-09-26,CON
14828238,14281303,2014-05-19,CON
14828239,13340521,2011-12-29,CON
14828239,14178716,2014-02-12,CON
14828240,61845019,2013-07-11,PRO
14828240,14329665,2014-07-11,CON
14828240,14567763,2014-12-11,CON
14828241,61650040,2012-05-22,PRO
14828241,13529136,2012-06-21,CON
14828241,14281501,2014-05-19,CON
14828242,62039094,2014-08-19,PRO
14828243,PCT/US10/34166,2010-05-10,NST
14828243,13635423,2012-09-15,CON
14828244,13271952,2011-10-12,DIV
14828247,13130937,2011-05-24,CON
14828247,14091164,2013-11-26,CON
14828247,PCT/JP2009/006508,2009-12-01,NST
14828248,12501975,2009-07-13,CON
14828249,62038165,2014-08-15,PRO
14828251,13447251,2012-04-15,DIV
14828252,60373256,2002-04-17,PRO
14828252,10179488,2002-06-24,CIP
14828252,60411058,2002-09-16,PRO
14828252,10329008,2002-12-23,DIV
14828252,11101038,2005-04-06,CON
14828252,12499254,2009-07-08,CON
14828252,13245132,2011-09-26,CON
14828252,14281303,2014-05-19,CON
14828254,61386861,2010-09-27,PRO
14828254,13157626,2011-06-10,CON
14828254,13921184,2013-06-18,CON
14828254,14506884,2014-10-06,CON
14828260,62035189,2014-08-08,PRO
14828260,14820876,2015-08-07,CON
14828261,60763791,2006-01-31,PRO
14828261,60886164,2007-01-23,PRO
14828261,11669269,2007-01-31,CON
14828261,14055350,2013-10-16,CON
14828264,12812259,2010-07-09,CON
14828264,PCT/SE08/50958,2008-08-25,NST
14828265,61324456,2010-04-15,PRO
14828265,13088319,2011-04-15,CON
14828270,13025727,2011-02-11,DIV
14828270,14070933,2013-11-04,CON
14828270,14580051,2014-12-22,CON
14828271,61058371,2008-06-03,PRO
14828271,12428741,2009-04-23,CON
14828277,09894471,2001-06-28,DIV
14828277,11460977,2006-07-29,CIP
14828277,12762362,2010-04-18,CON
14828277,13532771,2012-06-25,CON
14828278,61856639,2013-07-19,PRO
14828278,14045742,2013-10-03,CON
14828279,61830609,2013-06-03,PRO
14828279,14295198,2014-06-03,CON
14828281,11118951,2005-05-02,CON
14828281,12153385,2008-05-19,CON
14828281,12838598,2010-07-19,CON
14828281,14176328,2014-02-10,CON
14828283,12573755,2009-10-05,CON
14828283,13725608,2012-12-21,CON
14828284,60808802,2006-05-26,PRO
14828284,11736518,2007-04-17,DIV
14828285,14658820,2015-03-16,CIP
14828286,62040984,2014-08-22,PRO
14828287,61569493,2011-12-12,PRO
14828287,13546143,2012-07-11,CON
14828287,14313727,2014-06-24,CON
14828289,13051979,2011-03-18,CON
14828289,14195694,2014-03-03,CON
14828292,60800164,2006-05-13,PRO
14828292,11803559,2007-05-14,CON
14828292,13965058,2013-08-12,CON
14828293,61749819,2013-01-07,PRO
14828293,13839782,2013-03-15,CON
14828294,60252468,2000-11-22,PRO
14828294,60283377,2001-04-13,PRO
14828294,09885964,2001-06-22,CON
14828294,11032303,2005-01-10,CON
14828294,12628930,2009-12-01,CON
14828294,14321587,2014-07-01,CON
14828295,60997848,2007-10-05,PRO
14828295,12245365,2008-10-03,CON
14828296,14144198,2013-12-30,CON
14828300,12753001,2010-04-01,CON
14828300,14032080,2013-09-19,CON
14828300,14505222,2014-10-02,CON
14828302,13803745,2013-03-14,DIV
14828303,61816419,2013-04-26,PRO
14828303,13925741,2013-06-24,CON
14828305,62037959,2014-08-15,PRO
14828305,62081732,2014-11-19,PRO
14828306,13720262,2012-12-19,CON
14828309,10996799,2004-11-23,DIV
14828309,11782850,2007-07-25,DIV
14828309,12636381,2009-12-11,CIP
14828309,12833868,2010-07-09,CIP
14828309,12846627,2010-07-29,CON
14828309,14259818,2014-04-23,CON
14828310,14044426,2013-10-02,DIV
14828311,61738855,2012-12-18,PRO
14828311,13790668,2013-03-08,CON
14828312,PCT/CN2014/079012,2014-05-30,CON
14828313,13487031,2012-06-01,CON
14828318,60850520,2006-10-10,PRO
14828318,11870130,2007-10-10,CON
14828318,13049785,2011-03-16,CON
14828318,13662268,2012-10-26,CON
14828318,14137875,2013-12-20,CON
14828319,13145059,2011-10-04,CON
14828319,14257772,2014-04-21,DIV
14828319,14476551,2014-09-03,CIP
14828319,PCT/US2010/021332,2010-01-18,NST
14828320,60143749,1999-07-14,PRO
14828320,09556169,2000-04-21,DIV
14828320,10674242,2003-09-29,DIV
14828320,11446771,2006-06-05,DIV
14828320,12799169,2010-04-20,DIV
14828320,14055077,2013-10-16,CON
14828325,PCT/CN2014/079012,2014-05-30,CON
14828327,11623383,2007-01-16,DIV
14828327,13423985,2012-03-19,CON
14828327,13948971,2013-07-23,DIV
14828328,09289550,1999-04-09,CIP
14828328,60151468,1999-08-30,PRO
14828328,09651301,2000-08-30,CON
14828328,11269057,2005-11-08,CON
14828328,11417515,2006-05-03,CON
14828328,12579776,2009-10-15,CON
14828328,13907086,2013-05-31,CON
14828328,14278652,2014-05-15,CON
14828329,60252468,2000-11-22,PRO
14828329,60283377,2001-04-13,PRO
14828329,09885964,2001-06-22,CON
14828329,11032303,2005-01-10,CON
14828329,12628930,2009-12-01,CON
14828329,14321587,2014-07-01,CON
14828330,13145059,2011-10-04,CON
14828330,14257772,2014-04-21,CIP
14828330,PCT/US2010/021332,2010-01-18,NST
14828332,12661578,2010-03-19,DIV
14828332,14163861,2014-01-24,CON
14828335,14214816,2014-03-15,DIV
14828336,12097455,2008-10-28,CON
14828336,13177437,2011-07-06,CON
14828336,14057301,2013-10-18,CON
14828336,PCT/IE2007/000014,2007-02-07,NST
14828337,14222365,2014-03-21,DIV
14828339,12762114,2010-04-16,CON
14828340,60968246,2007-08-27,PRO
14828340,60972191,2007-09-13,PRO
14828340,12198001,2008-08-25,CIP
14828340,12482280,2009-06-10,CIP
14828340,12797372,2010-06-09,CON
14828340,13758855,2013-02-04,CIP
14828340,13802596,2013-03-13,CON
14828341,62038162,2014-08-15,PRO
14828342,PCT/EP2014/052960,2014-02-14,CON
14828343,61545658,2011-10-11,PRO
14828343,13649266,2012-10-11,CON
14828344,13766279,2013-02-13,CON
14828345,61504873,2011-07-06,PRO
14828345,13541536,2012-07-03,CON
14828346,62038747,2014-08-18,PRO
14828348,62037742,2014-08-15,PRO
14828349,60245101,2000-11-01,PRO
14828349,10016223,2001-11-01,CON
14828349,12903048,2010-10-12,CON
14828349,13710306,2012-12-10,CON
14828353,61869729,2013-08-25,PRO
14828353,14455921,2014-08-10,CIP
14828354,13366899,2012-02-06,CIP
14828354,13895979,2013-05-16,CON
14828356,62100443,2015-01-06,PRO
14828359,60245101,2000-11-01,PRO
14828359,10016223,2001-11-01,CON
14828359,12903048,2010-10-12,CON
14828359,13710306,2012-12-10,CON
14828365,14373322,2014-07-18,CON
14828365,PCT/EP2012/050843,2012-01-20,NST
14828368,61542701,2011-10-03,PRO
14828368,13370258,2012-02-09,CON
14828369,60245101,2000-11-01,PRO
14828369,10016223,2001-11-01,CON
14828369,12903048,2010-10-12,CON
14828369,13710306,2012-12-10,CON
14828370,13438358,2012-04-03,CON
14828370,14088351,2013-11-23,CON
14828371,10832688,2004-04-27,CON
14828371,11495499,2006-07-28,CON
14828372,60809244,2006-05-30,PRO
14828372,60820223,2006-07-24,PRO
14828372,11754823,2007-05-29,CON
14828372,12333259,2008-12-11,CON
14828372,13551158,2012-07-17,CON
14828372,14056821,2013-10-17,CON
14828374,60241833,2000-10-20,PRO
14828374,09772065,2001-01-30,CON
14828374,11233894,2005-09-23,CON
14828374,12358117,2009-01-22,CON
14828374,13047641,2011-03-14,CON
14828374,13602002,2012-08-31,CON
14828374,14105441,2013-12-13,CON
14828375,12805615,2010-08-10,CON
14828377,60622146,2004-10-25,PRO
14828377,60718185,2005-09-16,PRO
14828377,11258839,2005-10-25,CON
14828377,13371363,2012-02-10,CON
14828377,14473813,2014-08-29,CON
14828377,14710528,2015-05-12,CON
14828379,13382288,2012-01-04,CON
14828379,PCT/US2010/034042,2010-05-07,NST
14828380,60747621,2006-05-18,PRO
14828380,11750104,2007-05-17,CON
14828380,13441987,2012-04-09,CON
14828381,13223061,2011-08-31,CON
14828383,61611471,2012-03-15,PRO
14828383,13789379,2013-03-07,CON
14828384,11228852,2005-09-16,DIV
14828384,12576217,2009-10-08,CON
14828384,13669278,2012-11-05,CON
14828384,14165399,2014-01-27,CON
14828388,60998320,2007-10-09,PRO
14828388,12243752,2008-10-01,CON
14828388,13452536,2012-04-20,CON
14828388,14047864,2013-10-07,CON
14828389,11421206,2006-05-31,CON
14828389,11421212,2006-05-31,CON
14828389,61354186,2010-06-11,PRO
14828389,61354189,2010-06-11,PRO
14828389,12915362,2010-10-29,CIP
14828389,13159384,2011-06-13,CIP
14828389,13178288,2011-07-07,CON
14828389,14248269,2014-04-08,CON
14828394,13669384,2012-11-05,CON
14828395,61363211,2010-07-10,PRO
14828395,13180469,2011-07-11,DIV
14828396,62037984,2014-08-15,PRO
14828402,61611492,2012-03-15,PRO
14828402,13789412,2013-03-07,CON
14828407,13072744,2011-03-27,CON
14828407,13962936,2013-08-08,CON
14828411,13314995,2011-12-08,CON
14828412,62039257,2014-08-19,PRO
14828414,12969462,2010-12-15,CIP
14828414,13842385,2013-03-15,CON
14828416,14178148,2014-02-11,CIP
14828417,13051886,2011-03-18,CON
14828422,13153374,2011-06-03,DIV
14828426,13853928,2013-03-29,CON
14828427,62038329,2014-08-17,PRO
14828428,13596169,2012-08-28,CON
14828430,14256904,2014-04-18,CON
14828432,62037982,2014-08-15,PRO
14828436,61117890,2008-11-25,PRO
14828436,12625448,2009-11-24,CON
14828439,62038805,2014-08-18,PRO
14828448,12644800,2009-12-22,DIV
14828448,14175752,2014-02-07,DIV
14828449,13439087,2012-04-04,CON
14828452,62038128,2014-08-15,PRO
14828453,13058257,2011-02-09,DIV
14828453,13720496,2012-12-19,CON
14828453,PCT/JP2009/002651,2009-06-11,NST
14828454,61381988,2010-09-12,PRO
14828454,13230679,2011-09-12,CON
14828456,60544479,2004-02-13,PRO
14828456,10824248,2004-04-14,DIV
14828456,12503559,2009-07-15,REI
14828459,14484705,2014-09-12,CON
14828459,PCT/JP2013/001689,2013-03-14,CIP
14828462,61646222,2012-05-11,PRO
14828462,13604050,2012-09-05,CIP
14828462,13652101,2012-10-15,CIP
14828462,13693694,2012-12-04,CON
14828463,10765115,2004-01-28,CIP
14828463,12316238,2008-12-10,CIP
14828466,62038831,2014-08-18,PRO
14828466,62055926,2014-09-26,PRO
14828467,PCT/JP2014/000422,2014-01-28,CON
14828469,14071351,2013-11-04,CON
14828470,61130114,2008-05-27,PRO
14828470,12467485,2009-05-18,CIP
14828470,14185841,2014-02-20,CON
14828471,62037941,2014-08-15,PRO
14828476,61562382,2011-11-21,PRO
14828476,13683775,2012-11-21,CON
14828483,13559544,2012-07-26,CON
14828490,13626283,2012-09-25,CIP
14828494,13629539,2012-09-27,CON
14828495,61256548,2009-10-30,PRO
14828495,12892004,2010-09-28,DIV
14828495,14256955,2014-04-19,DIV
14828495,14500569,2014-09-29,DIV
14828498,62038317,2014-08-17,PRO
14828500,62038055,2014-08-15,PRO
14828502,13413520,2012-03-06,DIV
14828503,62038801,2014-08-18,PRO
14828506,61438805,2011-02-02,PRO
14828506,13073069,2011-03-28,CON
14828506,13888098,2013-05-06,CON
14828514,13666965,2012-11-02,CIP
14828517,13796930,2013-03-12,CON
14828517,14628231,2015-02-21,CIP
14828519,61826485,2013-05-22,PRO
14828519,61862089,2013-08-05,PRO
14828519,14285607,2014-05-22,CIP
14828519,14550906,2014-11-21,CIP
14828519,62116801,2015-02-16,PRO
14828519,62180606,2015-06-17,PRO
14828520,14045822,2013-10-04,DIV
14828520,PCT/IL2012/050045,2012-02-13,CIP
14828526,14221287,2014-03-21,CON
14828527,13769634,2013-02-18,DIV
14828535,14155329,2014-01-14,CIP
14828540,PCT/RU2014/000122,2014-02-26,NST
14828546,61702950,2012-09-19,PRO
14828546,13836385,2013-03-15,CON
14828546,14302710,2014-06-12,CON
14828548,14542131,2014-11-14,CON
14828551,14281931,2014-05-20,DIV
14828560,61579683,2011-12-23,PRO
14828560,61579693,2011-12-23,PRO
14828560,13720286,2012-12-19,DIV
14828561,13279508,2011-10-24,DIV
14828566,14160556,2014-01-22,DIV
14828567,62038643,2014-08-18,PRO
14828575,62038723,2014-08-18,PRO
14828577,14236984,2014-04-15,CON
14828577,PCT/EP2012/065172,2012-08-02,NST
14828581,62038611,2014-08-18,PRO
14828583,62039548,2014-08-20,PRO
14828588,13736109,2013-01-08,CON
14828590,60729525,2005-10-24,PRO
14828590,11585735,2006-10-24,CON
14828590,14195499,2014-03-03,CON
14828591,12304126,2008-12-10,REI
14828591,PCT/IB2007/052209,2007-06-12,NST
14828593,14022501,2013-09-10,CON
14828594,14100343,2013-12-09,DIV
14828598,13442966,2012-04-10,CON
14828602,13437122,2012-04-02,CON
14828603,PCT/EP2014/054047,2014-03-03,CON
14828608,14288840,2014-05-28,DIV
14828610,14022501,2013-09-10,CON
14828611,61882481,2013-09-25,PRO
14828611,61882514,2013-09-25,PRO
14828611,61892491,2013-10-18,PRO
14828611,14496894,2014-09-25,CIP
14828615,11991711,2008-03-07,DIV
14828615,13913587,2013-06-10,CON
14828615,PCT/IL2006/001059,2006-09-11,NST
14828618,62038756,2014-08-18,PRO
14828619,PCT/JP2013/059313,2013-03-28,CON
14828626,13707812,2012-12-07,CON
14828629,62038723,2014-08-18,PRO
14828631,12550436,2009-08-31,CON
14828631,13649350,2012-10-11,CON
14828634,14068087,2013-10-31,CON
14828642,62039543,2014-08-20,PRO
14828644,62039498,2014-08-20,PRO
14828648,62038723,2014-08-18,PRO
14828651,14357523,2014-05-09,CON
14828651,PCT/US2012/064442,2012-11-09,NST
14828653,14107787,2013-12-16,DIV
14828655,PCT/JP2014/060407,2014-04-10,CON
14828657,12743133,2010-08-05,DIV
14828657,PCT/GB2008/003847,2008-11-17,NST
14828660,62038484,2014-08-18,PRO
14828662,13922378,2013-06-20,CON
14828663,13313101,2011-12-07,DIV
14828668,62039069,2014-08-19,PRO
14828669,12947846,2010-11-17,CON
14828669,13680378,2012-11-19,CON
14828669,14059475,2013-10-22,CON
14828669,14451671,2014-08-05,CON
14828674,PCT/JP2014/051396,2014-01-23,CON
14828675,12716722,2010-03-03,CON
14828676,13712765,2012-12-12,CON
14828679,62038446,2014-08-18,PRO
14828685,12199651,2008-08-27,CON
14828685,13359446,2012-01-26,CON
14828687,61808291,2013-04-04,PRO
14828687,14245589,2014-04-04,CON
14828690,62038550,2014-08-18,PRO
14828692,12753571,2010-04-02,CON
14828696,12600976,2009-11-19,CON
14828696,13453482,2012-04-23,CON
14828696,14083556,2013-11-19,CON
14828696,PCT/US2008/006106,2008-05-14,NST
14828699,62038723,2014-08-18,PRO
14828700,13859990,2013-04-10,DIV
14828702,10829954,2004-04-23,DIV
14828702,12849576,2010-08-03,DIV
14828702,13439429,2012-04-04,CON
14828702,13596348,2012-08-28,CON
14828702,14050747,2013-10-10,CON
14828712,62038723,2014-08-18,PRO
14828713,62038723,2014-08-18,PRO
14828714,13132732,2011-12-06,CON
14828714,PCT/EP2009/067203,2009-12-15,NST
14828716,14299099,2014-06-09,CIP
14828719,13979895,2013-07-16,CON
14828719,PCT/DE2012/000039,2012-01-18,NST
14828720,PCT/IB2014/058860,2014-02-07,CON
14828721,14018474,2013-09-05,DIV
14828724,62038723,2014-08-18,PRO
14828725,11855496,2007-09-14,DIV
14828725,13305064,2011-11-28,CON
14828725,13973574,2013-08-22,DIV
14828725,14324265,2014-07-07,CON
14828729,14620463,2015-02-12,DIV
14828729,PCT/IB2014/063706,2014-08-05,CON
14828730,62038415,2014-08-18,PRO
14828740,PCT/JP2014/054059,2014-02-20,CON
14828742,61476296,2011-04-17,PRO
14828742,13449208,2012-04-17,CON
14828744,PCT/JP2014/053396,2014-02-14,CIP
14828747,62039735,2014-08-20,PRO
14828748,13156949,2011-06-09,DIV
14828751,13643342,2013-01-14,CON
14828751,PCT/JP2011/060458,2011-04-28,NST
14828752,60873632,2006-12-08,PRO
14828752,60873889,2006-12-08,PRO
14828752,60928883,2007-05-10,PRO
14828752,60930607,2007-05-17,PRO
14828752,60933332,2007-06-06,PRO
14828752,60933313,2007-06-06,PRO
14828752,60961596,2007-07-23,PRO
14828752,60963059,2007-08-01,PRO
14828752,60965170,2007-08-17,PRO
14828752,60965267,2007-08-17,PRO
14828752,11952043,2007-12-06,CON
14828752,13029782,2011-02-17,CON
14828752,13172276,2011-06-29,CON
14828752,13472042,2012-05-15,CIP
14828752,14303254,2014-06-12,CON
14828753,60914462,2007-04-27,PRO
14828753,12103170,2008-04-15,CIP
14828753,12550831,2009-08-31,CIP
14828753,13371688,2012-02-13,CON
14828753,14331500,2014-07-15,CON
14828756,62038698,2014-08-18,PRO
14828759,61045638,2008-04-17,PRO
14828759,12421231,2009-04-09,DIV
14828759,13443099,2012-04-10,CON
14828764,62040663,2014-08-22,PRO
14828768,14226947,2014-03-27,CON
14828769,62038650,2014-08-18,PRO
14828773,13460302,2012-04-30,DIV
14828774,PCT/JP2014/062598,2014-05-12,CON
14828777,62040912,2014-08-22,PRO
14828779,14355527,2014-04-30,CON
14828779,PCT/JP2012/007040,2012-11-02,NST
14828781,12415377,2009-03-31,CON
14828781,13535011,2012-06-27,DIV
14828790,12896426,2010-10-01,DIV
14828791,62070269,2014-08-19,PRO
14828792,61639576,2012-04-27,PRO
14828792,61680115,2012-08-06,PRO
14828792,61702587,2012-09-18,PRO
14828792,61715989,2012-10-19,PRO
14828792,61734890,2012-12-07,PRO
14828792,61783868,2013-03-14,PRO
14828792,13871593,2013-04-26,CON
14828795,14227046,2014-03-27,CON
14828804,62038443,2014-08-18,PRO
14828805,60258902,2000-12-29,PRO
14828805,09801932,2001-03-09,CON
14828805,11555431,2006-11-01,CON
14828805,13345398,2012-01-06,CON
14828805,13612838,2012-09-13,CON
14828805,14702401,2015-05-01,CON
14828806,PCT/DE2014/200031,2014-01-28,CON
14828809,62041366,2014-08-25,PRO
14828812,PCT/US2014/023310,2014-03-11,CIP
14828813,13822161,2013-03-11,DIV
14828813,PCT/JP2011/066956,2011-07-26,NST
14828814,12130387,2008-05-30,CON
14828815,62039372,2014-08-19,PRO
14828816,13973004,2013-08-22,CON
14828819,PCT/CN2014/076823,2014-05-06,CON
14828821,62038393,2014-08-18,PRO
14828822,PCT/CN2014/074295,2014-03-28,CON
14828823,09139720,1998-08-25,CON
14828825,14468188,2014-08-25,CIP
14828827,PCT/JP2014/053136,2014-02-12,CON
14828828,62039138,2014-08-19,PRO
14828833,13997970,,CON
14828833,PCT/IB2011/052894,2011-06-30,NST
14828835,13387277,2012-05-08,CON
14828835,PCT/EP2010/059870,2010-07-09,NST
14828837,13631144,2012-09-28,CON
14828837,14264029,2014-04-28,CON
14828839,14386082,2014-09-18,DIV
14828839,PCT/US2013/033456,2013-03-22,NST
14828844,60196104,2000-04-11,PRO
14828844,09576022,2000-05-23,CON
14828844,11490108,2006-07-21,CON
14828844,12929729,2011-02-11,CON
14828846,62038428,2014-08-18,PRO
14828850,62038941,2014-08-19,PRO
14828852,13991928,2013-06-06,CON
14828852,PCT/CN2012/084891,2012-11-20,NST
14828853,61760079,2013-02-02,PRO
14828853,13836973,2013-03-15,CON
14828854,12412499,2009-03-27,CON
14828854,13542004,2012-07-05,DIV
14828857,13623258,2012-09-20,DIV
14828859,13655797,2012-10-19,CON
14828864,62039280,2014-08-19,PRO
14828866,11920978,2009-07-23,DIV
14828866,PCT/EP2006/062499,2006-05-22,NST
14828871,62039288,2014-08-19,PRO
14828873,PCT/JP2014/054058,2014-02-20,CON
14828875,61407010,2010-10-26,PRO
14828875,13030025,2011-02-17,CON
14828877,62070268,2014-08-19,PRO
14828878,11920978,2009-07-23,CON
14828878,PCT/EP2006/062499,2006-05-22,NST
14828879,09858415,2001-05-16,CON
14828879,12576465,2009-10-09,DIV
14828879,13101581,2011-05-05,CON
14828879,13621070,2012-09-15,CON
14828879,14245792,2014-04-04,CON
14828879,14312294,2014-06-23,CON
14828884,13272975,2011-10-13,CON
14828888,62040682,2014-08-22,CON
14828889,61595654,2012-02-06,PRO
14828889,13596852,2012-08-28,CON
14828890,13254929,2011-09-06,DIV
14828890,PCT/US2010/026320,2010-03-05,NST
14828893,13305159,2011-11-28,CON
14828896,61639576,2012-04-27,PRO
14828896,61680115,2012-08-06,PRO
14828896,61702587,2012-09-18,PRO
14828896,61715989,2012-10-19,PRO
14828896,61734890,2012-12-07,PRO
14828896,61783868,2013-03-14,PRO
14828896,13871593,2013-04-26,CON
14828902,62040508,2014-08-22,PRO
14828904,PCT/CN2014/074162,2014-03-27,CON
14828905,62038498,2014-08-18,PRO
14828906,62039176,2014-08-19,PRO
14828907,61614792,2012-03-23,PRO
14828907,13788691,2013-03-07,DIV
14828908,13255067,2011-09-06,CON
14828908,PCT/EP2010/001242,2010-03-01,NST
14828909,61586928,2012-01-16,PRO
14828909,13741934,2013-01-15,DIV
14828912,14241784,2014-02-27,CON
14828912,PCT/JP2013/061485,2013-04-18,NST
14828913,62038452,2014-08-18,PRO
14828915,14003633,2013-10-22,CON
14828915,PCT/SE2012/050261,2012-03-08,NST
14828916,60702456,2005-07-26,PRO
14828916,60743071,2005-12-22,PRO
14828916,11493080,2006-07-26,CON
14828916,12976379,2010-12-22,CON
14828916,13868233,2013-04-23,CON
14828918,11434045,2006-05-15,DIV
14828918,11804412,2007-05-18,CIP
14828918,12748795,2010-03-29,CON
14828918,13929313,2013-06-27,DIV
14828919,PCT/CN2015/071428,2015-01-23,CON
14828921,13399188,2012-02-17,DIV
14828923,13436579,2012-03-30,CON
14828924,PCT/JP2014/053667,2014-02-17,CON
14828925,13703203,2012-12-10,DIV
14828925,PCT/EP2011/059650,2011-06-10,NST
14828926,62038742,2014-08-18,PRO
14828928,61371041,2010-08-05,PRO
14828928,PCT/US11/45703,2011-07-28,NST
14828928,13813813,2013-04-11,DIV
14828933,13123977,2011-04-13,DIV
14828933,PCT/US2009/060617,2009-10-14,NST
14828938,12659579,2010-03-12,CON
14828939,62040239,2014-08-21,PRO
14828940,13884387,2013-05-09,CON
14828940,PCT/KR2011/008543,2011-11-10,NST
14828942,62038498,2014-08-18,PRO
14828943,62038715,2014-08-18,PRO
14828945,PCT/JP2014/053233,2014-02-05,CON
14828947,62038563,2014-08-18,PRO
14828948,62038683,2014-08-18,PRO
14828949,62039147,2014-08-19,PRO
14828950,62039700,2014-08-20,PRO
14828951,13387615,2012-01-27,DIV
14828951,PCT/US2010/042927,2010-07-22,NST
14828955,13163562,2011-06-17,CON
14828956,12740746,2010-09-13,DIV
14828956,PCT/NL2008/050693,2008-11-04,NST
14828957,10830085,2004-04-23,CON
14828957,12318711,2009-01-07,CON
14828957,13835063,2013-03-15,CON
14828957,14153371,2014-01-13,CON
14828957,14597729,2015-01-15,CON
14828962,13601509,2012-08-31,CON
14828962,14557996,2014-12-02,CIP
14828966,62039258,2014-08-19,PRO
14828972,12379983,2009-03-05,DIV
14828973,11914278,2007-11-13,DIV
14828973,PCT/DE2006/000896,2006-05-12,NST
14828976,10595140,2006-03-03,CON
14828976,PCT/EP2003/009816,2003-09-04,NST
14828979,61480528,2011-04-29,PRO
14828979,61480530,2011-04-29,PRO
14828979,61480532,2011-04-29,PRO
14828979,61480535,2011-04-29,PRO
14828979,61480539,2011-04-29,PRO
14828979,61480541,2011-04-29,PRO
14828979,61480544,2011-04-29,PRO
14828979,13424479,2012-03-20,CON
14828985,PCT/CN2013/071641,2013-02-18,CON
14828986,14231816,2014-04-01,DIV
14828990,61480528,2011-04-29,PRO
14828990,61480530,2011-04-29,PRO
14828990,61480532,2011-04-29,PRO
14828990,61480535,2011-04-29,PRO
14828990,61480539,2011-04-29,PRO
14828990,61480541,2011-04-29,PRO
14828990,61480544,2011-04-29,PRO
14828990,13424479,2012-03-20,DIV
14828992,62040462,2014-08-22,PRO
14828995,PCT/JP2013/057658,2013-03-18,CON
14828997,13881065,2013-04-23,CON
14828997,PCT/US2011/058259,2011-10-28,NST
14829001,62038592,2014-08-18,PRO
14829003,61308007,2010-02-25,PRO
14829003,12954243,2010-11-24,CON
14829004,11622205,2007-01-11,DIV
14829004,12363114,2009-01-30,DIV
14829004,12941587,2010-11-08,DIV
14829004,13408911,2012-02-29,DIV
14829004,13953865,2013-07-30,DIV
14829004,14548739,2014-11-20,DIV
14829006,14086442,2013-11-21,CIP
14829006,14603636,2015-01-23,CIP
14829007,61532216,2011-09-08,PRO
14829007,61639951,2012-04-29,PRO
14829007,13607051,2012-09-07,CON
14829009,13671357,2012-11-07,CON
14829013,12995068,2011-01-26,CON
14829013,PCT/IL2009/000533,2009-05-27,NST
14829014,62038479,2014-08-18,PRO
14829015,62038547,2014-08-18,PRO
14829020,62038615,2014-08-18,PRO
14829023,61941899,2014-02-19,PRO
14829023,62051944,2014-09-17,PRO
14829023,14589841,2015-01-05,CIP
14829024,14201711,2014-03-07,CON
14829026,13950904,2013-07-25,DIV
14829026,PCT/JP2013/063261,2013-05-13,CIP
14829031,62039734,2014-08-20,PRO
14829034,14107407,2013-12-16,CON
14829035,PCT/JP2013/080077,2013-11-07,CON
14829036,60288967,2001-05-04,PRO
14829036,09910412,2001-07-21,CON
14829036,60316820,2001-08-30,PRO
14829036,60363420,2002-03-12,PRO
14829036,60385361,2002-06-03,PRO
14829036,10230687,2002-08-29,CON
14829036,10322834,2002-12-18,CIP
14829036,10778505,2004-02-13,CIP
14829036,10889975,2004-07-12,CON
14829036,13027030,2011-02-14,CIP
14829036,13027030,2011-02-14,CON
14829036,14082544,2013-11-18,CON
14829037,11463953,2006-08-11,CIP
14829037,11463962,2006-08-11,CIP
14829037,11463975,2006-08-11,CIP
14829037,11463990,2006-08-11,CIP
14829037,11463998,2006-08-11,CIP
14829037,11464008,2006-08-11,CIP
14829037,11686831,2007-03-15,CIP
14829037,11695672,2007-04-03,CIP
14829037,11742261,2007-04-30,CON
14829037,11742304,2007-04-30,CIP
14829037,11766865,2007-06-22,CON
14829037,11766903,2007-06-22,CIP
14829037,11766975,2007-06-22,CIP
14829037,11773271,2007-07-03,CIP
14829037,11774227,2007-07-06,CIP
14829037,11829577,2007-07-27,CON
14829037,14101972,2013-12-10,CON
14829039,62040056,2014-08-21,PRO
14829040,61568199,2011-12-08,PRO
14829040,13470390,2012-05-14,CON
14829040,14186550,2014-02-21,CON
14829042,61013921,2007-12-14,PRO
14829042,12334400,2008-12-12,CON
14829042,14137698,2013-12-20,CON
14829043,62038677,2014-08-18,PRO
14829045,62038708,2014-08-18,PRO
14829046,62038498,2014-08-18,PRO
14829047,62040049,2014-08-21,PRO
14829051,13952454,2013-07-26,CON
14829051,14455075,2014-08-08,CON
14829051,PCT/US2013/047182,2013-06-21,CIP
14829054,61599677,2012-02-16,PRO
14829054,13764105,2013-02-11,CON
14829056,13386497,2012-05-02,CON
14829056,PCT/US2010/043558,2010-07-28,NST
14829057,12674546,2010-03-31,DIV
14829057,13916699,2013-06-13,DIV
14829057,PCT/US2008/073964,2008-08-22,NST
14829061,14192077,2014-02-27,CON
14829063,13188413,2011-07-21,CON
14829063,14504178,2014-10-01,CON
14829066,10574130,2006-12-18,CON
14829066,13998602,2013-11-15,CON
14829066,PCT/GB04/04432,2004-10-20,NST
14829069,12826034,2010-06-29,CON
14829072,13705101,2012-12-04,CON
14829076,13550310,2012-07-16,CON
14829077,13810638,2013-04-30,CON
14829077,PCT/US2011/045069,2011-07-22,NST
14829078,62038497,2014-08-18,PRO
14829079,61280131,2009-10-31,PRO
14829079,12917447,2010-11-01,CON
14829079,14197698,2014-03-05,CON
14829082,62038763,2014-08-18,PRO
14829083,PCT/JP2014/053812,2014-02-18,CON
14829086,60403266,2002-08-14,PRO
14829086,PCT/US03/25399,2003-08-14,NST
14829086,10643857,2003-08-14,CIP
14829086,10524134,2005-02-11,CIP
14829086,12167784,2008-07-03,CON
14829089,14414757,2015-01-14,DIV
14829089,PCT/JP2012/072137,2012-08-31,NST
14829091,10049908,2002-02-20,CON
14829091,12416469,2009-04-01,CON
14829091,13351670,2012-01-17,CON
14829091,14311714,2014-06-23,CON
14829091,PCT/CH00/00053,2000-02-01,NST
14829092,13577830,2012-08-08,CON
14829092,14521205,2014-10-22,CON
14829092,PCT/KR2011/000070,2011-01-06,NST
14829097,09524371,2000-03-13,CIP
14829097,10940989,2004-09-15,CON
14829097,11702229,2007-02-05,CON
14829097,13494323,2012-06-12,CON
14829098,13531310,2012-06-22,CON
14829102,60888681,2007-02-07,PRO
14829102,12027791,2008-02-07,CON
14829102,13937516,2013-07-09,CON
14829104,PCT/CN2013/071663,2013-02-19,CON
14829106,61444989,2011-02-21,PRO
14829106,13399775,2012-02-17,CON
14829108,62038733,2014-08-18,PRO
14829112,12669350,2010-06-07,CON
14829112,14306995,2014-06-17,CON
14829112,PCT/US2008/008603,2008-07-15,NST
14829114,12622000,2009-11-19,CON
14829114,13295562,2011-11-14,CON
14829116,60548308,2004-02-27,PRO
14829116,11065671,2005-02-24,CON
14829116,13462946,2012-05-03,CON
14829116,13896380,2013-05-17,CON
14829118,12841989,2010-07-22,CON
14829119,60403266,2002-08-14,PRO
14829119,PCT/US03/25399,2003-08-14,NST
14829119,10643857,2003-08-14,CIP
14829119,10524134,2005-02-11,CIP
14829119,12167784,2008-07-03,CON
14829120,13077510,2011-03-31,CON
14829121,61359635,2010-06-29,PRO
14829121,13169458,2011-06-27,DIV
14829122,60920766,2007-03-29,PRO
14829122,12079737,2008-03-28,CIP
14829122,13585521,2012-08-14,CIP
14829124,60639054,2004-12-23,PRO
14829124,60641470,2005-01-05,PRO
14829124,11224909,2005-09-13,CIP
14829124,60728168,2005-10-19,PRO
14829124,11551222,2006-10-19,CIP
14829124,12321484,2009-01-21,CON
14829124,14095771,2013-12-03,CON
14829124,14828062,2015-08-17,CON
14829127,61500598,2011-06-23,PRO
14829127,13530113,2012-06-22,DIV
14829127,13943776,2013-07-16,CON
14829127,14195812,2014-03-03,CIP
14829127,62172525,2015-06-08,PRO
14829131,13698359,2012-11-16,CON
14829131,14310423,2014-06-20,CON
14829131,PCT/JP2011/059808,2011-04-21,NST
14829135,61444069,2011-02-17,PRO
14829135,13396513,2012-02-14,DIV
14829139,12771458,2010-04-30,CON
14829139,14090032,2013-11-26,CON
14829139,PCT/CN2008/072555,2008-09-26,CON
14829141,62039133,2014-08-19,PRO
14829143,62038717,2014-08-18,PRO
14829143,62038720,2014-08-18,PRO
14829143,62038724,2014-08-18,PRO
14829143,62038725,2014-08-18,PRO
14829151,62039161,2014-08-19,PRO
14829152,12445069,2009-12-21,CON
14829152,14046859,2013-10-04,CON
14829152,14536354,2014-11-07,CON
14829152,PCT/US2007/018687,2007-08-24,NST
14829154,13955616,2013-07-31,DIV
14829156,60639054,2004-12-23,PRO
14829156,60641470,2005-01-05,PRO
14829156,11224909,2005-09-13,CIP
14829156,60728168,2005-10-19,PRO
14829156,11551222,2006-10-19,CIP
14829156,12321484,2009-01-21,CON
14829156,14095771,2013-12-03,CON
14829156,14828062,2015-08-17,CON
14829157,62038917,2014-08-19,PRO
14829158,62038753,2014-08-18,PRO
14829164,12958661,2010-12-02,CON
14829165,62038535,2014-08-18,PRO
14829168,62038637,2014-08-18,PRO
14829169,13702252,2013-02-20,DIV
14829169,PCT/EP2011/005231,2011-10-18,NST
14829170,11630176,,CON
14829170,12244170,2008-10-02,DIV
14829170,13347832,2012-01-11,DIV
14829170,13936486,2013-07-08,DIV
14829170,14659045,2015-03-16,DIV
14829170,PCT/EP05/53122,2005-07-01,NST
14829173,62038408,2014-08-18,PRO
14829174,61892118,2013-10-17,PRO
14829174,62039730,2014-08-20,PRO
14829174,14517594,2014-10-17,DIV
14829177,62038645,2014-08-18,PRO
14829178,62038701,2014-08-18,PRO
14829181,62038588,2014-08-18,PRO
14829183,13847011,2013-03-19,CON
14829183,14638755,2015-03-04,DIV
14829186,62038614,2014-08-18,PRO
14829189,PCT/EP2014/053064,2014-02-18,CON
14829190,13717774,2012-12-18,CON
14829190,14597475,2015-01-15,CON
14829194,13496863,2012-03-16,CON
14829194,PCT/KR2010/006343,2010-09-16,NST
14829195,14462217,2014-08-18,CIP
14829197,14148305,2014-01-06,CON
14829200,61057684,2008-05-30,PRO
14829200,12475920,2009-06-01,DIV
14829201,13486754,2012-06-01,CON
14829202,62038814,2014-08-18,PRO
14829202,PCT/US15/45063,2015-08-13,CON
14829207,PCT/JP2013/001003,2013-02-21,CON
14829213,12622000,2009-11-19,DIV
14829213,12710561,2010-02-23,CON
14829213,13295562,2011-11-14,CON
14829213,13534281,2012-06-27,CON
14829213,14604204,2015-01-23,CIP
14829216,13548078,2012-07-12,CON
14829222,14345042,2014-10-15,CON
14829222,PCT/US2012/055181,2012-09-13,NST
14829224,PCT/NL2014/050101,2014-02-19,CON
14829225,12479313,2009-06-05,CON
14829227,62039609,2014-08-20,PRO
14829229,13521993,2012-07-12,DIV
14829229,PCT/US2011/061478,2011-11-18,NST
14829231,62039062,2014-08-19,PRO
14829231,62048500,2014-09-10,PRO
14829232,62040740,2014-08-22,PRO
14829233,62008112,2014-06-05,PRO
14829233,14662012,2015-03-18,CON
14829234,13822584,2013-04-04,CIP
14829234,PCT/US2011/000060,2011-06-20,NST
14829235,62038418,2014-08-18,PRO
14829236,10899491,2004-07-26,CON
14829236,14324680,2014-07-07,CON
14829237,61592320,2012-01-30,PRO
14829237,61698410,2012-09-07,PRO
14829237,61737729,2012-12-14,PRO
14829237,61737731,2012-12-14,PRO
14829237,13753453,2013-01-29,CIP
14829237,13964895,2013-08-12,CIP
14829237,62039260,2014-08-19,PRO
14829238,61406472,2010-10-25,PRO
14829238,13281295,2011-10-25,DIV
14829239,13679198,2012-11-16,DIV
14829242,PCT/JP2014/000804,2014-02-17,CON
14829243,61672062,2012-07-16,PRO
14829243,13571272,2012-08-09,CON
14829244,62038605,2014-08-18,PRO
14829245,12016990,2008-01-18,CON
14829245,13218351,2011-08-25,CON
14829245,13938094,2013-07-09,CON
14829245,14321464,2014-07-01,CON
14829246,61669224,2012-07-09,PRO
14829246,13936718,2013-07-08,CON
14829249,62040649,2014-08-22,PRO
14829250,12332788,2008-12-11,CON
14829250,13665803,2012-10-31,CON
14829250,14492940,2014-09-22,CON
14829251,61372247,2010-08-10,PRO
14829251,13205170,2011-08-08,CON
14829253,60640965,2004-12-30,PRO
14829253,11323031,2005-12-30,DIV
14829253,12870076,2010-08-27,DIV
14829253,12980510,2010-12-29,CON
14829253,13340080,2011-12-29,CON
14829253,13353542,2012-01-19,CON
14829253,13629018,2012-09-27,CON
14829253,13717636,2012-12-17,CON
14829253,14495454,2014-09-24,CON
14829254,62038315,2014-08-17,PRO
14829255,PCT/CN2013/087551,2013-11-21,CON
14829256,12995175,2010-11-29,CON
14829256,PCT/US2009/045687,2009-05-29,NST
14829258,12643414,2009-12-21,CON
14829258,14300867,2014-06-10,CON
14829259,62038435,2014-08-18,PRO
14829262,13148544,2011-11-14,CON
14829262,PCT/CN2009/074422,2009-10-13,NST
14829264,61807327,2013-04-02,PRO
14829264,61891162,2013-10-15,PRO
14829264,14056687,2013-10-17,CIP
14829264,14459014,2014-08-13,CIP
14829264,62038604,2014-08-18,PRO
14829264,62069067,2014-10-27,PRO
14829266,62038764,2014-08-18,PRO
14829269,61807327,2013-04-02,PRO
14829269,61891162,2013-10-15,PRO
14829269,14056687,2013-10-17,CIP
14829269,14459014,2014-08-13,CIP
14829269,62038604,2014-08-18,PRO
14829269,62069067,2014-10-27,PRO
14829272,62038711,2014-08-18,PRO
14829272,62118353,2015-02-19,PRO
14829276,13948806,2013-07-23,CON
14829279,62040829,2014-08-22,PRO
14829279,62079521,2014-11-13,PRO
14829285,09647599,2000-10-03,CON
14829285,12801825,2010-06-28,DIV
14829285,13612439,2012-09-12,CON
14829285,14096825,2013-12-04,CON
14829285,PCT/GB99/01185,1999-04-16,NST
14829286,61061209,2008-06-13,PRO
14829286,12483875,2009-06-12,CON
14829287,62038706,2014-08-18,PRO
14829289,62038682,2014-08-18,PRO
14829291,14685171,2015-04-13,CIP
14829293,13938776,2013-07-10,DIV
14829294,14026713,2013-09-13,CON
14829294,PCT/JP2011/073852,2011-10-17,CON
14829297,61714206,2012-10-15,PRO
14829297,61764122,2013-02-13,PRO
14829297,14054618,2013-10-15,DIV
14829299,61356167,2010-06-18,PRO
14829299,13163280,2011-06-17,DIV
14829299,14166308,2014-01-28,DIV
14829301,61274372,2009-08-17,PRO
14829301,61342154,2010-04-12,PRO
14829301,12855760,2010-08-13,DIV
14829302,62038546,2014-08-18,PRO
14829303,61236263,2009-08-24,PRO
14829303,12857068,2010-08-16,CON
14829306,14133028,2013-12-18,CON
14829308,62038543,2014-08-18,PRO
14829309,PCT/FR2014/050360,2014-02-21,CON
14829312,61382231,2010-09-13,PRO
14829312,PCT/US11/51385,2011-09-13,CIP
14829312,13802142,2013-03-13,DIV
14829316,PCT/EP2014/000381,2014-02-12,CON
14829317,PCT/JP2014/050171,2014-01-08,CON
14829319,13779027,2013-02-27,CIP
14829319,14486838,2014-09-15,CON
14829320,13411134,2012-03-02,CON
14829320,14307185,2014-06-17,DIV
14829320,PCT/JP2010/059968,2010-06-11,CON
14829321,10406433,2003-04-03,CON
14829321,11609194,2006-12-11,CON
14829324,12602611,2010-03-25,CON
14829324,PCT/GB2008/050415,2008-06-05,NST
14829325,12915994,2010-10-29,CON
14829325,14272074,2014-05-07,CON
14829327,62100028,2015-01-05,PRO
14829327,62112159,2015-02-04,PRO
14829327,62132507,2015-03-13,PRO
14829327,62137282,2015-03-24,PRO
14829327,62144328,2015-04-07,PRO
14829327,62145450,2015-04-09,PRO
14829327,62151394,2015-04-22,PRO
14829327,62171209,2015-06-04,PRO
14829327,62172110,2015-06-07,PRO
14829327,PCT/US2014/039990,2014-05-29,CIP
14829332,62014521,2014-06-19,PRO
14829334,61587602,2012-01-17,PRO
14829334,13744199,2013-01-17,CON
14829334,14225278,2014-03-25,CON
14829337,61243562,2009-09-18,PRO
14829337,61358690,2010-06-25,PRO
14829337,12884804,2010-09-17,CON
14829337,14094526,2013-12-02,CON
14829346,60887218,2007-01-30,PRO
14829346,12023019,2008-01-30,CON
14829346,13972081,2013-08-21,CON
14829349,10037266,2002-01-04,CIP
14829349,10887688,2004-07-10,CON
14829349,10887688,2004-07-10,DIV
14829349,12228192,2008-08-08,CON
14829349,13367252,2012-02-06,CON
14829350,62038772,2014-08-18,PRO
14829352,61488894,2011-05-23,PRO
14829352,61488902,2011-05-23,PRO
14829352,13479011,2012-05-23,CIP
14829354,61521408,2011-08-09,PRO
14829354,61523846,2011-08-16,PRO
14829354,13568288,2012-08-07,DIV
14829354,13915785,2013-06-12,CIP
14829354,14255377,2014-04-17,CIP
14829354,62039096,2014-08-19,PRO
14829364,62038540,2014-08-18,PRO
14829366,12033079,2008-02-19,DIV
14829371,62040168,2014-08-21,PRO
14829372,62038772,2014-08-18,PRO
14829375,61879211,2013-09-18,PRO
14829375,61910067,2013-11-28,PRO
14829375,14452800,2014-08-06,CIP
14829375,62041053,2014-08-23,PRO
14829378,61943986,2014-02-24,PRO
14829378,14754492,2015-06-29,CIP
14829378,PCT/US2015/017131,2015-02-23,CIP
14829379,13703866,2012-12-12,DIV
14829379,PCT/US2010/062280,2010-12-28,NST
14829384,61395205,2010-05-10,PRO
14829384,13104393,2011-05-10,CON
14829384,14258776,2014-04-22,CON
14829385,12771985,2010-04-30,CON
14829388,14315306,2014-06-25,CON
14829393,62038772,2014-08-18,PRO
14829394,13947720,2013-07-22,CIP
14829394,14304019,2014-06-13,CON
14829397,10933504,2004-09-03,CON
14829397,12640908,2009-12-17,CON
14829397,13715017,2012-12-14,CON
14829397,14016091,2013-08-31,CON
14829397,14153017,2014-01-11,CON
14829397,14622753,2015-02-13,CON
14829401,14123475,2013-12-02,CON
14829401,PCT/KR2012/005972,2012-07-26,NST
14829402,13336961,2011-12-23,CON
14829403,62040081,2014-08-21,PRO
14829404,13687304,2012-11-28,CIP
14829404,14453326,2014-08-06,CIP
14829404,14480051,2014-09-08,CIP
14829404,62153480,2015-04-27,PRO
14829405,62038772,2014-08-18,PRO
14829407,62038433,2014-08-18,PRO
14829408,10806201,2004-03-22,DIV
14829408,13840453,2013-03-15,CON
14829410,13682781,2012-11-21,DIV
14829412,PCT/CN2013/071642,2013-02-18,CON
14829413,61315011,2010-03-18,PRO
14829413,PCT/US11/28816,2011-03-17,NST
14829413,13266009,2011-10-24,CON
14829416,60827871,2006-10-02,PRO
14829416,11849036,2007-08-31,CON
14829416,13554864,2012-07-20,CON
14829416,14252614,2014-04-14,CON
14829420,62038553,2014-08-18,PRO
14829421,61497814,2011-06-16,PRO
14829421,13526288,2012-06-18,CON
14829421,14286768,2014-05-23,CON
14829421,14530536,2014-10-31,CON
14829422,14065242,2013-10-28,DIV
14829423,61539884,2011-09-27,PRO
14829423,13629030,2012-09-27,CON
14829424,62039194,2014-08-19,PRO
14829433,62038620,2014-08-18,PRO
14829434,62038627,2014-08-18,PRO
14829434,62134452,2015-03-17,PRO
14829434,62191106,2015-07-10,PRO
14829436,61315011,2010-03-18,PRO
14829436,PCT/US11/28816,2011-03-17,NST
14829436,13266009,2011-10-24,CON
14829437,12277922,2008-11-25,CON
14829438,13635406,2012-09-15,DIV
14829439,62040081,2014-08-21,PRO
14829441,62038713,2014-08-18,PRO
14829443,13813394,2013-03-27,DIV
14829443,PCT/US2011/046474,2011-08-03,NST
14829447,14449804,2014-08-01,CON
14829448,61013179,2007-12-12,PRO
14829448,12316385,2008-12-11,CON
14829448,13299402,2011-11-18,CON
14829448,13676836,2012-11-14,CON
14829454,12298968,2009-07-01,CON
14829454,PCT/CN2007/001214,2007-04-13,NST
14829456,13473343,2012-05-16,CON
14829458,62039356,2014-08-19,PRO
14829460,PCT/CN2013/071647,2013-02-18,CON
14829461,13081237,2011-04-06,CON
14829461,13801022,2013-03-13,CON
14829462,62038633,2014-08-18,PRO
14829465,62040081,2014-08-21,PRO
14829466,09229897,1999-01-14,CON
14829466,09985673,2001-11-05,CON
14829466,12977623,2010-12-23,DIV
14829466,13527011,2012-06-19,CON
14829466,13796788,2013-03-12,CON
14829466,13943293,2013-07-16,CON
14829466,14487818,2014-09-16,CON
14829467,14111561,2013-10-13,DIV
14829468,61498499,2011-06-17,PRO
14829468,61569046,2011-12-09,PRO
14829468,13404903,2012-02-24,CON
14829468,13531923,2012-06-25,CON
14829468,13587120,2012-08-16,CON
14829468,13754775,2013-01-30,CON
14829468,14100469,2013-12-09,CON
14829468,14676516,2015-04-01,CON
14829469,61922631,2013-12-31,PRO
14829469,62025463,2014-07-16,PRO
14829469,14444775,2014-07-28,CON
14829469,14627923,2015-02-20,CON
14829470,61539041,2011-09-26,PRO
14829470,13596585,2012-08-28,CON
14829471,61506144,2011-07-10,PRO
14829471,13543102,2012-07-06,CON
14829472,62040282,2014-08-21,PRO
14829473,61505951,2011-07-08,PRO
14829473,13544497,2012-07-09,CON
14829473,14477614,2014-09-04,CON
14829473,14555261,2014-11-26,CON
14829474,61815210,2013-04-23,PRO
14829474,14259866,2014-04-23,CON
14829476,62038800,2014-08-18,PRO
14829479,60659767,2005-03-07,PRO
14829479,11371196,2006-03-07,CON
14829481,62038587,2014-08-18,PRO
14829485,13681832,2012-11-20,CON
14829487,14089199,2013-11-25,DIV
14829490,62039579,2014-08-20,PRO
14829492,62038799,2014-08-18,PRO
14829493,12934753,2010-12-14,CON
14829493,14513814,2014-10-14,CON
14829493,PCT/EP2009/053598,2009-03-26,NST
14829494,62038652,2014-08-18,PRO
14829494,62130329,2015-03-09,PRO
14829498,11579204,2006-10-31,CON
14829498,PCT/US2005/013800,2005-04-21,NST
14829500,62039566,2014-08-20,PRO
14829501,14091808,2013-11-27,DIV
14829507,60611300,2004-09-21,PRO
14829507,60676934,2005-05-03,PRO
14829507,11230726,2005-09-21,DIV
14829507,12551277,2009-08-31,CON
14829507,13293947,2011-11-10,CON
14829507,14186940,2014-02-21,DIV
14829514,61596134,2012-02-07,PRO
14829514,13761117,2013-02-06,CON
14829518,62038521,2014-08-18,PRO
14829520,61676430,2012-07-27,PRO
14829520,13952488,2013-07-26,CON
14829521,PCT/US2014/017005,2014-02-18,CON
14829527,12300197,2010-05-18,DIV
14829527,14087643,2013-11-22,CON
14829527,PCT/US2007/011269,2007-05-11,NST
14829528,PCT/EP2014/053266,2014-02-19,CON
14829541,13985530,2013-10-24,CON
14829541,PCT/GB2012/050323,2012-02-14,NST
14829542,09427249,1999-10-26,CIP
14829542,09975171,2001-10-10,CIP
14829542,10037827,2002-01-03,CIP
14829542,10040568,2002-01-04,CON
14829542,10855666,2004-05-26,CIP
14829542,11284535,2005-11-21,CON
14829542,13916234,2013-06-12,CON
14829544,62040922,2014-08-22,PRO
14829545,62038710,2014-08-18,PRO
14829546,62040154,2014-08-21,PRO
14829547,61860445,2013-07-31,PRO
14829547,14449030,2014-07-31,CON
14829551,62038525,2014-08-18,PRO
14829554,12151303,2008-05-05,CIP
14829554,13356647,2012-01-24,CON
14829558,10882506,2004-06-30,CIP
14829558,11090507,2005-03-24,CIP
14829558,12838329,2010-07-16,DIV
14829558,14192705,2014-02-27,DIV
14829559,12046426,2008-03-11,CON
14829559,13858831,2013-04-08,CON
14829561,62040154,2014-08-21,PRO
14829566,13770909,2013-02-19,DIV
14829566,14330861,2014-07-14,CON
14829572,13244946,2011-09-26,CIP
14829572,13244949,2011-09-26,CIP
14829572,13244947,2011-09-26,CIP
14829572,13244950,2011-09-26,CIP
14829572,13244952,2011-09-26,CIP
14829572,13244953,2011-09-26,CIP
14829572,13244954,2011-09-26,CIP
14829572,13244956,2011-09-26,CIP
14829572,13769779,2013-02-18,CIP
14829572,61766113,2013-02-18,PRO
14829572,61766119,2013-02-18,PRO
14829572,13769820,2013-02-18,CIP
14829572,14183500,2014-02-18,CON
14829572,14183503,2014-02-18,CON
14829572,14789930,2015-07-01,CON
14829572,PCT/US2011/053188,2011-09-25,CIP
14829572,PCT/US2011/053189,2011-09-25,CIP
14829572,PCT/US2012/057155,2012-09-25,CIP
14829574,62039307,2014-08-19,PRO
14829576,PCT/JP2014/000831,2014-02-18,CON
14829578,62039166,2014-08-19,PRO
14829582,62039310,2014-08-19,PRO
14829584,61549523,2011-10-20,PRO
14829584,13446489,2012-04-13,DIV
14829584,13932076,2013-07-01,DIV
14829587,14145005,2013-12-31,CON
14829588,62039239,2014-08-19,PRO
14829590,11893085,2007-08-13,CON
14829592,62041561,2014-08-25,PRO
14829593,61029042,2008-02-15,PRO
14829593,12372561,2009-02-17,DIV
14829593,13438435,2012-04-03,CON
14829597,12739424,2010-08-10,CIP
14829597,12821468,2010-06-23,CON
14829597,13952651,2013-07-28,CON
14829597,PCT/NZ2008/000275,2008-10-23,NST
14829601,PCT/JP2013/000918,2013-02-19,CON
14829607,61379228,2010-09-01,PRO
14829607,13223228,2011-08-31,CIP
14829607,61590330,2012-01-24,PRO
14829607,13656652,2012-10-19,CIP
14829607,13730824,2012-12-28,CON
14829607,13747336,2013-01-22,CIP
14829607,13783289,2013-03-02,CON
14829607,62059139,2014-10-02,PRO
14829607,14709410,2015-05-11,CIP
14829607,14720931,2015-05-25,CIP
14829611,60890161,2007-02-15,PRO
14829611,12031660,2008-02-14,CON
14829613,61800014,2013-03-15,PRO
14829613,61917943,2013-12-19,PRO
14829613,14218355,2014-03-18,CIP
14829613,62038386,2014-08-18,PRO
14829613,62061664,2014-10-08,PRO
14829613,62120792,2015-02-25,PRO
14829613,62126011,2015-02-27,PRO
14829613,62204940,2015-08-13,PRO
14829618,13374508,2011-12-30,DIV
14829618,13998715,2013-11-26,CON
14829622,13056974,2011-01-31,CIP
14829622,13549394,2012-07-13,CON
14829623,61800014,2013-03-15,PRO
14829623,61917943,2013-12-19,PRO
14829623,14218355,2014-03-18,CIP
14829623,62038386,2014-08-18,PRO
14829623,62061664,2014-10-08,PRO
14829623,62120792,2015-02-25,PRO
14829623,62126011,2015-02-27,PRO
14829623,62204940,2015-08-13,PRO
14829630,60935311,2007-08-06,PRO
14829630,12222277,2008-08-06,CON
14829630,13080086,2011-04-05,CON
14829632,61800014,2013-03-15,PRO
14829632,61917943,2013-12-19,PRO
14829632,14218355,2014-03-18,CIP
14829632,62038386,2014-08-18,PRO
14829632,62061664,2014-10-08,PRO
14829632,62120792,2015-02-25,PRO
14829632,62126011,2015-02-27,PRO
14829632,62204940,2015-08-13,PRO
14829633,61800014,2013-03-15,PRO
14829633,61917943,2013-12-19,PRO
14829633,14218355,2014-03-18,CIP
14829633,62038386,2014-08-18,PRO
14829633,62061664,2014-10-08,PRO
14829633,62120792,2015-02-25,PRO
14829633,62126011,2015-02-27,PRO
14829633,62204940,2015-08-13,PRO
14829639,13930672,2013-06-28,CON
14829646,13742649,2013-01-16,CON
14829650,62040499,2014-08-22,PRO
14829660,62038863,2014-08-19,PRO
14829661,61760705,2013-02-05,PRO
14829661,14173300,2014-02-05,CON
14829665,PCT/IB2014/065215,2014-10-10,CON
14829668,62038883,2014-08-19,PRO
14829675,60909658,2007-04-02,PRO
14829675,12058484,2008-03-28,CON
14829675,14530766,2014-11-02,CON
14829677,62038836,2014-08-19,PRO
14829684,13935138,2013-07-03,CIP
14829685,10942630,2004-09-16,CON
14829685,11899349,2007-09-05,CON
14829685,14248696,2014-04-09,CIP
14829686,13602718,2012-09-04,CON
14829688,13849503,2013-03-23,CIP
14829689,13819091,2013-02-26,CON
14829689,14327660,2014-07-10,CON
14829689,PCT/US2011/048906,2011-08-24,NST
14829698,13578931,2012-08-14,DIV
14829698,PCT/EP2010/007887,2010-12-22,NST
14829701,13872107,2013-04-27,CON
14829702,12857755,2010-08-17,DIV
14829702,13971964,2013-08-21,CON
14829703,13798658,2013-03-13,CON
14829705,14017623,2013-09-04,CON
14829707,62039589,2014-08-20,PRO
14829711,60653283,2005-02-14,PRO
14829711,60694867,2005-06-29,PRO
14829711,60716761,2005-09-13,PRO
14829711,11353451,2006-02-14,CON
14829711,12404162,2009-03-13,DIV
14829711,12986707,2011-01-07,DIV
14829716,62041173,2014-08-25,PRO
14829719,13878221,2013-04-07,CON
14829719,PCT/IL2011/000619,2011-07-31,NST
14829720,14493877,2014-09-23,CON
14829725,62039506,2014-08-20,PRO
14829727,13736109,2013-01-08,CIP
14829730,61674976,2012-07-24,PRO
14829730,13947256,2013-07-22,DIV
14829733,PCT/JP2014/000791,2014-02-17,CON
14829734,61871569,2013-08-29,PRO
14829734,61890906,2013-10-15,PRO
14829734,14101939,2013-12-10,CIP
14829734,14263353,2014-04-28,CIP
14829734,14465337,2014-08-21,CIP
14829735,14495919,2014-09-25,CIP
14829737,61317935,2010-03-26,PRO
14829737,61389887,2010-10-05,PRO
14829737,13072924,2011-03-28,DIV
14829738,13595070,2012-08-27,DIV
14829742,62039595,2014-08-20,PRO
14829750,61867209,2013-08-19,PRO
14829750,14060943,2013-10-23,CON
14829753,62039969,2014-08-21,PRO
14829755,PCT/JP2014/000796,2014-02-17,CON
14829757,62039173,2014-08-19,PRO
14829759,13358689,2012-01-26,CIP
14829759,14080927,2013-11-15,CIP
14829770,14193275,2014-02-28,CON
14829772,13957160,2013-08-01,CON
14829773,14317391,2014-06-27,CON
14829777,13352464,2012-01-18,CON
14829777,14252313,2014-04-14,CON
14829786,14194951,2014-03-03,CON
14829787,11123359,2005-05-06,CIP
14829787,12151198,2008-05-05,CIP
14829787,13566357,2012-08-03,CON
14829790,13596199,2012-08-28,CON
14829790,14159898,2014-01-21,CON
14829791,12169595,2008-07-08,DIV
14829797,14219067,2014-03-19,DIV
14829808,PCT/JP2014/077465,2014-10-15,CON
14829810,13158797,2011-06-13,DIV
14829812,12206615,2008-09-08,CIP
14829813,PCT/JP2014/059672,2014-04-01,CON
14829815,60979169,2007-10-11,PRO
14829815,60990381,2007-11-27,PRO
14829815,12122201,2008-05-16,DIV
14829816,PCT/JP2015/000275,2015-01-22,CON
14829817,PCT/CN2014/079660,2014-06-11,CON
14829818,13591065,2012-08-21,DIV
14829819,61864104,2013-08-09,PRO
14829819,14315872,2014-06-26,CON
14829822,12936643,2010-11-30,CON
14829822,PCT/US2009/050067,2009-07-09,NST
14829826,14053911,2013-10-15,CON
14829827,62039665,2014-08-20,PRO
14829828,13296462,2011-11-15,CIP
14829828,13837455,2013-03-15,CON
14829834,62039416,2014-08-19,PRO
14829835,61740076,2012-12-20,PRO
14829835,61740087,2012-12-20,PRO
14829835,61740106,2012-12-20,PRO
14829835,61740119,2012-12-20,PRO
14829835,61740127,2012-12-20,PRO
14829835,14107067,2013-12-16,CON
14829842,61818650,2013-05-02,PRO
14829842,14265458,2014-04-30,CON
14829842,14549871,2014-11-21,CON
14829844,61575541,2011-08-24,PRO
14829844,13199919,2011-09-14,CIP
14829844,14017523,2013-09-04,CON
14829848,13378369,2012-01-26,DIV
14829848,PCT/FR2010/051182,2010-06-14,NST
14829849,14283975,2014-05-21,DIV
14829855,62040378,2014-08-21,PRO
14829859,13811285,2013-01-21,CON
14829859,PCT/JP2011/004676,2011-08-23,NST
14829861,14083544,2013-11-19,DIV
14829862,62038916,2014-08-19,PRO
14829864,10493424,2004-04-22,CON
14829864,11987164,2007-11-28,CON
14829864,13067282,2011-05-20,CON
14829864,13923671,2013-06-21,CON
14829864,PCT/EP02/11798,2002-10-22,NST
14829867,61928847,2014-01-17,PRO
14829867,14329318,2014-07-11,CON
14829868,14465094,2014-08-21,CIP
14829871,13734629,2013-01-04,CON
14829872,62040456,2014-08-22,PRO
14829873,62039212,2014-08-19,PRO
14829875,13828605,2013-03-14,CON
14829876,61366057,2010-07-20,PRO
14829876,13187453,2011-07-20,CON
14829876,14083952,2013-11-19,CON
14829879,13796833,2013-03-12,CON
14829882,62039000,2014-08-19,PRO
14829884,12148448,2008-04-18,CIP
14829884,13790091,2013-03-08,CON
14829887,62039020,2014-08-19,PRO
14829895,61548430,2011-10-18,PRO
14829895,13466611,2012-05-08,CON
14829900,62039118,2014-08-19,PRO
14829905,14409781,2015-03-23,CON
14829905,PCT/CN2013/074657,2013-04-24,NST
14829909,14410379,,CON
14829909,PCT/CN2014/087887,2014-09-30,NST
14829915,61606212,2012-03-02,PRO
14829915,13779360,2013-02-27,CIP
14829915,62041018,2014-08-22,PRO
14829919,13943203,2013-07-16,CON
14829922,13079383,2011-04-04,DIV
14829926,61243833,2009-09-18,PRO
14829926,12885144,2010-09-17,CON
14829932,62039641,2014-08-20,PRO
14829933,PCT/US2014/048004,2014-07-24,CON
14829936,12233157,2008-09-18,DIV
14829936,13227220,2011-09-07,CON
14829936,14086399,2013-11-21,CON
14829938,60912577,2007-04-18,PRO
14829938,11843216,2007-08-22,CON
14829938,13100876,2011-05-04,CON
14829938,14066263,2013-10-29,CON
14829940,PCT/JP2014/054267,2014-02-24,CON
14829941,PCT/EP2014/053227,2014-02-19,CON
14829943,60598186,2004-08-02,PRO
14829943,11047068,2005-01-31,CIP
14829943,12387166,2009-04-29,CIP
14829943,12510750,2009-07-28,CON
14829944,13991510,2013-06-04,CON
14829944,PCT/EP2011/072768,2011-12-14,NST
14829945,61651624,2012-05-25,PRO
14829945,13902437,2013-05-24,CON
14829948,13818858,2013-02-25,DIV
14829948,PCT/IB2011/053669,2011-08-22,NST
14829953,PCT/JP2013/007403,2013-12-17,CON
14829962,13142721,2011-06-29,CON
14829962,PCT/US2009/032375,2009-01-29,NST
14829963,62009539,2014-06-09,PRO
14829963,62172924,2015-06-09,PRO
14829963,14734601,2015-06-09,CIP
14829964,PCT/JP2014/054420,2014-02-25,CON
14829966,13460215,2012-04-30,DIV
14829969,62039019,2014-08-19,PRO
14829974,62039671,2014-08-20,PRO
14829975,PCT/JP2014/051985,2014-01-29,CON
14829981,13825822,2013-03-24,CON
14829981,PCT/US2011/052820,2011-09-22,NST
14829983,PCT/JP2014/054427,2014-02-25,CON
14829989,61680957,2012-08-08,PRO
14829989,13961675,2013-08-07,CON
14829990,PCT/EP2014/054333,2014-03-06,CON
14829992,13797691,2013-03-12,CON
14829993,60399386,2002-07-31,PRO
14829993,10630904,2003-07-31,CIP
14829993,60499957,2003-09-04,PRO
14829993,60511458,2003-10-15,PRO
14829993,60571141,2004-05-14,PRO
14829993,10867328,2004-06-13,CIP
14829993,10934597,2004-09-03,DIV
14829993,11543773,2006-10-06,DIV
14829993,12213109,2008-06-13,DIV
14829993,12659277,2010-03-02,CON
14829993,13412969,2012-03-06,CON
14829993,14169927,2014-01-31,CON
14829993,14317738,2014-06-27,CON
14829993,14663012,2015-03-19,CON
14829994,13911122,2013-06-06,CIP
14829995,13372872,2012-02-14,CIP
14829996,13851184,2013-03-27,CON
14829999,13265462,2011-11-15,DIV
14829999,PCT/US2010/031869,2010-04-21,NST
14830005,14349839,2014-04-04,CON
14830005,PCT/KR2012/008141,2012-10-09,NST
14830007,13810817,2013-01-17,CON
14830007,14656245,2015-03-12,CON
14830007,PCT/JP2011/003900,2011-07-07,NST
14830010,PCT/EP2014/053627,2014-02-25,CON
14830012,PCT/JP2013/059237,2013-03-28,CON
14830013,13334856,2011-12-22,CON
14830015,14232379,2014-01-13,CON
14830015,14564263,2014-12-09,CON
14830015,PCT/IB2012/053575,2012-07-12,NST
14830017,13352738,2012-01-18,CON
14830017,14489155,2014-09-17,CON
14830019,61687084,2012-04-18,PRO
14830019,13815737,2013-03-15,DIV
14830021,14298087,2014-06-06,CON
14830024,61729231,2012-11-21,PRO
14830024,61731487,2012-11-30,PRO
14830024,13798085,2013-03-13,CON
14830027,14150867,2014-01-09,CON
14830030,12769018,2010-04-28,CON
14830030,14055998,2013-10-17,CON
14830034,13903657,2013-05-28,DIV
14830051,13880859,2013-04-22,DIV
14830051,PCT/JP2010/072493,2010-12-14,NST
14830060,13302924,2011-11-22,CON
14830061,61907740,2013-11-22,PRO
14830061,14551873,2014-11-24,CON
14830062,61804794,2013-03-25,PRO
14830062,14220358,2014-03-20,CON
14830063,62039315,2014-08-19,PRO
14830066,62039134,2014-08-19,PRO
14830069,62039506,2014-08-20,PRO
14830070,PCT/JP2014/053460,2014-02-14,CON
14830071,62039106,2014-08-19,PRO
14830073,14318752,2014-06-30,CON
14830074,13063915,2011-06-23,CON
14830074,14508235,2014-10-07,CON
14830074,PCT/EP2009/061973,2009-09-15,NST
14830076,62039682,2014-08-20,PRO
14830077,12830079,2010-07-02,DIV
14830077,13517747,2012-06-14,CON
14830077,14263366,2014-04-28,CON
14830082,62040068,2014-08-21,PRO
14830086,60764004,2006-01-31,PRO
14830086,11409538,2006-04-21,CON
14830086,13480624,2012-05-25,CON
14830087,61778201,2013-03-12,PRO
14830087,14206501,2014-03-12,CON
14830090,62039243,2014-08-19,PRO
14830091,13892574,2013-05-13,DIV
14830092,12986004,2011-01-06,DIV
14830094,13503053,2012-04-20,CON
14830094,PCT/EP2011/059150,2011-06-01,NST
14830095,13754073,2013-01-30,DIV
14830098,61827280,2013-05-24,PRO
14830098,14277218,2014-05-14,CIP
14830102,61536990,2011-09-20,PRO
14830102,13622991,2012-09-19,CON
14830104,62041291,2014-08-25,PRO
14830105,PCT/JP2014/053721,2014-02-18,CON
14830106,14224149,2014-03-25,CON
14830107,61169330,2009-04-15,PRO
14830107,12758098,2010-04-12,CON
14830113,14454679,2014-08-07,CON
14830119,61313664,2010-03-12,PRO
14830119,12777106,2010-05-10,DIV
14830119,14078057,2013-11-12,CON
14830121,62040349,2014-08-21,PRO
14830123,61540946,2011-09-29,PRO
14830123,13630375,2012-09-28,CON
14830124,13409754,2012-03-01,CON
14830126,62040773,2014-08-22,PRO
14830127,PCT/JP2014/053828,2014-02-19,CON
14830128,14354302,2014-04-25,CIP
14830128,PCT/CN2012/001432,2012-10-25,NST
14830130,13391400,2012-02-29,CON
14830130,PCT/FR2010/051724,2010-08-17,NST
14830131,62039184,2014-08-19,PRO
14830139,PCT/EP2014/050922,2014-01-17,CON
14830145,14556350,2014-12-01,DIV
14830146,13281786,2011-10-26,CON
14830146,14670884,2015-03-27,CON
14830149,61640827,2012-05-01,PRO
14830149,13793672,2013-03-11,DIV
14830151,62039211,2014-08-19,PRO
14830152,62039050,2014-08-19,PRO
14830153,14369103,,CON
14830153,PCT/ES2011/070905,2011-12-26,NST
14830155,62040108,2014-08-21,PRO
14830156,13351286,2012-01-17,CON
14830156,14304597,2014-06-13,CON
14830157,PCT/JP2013/081012,2013-11-18,CON
14830161,62041351,2014-08-25,PRO
14830164,13897768,2013-05-20,DIV
14830167,62038843,2014-08-19,PRO
14830169,62039885,2014-08-20,PRO
14830170,13023987,2011-02-09,CIP
14830170,14039785,2013-09-27,DIV
14830179,10025059,2001-12-19,DIV
14830179,12144841,2008-06-24,CON
14830179,13586244,2012-08-15,CON
14830180,61422881,2010-12-14,PRO
14830180,13316239,2011-12-09,CON
14830182,14272771,2014-05-08,DIV
14830189,62040856,2014-08-22,PRO
14830190,14239976,2014-02-20,CON
14830190,PCT/CN2013/088883,2013-12-09,NST
14830194,PCT/US2014/017550,2014-02-21,CON
14830195,12946460,2010-11-15,DIV
14830199,14313435,2014-06-24,DIV
14830202,11343803,2006-01-31,CIP
14830202,12236277,2008-09-23,CIP
14830202,13037515,2011-03-01,CON
14830202,14312808,2014-06-24,CON
14830204,62040491,2014-08-22,PRO
14830206,13023987,2011-02-09,CIP
14830206,14039785,2013-09-27,DIV
14830211,09586845,2000-06-05,CIP
14830211,10213270,2002-08-05,CON
14830211,11375662,2006-03-14,CON
14830211,12362463,2009-01-29,CON
14830211,13007109,2011-01-14,CON
14830211,13601930,2012-08-31,CON
14830211,13942562,2013-07-15,CON
14830215,PCT/JP2014/058409,2014-03-26,CON
14830216,PCT/JP2014/055910,2014-03-07,CON
14830218,13670573,2012-11-07,CON
14830221,14265466,2014-04-30,CON
14830227,12752966,2010-04-01,CON
14830228,13407011,2012-02-28,CON
14830234,13574829,2012-10-05,CON
14830234,PCT/IB2011/050445,2011-02-02,NST
14830236,13802796,2013-03-14,DIV
14830239,62040038,2014-08-21,PRO
14830243,14017529,2013-09-04,DIV
14830244,61368906,2010-07-29,PRO
14830244,61406674,2010-10-26,PRO
14830244,13188078,2011-07-21,DIV
14830244,14179754,2014-02-13,DIV
14830246,61847653,2013-07-18,PRO
14830246,14333070,2014-07-16,CON
14830246,14750055,2015-06-25,CON
14830246,14818052,2015-08-04,CON
14830247,10695849,2003-10-29,REI
14830250,62039271,2014-08-19,PRO
14830253,62040074,2014-08-21,PRO
14830255,62039506,2014-08-20,PRO
14830256,13700995,2013-03-08,CON
14830256,PCT/US2011/038141,2011-05-26,NST
14830257,10512982,2004-10-29,CON
14830257,12076996,2008-03-26,CON
14830257,13596896,2012-08-28,CON
14830257,14086570,2013-11-21,CON
14830257,14257860,2014-04-21,CON
14830257,14448402,2014-07-31,CON
14830257,PCT/JP2003/006735,2003-05-29,NST
14830258,PCT/FR2014/050403,2014-02-25,CON
14830262,62039661,2014-08-20,PRO
14830268,13264675,2011-10-14,CON
14830268,14321300,2014-07-01,CON
14830268,PCT/US2011/033432,2011-04-21,NST
14830270,62039632,2014-08-20,PRO
14830272,62039586,2014-08-20,PRO
14830272,62039600,2014-08-20,PRO
14830274,13716307,2012-12-17,CIP
14830274,14054677,2013-10-15,DIV
14830276,10843388,2004-05-12,CON
14830276,12289324,2008-10-24,CON
14830276,14481300,2014-09-09,CON
14830277,62039346,2014-08-19,PRO
14830278,62038989,2014-08-19,PRO
14830278,62038990,2014-08-19,PRO
14830278,62038992,2014-08-19,PRO
14830281,62041251,2014-08-25,PRO
14830283,14529885,2014-10-31,DIV
14830283,PCT/JP2013/075153,2013-09-18,CON
14830286,61782487,2013-03-14,PRO
14830286,14053047,2013-10-14,CON
14830288,PCT/CN2013/088148,2013-11-29,CON
14830292,61351369,2010-06-04,PRO
14830292,13151637,2011-06-02,CON
14830292,14199127,2014-03-06,CON
14830297,62039042,2014-08-19,PRO
14830299,13220376,2011-08-29,DIV
14830299,14057380,2013-10-18,CON
14830303,62039502,2014-08-20,PRO
14830304,61238937,2009-09-01,PRO
14830304,12858376,2010-08-17,CON
14830304,14019161,2013-09-05,CIP
14830304,14480113,2014-09-08,CON
14830307,61418962,2010-12-02,PRO
14830307,13024789,2011-02-10,DIV
14830308,61483557,2011-05-06,PRO
14830308,13463456,2012-05-03,CON
14830312,12657074,2010-01-13,CON
14830312,14552299,2014-11-24,CON
14830312,14675003,2015-03-31,CON
14830313,62039668,2014-08-20,PRO
14830315,12650832,2009-12-31,CON
14830315,14514262,2014-10-14,CON
14830318,61334055,2010-05-12,PRO
14830318,13104921,2011-05-10,CON
14830318,14072319,2013-11-05,DIV
14830320,13311984,2011-12-06,CON
14830322,12459090,2009-06-26,CIP
14830322,61463088,2011-02-11,PRO
14830322,13370751,2012-02-10,CIP
14830323,13976880,2013-10-16,CON
14830323,PCT/EP2011/072808,2011-12-14,NST
14830324,62039335,2014-08-19,PRO
14830328,62040294,2014-08-21,PRO
14830328,62087671,2014-12-04,PRO
14830336,13642253,2012-10-24,CON
14830336,PCT/EP2011/056388,2011-04-20,NST
14830337,PCT/JP2014/054191,2014-02-21,CON
14830338,13618153,2012-09-14,CON
14830340,11636466,2006-12-11,CON
14830340,13310121,2011-12-02,CON
14830340,14326884,2014-07-09,CON
14830341,61794122,2013-03-15,PRO
14830341,14209532,2014-03-13,DIV
14830345,61543154,2011-10-04,PRO
14830345,61544941,2011-10-07,PRO
14830345,13274102,2011-10-14,CON
14830347,62040099,2014-08-21,PRO
14830349,62040276,2014-08-21,PRO
14830350,61788542,2013-03-15,PRO
14830350,14211008,2014-03-14,CIP
14830352,14174205,2014-02-06,CON
14830355,62039734,2014-08-20,PRO
14830356,62040851,2014-08-22,PRO
14830356,62195014,2015-07-21,PRO
14830357,62039268,2014-08-19,PRO
14830358,11145429,2005-06-03,CON
14830358,12940942,2010-11-05,CON
14830358,14828013,2015-08-17,CON
14830359,10304950,2002-11-27,CON
14830359,11836467,2007-08-09,CON
14830359,12620431,2009-11-17,CON
14830359,13370174,2012-02-09,CON
14830359,13706815,2012-12-06,CON
14830359,14106006,2013-12-13,CON
14830359,14579251,2014-12-22,CON
14830361,62039736,2014-08-20,PRO
14830366,60969607,2007-09-01,PRO
14830366,PCT/US08/74737,2008-08-29,NST
14830366,12675189,2010-02-25,CIP
14830366,61443757,2011-02-17,PRO
14830366,61472270,2011-04-06,PRO
14830366,61472279,2011-04-06,PRO
14830366,13398562,2012-02-16,CIP
14830366,13440707,2012-04-05,CON
14830368,12906064,2010-10-15,DIV
14830371,12415142,2009-03-31,CON
14830371,13312770,2011-12-06,DIV
14830373,12677437,2010-07-06,CON
14830373,PCT/IB2008/002771,2008-09-10,NST
14830376,62038902,2014-08-19,PRO
14830381,13691342,2012-11-30,CON
14830381,PCT/CN2009/073659,2009-09-01,CON
14830385,62040388,2014-08-21,PRO
14830391,61565602,2011-12-01,PRO
14830391,13690959,2012-11-30,DIV
14830394,PCT/JP2014/000828,2014-02-18,CON
14830397,12561557,2009-09-17,CON
14830398,61563408,2011-11-23,PRO
14830398,61661302,2012-06-18,PRO
14830398,61662265,2012-06-20,PRO
14830398,13684002,2012-11-21,DIV
14830398,14099545,2013-12-06,CON
14830398,14476040,2014-09-03,DIV
14830403,13984735,2013-08-09,CON
14830403,PCT/KR2012/000965,2012-02-09,NST
14830405,13852575,2013-03-28,CON
14830406,13234824,2011-09-16,CON
14830407,61717788,2012-10-24,PRO
14830407,13837902,2013-03-15,CON
14830409,14230954,2014-03-31,CON
14830411,62039101,2014-08-19,PRO
14830414,61306346,2010-02-19,PRO
14830414,13028690,2011-02-16,DIV
14830417,13939683,2013-07-11,CON
14830418,62039821,2014-08-20,PRO
14830419,61563287,2011-11-23,PRO
14830419,13682405,2012-11-20,DIV
14830420,12836801,2010-07-15,REI
14830421,13500585,2012-04-05,DIV
14830421,PCT/US2010/051507,2010-10-05,NST
14830425,62039408,2014-08-19,PRO
14830427,62039038,2014-08-19,PRO
14830428,13087140,2011-04-14,CIP
14830428,13447163,2012-04-13,CIP
14830428,14076926,2013-11-11,CIP
14830428,14270052,2014-05-05,CIP
14830428,14454409,2014-08-07,CON
14830429,61417964,2010-11-30,PRO
14830429,13241682,2011-09-23,DIV
14830435,13692344,2012-12-03,CON
14830436,62039916,2014-08-21,PRO
14830440,14111421,2013-10-11,CON
14830440,PCT/KR2011/009235,2011-11-30,NST
14830442,13626954,2012-09-26,DIV
14830444,PCT/JP2015/001299,2015-03-10,CON
14830450,14106831,2013-12-15,DIV
14830452,62039237,2014-08-19,PRO
14830453,61767115,2013-02-20,PRO
14830453,PCT/EP2014/053287,2014-02-20,CON
14830457,13343809,2012-01-05,CON
14830463,62039881,2014-08-20,PRO
14830464,61767811,2013-02-22,PRO
14830464,14185316,2014-02-20,CIP
14830464,62039333,2014-08-19,PRO
14830466,12158558,2008-10-17,CON
14830466,PCT/EP2006/012346,2006-12-20,NST
14830467,14294220,2014-06-03,CON
14830469,61805384,2013-03-26,PRO
14830469,14219936,2014-03-19,CON
14830470,62039145,2014-08-19,PRO
14830470,62039162,2014-08-19,PRO
14830474,61559417,2011-11-14,PRO
14830474,13675773,2012-11-13,CON
14830476,62039657,2014-08-20,PRO
14830479,62039189,2014-08-19,PRO
14830481,62039362,2014-08-19,PRO
14830482,14106831,2013-12-15,DIV
14830483,PCT/CN2013/071702,2013-02-20,CON
14830485,61905750,2013-11-18,PRO
14830485,61905765,2013-11-18,PRO
14830485,61905773,2013-11-18,PRO
14830485,61905782,2013-11-18,PRO
14830485,14479701,2014-09-08,CON
14830485,14753941,2015-06-29,CON
14830486,13717634,2012-12-17,CON
14830487,13580569,2012-10-31,CON
14830487,14303503,2014-06-12,CON
14830487,PCT/US2011/029177,2011-03-21,NST
14830489,62039224,2014-08-19,PRO
14830491,12507261,2009-07-22,CON
14830492,62039254,2014-08-19,PRO
14830493,62039501,2014-08-20,PRO
14830494,14399632,2014-11-07,CON
14830494,PCT/GB2013/051205,2013-05-09,NST
14830500,62039771,2014-08-20,PRO
14830502,14759816,2015-07-08,CIP
14830502,PCT/US2013/021202,2013-01-11,NST
14830503,14324818,2014-07-07,DIV
14830504,62040486,2014-08-22,PRO
14830505,61251717,2009-10-14,PRO
14830505,12903382,2010-10-13,CON
14830506,10573229,2007-01-16,DIV
14830506,12969754,2010-12-16,DIV
14830506,13863780,2013-04-16,DIV
14830506,PCT/EP04/10697,2004-09-23,NST
14830509,12534400,2009-08-03,CON
14830510,61946624,2014-02-28,PRO
14830510,62051248,2014-09-16,PRO
14830510,14546694,2014-11-18,CON
14830511,13581434,2012-08-27,CON
14830511,PCT/JP2011/054674,2011-02-23,NST
14830513,62039089,2014-08-19,PRO
14830516,61441146,2011-02-09,PRO
14830516,13369937,2012-02-09,DIV
14830518,61450439,2011-03-08,PRO
14830518,13415108,2012-03-08,CIP
14830519,PCT/CN2013/087063,2013-11-13,CON
14830522,PCT/CN2013/071776,2013-02-22,CON
14830523,60959456,2007-07-13,PRO
14830523,12172996,2008-07-14,CON
14830524,62039825,2014-08-20,PRO
14830526,61405114,2010-10-20,PRO
14830526,13250413,2011-09-30,CON
14830527,12673560,2010-05-11,CON
14830527,13972586,2013-08-21,CON
14830527,PCT/JP2008/002221,2008-08-15,NST
14830528,60806498,2006-07-03,PRO
14830528,60825260,2006-09-11,PRO
14830528,PCT/US07/72785,2007-07-03,CON
14830528,11968046,2007-12-31,CIP
14830528,11968074,2007-12-31,CIP
14830528,12024495,2008-02-01,CON
14830529,62039269,2014-08-19,PRO
14830531,62039126,2014-08-19,PRO
14830534,13018416,2011-01-31,DIV
14830536,61322503,2010-04-09,PRO
14830536,13081954,2011-04-07,CON
14830545,60638208,2004-12-21,PRO
14830545,60657038,2005-02-28,PRO
14830545,60693927,2005-06-23,PRO
14830545,60734519,2005-11-07,PRO
14830545,11315480,2005-12-21,CIP
14830545,11365130,2006-02-28,CIP
14830545,11465433,2006-08-17,CON
14830550,PCT/EP2013/077270,2013-12-19,CON
14830552,62041463,2014-08-25,PRO
14830556,14448401,2014-07-31,DIV
14830558,PCT/EP2014/052912,2014-02-14,CON
14830559,61565602,2011-12-01,PRO
14830559,13690959,2012-11-30,DIV
14830561,14421805,2015-02-13,CON
14830561,PCT/JP2013/000481,2013-08-09,NST
14830562,62039862,2014-08-20,PRO
14830563,62039127,2014-08-19,PRO
14830565,62039352,2014-08-19,PRO
14830568,10789359,2004-02-26,DIV
14830568,12536852,2009-08-06,CON
14830568,13180396,2011-07-11,CON
14830568,13559454,2012-07-26,CON
14830571,13224277,2011-09-01,DIV
14830571,14274401,2014-05-09,CON
14830572,61056373,2008-05-27,PRO
14830572,12408560,2009-03-20,DIV
14830572,13890039,2013-05-08,CON
14830573,13540547,2012-07-02,CON
14830576,62039261,2014-08-19,PRO
14830577,61702102,2012-09-17,PRO
14830577,61702113,2012-09-17,PRO
14830577,61702170,2012-09-17,PRO
14830577,61723711,2012-11-07,PRO
14830577,61752532,2013-01-15,PRO
14830577,61756881,2013-01-25,PRO
14830577,14029204,2013-09-17,CON
14830578,62039826,2014-08-20,PRO
14830581,62039262,2014-08-19,PRO
14830581,62143655,2015-04-06,PRO
14830582,62039355,2014-08-19,PRO
14830587,62040973,2014-08-22,PRO
14830587,62040975,2014-08-22,PRO
14830588,60663184,2005-03-18,PRO
14830588,11370419,2006-03-08,CON
14830590,62039253,2014-08-19,PRO
14830591,62039547,2014-08-20,PRO
14830592,62039843,2014-08-20,PRO
14830593,61712659,2012-10-11,PRO
14830593,13791480,2013-03-08,CIP
14830598,62040973,2014-08-22,PRO
14830598,62040975,2014-08-22,PRO
14830600,60805331,2006-06-20,PRO
14830600,60866595,2006-11-20,PRO
14830600,11766092,2007-06-20,CIP
14830600,61405119,2010-10-20,PRO
14830600,61428151,2010-12-29,PRO
14830600,13113900,2011-05-23,CIP
14830600,13277224,2011-10-20,CON
14830602,10192426,2002-07-10,CIP
14830602,11767246,2007-06-22,CON
14830603,14019373,2013-09-05,CON
14830610,PCT/CN2013/084142,2013-09-25,CON
14830614,62039228,2014-08-19,PRO
14830615,PCT/CN2014/078760,2014-05-29,CON
14830616,13640037,2013-02-05,DIV
14830616,PCT/EP2011/055566,2011-04-08,NST
14830617,13794515,2013-03-11,CON
14830624,61228476,2009-07-24,PRO
14830624,12842338,2010-07-23,CIP
14830625,12086587,2010-05-17,CON
14830625,13784652,2013-03-04,DIV
14830625,14145260,2013-12-31,CON
14830625,PCT/JP2007/055931,2007-03-15,NST
14830626,62039218,2014-08-19,PRO
14830627,62039130,2014-08-19,PRO
14830631,PCT/US2014/017692,2014-02-21,CON
14830632,62039378,2014-08-19,PRO
14830632,62039383,2014-08-19,PRO
14830632,62039388,2014-08-19,PRO
14830632,62039392,2014-08-19,PRO
14830632,62039395,2014-08-19,PRO
14830638,62039811,2014-08-20,PRO
14830639,62039203,2014-08-19,PRO
14830639,62119161,2015-02-21,PRO
14830641,62039547,2014-08-20,PRO
14830642,62038929,2014-08-19,PRO
14830643,60667333,2005-03-31,PRO
14830643,11395752,2006-03-31,CON
14830643,13365971,2012-02-03,CON
14830643,14172781,2014-02-04,CON
14830647,13811370,2013-01-21,CON
14830647,PCT/IL2011/000584,2011-07-21,NST
14830649,62039437,2014-08-20,PRO
14830649,62060565,2014-10-06,PRO
14830649,62085640,2014-11-30,PRO
14830654,62039160,2014-08-19,PRO
14830655,62039378,2014-08-19,PRO
14830655,62039383,2014-08-19,PRO
14830655,62039388,2014-08-19,PRO
14830655,62039392,2014-08-19,PRO
14830655,62039395,2014-08-19,PRO
14830660,13551511,2012-07-17,CON
14830672,61835911,2013-06-17,PRO
14830672,13941323,2013-07-12,CON
14830677,62047952,2014-09-09,PRO
14830677,14391167,2014-10-08,CIP
14830677,62114144,2015-02-10,PRO
14830677,PCT/EP2013/057325,2013-04-08,NST
14830678,13557720,2012-07-25,CON
14830681,13630500,2012-09-28,DIV
14830685,61451103,2011-03-09,PRO
14830685,61604242,2012-02-28,PRO
14830685,13413770,2012-03-07,CON
14830685,14249155,2014-04-09,CON
14830691,PCT/JP2014/000832,2014-02-18,CON
14830694,62040584,2014-08-22,PRO
14830696,62039884,2014-08-20,PRO
14830700,10877968,2004-06-25,CON
14830700,11370743,2006-03-07,DIV
14830700,12495686,2009-06-30,DIV
14830700,14036807,2013-09-25,CON
14830702,62039349,2014-08-19,PRO
14830703,PCT/JP2014/054011,2014-02-20,CON
14830704,13123527,2011-11-28,CON
14830704,PCT/EP2009/007415,2009-10-15,NST
14830710,12783735,2010-05-20,CON
14830711,14033319,2013-09-20,CIP
14830712,12488303,2009-06-19,CON
14830712,13898841,2013-05-21,CON
14830713,14493481,2014-09-23,CON
14830714,62039330,2014-08-19,PRO
14830716,62038837,2014-08-19,PRO
14830718,12977080,2010-12-23,DIV
14830718,14181737,2014-02-17,DIV
14830723,62038894,2014-08-19,PRO
14830726,62040423,2014-08-22,PRO
14830733,62039685,2014-08-20,PRO
14830734,14315467,2014-06-26,CON
14830735,62039936,2014-08-21,PRO
14830736,PCT/CN2014/081583,2014-07-03,CON
14830752,13751166,2013-01-28,CIP
14830752,14463675,2014-08-20,CON
14830758,11938123,2007-11-09,CON
14830764,62039515,2014-08-20,PRO
14830766,14138158,2013-12-23,DIV
14830775,13441454,2012-04-06,CON
14830778,14038395,2013-09-26,CON
14830779,13063846,2011-03-14,CON
14830779,14176088,2014-02-08,CON
14830779,PCT/IB2009/053962,2009-09-10,NST
14830785,13625232,2012-09-24,DIV
14830785,14623862,2015-02-17,DIV
14830787,62039471,2014-08-20,PRO
14830788,62039978,2014-08-21,PRO
14830794,62039966,2014-08-21,PRO
14830796,62039680,2014-08-20,PRO
14830798,13302312,2011-11-22,DIV
14830808,11571492,2007-12-07,CON
14830808,PCT/JP2005/012005,2005-06-29,NST
14830809,13804231,2013-03-14,CON
14830810,62040501,2014-08-22,PRO
14830813,PCT/JP2014/060655,2014-04-14,CON
14830814,62040370,2014-08-21,PRO
14830816,14196137,2014-03-04,DIV
14830820,13664796,2012-10-31,DIV
14830821,PCT/EP2014/053480,2014-02-21,CON
14830823,61696476,2012-09-04,PRO
14830823,14017503,2013-09-04,DIV
14830828,14152428,2014-01-10,CON
14830829,14225812,2014-03-26,CON
14830830,62040199,2014-08-21,PRO
14830832,14318771,2014-06-30,CON
14830838,13432993,2012-03-28,CIP
14830838,13449195,2012-04-17,CIP
14830838,13523694,2012-06-14,CIP
14830838,13603322,2012-09-04,CIP
14830838,13752930,2013-01-29,CIP
14830838,13872673,2013-04-29,CIP
14830838,13897492,2013-05-20,CIP
14830838,13907892,2013-06-01,CIP
14830838,14059599,2013-10-22,CIP
14830838,14067038,2013-10-30,CIP
14830838,14174171,2014-02-06,CIP
14830838,14193501,2014-02-28,CIP
14830838,14193782,2014-02-28,CIP
14830838,14198663,2014-03-06,CIP
14830838,14198702,2014-03-06,CIP
14830838,14198755,2014-03-06,CIP
14830838,14230882,2014-03-31,CIP
14830838,14271498,2014-05-07,CIP
14830838,14320352,2014-06-30,CIP
14830838,14340141,2014-07-24,CIP
14830838,14472228,2014-08-28,CIP
14830838,14668788,2015-03-25,CIP
14830838,14795834,2015-07-09,CIP
14830838,14823399,2015-08-11,CIP
14830838,14827001,2015-08-14,CIP
14830841,11751383,2007-05-21,DIV
14830841,13008529,2011-01-18,CON
14830841,14506933,2014-10-06,CON
14830848,60307603,2001-07-26,PRO
14830848,10202608,2002-07-25,CIP
14830848,10551053,2007-05-16,CON
14830848,PCT/IL2004/000265,2004-03-23,NST
14830850,61413701,2010-11-15,PRO
14830850,13044310,2011-03-09,REI
14830851,62039741,2014-08-20,PRO
14830861,61003886,2007-11-21,PRO
14830861,61028547,2008-02-14,PRO
14830861,12274705,2008-11-20,CON
14830863,13833750,2013-03-15,DIV
14830865,13628109,2012-09-27,CON
14830867,13968422,2013-08-15,DIV
14830869,61802360,2013-03-15,PRO
14830869,14216513,2014-03-17,CIP
14830869,14216893,2014-03-17,CON
14830872,14318782,2014-06-30,CON
14830873,62039523,2014-08-20,PRO
14830875,PCT/KR2014/001146,2014-02-12,CON
14830877,PCT/JP2014/055353,2014-03-04,CON
14830881,61366033,2010-07-20,PRO
14830881,13187426,2011-07-20,CON
14830881,13900970,2013-05-23,CON
14830881,14273158,2014-05-08,CON
14830883,62039538,2014-08-20,PRO
14830884,61622753,2012-04-11,PRO
14830884,13858316,2013-04-08,CON
14830885,62131035,2015-03-10,PRO
14830888,14374081,2014-07-23,DIV
14830888,PCT/EP2013/051328,2013-01-24,NST
14830893,PCT/JP2014/050767,2014-01-17,CON
14830895,14318797,2014-06-30,CON
14830896,62040216,2014-08-21,PRO
14830898,13813115,2013-04-05,CON
14830898,14692408,2015-04-21,CON
14830898,PCT/EP2011/061582,2011-07-08,NST
14830899,13407369,2012-02-28,CON
14830900,PCT/JP2014/054008,2014-02-20,CON
14830904,62039962,2014-08-21,PRO
14830908,14318810,2014-06-30,CON
14830911,61673892,2012-07-20,PRO
14830911,13783481,2013-03-04,DIV
14830915,62040102,2014-08-21,PRO
14830917,12053577,2008-03-22,CON
14830917,12891160,2010-09-27,CON
14830917,14147911,2014-01-06,CON
14830923,61427867,2010-12-29,PRO
14830923,13339413,2011-12-29,DIV
14830923,14458614,2014-08-13,DIV
14830927,62039780,2014-08-20,PRO
14830927,62039794,2014-08-20,PRO
14830930,PCT/US2014/018367,2014-02-25,CON
14830931,12434693,2009-05-04,CON
14830931,14254951,2014-04-17,CON
14830933,14170913,2014-02-03,CON
14830935,13494776,2012-06-12,CIP
14830935,13748488,2013-01-23,CON
14830937,12528798,2009-08-26,CON
14830937,PCT/SE2008/050211,2008-02-26,NST
14830940,61527778,2011-08-26,PRO
14830940,13555422,2012-07-23,CON
14830940,14584131,2014-12-29,CON
14830944,PCT/EP2014/053201,2014-02-19,CON
14830945,62039782,2014-08-20,PRO
14830949,14137756,2013-12-20,CON
14830952,62041485,2014-08-25,PRO
14830953,12786385,2010-05-24,CON
14830957,10059929,2002-01-29,CIP
14830957,10135180,2002-04-30,CIP
14830957,60444350,2003-02-01,PRO
14830957,10424553,2003-04-28,CIP
14830957,60488273,2003-07-18,PRO
14830957,10659760,2003-09-10,CIP
14830957,60528103,2003-12-09,PRO
14830957,60528106,2003-12-08,PRO
14830957,10749102,2003-12-30,CON
14830957,14218542,2014-03-18,CON
14830958,13754322,2013-01-30,CON
14830966,13399840,2012-02-17,DIV
14830972,62040226,2014-08-21,PRO
14830974,62039678,2014-08-20,PRO
14830975,62039963,2014-08-21,PRO
14830978,PCT/CN2014/085599,2014-08-29,CON
14830984,62039989,2014-08-21,PRO
14830985,PCT/EP2014/054422,2014-03-07,CON
14830986,PCT/CN2014/091754,2014-11-20,CON
14830990,62040736,2014-08-22,PRO
14830992,13993480,2014-01-29,DIV
14830992,PCT/EP2011/070266,2011-11-16,NST
14830999,61183588,2009-06-03,PRO
14830999,12792387,2010-06-02,CON
14830999,13244786,2011-09-26,CON
14830999,13947643,2013-07-22,CON
14830999,14247357,2014-04-08,CON
14830999,14538426,2014-11-11,CON
14831000,14464901,2014-08-21,DIV
14831002,PCT/JP2014/000819,2014-02-18,CON
14831003,60981862,2007-10-23,PRO
14831003,60982096,2007-10-23,PRO
14831003,60982137,2007-10-23,PRO
14831003,61019299,2008-01-07,PRO
14831003,12057761,2008-03-28,CIP
14831003,12349231,2009-01-06,CON
14831003,13439152,2012-04-04,CON
14831003,14023817,2013-09-11,CON
14831005,61702649,2012-09-18,PRO
14831005,13795718,2013-03-12,DIV
14831005,14302543,2014-06-12,CIP
14831008,13421704,2012-03-15,CON
14831008,14274518,2014-05-09,CON
14831009,60722510,2005-09-30,PRO
14831009,11534855,2006-09-25,CON
14831009,14135425,2013-12-19,CON
14831009,14515449,2014-10-15,CON
14831012,13796200,2013-03-12,DIV
14831013,61052813,2008-05-13,PRO
14831013,12276002,2008-11-21,CON
14831013,13917153,2013-06-13,CON
14831016,12169595,2008-07-08,DIV
14831017,61484298,2011-05-10,PRO
14831017,13468979,2012-05-10,CON
14831018,PCT/JP2014/053007,2014-02-10,CON
14831020,61754420,2013-01-18,PRO
14831020,61902579,2013-11-11,PRO
14831020,14158824,2014-01-18,DIV
14831023,13884216,2013-05-08,CON
14831023,PCT/KR2011/008404,2011-11-07,NST
14831024,11509366,2006-08-24,DIV
14831024,13910080,2013-06-04,DIV
14831025,13460683,2012-04-30,CON
14831026,10942923,2004-09-17,CON
14831029,61493187,2011-06-03,CIP
14831029,13486360,2012-06-01,DIV
14831030,14059035,2013-10-21,CON
14831030,PCT/US2013/032187,2013-03-15,CIP
14831031,13807360,2013-01-28,DIV
14831031,PCT/KR2011/004524,2011-06-22,NST
14831035,PCT/KR15/03032,2015-03-27,CON
14831037,61305455,2010-02-17,PRO
14831037,13029985,2011-02-17,CON
14831037,14274569,2014-05-09,CON
14831041,PCT/JP2014/002349,2014-04-25,CON
14831043,13522408,2012-07-16,CON
14831043,PCT/KR2011/000300,2011-01-14,NST
14831045,12449779,2009-08-25,CON
14831045,14302723,2014-06-12,CON
14831045,PCT/CA2008/000392,2008-02-29,NST
14831047,13686003,2012-11-27,CIP
14831052,14445469,2014-07-29,CON
14831053,12959628,2010-12-03,DIV
14831053,13966947,2013-08-14,CON
14831057,13947426,2013-07-22,CIP
14831058,62008773,2014-06-06,PRO
14831058,62039743,2014-08-20,PRO
14831058,14732143,2015-06-05,CIP
14831059,PCT/EP2014/051233,2014-01-22,CON
14831060,13699523,2013-02-08,DIV
14831060,PCT/GB11/50991,2011-05-26,NST
14831062,62040323,2014-08-21,PRO
14831067,62039830,2014-08-20,PRO
14831067,62050260,2014-09-15,PRO
14831068,61826237,2013-05-22,PRO
14831068,14284896,2014-05-22,CON
14831069,61316768,2010-03-23,PRO
14831069,13070166,2011-03-23,CON
14831069,13969211,2013-08-16,CON
14831069,14486277,2014-09-15,CON
14831071,62039994,2014-08-21,PRO
14831078,61809817,2013-04-08,PRO
14831078,14247014,2014-04-07,DIV
14831080,62040586,2014-08-22,PRO
14831081,61143152,2009-01-07,PRO
14831081,12684072,2010-01-07,CIP
14831081,61296826,2010-01-20,PRO
14831081,61361127,2010-07-02,PRO
14831081,13010697,2011-01-20,CIP
14831081,13175244,2011-07-01,CON
14831081,14154857,2014-01-14,CON
14831084,61728012,2012-11-19,PRO
14831084,13796053,2013-03-12,CON
14831088,12169595,2008-07-08,DIV
14831089,62039468,2014-08-20,PRO
14831091,62039481,2014-08-20,PRO
14831096,13238006,2011-09-21,CON
14831097,62040173,2014-08-21,PRO
14831098,62039733,2014-08-20,PRO
14831100,PCT/US2014/021723,2014-03-07,CON
14831110,PCT/JP2014/000792,2014-02-17,CON
14831112,62039789,2014-08-20,PRO
14831113,PCT/EP2014/053803,2014-02-27,CON
14831115,61579351,2011-12-22,PRO
14831115,13708369,2012-12-07,DIV
14831116,12150558,2008-04-28,DIV
14831116,13220194,2011-08-29,DIV
14831116,13550000,2012-07-16,CON
14831116,14139175,2013-12-23,DIV
14831116,14491156,2014-09-19,CON
14831119,62039481,2014-08-20,PRO
14831122,14327924,2014-07-10,CON
14831125,12547262,2009-08-25,CON
14831125,13912954,2013-06-07,CON
14831126,12293665,2008-09-19,CON
14831126,PCT/IB2008/002072,2008-08-06,NST
14831128,14039727,2013-09-27,CON
14831130,13989128,2013-10-15,DIV
14831130,PCT/DK2011/050447,2011-11-23,NST
14831131,12936227,2010-10-04,CON
14831131,14287441,2014-05-27,CON
14831131,PCT/JP2009/057029,2009-03-31,NST
14831132,PCT/US06/42705,2006-10-31,NST
14831132,12160319,2008-08-22,CON
14831137,62039790,2014-08-20,PRO
14831140,61562653,2011-11-22,PRO
14831140,13539646,2012-07-02,CON
14831140,14132740,2013-12-18,CON
14831143,61381868,2010-09-10,PRO
14831143,13224908,2011-09-02,CON
14831144,62039651,2014-08-20,PRO
14831146,62040186,2014-08-21,PRO
14831149,62040009,2014-08-21,PRO
14831149,62162015,2015-05-15,PRO
14831150,13330241,2011-12-19,CON
14831151,14146162,2014-01-02,DIV
14831153,PCT/JP2014/053975,2014-02-20,CON
14831154,61749417,2013-01-07,PRO
14831154,13832328,2013-03-15,CON
14831154,62039599,2014-08-20,CON
14831154,62040125,2014-08-21,CON
14831154,62040655,2014-08-22,CON
14831155,11579832,2006-11-07,DIV
14831155,11822249,2007-07-03,DIV
14831155,13551113,2012-07-17,DIV
14831155,14062152,2013-10-24,DIV
14831155,14063976,2013-10-25,DIV
14831155,14452988,2014-08-06,DIV
14831155,PCT/JP2005/015160,2005-08-19,NST
14831159,13997537,2013-06-24,CIP
14831159,PCT/KR11/08508,2011-11-09,NST
14831163,61538365,2011-09-23,PRO
14831163,61596617,2012-02-08,PRO
14831163,13481275,2012-05-25,DIV
14831165,62040859,2014-08-22,PRO
14831165,62046438,2014-09-05,PRO
14831170,13124894,2011-11-22,CON
14831170,PCT/CA09/01536,2009-10-23,NST
14831171,61260332,2009-11-11,PRO
14831171,12944346,2010-11-11,CON
14831171,14486806,2014-09-15,CON
14831172,61148490,2009-01-30,PRO
14831172,12695331,2010-01-28,CON
14831172,14083617,2013-11-19,CON
14831172,14521593,2014-10-23,CON
14831173,13814656,2013-02-06,DIV
14831173,PCT/JP2011/064705,2011-06-27,NST
14831175,13917121,2013-06-13,CON
14831181,62039847,2014-08-20,PRO
14831183,13602045,2012-08-31,CON
14831185,13558925,2012-07-26,DIV
14831185,14624710,2015-02-18,DIV
14831188,61730540,2012-11-28,PRO
14831188,14036725,2013-09-25,CON
14831192,14387411,,CON
14831192,PCT/JP2012/057609,2012-03-23,NST
14831193,PCT/JP2014/069798,2014-07-28,CON
14831194,PCT/CN2014/082973,2014-07-25,CON
14831195,61353490,2010-06-10,PRO
14831195,13157948,2011-06-10,DIV
14831195,14629088,2015-02-23,CON
14831199,13912167,2013-06-06,CON
14831199,PCT/US2011/063623,2011-12-06,CON
14831200,13055890,2011-06-13,CON
14831200,PCT/IB2010/050324,2010-01-25,NST
14831203,61162905,2009-03-24,PRO
14831203,12724749,2010-03-16,CON
14831205,60732589,2005-11-02,PRO
14831205,11555988,2006-11-02,CON
14831205,13267352,2011-10-06,CON
14831205,13472704,2012-05-16,CON
14831205,13706971,2012-12-06,CON
14831205,13947433,2013-07-22,CON
14831205,14181785,2014-02-17,CON
14831205,14570115,2014-12-15,CON
14831209,13529984,2012-06-21,CON
14831210,13848511,2013-03-21,CON
14831213,PCT/US2014/021705,2014-03-07,CON
14831214,61907038,2013-11-21,PRO
14831214,14173513,2014-02-05,CON
14831216,60945993,2007-06-25,PRO
14831216,12145220,2008-06-24,CON
14831218,13923695,2013-06-21,CON
14831220,61368565,2010-07-28,PRO
14831220,13192959,2011-07-28,DIV
14831224,14359640,2014-05-21,CON
14831224,PCT/JP2013/050704,2013-01-09,NST
14831225,13833668,2013-03-15,CIP
14831231,PCT/KR2014/004324,2014-05-14,CON
14831234,62039847,2014-08-20,PRO
14831235,12675856,2010-03-01,CON
14831235,PCT/JP2008/061852,2008-06-30,NST
14831236,13818901,2013-05-08,CON
14831236,PCT/US2011/048945,2011-08-24,NST
14831243,61786930,2013-03-15,PRO
14831243,14216020,2014-03-17,CIP
14831243,62039539,2014-08-20,PRO
14831250,12655321,2009-12-29,DIV
14831250,14254474,2014-04-16,CON
14831252,14315390,2014-06-26,DIV
14831255,10328653,2002-12-23,CON
14831255,11538192,2006-10-03,CON
14831257,13805374,2012-12-19,CON
14831257,PCT/JP2011/063786,2011-06-16,NST
14831258,61642265,2012-05-03,PRO
14831258,13874899,2013-05-01,CON
14831260,61778162,2013-03-12,PRO
14831260,13924993,2013-06-24,DIV
14831261,13978765,2013-07-09,CON
14831261,PCT/US2012/020863,2012-01-11,NST
14831265,62039592,2014-08-20,PRO
14831268,12548704,2009-08-27,CON
14831268,13928010,2013-06-26,CON
14831268,14297263,2014-06-05,CON
14831269,13846327,2013-03-18,DIV
14831271,PCT/JP2014/053027,2014-02-10,CON
14831278,PCT/JP2013/084063,2013-12-19,CON
14831291,61876725,2013-09-11,PRO
14831291,61941974,2014-02-19,PRO
14831291,14484060,2014-09-11,CIP
14831291,PCT/US2015/028356,2015-04-29,CON
14831294,13935801,2013-07-05,CIP
14831296,62039664,2014-08-20,PRO
14831303,61354866,2010-06-15,PRO
14831303,13116506,2011-05-26,CON
14831305,13446517,2012-04-13,DIV
14831307,13997897,2013-06-25,DIV
14831307,PCT/US2011/067667,2011-12-28,NST
14831310,62039731,2014-08-20,PRO
14831312,14256213,2014-04-18,CON
14831313,61864555,2013-08-10,PRO
14831313,14455461,2014-08-08,CIP
14831313,62069831,2014-10-29,PRO
14831313,62078358,2014-11-11,PRO
14831316,62039696,2014-08-20,PRO
14831317,12940425,2010-11-05,DIV
14831317,PCT/US2009/043015,2009-05-06,CON
14831325,13285573,2011-10-31,CON
14831328,14331742,2014-07-15,CON
14831329,13761598,2013-02-07,CON
14831330,62040146,2014-08-21,PRO
14831332,61323193,2010-04-12,PRO
14831332,13085201,2011-04-12,CIP
14831338,13935160,2013-07-03,DIV
14831339,PCT/US2014/021784,2014-03-07,CON
14831340,PCT/EP2013/053886,2013-02-27,CIP
14831342,62040174,2014-08-21,PRO
14831342,62062368,2014-10-10,PRO
14831342,62083853,2014-11-24,PRO
14831345,14256120,2014-04-18,CON
14831350,PCT/JP2014/054131,2014-02-21,CON
14831351,12119496,2008-05-13,CON
14831351,13347632,2012-01-10,CON
14831351,13787066,2013-03-06,CON
14831351,14255774,2014-04-17,CON
14831354,PCT/NL2014/050104,2014-02-20,CON
14831358,62039731,2014-08-20,PRO
14831359,61392601,2010-10-13,PRO
14831359,13271697,2011-10-12,DIV
14831360,13142932,2011-06-30,DIV
14831360,PCT/KR2009/007831,2009-12-28,NST
14831361,12829069,2010-07-01,CON
14831363,13646164,2012-10-05,CON
14831366,PCT/GB2014/050430,2014-02-14,CIP
14831367,13870593,2013-04-25,DIV
14831371,61056893,2008-05-29,PRO
14831371,12469998,2009-05-21,CIP
14831371,13758783,2013-02-04,CIP
14831372,61508095,2011-07-15,PRO
14831372,13542244,2012-07-05,CON
14831372,14487374,2014-09-16,CIP
14831373,12833663,2010-07-09,CON
14831373,PCT/US2009/030500,2009-01-08,CON
14831374,13873447,2013-04-30,CON
14831380,13242727,2011-09-23,DIV
14831381,12294770,2008-11-28,CON
14831381,PCT/JP2006/306197,2006-03-27,NST
14831384,13554286,2012-07-20,CON
14831387,60262005,2001-01-16,PRO
14831387,10053179,2002-01-15,CON
14831387,12886323,2010-09-20,CON
14831388,PCT/EP2014/053468,2014-02-21,CON
14831389,13232020,2011-09-14,CON
14831389,13803118,2013-03-14,CON
14831389,14340939,2014-07-25,CON
14831391,14411544,2014-12-29,DIV
14831391,PCT/EP2013/056955,2013-04-02,NST
14831394,61615498,2012-03-26,PRO
14831394,13782098,2013-03-01,CON
14831394,14690948,2015-04-20,CON
14831396,62040045,2014-08-21,PRO
14831396,62147393,2015-04-14,PRO
14831397,62039524,2014-08-20,PRO
14831400,13283915,2011-10-28,DIV
14831401,62040411,2014-08-21,PRO
14831406,62070421,2014-08-25,PRO
14831406,62070420,2014-08-22,PRO
14831410,12410067,2009-03-24,DIV
14831410,14032728,2013-09-20,DIV
14831414,61807506,2013-04-02,PRO
14831414,14243359,2014-04-02,CIP
14831416,61360890,2010-07-01,PRO
14831416,13175343,2011-07-01,CON
14831417,13955127,2013-07-31,DIV
14831418,12125965,2008-05-23,CON
14831419,60206502,2000-05-23,PRO
14831419,09862492,2001-05-23,DIV
14831419,11109646,2005-04-20,CON
14831419,12685389,2010-01-11,CON
14831419,12966592,2010-12-13,CON
14831419,13464659,2012-05-04,CON
14831419,14567520,2014-12-11,CON
14831420,13612198,2012-09-12,CON
14831421,61788811,2013-03-15,PRO
14831421,61859695,2013-07-29,PRO
14831421,14203303,2014-03-10,CON
14831422,62039672,2014-08-20,PRO
14831423,13989721,2013-05-24,CON
14831423,PCT/AU2011/001524,2011-11-25,NST
14831424,61179413,2009-05-19,PRO
14831424,12781831,2010-05-18,CON
14831427,61260906,2009-11-13,PRO
14831427,61267131,2009-12-07,PRO
14831427,61303778,2010-02-12,PRO
14831427,61307093,2010-02-23,PRO
14831427,61310104,2010-03-03,PRO
14831427,61318916,2010-03-30,PRO
14831427,61282860,2010-04-12,PRO
14831427,61351434,2010-06-04,PRO
14831427,61362805,2010-07-09,PRO
14831427,12945194,2010-11-12,REI
14831428,62039618,2014-08-20,PRO
14831429,14651471,2015-06-11,CON
14831429,PCT/US2014/018931,2014-02-27,NST
14831430,62039847,2014-08-20,PRO
14831434,14034797,2013-09-24,CON
14831436,13883600,2013-05-06,CON
14831436,14326687,2014-07-09,CIP
14831436,14555987,2014-11-28,CON
14831436,PCT/KR2011/009044,2011-11-24,NST
14831439,62039622,2014-08-20,PRO
14831440,14110224,2013-10-07,DIV
14831440,PCT/JP2012/058902,2012-04-02,NST
14831444,13749354,2013-01-24,DIV
14831448,62040221,2014-08-21,PRO
14831449,13800872,2013-03-13,CON
14831450,62040900,2014-08-22,PRO
14831451,14064792,2013-10-28,CON
14831455,11572563,2007-01-23,CON
14831455,13027793,2011-02-15,DIV
14831455,13962523,2013-08-08,CON
14831455,14244046,2014-04-03,DIV
14831455,PCT/EP2005/053612,2005-07-25,NST
14831467,62039793,2014-08-20,CON
14831469,PCT/US2014/021706,2014-03-07,CON
14831470,61591244,2012-01-26,PRO
14831470,13750706,2013-01-25,CON
14831478,61625902,2012-04-18,PRO
14831478,61665766,2012-06-28,PRO
14831478,13538230,2012-06-29,CON
14831478,13865863,2013-04-18,CON
14831481,13395057,2012-03-08,CON
14831481,PCT/EP10/63096,2010-09-07,NST
14831482,61258922,2009-11-06,PRO
14831482,12941384,2010-11-08,DIV
14831483,61509642,2011-07-20,PRO
14831483,13543820,2012-07-07,DIV
14831485,14041701,2013-09-30,DIV
14831487,14242092,2014-04-01,DIV
14831492,14707468,2015-05-08,CIP
14831493,62039693,2014-08-20,PRO
14831495,62039559,2014-08-20,PRO
14831496,62039623,2014-08-20,PRO
14831497,62039752,2014-08-20,PRO
14831498,12245552,2008-10-03,CON
14831498,13113589,2011-05-23,CON
14831498,13612155,2012-09-12,CON
14831498,14142265,2013-12-27,CON
14831499,62036714,2014-08-13,PRO
14831499,62039758,2014-08-20,PRO
14831499,62063225,2014-10-13,PRO
14831499,62069707,2014-10-28,PRO
14831499,62069710,2014-10-28,PRO
14831499,62069712,2014-10-28,PRO
14831499,14824883,2015-08-12,CON
14831501,61867197,2013-08-19,PRO
14831501,14463298,2014-08-19,CIP
14831501,62058740,2014-10-02,PRO
14831503,62039511,2014-08-20,PRO
14831504,14242092,2014-04-01,DIV
14831508,61303518,2010-02-11,PRO
14831508,13026203,2011-02-11,CON
14831508,61623530,2012-04-12,PRO
14831508,13831070,2013-03-14,CIP
14831508,13861918,2013-04-12,CON
14831510,62040441,2014-08-22,PRO
14831514,13569983,2012-08-08,DIV
14831518,62039701,2014-08-20,PRO
14831519,13642842,2012-12-18,DIV
14831519,PCT/KR10/07041,2010-10-14,NST
14831525,11469794,2006-09-01,CON
14831525,13565405,2012-08-02,CON
14831525,13957173,2013-08-01,CON
14831527,13503146,2012-04-20,CON
14831527,PCT/EP2010/065780,2010-10-20,NST
14831533,11045589,2005-01-28,CON
14831533,12861322,2010-08-23,CON
14831533,13949980,2013-07-24,CON
14831538,12690557,2010-01-20,CON
14831538,13609482,2012-09-11,CON
14831538,14467819,2014-08-25,CON
14831539,13821718,2013-04-05,CON
14831539,PCT/JP2011/070408,2011-09-07,NST
14831540,62039745,2014-08-20,PRO
14831540,62130964,2015-03-10,PRO
14831544,62040788,2014-08-22,PRO
14831550,13364126,2012-02-01,CON
14831551,61466154,2011-03-22,PRO
14831551,61513270,2011-07-29,PRO
14831551,13427058,2012-03-22,CON
14831552,62040826,2014-08-22,PRO
14831558,61303518,2010-02-11,PRO
14831558,13026203,2011-02-11,CON
14831558,13843722,2013-03-15,CON
14831559,62039698,2014-08-20,PRO
14831560,62041522,2014-08-25,PRO
14831562,13848511,2013-03-21,DIV
14831565,62040197,2014-08-21,PRO
14831570,62041600,2014-08-25,PRO
14831572,60975493,2007-09-26,PRO
14831572,12239737,2008-09-26,CON
14831575,PCT/US2014/020406,2014-03-04,CON
14831576,62040295,2014-08-21,PRO
14831577,12553205,2009-09-03,CON
14831577,13853272,2013-03-29,CON
14831581,14041701,2013-09-30,DIV
14831583,PCT/US2014/030080,2014-03-15,CIP
14831584,61303518,2010-02-11,PRO
14831584,13026203,2011-02-11,CON
14831584,13801951,2013-03-13,CON
14831586,62040362,2014-08-21,PRO
14831587,61389000,2010-10-01,PRO
14831587,61389087,2010-10-01,PRO
14831587,61389117,2010-10-01,PRO
14831587,13223015,2011-08-31,CON
14831590,62039794,2014-08-20,PRO
14831593,13678843,2012-11-16,CIP
14831593,61808837,2013-04-05,PRO
14831593,14080391,2013-11-14,CON
14831594,PCT/KR2014/010644,2014-11-06,CON
14831595,62040197,2014-08-21,PRO
14831597,PCT/JP2013/006138,2013-10-16,CON
14831598,11365167,2006-03-01,CON
14831598,13385420,2012-02-17,CON
14831598,14168564,2014-01-30,CON
14831599,61657583,2012-06-08,PRO
14831599,13914361,2013-06-10,CON
14831599,14618311,2015-02-10,CON
14831601,61131290,2008-06-06,PRO
14831601,61131270,2008-06-06,PRO
14831601,61131291,2008-06-06,PRO
14831601,61131312,2008-06-06,PRO
14831601,61131314,2008-06-06,PRO
14831601,61131379,2008-06-06,PRO
14831601,12479319,2009-06-05,CON
14831601,13291309,2011-11-08,CON
14831601,13543561,2012-07-06,CON
14831601,14028286,2013-09-16,CON
14831602,62039977,2014-08-21,PRO
14831604,12545376,2009-08-21,CON
14831604,14543722,2014-11-17,CON
14831604,14801628,2015-07-16,CON
14831607,11777586,2007-07-13,CON
14831608,61303518,2010-02-11,PRO
14831608,13026203,2011-02-11,CON
14831608,13801986,2013-03-13,CON
14831610,14535368,2014-11-07,CON
14831610,PCT/JP2013/064184,2013-05-22,CON
14831611,PCT/KR2014/000019,2014-01-02,CON
14831612,62039943,2014-08-21,PRO
14831615,13601286,2012-08-31,DIV
14831616,62040918,2014-08-22,PRO
14831618,61228249,2009-07-24,PRO
14831618,12842528,2010-07-23,CON
14831618,13486326,2012-06-01,CON
14831618,13940087,2013-07-11,CON
14831619,12293977,2008-09-22,REI
14831619,PCT/KR07/01404,2007-03-22,NST
14831621,62039797,2014-08-20,PRO
14831622,62039717,2014-08-20,PRO
14831623,61314589,2010-03-17,PRO
14831623,13039446,2011-03-03,CIP
14831623,13175898,2011-07-04,CON
14831625,61225258,2009-07-14,PRO
14831625,12836425,2010-07-14,CIP
14831625,61466402,2011-03-22,PRO
14831625,13288114,2011-11-03,CIP
14831625,13426577,2012-03-21,CON
14831625,13745795,2013-01-19,CIP
14831625,14576661,2014-12-19,CIP
14831625,14796950,2015-07-10,CIP
14831626,61530888,2011-09-02,PRO
14831626,13602818,2012-09-04,CON
14831626,14333277,2014-07-16,CON
14831627,62146899,2015-04-13,PRO
14831628,PCT/CN2014/075463,2014-04-16,CON
14831629,13678843,2012-11-16,CIP
14831629,61808837,2013-04-05,PRO
14831629,14080391,2013-11-14,CON
14831630,61669623,2012-07-09,PRO
14831630,13833707,2013-03-15,DIV
14831632,62040592,2014-08-22,PRO
14831634,61303518,2010-02-11,PRO
14831634,13026203,2011-02-11,CON
14831634,13831070,2013-03-14,CON
14831636,13599874,2012-08-30,CON
14831636,13621131,2012-09-15,CON
14831637,14180831,2014-02-14,CIP
14831638,13725400,2012-12-21,CON
14831639,62040285,2014-08-21,PRO
14831640,13617806,2012-09-14,CON
14831640,14494134,2014-09-23,CON
14831641,61937310,2014-02-07,PRO
14831641,14479607,2014-09-08,DIV
14831642,14385805,2014-09-17,CON
14831642,PCT/JP2013/054697,2013-02-25,NST
14831643,PCT/JP2014/050172,2014-01-08,CON
14831644,62040985,2014-08-22,PRO
14831645,61539884,2011-09-27,PRO
14831645,13364118,2012-02-01,CON
14831647,12821625,2010-06-23,CON
14831648,12726327,2010-03-17,CON
14831648,13930353,2013-06-28,CIP
14831648,14490344,2014-09-18,CON
14831650,62039946,2014-08-21,PRO
14831651,61559425,2011-11-14,PRO
14831651,61559980,2011-11-15,PRO
14831651,61560381,2011-11-16,PRO
14831651,61562654,2011-11-22,PRO
14831651,61563339,2011-11-23,PRO
14831651,13675855,2012-11-13,CIP
14831651,61728633,2012-11-20,PRO
14831651,61728641,2012-11-20,PRO
14831651,61728645,2012-11-20,PRO
14831651,13775744,2013-02-25,CON
14831651,14488564,2014-09-17,CIP
14831652,PCT/CN2013/088402,2013-12-03,CON
14831655,61890484,2013-10-14,PRO
14831655,14195347,2014-03-03,CIP
14831656,62039806,2014-08-20,PRO
14831659,61672062,2012-07-16,PRO
14831659,13571302,2012-08-09,CON
14831663,11274888,2005-11-16,CIP
14831663,11391683,2006-03-29,CIP
14831663,11404091,2006-04-14,CON
14831663,12960947,2010-12-06,CON
14831663,14331003,2014-07-14,CON
14831665,61539884,2011-09-27,PRO
14831665,13364152,2012-02-01,CON
14831666,61076873,2008-06-30,PRO
14831666,13001962,2011-05-09,CIP
14831668,62039808,2014-08-20,PRO
14831675,11590926,2006-11-01,DIV
14831675,12895460,2010-09-30,CON
14831675,14455081,2014-08-08,CON
14831676,11201074,2005-08-10,CON
14831676,11842703,2007-08-21,CON
14831676,12254659,2008-10-20,CON
14831676,12868400,2010-08-25,CON
14831676,13166920,2011-06-23,CON
14831676,13404519,2012-02-24,CON
14831676,13974576,2013-08-23,CON
14831676,14311566,2014-06-23,CON
14831678,14298036,2014-06-06,CIP
14831678,14298176,2014-06-06,CIP
14831684,PCT/CN2013/071790,2013-02-22,CON
14831686,PCT/JP2014/050147,2014-01-08,CON
14831687,14028251,2013-09-16,CIP
14831687,14144545,2013-12-30,CON
14831688,60511287,2003-10-14,PRO
14831688,10966507,2004-10-14,DIV
14831688,12548200,2009-08-26,CON
14831688,12897567,2010-10-04,CON
14831688,13164620,2011-06-20,CON
14831688,14206893,2014-03-12,CON
14831690,12096767,2008-11-24,CON
14831690,13536599,2012-06-28,CON
14831690,PCT/CA2006/002009,2006-12-11,NST
14831692,14144219,2013-12-30,CON
14831694,13995895,2013-06-19,CON
14831694,PCT/US2012/030151,2012-03-22,NST
14831695,62039768,2014-08-20,PRO
14831695,62039774,2014-08-20,PRO
14831695,62039799,2014-08-20,PRO
14831695,62039818,2014-08-20,PRO
14831697,61413888,2010-11-15,PRO
14831697,13296753,2011-11-15,CON
14831698,61768857,2013-02-25,PRO
14831698,61815081,2013-04-23,PRO
14831698,61823663,2013-05-15,PRO
14831698,61826137,2013-05-22,PRO
14831698,61828072,2013-05-28,PRO
14831698,14187216,2014-02-21,DIV
14831699,62039805,2014-08-20,PRO
14831701,14265118,2014-04-29,CIP
14831709,62039716,2014-08-20,PRO
14831710,13192245,2011-07-27,CON
14831713,60755750,2005-12-29,PRO
14831713,60765388,2006-02-02,PRO
14831713,11645139,2006-12-22,CON
14831715,61681088,2012-08-08,PRO
14831715,13962903,2013-08-08,CON
14831717,13572437,2012-08-10,DIV
14831718,61642912,2012-05-04,PRO
14831718,13872622,2013-04-29,DIV
14831719,13507389,2012-06-25,CIP
14831719,61862145,2013-08-05,PRO
14831719,14452380,2014-08-05,CIP
14831727,PCT/GB2014/050503,2014-02-20,CON
14831731,62040913,2014-08-22,PRO
14831734,60997460,2007-10-02,PRO
14831734,12244723,2008-10-02,CON
14831734,13326023,2011-12-14,CON
14831734,13889674,2013-05-08,CON
14831734,13893258,2013-05-13,CON
14831735,13686775,2012-11-27,CON
14831735,PCT/US2011/000974,2011-05-27,CON
14831742,62039742,2014-08-20,PRO
14831747,60825531,2006-09-13,PRO
14831747,11854312,2007-09-12,CIP
14831747,12046024,2008-03-11,CON
14831747,13302588,2011-11-22,CON
14831750,62041016,2014-08-22,PRO
14831752,62039547,2014-08-20,PRO
14831753,PCT/US09/00158,2009-01-09,NST
14831753,13144006,2011-07-11,DIV
14831755,11561333,2006-11-17,CIP
14831755,60937462,2007-06-27,PRO
14831755,12163814,2008-06-27,CON
14831755,12620455,2009-11-17,CON
14831755,12959237,2010-12-02,CON
14831755,13282289,2011-10-26,CIP
14831755,14214249,2014-03-14,CON
14831755,14586557,2014-12-30,CON
14831757,PCT/KR2014/001355,2014-02-19,CON
14831758,62039742,2014-08-20,PRO
14831760,62039813,2014-08-20,PRO
14831761,13935442,2013-07-03,DIV
14831762,PCT/CN2013/091267,2013-12-31,CON
14831763,61394946,2010-10-20,PRO
14831763,13276467,2011-10-19,DIV
14831765,62041398,2014-08-25,PRO
14831771,13838618,2013-03-15,CON
14831777,13430150,2012-03-26,CON
14831778,61800252,2013-03-15,PRO
14831778,13918984,2013-06-16,CON
14831778,14339126,2014-07-23,CON
14831781,62039481,2014-08-20,PRO
14831784,62039481,2014-08-20,PRO
14831785,62039573,2014-08-20,PRO
14831786,61641295,2012-05-01,PRO
14831786,13468564,2012-05-10,CON
14831789,60982279,2007-10-24,PRO
14831789,61099059,2008-09-22,PRO
14831789,12258251,2008-10-24,DIV
14831791,62039869,2014-08-20,PRO
14831793,13384408,2012-01-17,CON
14831793,PCT/SE2010/000195,2010-07-16,NST
14831795,PCT/CN2014/076077,2014-04-24,CON
14831796,62040313,2014-08-21,PRO
14831796,62120528,2015-02-25,PRO
14831798,60937238,2007-06-25,PRO
14831798,PCT/US08/08041,2008-06-25,NST
14831798,12665676,2011-01-26,CON
14831798,14096571,2013-12-04,CON
14831801,PCT/JP2014/051142,2014-01-21,CON
14831804,12770148,2010-04-29,CON
14831805,13122123,2011-03-31,CON
14831805,14330156,2014-07-14,CON
14831805,PCT/KR2009/005462,2009-09-24,NST
14831813,62041303,2014-08-25,PRO
14831814,62039714,2014-08-20,PRO
14831816,62040400,2014-08-21,PRO
14831817,13210209,2011-08-15,CIP
14831818,61929618,2014-01-21,PRO
14831818,14251334,2014-04-11,CON
14831819,62041613,2014-08-25,PRO
14831819,62117404,2015-02-17,PRO
14831822,PCT/CN2014/081947,2014-07-10,CON
14831827,61747376,2012-12-31,PRO
14831827,14142922,2013-12-30,CIP
14831827,62040217,2014-08-21,PRO
14831828,62039660,2014-08-20,PRO
14831833,12049908,2008-03-17,CON
14831834,PCT/JP2014/000826,2014-02-18,CON
14831835,62039839,2014-08-20,PRO
14831837,14300833,2014-06-10,CON
14831838,61435250,2011-01-21,PRO
14831838,13355458,2012-01-20,DIV
14831838,14562066,2014-12-05,CON
14831854,PCT/CN2014/082652,2014-07-21,CON
14831863,13117062,2011-05-26,DIV
14831863,13406733,2012-02-28,CON
14831868,62039854,2014-08-20,CON
14831870,60310870,2001-08-07,PRO
14831870,PCT/US02/24981,2002-08-06,CON
14831870,10775762,2004-02-09,REI
14831873,61800252,2013-03-15,PRO
14831873,13918984,2013-06-16,CON
14831873,14339126,2014-07-23,CON
14831881,13875293,2013-05-02,DIV
14831884,PCT/JP2014/060027,2014-04-04,CON
14831888,13606043,2012-09-07,DIV
14831892,13832599,2013-03-15,CON
14831896,61224492,2009-07-10,PRO
14831896,12832396,2010-07-08,CON
14831896,14273577,2014-05-09,CON
14831896,14564411,2014-12-09,CON
14831897,14277163,2014-05-14,DIV
14831898,13249301,2011-09-30,CON
14831899,61577831,2011-12-20,PRO
14831899,13469121,2012-05-11,DIV
14831900,14277857,2014-05-15,DIV
14831905,13332937,2011-12-21,CON
14831905,13660840,2012-10-25,CIP
14831905,13949693,2013-07-24,CON
14831908,13535937,2012-06-28,CON
14831908,14283353,2014-05-21,DIV
14831909,60262402,2001-01-16,PRO
14831909,PCT/US02/01130,,NST
14831909,10466290,2003-07-15,CON
14831909,11548413,2006-10-11,CON
14831909,12815831,2010-06-15,CON
14831909,13223480,2011-09-01,CON
14831911,62039970,2014-08-21,PRO
14831911,62039987,2014-08-21,PRO
14831911,62039996,2014-08-21,PRO
14831911,62040001,2014-08-21,PRO
14831911,62040006,2014-08-21,PRO
14831919,PCT/JP2013/074430,2013-09-10,CON
14831924,13555635,2012-07-23,CIP
14831924,13628702,2012-09-27,CON
14831925,12376413,2009-02-04,DIV
14831935,61492935,2011-06-03,PRO
14831935,13479340,2012-05-24,CON
14831938,12689521,2010-01-19,CON
14831938,14082551,2013-11-18,CON
14831939,13111064,2011-05-19,CON
14831940,60997885,2007-10-05,PRO
14831940,61075867,2008-06-26,PRO
14831940,12244024,2008-10-02,CON
14831940,13400143,2012-02-20,CON
14831941,13555635,2012-07-23,CIP
14831941,13628702,2012-09-27,CON
14831944,62040161,2014-08-21,PRO
14831946,12049471,2008-03-17,CON
14831950,13340739,2011-12-30,CON
14831956,60189674,2000-03-15,PRO
14831956,60201789,2000-05-04,PRO
14831956,09808867,2001-03-15,CON
14831956,10832106,2004-04-26,CON
14831956,11562931,2006-11-22,CON
14831956,13589907,2012-08-20,CON
14831956,14732489,2015-06-05,CON
14831957,61231181,2009-08-04,PRO
14831957,12850364,2010-08-04,CON
14831965,61049337,2008-04-30,PRO
14831965,12432553,2009-04-29,CON
14831966,14194769,2014-03-02,CON
14831971,60400328,2002-07-31,PRO
14831971,PCT/US03/24201,2003-07-31,NST
14831971,10522914,2005-01-28,CON
14831971,13904425,2013-05-29,CON
14831972,13755862,2013-01-31,DIV
14831972,14578578,2014-12-22,CON
14831973,10453260,2003-06-02,CON
14831974,62041305,2014-08-25,PRO
14831975,11747028,2007-05-10,CIP
14831975,13686131,2012-11-27,CIP
14831975,14155496,2014-01-15,DIV
14831977,13877056,2013-08-02,DIV
14831977,PCT/GB2011/001444,2011-10-04,NST
14831981,12126098,2008-05-23,CON
14831981,13593063,2012-08-23,CON
14831981,14164878,2014-01-27,CON
14831983,62041397,2014-08-25,PRO
14831985,62040574,2014-08-22,PRO
14831985,62083396,2014-11-24,PRO
14831987,13512187,2012-08-28,DIV
14831987,PCT/FR2010/052451,2010-11-18,NST
14831990,60303474,2001-07-06,PRO
14831990,10481353,2003-12-19,CON
14831990,11500252,2006-08-07,CON
14831990,12694758,2010-01-27,CON
14831990,13086563,2011-04-14,CON
14831990,13847646,2013-03-20,CON
14831991,11747028,2007-05-10,CIP
14831991,13686131,2012-11-27,CIP
14831991,14155496,2014-01-15,DIV
14831993,61554359,2011-11-01,PRO
14831993,13665026,2012-10-31,CON
14831995,14591570,2015-01-07,CON
14831998,13529369,2012-06-21,CON
14831998,PCT/US2010/060938,2010-12-17,CON
14831999,61791154,2013-03-15,PRO
14831999,14212390,2014-03-14,CON
14832002,PCT/RU2014/000137,2014-03-04,CON
14832003,61301085,2010-02-03,PRO
14832003,12975778,2010-12-22,DIV
14832007,61944115,2014-02-25,PRO
14832007,14284384,2014-05-21,CIP
14832007,14797875,2015-07-13,CIP
14832007,PCT/US2015/017423,2015-02-25,CIP
14832009,13586235,2012-08-15,CON
14832012,62041791,2014-08-26,PRO
14832017,11747028,2007-05-10,CIP
14832017,13686131,2012-11-27,CIP
14832017,14155496,2014-01-15,DIV
14832019,14281166,2014-05-19,DIV
14832021,14281166,2014-05-19,DIV
14832024,14281166,2014-05-19,DIV
14832027,61663099,2012-06-22,PRO
14832027,61809634,2013-04-08,PRO
14832027,61837633,2013-06-20,PRO
14832027,13924294,2013-06-21,CON
14832030,61118796,2008-12-01,PRO
14832030,PCT/US09/66078,2009-11-30,NST
14832030,13129898,2011-08-01,CON
14832030,14074147,2013-11-07,CON
14832039,13133309,2011-08-22,CON
14832039,PCT/EP2009/066640,2009-12-08,NST
14832041,14539232,2014-11-12,DIV
14832042,61424253,2010-12-17,PRO
14832042,13326561,2011-12-15,CON
14832054,61672062,2012-07-16,PRO
14832054,13571308,2012-08-09,CON
14832056,62040464,2014-08-22,PRO
14832058,13141949,2011-06-23,CIP
14832058,PCT/KR2009/003522,2009-06-29,NST
14832060,10433936,2003-11-12,DIV
14832060,11712199,2007-02-28,CON
14832060,PCT/NL2001/000893,2001-12-07,NST
14832065,13024211,2011-02-09,CON
14832066,13277377,2011-10-20,DIV
14832066,14171812,2014-02-04,CON
14832066,14571392,2014-12-16,CON
14832069,13513035,2012-08-29,DIV
14832069,PCT/US2010/058909,2010-12-03,NST
14832071,62040905,2014-08-22,PRO
14832073,62040158,2014-08-21,PRO
14832074,61830257,2013-06-03,PRO
14832074,14292881,2014-05-31,CIP
14832074,62040182,2014-08-21,PRO
14832075,62040962,2014-08-22,PRO
14832075,62098727,2014-12-31,PRO
14832076,62041369,2014-08-25,PRO
14832078,10634377,2003-08-05,CON
14832078,11467754,2006-08-28,CON
14832078,12106802,2008-04-21,CON
14832078,12941647,2010-11-08,CON
14832079,61177329,2009-05-12,PRO
14832079,12774958,2010-05-06,CON
14832079,13766680,2013-02-13,CON
14832079,14181988,2014-02-17,CON
14832082,14091494,2013-11-27,CON
14832082,14270665,2014-05-06,CON
14832083,14367647,2014-06-20,CON
14832083,PCT/GB2012/053258,2012-12-21,NST
14832085,62040715,2014-08-22,PRO
14832091,11528759,2006-09-28,CON
14832092,PCT/JP2013/073406,2013-08-30,CON
14832097,PCT/US2014/017809,2014-02-21,CON
14832100,PCT/CN2014/081244,2014-06-30,CON
14832101,10507785,2004-09-13,DIV
14832101,12560657,2009-09-16,DIV
14832101,13887681,2013-05-06,DIV
14832101,14186343,2014-02-21,DIV
14832101,PCT/EP03/02515,2003-03-11,NST
14832103,13912167,2013-06-06,CON
14832103,PCT/US2011/063623,2011-12-06,CON
14832105,62040086,2014-08-21,PRO
14832106,61287766,2009-12-18,PRO
14832106,12973296,2010-12-20,CIP
14832106,61621845,2012-04-09,PRO
14832106,61760652,2013-02-05,PRO
14832106,13859396,2013-04-09,CIP
14832106,62040075,2014-08-21,PRO
14832109,14031423,2013-09-19,CIP
14832109,14031520,2013-09-19,CIP
14832109,14337915,2014-07-22,CIP
14832109,14566359,2014-12-10,CIP
14832112,PCT/JP2014/005087,2014-10-06,CON
14832113,14245436,2014-04-04,CIP
14832116,14196531,2014-03-04,CON
14832116,14538992,2014-11-12,CON
14832116,14725229,2015-05-29,CON
14832118,13879254,2013-05-21,DIV
14832118,PCT/US2011/055699,2011-10-11,NST
14832126,61973809,2014-04-01,PRO
14832126,62046572,2014-09-05,PRO
14832126,14487515,2014-09-16,CIP
14832126,62074519,2014-11-03,PRO
14832126,62074550,2014-11-03,PRO
14832126,62074577,2014-11-03,PRO
14832126,62113352,2015-02-06,PRO
14832126,PCT/US15/45515,2015-08-17,CIP
14832129,PCT/JP2014/004237,2014-08-19,CON
14832130,13142162,2011-08-25,DIV
14832130,14508646,2014-10-07,CON
14832130,PCT/AU2009/001701,2009-12-23,NST
14832132,61069441,2008-03-14,PRO
14832132,61192480,2008-09-18,PRO
14832132,12397515,2009-03-04,CON
14832132,14248554,2014-04-09,CON
14832138,62040271,2014-08-21,PRO
14832139,14047348,2013-10-07,DIV
14832142,13090543,2011-04-20,DIV
14832146,14384453,,CON
14832146,PCT/JP2012/069056,2012-07-19,NST
14832148,13693434,2012-12-04,DIV
14832150,13484600,2012-05-31,CON
14832152,14078755,2013-11-13,CIP
14832152,61962396,2013-11-06,PRO
14832152,62040509,2014-08-22,PRO
14832152,14533614,2014-11-05,CIP
14832153,PCT/CN2013/071736,2013-02-21,CON
14832155,PCT/CN2014/071614,2014-01-28,CON
14832157,61613648,2012-03-21,PRO
14832157,61794777,2013-03-15,PRO
14832157,13847710,2013-03-20,CON
14832159,62040580,2014-08-22,PRO
14832163,13573569,2012-09-24,CIP
14832163,14566404,2014-12-10,CIP
14832164,61552052,2011-10-27,PRO
14832164,61645191,2012-05-10,PRO
14832164,61709809,2012-10-04,PRO
14832164,13663339,2012-10-29,DIV
14832165,PCT/CN2015/072483,2015-02-09,CON
14832166,14047189,2013-10-07,DIV
14832167,11883249,2008-12-05,DIV
14832167,PCT/JP2007/055878,2007-03-22,NST
14832168,13741428,2013-01-15,CON
14832170,61973804,2014-04-01,PRO
14832170,61973809,2014-04-01,PRO
14832170,14487515,2014-09-16,CIP
14832170,62074550,2014-11-03,PRO
14832170,62074577,2014-11-03,PRO
14832170,62113352,2015-02-06,PRO
14832170,PCT/US15/45535,2015-08-17,CIP
14832177,13831497,2013-03-14,CON
14832180,62040209,2014-08-21,PRO
14832192,13062348,2011-06-06,DIV
14832192,PCT/JP2009/065512,2009-09-04,NST
14832194,14130105,2013-12-30,DIV
14832194,PCT/IB2012/001203,2012-06-19,NST
14832196,PCT/JP2014/054467,2014-02-25,CON
14832198,13794511,2013-03-11,CON
14832200,62040200,2014-08-21,PRO
14832201,PCT/JP2013/078053,2013-10-16,CON
14832202,62040732,2014-08-22,PRO
14832205,62040401,2014-08-21,PRO
14832206,13252449,2011-10-04,CON
14832206,13852294,2013-03-28,CON
14832206,PCT/GB2010/001191,2010-06-18,CON
14832207,PCT/JP2014/054382,2014-02-24,CON
14832208,09357645,1999-07-20,CON
14832208,10951441,2004-09-28,CON
14832208,12423665,2009-04-14,DIV
14832208,12847980,2010-07-30,CON
14832208,13973630,2013-08-22,CON
14832208,14204080,2014-03-11,CON
14832209,11945214,2007-11-26,CON
14832209,13616796,2012-09-14,CON
14832210,61767252,2013-02-21,PRO
14832210,PCT/US14/17513,2014-02-20,CON
14832211,PCT/EP2015/058096,2015-04-14,CON
14832214,13386459,2012-01-23,CON
14832215,14204075,2014-03-11,CIP
14832215,14535667,2014-11-07,CIP
14832222,13800712,2013-03-13,CON
14832224,13087768,2011-04-15,CON
14832225,13905762,2013-05-30,CIP
14832225,62195551,2015-07-22,PRO
14832226,11747028,2007-05-10,CON
14832226,14682188,2015-04-09,CIP
14832228,PCT/JP2014/054389,2014-02-24,CON
14832230,14319681,2014-06-30,CIP
14832232,62040098,2014-08-21,PRO
14832234,62040203,2014-08-21,PRO
14832236,62040227,2014-08-21,PRO
14832238,62040065,2014-08-21,PRO
14832239,14177251,2014-02-11,DIV
14832240,13774432,2013-02-22,CON
14832243,12813606,2010-06-11,CON
14832243,14014858,2013-08-30,CON
14832245,12470925,2009-05-22,CON
14832245,13856963,2013-04-04,CON
14832245,14271500,2014-05-07,CON
14832248,13880224,2013-04-18,CON
14832248,PCT/JP2011/006652,2011-11-29,NST
14832252,62040225,2014-08-21,PRO
14832253,13853700,2013-03-29,CON
14832254,62040278,2014-08-21,PRO
14832255,62040612,2014-08-22,PRO
14832256,61611980,2012-03-16,PRO
14832256,13801641,2013-03-13,DIV
14832258,PCT/JP2014/053705,2014-02-18,CON
14832261,61560135,2011-11-15,PRO
14832261,13427726,2012-03-22,CON
14832262,11869382,2007-10-09,DIV
14832262,13012181,2011-01-24,DIV
14832262,13437331,2012-04-02,DIV
14832265,PCT/JP2014/000822,2014-02-18,CON
14832266,14129489,2013-12-26,DIV
14832266,PCT/JP2012/064064,2012-05-31,NST
14832271,10570226,2006-11-01,CON
14832271,14270200,2014-05-05,CON
14832271,PCT/NZ2004/000194,2004-08-20,NST
14832272,61831442,2013-06-05,PRO
14832272,14297041,2014-06-05,CON
14832273,11875659,2007-10-19,CON
14832273,13301960,2011-11-22,CON
14832273,13975554,2013-08-26,CON
14832273,14289971,2014-05-29,CON
14832274,62039950,2014-08-21,PRO
14832275,PCT/JP2014/054388,2014-02-24,CON
14832276,14466574,2014-08-22,CIP
14832278,60949449,2007-07-12,PRO
14832278,61013600,2007-12-13,PRO
14832278,12172073,2008-07-11,DIV
14832278,14287913,2014-05-27,CON
14832279,61251191,2009-10-13,PRO
14832279,12892274,2010-09-28,CIP
14832279,12892320,2010-09-28,CIP
14832279,12903830,2010-10-13,CIP
14832279,13792729,2013-03-11,CIP
14832281,14288319,2014-05-27,CON
14832284,PCT/FR2014/050361,2014-02-21,CON
14832286,61367812,2010-07-26,PRO
14832286,61367834,2010-07-26,PRO
14832286,61382862,2010-09-14,PRO
14832286,61420100,2010-12-06,PRO
14832286,61447539,2011-02-28,PRO
14832286,61491058,2011-05-27,PRO
14832286,PCT/US11/44437,2011-07-19,NST
14832286,13704215,2013-04-09,DIV
14832287,13858432,2013-04-08,CIP
14832288,14118364,2013-11-18,DIV
14832288,PCT/EP2011/060959,2011-06-29,NST
14832289,62041400,2014-08-25,PRO
14832295,62041240,2014-08-25,PRO
14832297,13470775,2012-05-14,CON
14832298,61768357,2013-02-22,PRO
14832298,PCT/US14/17988,2014-02-24,CIP
14832299,PCT/JP2014/000972,2014-02-25,CON
14832301,62040189,2014-08-21,PRO
14832302,13789521,2013-03-07,CON
14832302,14061638,2013-10-23,CON
14832302,14279740,2014-05-16,CON
14832302,14530408,2014-10-31,CON
14832302,PCT/US2012/068630,2012-12-07,CON
14832305,13934437,2013-07-03,CON
14832313,PCT/JP2014/000973,2014-02-25,CON
14832314,14118364,2013-11-18,DIV
14832314,PCT/EP2011/060959,2011-06-29,NST
14832317,13126565,2011-05-10,CON
14832317,PCT/EP2009/062938,2008-10-06,NST
14832319,62070403,2014-08-25,PRO
14832320,PCT/JP2014/054390,2014-02-24,CON
14832321,61921753,2013-12-30,PRO
14832321,14244719,2014-04-03,DIV
14832324,62040892,2014-08-22,PRO
14832324,62194016,2015-07-17,PRO
14832325,62040479,2014-08-22,PRO
14832326,PCT/JP2014/054165,2014-02-21,CON
14832336,14118364,2013-11-18,DIV
14832336,PCT/EP2011/060959,2011-06-29,NST
14832337,62039973,2014-08-21,PRO
14832340,62040235,2014-08-21,PRO
14832344,12936373,2010-12-23,CON
14832344,14040277,2013-09-27,CON
14832344,PCT/US2009/002054,2009-04-02,NST
14832345,61167521,2009-04-07,PRO
14832345,61167523,2009-04-07,PRO
14832345,61167528,2009-04-07,PRO
14832345,12609831,2009-10-30,CON
14832345,13973972,2013-08-22,CIP
14832345,62040914,2014-08-22,PRO
14832346,14378646,2014-08-13,CIP
14832346,62040011,2014-08-21,PRO
14832346,PCT/IL2013/050134,2013-02-13,NST
14832348,PCT/JP2014/054037,2014-02-20,CON
14832349,61543152,2011-10-04,PRO
14832349,61543157,2011-10-04,PRO
14832349,13492309,2012-06-08,CON
14832357,61881314,2013-09-23,PRO
14832357,14494476,2014-09-23,CON
14832361,14082272,2013-11-18,CON
14832366,62040299,2014-08-21,PRO
14832370,62040018,2014-08-21,PRO
14832371,61755222,2013-01-22,PRO
14832371,14159526,2014-01-21,CON
14832376,PCT/JP2014/054393,2014-02-24,CON
14832377,62040233,2014-08-21,PRO
14832378,13414989,2012-03-08,CIP
14832378,13632661,2012-10-01,CON
14832380,12509385,2009-07-24,CON
14832380,13540508,2012-07-02,CON
14832381,61677759,2012-07-31,PRO
14832381,13846247,2013-03-18,CON
14832384,13134277,2011-06-06,CON
14832386,13669343,2012-11-05,DIV
14832387,62040103,2014-08-21,PRO
14832387,62040110,2014-08-21,PRO
14832387,62040118,2014-08-21,PRO
14832391,13424852,2012-03-20,DIV
14832393,62040686,2014-08-22,PRO
14832394,62041222,2014-08-25,PRO
14832395,13125554,2011-04-21,CON
14832395,PCT/GB2009/002147,2009-09-07,NST
14832398,61528130,2011-08-26,PRO
14832398,61595065,2012-02-04,PRO
14832398,13436087,2012-03-30,CON
14832398,13753816,2013-01-30,CON
14832399,61758817,2013-01-31,PRO
14832399,14096395,2013-12-04,CON
14832400,60935940,2007-09-07,PRO
14832400,12206468,2008-09-08,CON
14832400,13163123,2011-06-17,CON
14832400,13908821,2013-06-03,CON
14832407,13541581,2012-07-03,CIP
14832408,60050342,1997-06-20,PRO
14832408,08947080,1997-10-08,CIP
14832408,09169276,1998-10-08,CON
14832408,09686190,2000-10-10,CON
14832408,PCT/US98/12861,1998-06-19,CIP
14832408,10718779,2003-11-20,CON
14832408,11509894,2006-08-24,CON
14832408,11981641,2007-10-31,CON
14832408,13944772,2013-07-17,CON
14832408,14192668,2014-02-27,CON
14832414,14003945,2013-09-17,DIV
14832414,PCT/JP2012/056206,2012-03-09,NST
14832417,60557599,2004-03-29,PRO
14832417,11096082,2005-03-29,CIP
14832417,12118868,2008-05-12,CIP
14832417,13453807,2012-04-23,CON
14832417,14092335,2013-11-27,CON
14832420,62128101,2015-03-04,PRO
14832420,62128129,2015-03-04,PRO
14832422,61587088,2012-01-16,PRO
14832422,61637693,2012-04-24,PRO
14832422,61672633,2012-07-17,PRO
14832422,13742025,2013-01-15,DIV
14832424,12793133,2010-06-03,DIV
14832425,61327118,2010-04-23,PRO
14832425,13091677,2011-04-21,DIV
14832426,13032334,2011-02-22,DIV
14832426,14281251,2014-05-19,CON
14832427,61252110,2009-10-15,PRO
14832427,61304317,2010-02-12,PRO
14832427,61355087,2010-06-15,PRO
14832427,12905984,2010-10-15,CON
14832429,13137151,2011-07-22,CON
14832432,62040057,2014-08-21,PRO
14832434,61537349,2011-09-21,PRO
14832434,61560506,2011-11-16,PRO
14832434,61670490,2012-07-11,PRO
14832434,13624217,2012-09-21,DIV
14832436,13811241,2013-01-18,DIV
14832436,PCT/JP2011/066645,2011-07-14,NST
14832443,09630720,2000-08-02,CIP
14832443,11355204,2006-02-16,CON
14832443,12891921,2010-09-28,CON
14832443,13653894,2012-10-17,CON
14832443,14727502,2015-06-01,CON
14832448,13416773,2012-03-09,CON
14832450,62040600,2014-08-22,PRO
14832455,61066832,2008-02-23,PRO
14832455,PCT/US09/34780,2009-02-20,NST
14832455,12918811,2010-08-21,CIP
14832455,12975307,2010-12-21,CIP
14832455,13569261,2012-08-08,CIP
14832456,13774038,2013-02-22,CON
14832459,62040040,2014-08-21,PRO
14832463,13834016,2013-03-15,CON
14832466,13776876,2013-02-26,CIP
14832466,62046549,2014-09-05,PRO
14832468,62040600,2014-08-22,PRO
14832469,13409922,2012-03-01,CON
14832471,62040267,2014-08-21,PRO
14832472,62040289,2014-08-21,PRO
14832473,13948290,2013-07-23,CON
14832476,61066835,2008-02-23,PRO
14832476,61066845,2008-02-23,PRO
14832476,PCT/US09/34801,2009-02-21,NST
14832476,12918784,2010-08-20,CIP
14832476,61426147,2010-12-22,PRO
14832476,13075153,2011-03-29,CIP
14832476,PCT/US11/66090,2011-12-20,NST
14832476,13997242,2013-06-22,CIP
14832477,62040180,2014-08-21,PRO
14832480,12852046,2010-08-06,DIV
14832485,14004102,2013-12-20,DIV
14832485,PCT/US2012/028594,2012-03-09,NST
14832486,62040051,2014-08-21,PRO
14832488,12559848,2009-09-15,CON
14832488,13836248,2013-03-15,CON
14832490,61788137,2013-03-15,PRO
14832490,14203046,2014-03-10,CON
14832491,61424337,2010-12-17,PRO
14832491,13328447,2011-12-16,DIV
14832491,14577869,2014-12-19,CON
14832492,62040600,2014-08-22,PRO
14832493,13251480,2011-10-03,DIV
14832495,61762526,2013-02-08,PRO
14832495,61870825,2013-08-28,PRO
14832495,14175337,2014-02-07,DIV
14832497,13426792,2012-03-22,DIV
14832504,62040071,2014-08-21,PRO
14832506,13903872,2013-05-28,CON
14832508,62040237,2014-08-21,PRO
14832509,62040600,2014-08-22,PRO
14832510,61187381,2009-06-16,PRO
14832510,12790654,2010-05-28,CON
14832510,14479350,2014-09-07,CON
14832511,PCT/JP2014/000938,2014-02-21,CON
14832512,13955861,2013-07-31,DIV
14832513,12789570,2010-05-28,DIV
14832513,14273052,2014-05-08,DIV
14832514,62040188,2014-08-21,PRO
14832517,14082582,2013-11-18,DIV
14832519,13502288,2012-04-16,CON
14832519,14159999,2014-01-21,CON
14832520,PCT/JP2014/068013,2014-07-07,CON
14832528,62041132,2014-08-24,PRO
14832529,11600255,2006-11-14,CON
14832529,13049798,2011-03-16,CON
14832529,13917528,2013-06-13,CON
14832530,14161724,2014-01-23,DIV
14832533,62040230,2014-08-21,PRO
14832536,12492865,2009-06-26,CON
14832536,PCT/EP2007/064645,2007-12-28,CON
14832538,13939709,2013-07-11,DIV
14832539,13939709,2013-07-11,CON
14832541,61884724,2013-09-30,PRO
14832541,14495929,2014-09-25,DIV
14832543,13327510,2011-12-15,CON
14832543,14087973,2013-11-22,CON
14832547,62040803,2014-08-22,PRO
14832550,62040615,2014-08-22,PRO
14832552,62040769,2014-08-22,PRO
14832554,62040340,2014-08-21,PRO
14832555,13868557,2013-04-23,CON
14832557,PCT/JP2013/078803,2013-10-24,CON
14832559,13804071,2013-03-14,CON
14832564,12212157,2008-09-17,CON
14832564,14229238,2014-03-28,CON
14832567,61391277,2010-10-08,PRO
14832567,13230576,2011-09-12,DIV
14832567,14496309,2014-09-25,CON
14832568,13930391,2013-06-28,DIV
14832571,60329509,2001-10-17,PRO
14832571,10038883,2002-01-08,CIP
14832571,11529246,2006-09-29,CON
14832571,12830791,2010-07-06,CON
14832571,13108443,2011-05-16,DIV
14832571,13617175,2012-09-14,CON
14832571,14520080,2014-10-21,CON
14832577,PCT/EP2013/053604,2013-02-22,CON
14832580,13665695,2012-10-31,CON
14832587,13618963,2012-09-14,CIP
14832587,13720885,2012-12-19,CIP
14832587,13844954,2013-03-16,CON
14832587,14666167,2015-03-23,CIP
14832591,61536018,2011-09-18,PRO
14832591,13622215,2012-09-18,CON
14832592,61450560,2011-03-08,PRO
14832592,13415673,2012-03-08,CON
14832592,14250063,2014-04-10,CIP
14832595,13497894,2012-07-23,DIV
14832595,PCT/JP2010/066599,2010-09-24,NST
14832599,13700913,2013-03-07,CON
14832599,PCT/FR11/00167,2011-03-23,NST
14832605,PCT/KR2014/001809,2014-03-05,CON
14832607,62041470,2014-08-25,PRO
14832610,62040473,2014-08-22,PRO
14832612,61884724,2013-09-30,PRO
14832612,14495929,2014-09-25,DIV
14832617,12061496,2008-04-02,CON
14832617,13043044,2011-03-08,CON
14832617,13734445,2013-01-04,CON
14832624,62040573,2014-08-22,PRO
14832625,62040149,2014-08-21,PRO
14832625,62040153,2014-08-21,PRO
14832625,62040170,2014-08-21,PRO
14832629,61644993,2012-05-09,PRO
14832629,13735326,2013-01-07,DIV
14832631,61579440,2011-12-22,PRO
14832631,13723418,2012-12-21,DIV
14832636,13283919,2011-10-28,CIP
14832638,13349060,2012-01-12,CON
14832638,14297903,2014-06-06,DIV
14832644,12852433,2010-08-06,CON
14832644,13943735,2013-07-16,DIV
14832645,62040532,2014-08-22,PRO
14832647,62040700,2014-08-22,PRO
14832649,10454823,2003-06-05,CON
14832649,12856738,2010-08-16,CON
14832649,13970026,2013-08-19,CON
14832649,14597453,2015-01-15,CON
14832660,62040149,2014-08-21,PRO
14832660,62040153,2014-08-21,PRO
14832660,62040170,2014-08-21,PRO
14832664,14347303,2014-03-26,CON
14832665,62040370,2014-08-21,PRO
14832667,62041010,2014-08-22,PRO
14832668,PCT/JP2013/085204,2013-12-27,CON
14832671,62040865,2014-08-22,PRO
14832676,62040245,2014-08-21,PRO
14832682,PCT/JP2014/050324,2014-01-10,CON
14832685,13127975,2011-10-31,DIV
14832685,PCT/SE2008/051339,2008-11-24,NST
14832686,62040910,2014-08-22,PRO
14832687,14178848,2014-02-12,CON
14832688,61149304,2009-02-02,PRO
14832688,61240985,2009-09-09,PRO
14832688,61240987,2009-09-09,PRO
14832688,61240996,2009-09-09,PRO
14832688,61241001,2009-09-09,PRO
14832688,61241017,2009-09-09,PRO
14832688,12698995,2010-02-02,CON
14832689,11512775,2006-08-30,CON
14832693,62040149,2014-08-21,PRO
14832693,62040153,2014-08-21,PRO
14832693,62040170,2014-08-21,PRO
14832694,14494519,2014-09-23,CON
14832694,PCT/US2014/044707,2014-06-27,CON
14832696,62040971,2014-08-22,PRO
14832697,13795339,2013-03-12,CON
14832700,PCT/JP2013/085226,2013-12-27,CON
14832701,14129244,2014-01-31,CON
14832701,PCT/EP2012/061809,2012-06-20,NST
14832703,13504917,2012-07-17,CON
14832703,PCT/US2010/054329,2010-10-27,NST
14832704,10915691,2004-08-11,CIP
14832704,11251100,2005-10-14,CON
14832707,61452658,2011-03-15,PRO
14832707,13416825,2012-03-09,CIP
14832707,13963173,2013-08-09,CON
14832708,61161027,2009-03-17,PRO
14832708,PCT/US10/27543,2010-03-16,CIP
14832708,13235065,2011-09-16,CON
14832708,14076912,2013-11-11,CON
14832710,13551845,2012-07-18,CON
14832716,62040950,2014-08-22,PRO
14832719,13577393,2012-11-23,DIV
14832719,14250165,2014-04-10,DIV
14832719,PCT/IB2011/000178,2011-02-04,NST
14832723,62032589,2014-08-03,PRO
14832723,62039997,2014-08-21,PRO
14832723,62045246,2014-09-03,PRO
14832723,62048820,2014-09-11,PRO
14832723,62052910,2014-09-19,PRO
14832723,62053275,2014-09-22,PRO
14832723,62080437,2014-11-17,PRO
14832723,62086747,2014-12-03,PRO
14832723,62091697,2014-12-15,PRO
14832723,62140276,2015-03-30,PRO
14832723,62153999,2015-04-28,PRO
14832723,62154007,2015-04-28,PRO
14832723,14816995,2015-08-03,CIP
14832724,61750896,2013-01-10,PRO
14832724,14151607,2014-01-09,CON
14832727,62040848,2014-08-22,PRO
14832727,62094429,2014-12-19,PRO
14832728,61666719,2012-06-29,PRO
14832728,13829780,2013-03-14,DIV
14832729,13708555,2012-12-07,CON
14832733,14129244,2014-01-31,DIV
14832733,PCT/EP2012/061809,2012-06-20,NST
14832737,PCT/JP2013/085282,2013-12-28,CON
14832740,13701486,2013-03-29,CON
14832740,PCT/US2011/038702,2011-06-01,NST
14832742,13331699,2011-12-20,DIV
14832742,13837158,2013-03-15,CON
14832746,61495400,2011-06-10,PRO
14832746,61522562,2011-08-11,PRO
14832746,13483961,2012-05-30,CON
14832747,12240926,2008-09-29,CON
14832747,13620824,2012-09-15,CON
14832747,14491667,2014-09-19,CON
14832751,62041001,2014-08-22,PRO
14832755,14234279,2014-01-22,DIV
14832758,12089938,2008-04-11,CON
14832758,13251394,2011-10-03,CON
14832758,13608234,2012-09-10,CON
14832758,13971534,2013-08-20,CON
14832758,PCT/CA2006/001665,2006-10-12,NST
14832759,12291298,2008-11-06,CIP
14832759,13573228,2012-08-31,DIV
14832760,61389000,2010-10-01,PRO
14832760,61389087,2010-10-01,PRO
14832760,61389117,2010-10-01,PRO
14832760,61458150,2010-11-17,PRO
14832760,61539884,2011-09-27,PRO
14832760,13248275,2011-09-29,CON
14832761,12404895,2009-03-16,CON
14832764,13998213,2013-10-11,CON
14832770,61313225,2010-03-12,PRO
14832770,13044381,2011-03-09,DIV
14832770,13875085,2013-05-01,CON
14832772,61505420,2011-07-07,PRO
14832772,61544992,2011-10-07,PRO
14832772,61562252,2011-11-21,PRO
14832772,61577637,2011-12-19,PRO
14832772,13543521,2012-07-06,CON
14832773,61363150,2010-07-09,PRO
14832773,PCT/US11/43451,2011-07-08,NST
14832773,13808550,2013-01-04,CIP
14832773,14370694,2014-07-03,CON
14832773,PCT/US2013/021156,2013-01-11,NST
14832782,62040347,2014-08-21,PRO
14832784,PCT/US09/31678,2009-01-22,NST
14832784,12529109,2010-11-10,CON
14832784,14056674,2013-10-17,CON
14832786,61501652,2011-06-27,PRO
14832786,13535180,2012-06-27,CIP
14832786,62108397,2015-01-27,PRO
14832788,PCT/CN2013/088045,2013-11-28,CON
14832790,61539884,2011-09-27,PRO
14832790,13627422,2012-09-26,CON
14832791,13647474,2012-10-09,CON
14832798,62040828,2014-08-22,PRO
14832798,62094213,2014-12-19,PRO
14832798,62201504,2015-08-05,PRO
14832801,61430023,2011-01-05,PRO
14832801,61430083,2011-01-05,PRO
14832801,61553923,2011-10-31,PRO
14832801,13342908,2012-01-03,CON
14832802,13887167,2013-05-03,CON
14832803,14111507,2013-10-11,CON
14832803,PCT/US2012/033128,2012-04-11,NST
14832804,62040205,2014-08-21,PRO
14832804,62088411,2014-12-05,PRO
14832808,14495696,2014-09-24,CON
14832808,PCT/CN2014/083968,2014-08-08,CON
14832810,PCT/CN2013/088048,2013-11-28,CON
14832819,13266773,2011-10-27,DIV
14832819,PCT/JP2009/006592,2009-12-03,NST
14832820,62040113,2014-08-21,PRO
14832833,61733858,2012-12-05,PRO
14832833,13711593,2012-12-11,DIV
14832835,PCT/CN2014/071897,2014-02-08,CON
14832837,61409904,2010-11-03,PRO
14832837,13171629,2011-06-29,CON
14832838,62040287,2014-08-21,PRO
14832839,61212659,2009-04-14,PRO
14832839,12753364,2010-04-02,REI
14832839,14276750,2014-05-13,DIV
14832842,11255852,2005-10-21,CIP
14832842,11368300,2006-03-03,CIP
14832842,11540369,2006-09-29,CIP
14832842,11726454,2007-03-22,CIP
14832842,11828124,2007-07-25,CIP
14832842,11957001,2007-12-14,CON
14832844,62070349,2014-08-21,PRO
14832845,13226758,2011-09-07,CIP
14832845,13585190,2012-08-14,CON
14832845,14491363,2014-09-19,CON
14832848,62040786,2014-08-22,PRO
14832849,62040660,2014-08-22,PRO
14832850,61164980,2009-03-31,PRO
14832850,12751072,2010-03-31,CON
14832850,13026976,2011-02-14,CON
14832850,13973796,2013-08-22,CON
14832853,14321161,2014-07-01,CIP
14832857,13192141,2011-07-27,CON
14832859,61539884,2011-09-27,PRO
14832859,13408530,2012-02-29,CIP
14832859,13410931,2012-03-02,CIP
14832859,13410958,2012-03-02,CIP
14832859,13410983,2012-03-02,CIP
14832859,13411034,2012-03-02,CIP
14832859,13411075,2012-03-02,CIP
14832859,13436593,2012-03-30,CIP
14832859,13436823,2012-03-30,CIP
14832859,13436826,2012-03-30,CIP
14832859,13485734,2012-05-31,CIP
14832859,13485743,2012-05-31,CIP
14832859,13543635,2012-07-06,CON
14832860,61105335,2008-10-14,PRO
14832860,61106921,2008-10-20,PRO
14832860,61151758,2009-02-11,PRO
14832860,61170565,2009-04-17,PRO
14832860,61217289,2009-05-28,PRO
14832860,61229686,2009-07-29,PRO
14832860,12579241,2009-10-14,CON
14832860,61279970,2009-10-27,PRO
14832860,61261709,2009-11-16,PRO
14832860,61294440,2010-01-12,PRO
14832860,12658770,2010-02-12,CON
14832860,13188350,2011-07-21,CIP
14832860,14175781,2014-02-07,CON
14832860,14551364,2014-11-24,CON
14832863,PCT/EP2014/053855,2014-02-27,CON
14832864,62040207,2014-08-21,PRO
14832865,62040300,2014-08-21,PRO
14832873,60747645,2006-05-18,PRO
14832873,11750721,2007-05-18,CON
14832873,61105335,2008-10-14,PRO
14832873,61106921,2008-10-20,PRO
14832873,61151758,2009-02-11,PRO
14832873,61170565,2009-04-17,PRO
14832873,61217289,2009-05-28,PRO
14832873,61229686,2009-07-29,PRO
14832873,12579241,2009-10-14,CON
14832873,61279970,2009-10-27,PRO
14832873,61261709,2009-11-16,PRO
14832873,61294440,2010-01-12,PRO
14832873,12658770,2010-02-12,CON
14832873,13188350,2011-07-21,CIP
14832873,14143959,2013-12-30,CON
14832873,14175781,2014-02-07,CON
14832873,14473871,2014-08-29,CIP
14832873,14551364,2014-11-24,CON
14832875,13739685,2013-01-11,CIP
14832875,13739701,2013-01-11,CIP
14832875,62040131,2014-08-21,PRO
14832877,13754737,2013-01-30,CON
14832877,14064014,2013-10-25,CON
14832880,PCT/JP2014/050305,2014-01-10,CON
14832889,09894293,2001-06-27,CIP
14832889,11022228,2004-12-23,CON
14832889,14259458,2014-04-23,CON
14832891,61669516,2012-07-09,PRO
14832891,13870828,2013-04-25,CON
14832892,61149116,2009-02-02,PRO
14832892,61262386,2009-11-18,PRO
14832892,12698961,2010-02-02,CIP
14832892,12948938,2010-11-18,DIV
14832893,14088788,2013-11-25,CON
14832894,PCT/JP2013/084406,2013-12-24,CON
14832896,62040990,2014-08-22,PRO
14832912,10954025,2004-09-29,DIV
14832912,12261864,2008-10-30,CON
14832912,13231813,2011-09-13,CON
14832912,13459512,2012-04-30,CON
14832912,13725775,2012-12-21,CON
14832912,13827262,2013-03-14,CON
14832915,62040275,2014-08-21,PRO
14832916,12874411,2010-09-02,CON
14832917,62040920,2014-08-22,PRO
14832918,61149116,2009-02-02,PRO
14832918,61262386,2009-11-18,PRO
14832918,12698961,2010-02-02,CIP
14832918,12948938,2010-11-18,DIV
14832920,60841371,2006-08-30,PRO
14832920,60867748,2006-11-29,PRO
14832920,PCT/US07/19234,2007-08-30,NST
14832920,12438789,2011-07-12,CON
14832922,12160030,2008-10-28,CON
14832922,13161307,2011-06-15,CON
14832922,PCT/US2007/000280,2007-01-05,NST
14832923,PCT/JP2014/054193,2014-02-21,CON
14832930,62040744,2014-08-22,PRO
14832935,12727001,2010-03-18,CIP
14832935,14745183,2015-06-19,CON
14832936,62041440,2014-08-25,PRO
14832937,60472429,2003-05-22,PRO
14832937,10850121,2004-05-19,CIP
14832937,61805477,2013-03-26,PRO
14832937,14226720,2014-03-26,CIP
14832937,62040348,2014-08-21,PRO
14832938,62041530,2014-08-25,PRO
14832941,61567023,2011-12-05,PRO
14832941,PCT/US12/67704,2012-12-04,NST
14832941,14362095,2014-05-30,CON
14832942,14462438,2014-08-18,DIV
14832944,61348400,2010-05-26,PRO
14832944,13115888,2011-05-25,CON
14832945,61433908,2011-01-18,PRO
14832945,13352255,2012-01-17,CON
14832948,61728741,2012-11-20,PRO
14832948,14022123,2013-09-09,CIP
14832948,14022123,2013-09-09,CON
14832948,61895950,2013-10-25,PRO
14832948,14101279,2013-12-09,CIP
14832948,62040127,2014-08-21,PRO
14832948,14523806,2014-10-24,CIP
14832949,62040789,2014-08-22,PRO
14832954,13110939,2011-05-19,CON
14832955,62040260,2014-08-21,PRO
14832962,61691561,2012-08-21,PRO
14832962,61691586,2012-08-21,PRO
14832962,13933856,2013-07-02,CON
14832963,62041009,2014-08-22,PRO
14832963,62064434,2014-10-15,PRO
14832964,61816618,2013-04-26,PRO
14832964,14261361,2014-04-24,CON
14832966,61053988,2008-05-16,PRO
14832966,61127731,2008-05-14,PRO
14832966,61058149,2008-06-02,PRO
14832966,PCT/US09/44035,2009-05-14,NST
14832966,12991685,2011-03-14,CON
14832966,14172784,2014-02-04,CON
14832969,11732345,2007-04-03,DIV
14832969,13046678,2011-03-11,DIV
14832969,13944488,2013-07-17,DIV
14832972,61559173,2011-11-14,PRO
14832972,13677215,2012-11-14,CIP
14832978,10587478,2008-09-04,CON
14832978,12749334,2010-03-29,CON
14832978,13474020,2012-05-17,CON
14832978,13737771,2013-01-09,CON
14832978,14269452,2014-05-05,CON
14832978,14596187,2015-01-13,CON
14832978,PCT/GB2006/002028,2006-06-05,NST
14832980,62041009,2014-08-22,PRO
14832980,62064434,2014-10-15,PRO
14832982,62040999,2014-08-22,PRO
14832986,13905779,2013-05-30,CON
14832988,62040993,2014-08-22,PRO
14832990,62040993,2014-08-22,PRO
14832991,61586097,2012-01-12,PRO
14832991,13740186,2013-01-12,CIP
14832992,62040408,2014-08-21,PRO
14832997,60710682,2005-08-22,PRO
14832997,11213344,2005-08-26,CON
14832997,12843782,2010-07-26,DIV
14832997,14010193,2013-08-26,DIV
14832998,62040409,2014-08-21,PRO
14832999,62040384,2014-08-21,PRO
14833004,62040988,2014-08-22,PRO
14833010,61899098,2013-11-01,PRO
14833010,14528050,2014-10-30,CON
14833012,61820609,2013-05-07,PRO
14833012,14081726,2013-11-15,CON
14833013,61820609,2013-05-07,PRO
14833013,14081726,2013-11-15,CON
14833018,14504000,2014-10-01,CON
14833023,62040559,2014-08-22,PRO
14833027,14166993,2014-01-29,CIP
14833028,61548196,2011-10-17,PRO
14833028,61691702,2012-08-21,PRO
14833028,13653033,2012-10-16,CON
14833031,62040734,2014-08-22,PRO
14833033,62040091,2014-08-21,PRO
14833035,62040345,2014-08-21,PRO
14833035,62040355,2014-08-21,PRO
14833035,62040358,2014-08-21,PRO
14833037,62040091,2014-08-21,PRO
14833038,61775408,2013-03-08,PRO
14833038,14183329,2014-02-18,CON
14833042,62070358,2014-08-21,PRO
14833043,61727033,2012-11-15,PRO
14833043,61861935,2013-08-02,PRO
14833043,14079835,2013-11-14,CIP
14833043,62041005,2014-08-22,PRO
14833043,62116539,2015-02-15,PRO
14833044,14453352,2014-08-06,CIP
14833045,61593238,2012-01-31,PRO
14833045,61593241,2012-01-31,PRO
14833045,13752200,2013-01-28,CON
14833045,14564105,2014-12-09,CON
14833048,11344987,2006-02-01,CIP
14833048,60879440,2007-01-09,PRO
14833048,11971835,2008-01-09,CON
14833052,62040443,2014-08-22,PRO
14833058,11552935,2006-10-25,CON
14833058,12506227,2009-07-20,CON
14833058,13544946,2012-07-09,CON
14833060,13483355,2012-05-30,CIP
14833060,13969545,2013-08-17,CIP
14833060,14083678,2013-11-19,CON
14833071,60767408,2006-03-26,PRO
14833071,11690912,2007-03-26,CIP
14833071,12714259,2010-02-26,CON
14833072,62021776,2014-07-08,PRO
14833072,62040577,2014-08-22,PRO
14833072,14794680,2015-07-08,CIP
14833076,61669045,2012-07-07,PRO
14833076,13936175,2013-07-06,DIV
14833077,61518053,2011-04-30,PRO
14833077,13459168,2012-04-28,DIV
14833080,14243034,2014-04-02,CON
14833082,PCT/US13/47380,2013-06-24,NST
14833082,14123199,2013-11-29,DIV
14833083,13524175,2012-06-15,CON
14833088,61682756,2012-08-13,PRO
14833088,13792058,2013-03-09,CON
14833088,14137445,2013-12-20,CIP
14833098,13293221,2011-11-10,CON
14833098,14179633,2014-02-13,CON
14833099,61435358,2011-01-24,PRO
14833099,61438993,2011-02-03,PRO
14833099,13356815,2012-01-24,CON
14833099,14292914,2014-06-01,CON
14833100,13306669,2011-11-29,CON
14833100,14171421,2014-02-03,CON
14833105,11649467,2007-01-04,CON
14833105,14250432,2014-04-11,CON
14833108,13591182,2012-08-21,CIP
14833112,13874515,2013-05-01,CON
14833113,11063291,2005-02-22,CON
14833113,12539369,2009-08-11,CON
14833113,12941410,2010-11-08,CON
14833113,13114434,2011-05-24,CON
14833113,13304663,2011-11-27,CON
14833113,13592323,2012-08-22,CON
14833113,14680684,2015-04-07,CON
14833113,14747770,2015-06-23,CON
14833115,PCT/US2014/018451,2014-02-25,CON
14833124,13868925,2013-04-23,CIP
14833127,62040589,2014-08-22,PRO
14833154,61615908,2012-03-27,PRO
14833154,13669397,2012-11-05,CON
14833155,PCT/KR2014/001523,2014-02-25,CIP
14833166,14353974,2014-04-24,CON
14833166,PCT/US2012/061564,2012-10-24,NST
14833172,13057911,2011-04-15,CON
14833172,PCT/GB2009/051361,2009-10-13,NST
14833175,12942152,2010-11-09,DIV
14833178,11302642,2005-12-14,CON
14833180,13377149,2011-12-08,DIV
14833180,PCT/CN2011/080179,2011-09-26,NST
14833182,61358979,2010-06-28,PRO
14833182,13170200,2011-06-28,CON
14833184,61245635,2009-09-24,PRO
14833184,12885155,2010-09-17,CON
14833184,14488191,2014-09-16,CON
14833187,62103704,2015-01-15,PRO
14833192,14143015,2013-12-30,DIV
14833199,13824359,2013-03-16,CON
14833199,14277371,2014-05-14,DIV
14833199,PCT/AU2011/001212,2011-09-20,NST
14833201,13626622,2012-09-25,CON
14833201,14165630,2014-01-28,CON
14833210,61424332,2010-12-17,PRO
14833210,61436365,2011-01-26,PRO
14833210,PCT/US11/65513,2011-12-16,NST
14833210,13993910,2013-08-26,CON
14833216,13022844,2011-02-08,CIP
14833216,13488709,2012-06-27,DIV
14833216,14538042,2014-11-11,CON
14833222,61493536,2011-06-06,PRO
14833222,13488554,2012-06-05,DIV
14833225,13857385,2013-04-05,DIV
14833231,61542398,2011-10-03,PRO
14833231,13644048,2012-10-03,CON
14833232,14019648,2013-09-06,CON
14833241,11773585,2007-07-05,CON
14833241,13784900,2013-03-05,CON
14833242,13834048,2013-03-15,CON
14833243,60755176,2005-12-30,PRO
14833243,60755908,2005-12-31,PRO
14833243,11647750,2006-12-29,CON
14833243,13897467,2013-05-20,CON
14833248,61839567,2013-06-26,PRO
14833248,61865323,2013-08-13,PRO
14833248,62001552,2014-05-21,PRO
14833248,14315920,2014-06-26,CIP
14833248,14371791,2014-07-11,CIP
14833248,14458802,2014-08-13,CIP
14833248,62079437,2014-11-13,PRO
14833248,PCT/US2013/021239,2013-01-11,NST
14833252,PCT/JP2014/054513,2014-02-25,CON
14833257,61749313,2013-01-05,PRO
14833257,13839415,2013-03-15,CON
14833257,14524081,2014-10-27,CON
14833259,12644869,2009-12-22,CON
14833260,61655634,2012-06-05,PRO
14833260,13530164,2012-06-22,CON
14833260,14449211,2014-08-01,DIV
14833268,13232738,2011-09-14,CON
14833277,61561820,2011-11-18,PRO
14833277,13680042,2012-11-17,CON
14833277,14336708,2014-07-21,CON
14833279,13879601,2013-04-15,CON
14833279,PCT/US2011/056595,2011-10-17,NST
14833286,PCT/JP2014/056783,2014-03-13,CON
14833291,61416588,2010-11-23,PRO
14833291,13042599,2011-03-08,DIV
14833294,61108700,2008-10-27,PRO
14833294,13125686,2011-08-19,DIV
14833294,PCT/US2009/005805,2009-10-26,NST
14833300,62040934,2014-08-22,PRO
14833302,12551370,2009-08-31,CON
14833303,11459949,2006-07-26,CON
14833315,13827121,2013-03-14,CON
14833317,13317152,2011-10-11,CIP
14833317,13632223,2012-10-01,CON
14833317,14245152,2014-04-04,CON
14833318,62041387,2014-08-25,PRO
14833325,61642892,2012-05-04,PRO
14833325,13887532,2013-05-06,CON
14833327,13033102,2011-02-23,CIP
14833327,13573566,2012-09-24,CIP
14833327,13896424,2013-05-17,DIV
14833328,PCT/CN2014/070431,2014-01-10,CON
14833329,13886845,2013-05-03,CON
14833333,11762200,2007-06-13,CIP
14833333,12489566,2009-06-23,CIP
14833333,12541913,2009-08-15,CIP
14833333,12613328,2009-11-05,CIP
14833333,12780071,2010-05-14,CIP
14833333,13294403,2011-11-11,CON
14833334,61827210,2013-05-24,PRO
14833334,14286456,2014-05-23,DIV
14833340,13033102,2011-02-23,CIP
14833340,13573566,2012-09-24,CIP
14833340,13896424,2013-05-17,DIV
14833341,14447181,2014-07-30,CON
14833344,13270850,2011-10-11,DIV
14833351,PCT/US2014/018137,2014-02-25,CON
14833352,10111511,2002-09-17,CON
14833352,11825330,2007-07-06,CON
14833352,12589136,2009-10-19,CON
14833352,12953151,2010-11-23,CON
14833352,14304523,2014-06-13,CON
14833352,PCT/DE00/03247,2000-09-19,NST
14833354,13033102,2011-02-23,CIP
14833354,13573566,2012-09-24,CIP
14833354,13896424,2013-05-17,DIV
14833364,61781098,2013-03-14,PRO
14833364,14187421,2014-02-24,DIV
14833369,13647103,2012-10-08,DIV
14833371,62040603,2014-08-22,PRO
14833372,PCT/CN2013/087759,2013-11-25,CON
14833373,13033102,2011-02-23,CIP
14833373,13573566,2012-09-24,CIP
14833373,13896424,2013-05-17,DIV
14833380,13576283,2012-11-21,DIV
14833380,PCT/US2010/038834,2010-06-16,NST
14833381,14142401,2013-12-27,CON
14833385,61618376,2012-03-30,PRO
14833385,61740268,2012-12-20,PRO
14833385,13836665,2013-03-15,CON
14833385,13837294,2013-03-15,CON
14833385,13837774,2013-03-15,CON
14833390,13641651,2012-10-16,CON
14833390,PCT/JP2011/058524,2011-04-04,NST
14833391,13011513,2011-01-21,DIV
14833391,14515570,2014-10-16,CON
14833393,12703603,2010-02-10,CON
14833393,14023197,2013-09-10,CON
14833393,PCT/US2008/072805,2008-08-11,CON
14833394,12929669,2011-02-07,CON
14833394,14186775,2014-02-21,CON
14833398,62041233,2014-08-25,PRO
14833400,12915294,2010-10-29,CON
14833401,13082029,2011-04-07,CON
14833401,14456383,2014-08-11,CON
14833402,61526179,2011-08-22,PRO
14833402,61661892,2012-06-20,PRO
14833402,PCT/US12/51690,2012-08-21,CIP
14833402,13922787,2013-06-20,DIV
14833403,61342029,2010-04-07,PRO
14833403,13066247,2011-04-07,DIV
14833404,13033102,2011-02-23,CIP
14833404,13573566,2012-09-24,CIP
14833404,13896424,2013-05-17,DIV
14833405,13795519,2013-03-12,CON
14833414,60407146,2002-08-28,PRO
14833414,60408332,2002-09-04,PRO
14833414,10651515,2003-08-28,CON
14833414,11549875,2006-10-16,CIP
14833414,13095528,2011-04-27,DIV
14833414,14027842,2013-09-16,DIV
14833415,12037750,2008-02-26,CON
14833415,13416193,2012-03-09,CON
14833419,13843080,2013-03-15,CON
14833423,14019061,2013-09-05,DIV
14833424,13717978,2012-12-18,CON
14833427,61898997,2013-11-01,PRO
14833427,14522826,2014-10-24,CON
14833428,13820320,2013-04-09,DIV
14833428,PCT/EP2011/065110,2011-09-01,NST
14833432,12975242,2010-12-21,DIV
14833434,62040579,2014-08-22,PRO
14833437,13971889,2013-08-21,DIV
14833439,61581617,2011-12-29,PRO
14833439,13436340,2012-03-30,CON
14833441,13213756,2011-08-19,CIP
14833441,13588162,2012-08-17,CON
14833442,12293039,2009-01-09,CON
14833442,13430393,2012-03-26,CON
14833442,PCT/EP2007/002352,2007-03-16,NST
14833448,61631549,2012-01-06,PRO
14833448,13721186,2012-12-20,CON
14833449,12504932,2009-07-17,CIP
14833449,12610671,2009-11-02,CON
14833453,61658180,2012-06-11,PRO
14833453,13914081,2013-06-10,CIP
14833453,14064922,2013-10-28,DIV
14833454,60648165,2005-01-28,PRO
14833454,11814355,2008-08-11,CON
14833454,PCT/US2006/003349,2006-01-03,NST
14833457,13468528,2012-05-10,CON
14833462,13155749,2011-06-08,DIV
14833462,14175521,2014-02-07,CIP
14833469,60478557,2003-06-13,PRO
14833469,10865595,2004-06-10,CIP
14833469,11431956,2006-05-10,DIV
14833469,14146960,2014-01-03,CON
14833472,60730763,2005-10-27,PRO
14833472,11481825,2006-07-07,CON
14833472,13078562,2011-04-01,CON
14833474,PCT/JP2014/055254,2014-03-03,CON
14833475,PCT/JP2014/054197,2014-02-21,CON
14833476,13372135,2012-02-13,DIV
14833476,14556973,2014-12-01,CIP
14833480,14240897,2014-02-25,CON
14833480,PCT/JP2012/069562,2012-08-01,NST
14833482,PCT/AT2014/000036,2014-02-21,CON
14833490,13275375,2011-10-18,CON
14833490,14207729,2014-03-13,CON
14833490,14524416,2014-10-27,CON
14833491,62041015,2014-08-22,PRO
14833511,13806187,2012-12-21,CON
14833511,PCT/IB2011/052583,2011-06-15,NST
14833514,13171677,2011-06-29,DIV
14833515,13791726,2013-03-08,CON
14833515,14686694,2015-04-14,CON
14833516,61408070,2010-10-29,PRO
14833516,61414650,2010-11-17,PRO
14833516,13278201,2011-10-21,CON
14833518,PCT/JP2014/053882,2014-02-19,CON
14833523,12309173,2009-01-09,CON
14833523,12906604,2010-10-18,CON
14833523,PCT/IL2007/000864,2007-07-10,NST
14833524,13771755,2013-02-20,CON
14833525,12489722,2009-06-23,CON
14833525,14052457,2013-10-11,CON
14833525,14270161,2014-05-05,CON
14833526,12667860,2010-01-22,CON
14833526,13541574,2012-07-03,CON
14833526,14203287,2014-03-10,CON
14833526,14585710,2014-12-30,CON
14833526,PCT/KR2008/004514,2008-08-04,NST
14833529,13322469,2011-11-25,DIV
14833529,PCT/IL2010/000447,2010-06-07,NST
14833533,PCT/JP2015/055755,2015-02-27,CON
14833542,14148988,2014-01-07,DIV
14833546,PCT/JP2014/054472,2014-02-25,CON
14833551,13935318,2013-07-03,DIV
14833552,12657046,2010-01-13,CON
14833552,13591465,2012-08-22,CON
14833554,13699280,2013-02-22,DIV
14833554,PCT/US2011/037541,2011-05-23,NST
14833559,PCT/JP2014/050428,2014-01-14,CON
14833562,13769885,2013-02-19,CON
14833564,61981748,2014-04-19,PRO
14833564,14690087,2015-04-17,CON
14833568,PCT/JP2014/053883,2014-02-19,CON
14833569,14302352,2014-06-11,CON
14833569,62059714,2014-10-03,PRO
14833569,14569545,2014-12-12,CIP
14833569,14679893,2015-04-06,CIP
14833572,13605813,2012-09-06,CIP
14833572,13958028,2013-08-02,CON
14833572,14275136,2014-05-12,CIP
14833572,14449541,2014-08-01,CON
14833574,11928015,2007-10-30,CON
14833574,12871522,2010-08-30,CON
14833574,13419133,2012-03-13,CON
14833574,14153410,2014-01-13,CON
14833579,13021412,2011-02-04,CIP
14833579,14179833,2014-02-13,CIP
14833580,13913341,2013-06-07,CON
14833582,13922690,2013-06-20,CON
14833582,PCT/CN2010/080111,2010-12-22,CON
14833584,PCT/JP2013/060521,2013-04-05,CON
14833589,62041292,2014-08-25,PRO
14833596,14148988,2014-01-07,DIV
14833597,61717906,2012-10-24,PRO
14833597,13794421,2013-03-11,CON
14833600,14372127,2014-07-14,CON
14833600,14336881,2014-07-21,CON
14833600,PCT/KR2013/003298,2013-04-18,NST
14833601,14002943,2014-03-17,DIV
14833601,PCT/CA2012/000193,2012-03-02,NST
14833607,13030983,2011-02-18,DIV
14833609,60796921,2006-05-02,PRO
14833609,11799576,2007-05-02,DIV
14833609,14228639,2014-03-28,DIV
14833610,13803314,2013-03-14,CON
14833611,60862715,2006-10-24,PRO
14833611,11923397,2007-10-24,DIV
14833612,62040527,2014-08-22,PRO
14833616,10655397,2003-09-05,DIV
14833616,11070663,2005-03-03,DIV
14833618,PCT/JP2013/084012,2013-12-19,CON
14833625,11204109,2005-08-16,CON
14833627,14487847,2014-09-16,DIV
14833627,PCT/JP2013/081543,2013-11-22,CON
14833630,12861953,2010-08-24,CON
14833637,PCT/JP2013/063179,2013-05-10,CON
14833638,62041341,2014-08-25,PRO
14833639,14148988,2014-01-07,DIV
14833642,60061145,1997-10-06,PRO
14833642,09167380,1998-10-06,CON
14833642,10778589,2004-02-13,CON
14833642,12568863,2009-09-29,CON
14833642,13790570,2013-03-08,CON
14833645,11207439,2005-08-19,CIP
14833645,11319779,2005-12-29,CON
14833646,61715310,2012-10-18,PRO
14833646,61721029,2012-11-01,PRO
14833646,61717115,2012-10-23,PRO
14833646,14042091,2013-09-30,CON
14833647,62040919,2014-08-22,PRO
14833649,60506249,2003-09-26,PRO
14833649,60506250,2003-09-26,PRO
14833649,10714513,2003-11-14,CON
14833654,60274421,2001-03-09,PRO
14833654,60275597,2001-03-13,PRO
14833654,10097559,2002-03-08,CON
14833654,12182000,2008-07-29,CON
14833654,13199349,2011-08-26,CON
14833654,13986446,2013-05-03,CON
14833654,14243778,2014-04-02,CON
14833657,13394081,2012-03-02,CON
14833657,PCT/EP2010/005166,2010-08-24,NST
14833667,60274421,2001-03-09,PRO
14833667,60275597,2001-03-13,PRO
14833667,10097559,2002-03-08,CON
14833667,12182000,2008-07-29,CON
14833667,13199349,2011-08-26,CON
14833667,13986446,2013-05-03,CON
14833667,14243778,2014-04-02,CON
14833669,61756989,2013-01-25,PRO
14833669,14165271,2014-01-27,CON
14833669,14517743,2014-10-17,CON
14833673,11276852,2006-03-16,CIP
14833673,11276853,2006-03-16,CIP
14833673,11276854,2006-03-16,CIP
14833673,11276855,2006-03-16,CIP
14833673,11276856,2006-03-16,CIP
14833673,12023722,2008-01-31,CON
14833673,14513589,2014-10-14,CON
14833679,60787051,2006-03-29,PRO
14833679,11693375,2007-03-29,DIV
14833679,13225148,2011-09-02,DIV
14833689,61710449,2012-10-05,PRO
14833689,14046834,2013-10-04,DIV
14833693,13995092,2013-06-17,CON
14833693,PCT/EP2011/005959,2011-11-28,NST
14833696,61090978,2008-08-22,PRO
14833696,PCT/US09/54814,2009-08-24,NST
14833696,13060157,2011-03-04,CON
14833697,PCT/JP2013/063180,2013-05-10,CON
14833705,61708199,2012-10-01,PRO
14833705,14041439,2013-09-30,DIV
14833709,61508891,2011-07-18,PRO
14833709,13551003,2012-07-17,CON
14833710,60626274,2004-11-09,PRO
14833710,60664879,2005-03-24,PRO
14833710,11136261,2005-05-24,CON
14833710,13006846,2011-01-14,CON
14833713,61217268,2009-05-29,PRO
14833713,12551339,2009-08-31,CON
14833713,14188334,2014-02-24,CON
14833715,13008676,2011-01-18,CON
14833717,61234132,2009-08-14,PRO
14833717,12856348,2010-08-13,DIV
14833717,14507240,2014-10-06,CON
14833718,PCT/JP2014/053821,2014-02-18,CON
14833719,13779427,2013-02-27,CON
14833721,14165033,2014-01-27,DIV
14833732,PCT/KR2014/001024,2014-02-06,CON
14833742,11706317,2007-02-15,CON
14833743,PCT/JP2014/054297,2014-02-24,CIP
14833746,10835547,2004-04-28,CON
14833746,12726505,2010-03-18,CON
14833746,13452317,2012-04-20,CON
14833746,13543434,2012-07-06,CON
14833746,13897640,2013-05-20,CON
14833746,14057058,2013-10-18,CON
14833746,14286352,2014-05-23,CON
14833746,14337996,2014-07-22,CON
14833747,PCT/CN2014/073872,2014-03-21,CON
14833749,62041406,2014-08-25,PRO
14833751,13749862,2013-01-25,CON
14833751,14683508,2015-04-10,CON
14833753,PCT/RU2014/000138,2014-03-04,CON
14833755,61976108,2014-04-07,PRO
14833755,14592519,2015-01-08,CIP
14833755,14719111,2015-05-21,CIP
14833756,13878079,2013-06-25,CON
14833756,PCT/EP11/67270,2011-10-04,NST
14833758,PCT/KR2014/000177,2014-01-08,CON
14833760,61789593,2013-03-15,PRO
14833760,13929641,2013-06-27,DIV
14833762,61372204,2010-08-10,PRO
14833762,61414356,2010-11-16,PRO
14833762,13206828,2011-08-10,CON
14833763,13651389,2012-10-13,CON
14833767,13960187,2013-08-06,CON
14833768,61720154,2012-10-30,PRO
14833768,13826971,2013-03-14,CON
14833773,13998211,2013-10-11,CON
14833777,13143860,2011-09-26,CON
14833777,PCT/JP2010/000108,2010-01-12,NST
14833780,12638699,2009-12-15,CIP
14833781,60899834,2007-02-06,PRO
14833781,60963638,2007-08-06,PRO
14833781,12027116,2008-02-06,CIP
14833781,61168832,2009-04-13,PRO
14833781,61221858,2009-06-30,PRO
14833781,12706575,2010-02-16,CIP
14833781,13088085,2011-04-15,CON
14833785,13062301,2011-06-23,DIV
14833785,PCT/AU2009/001162,2009-09-04,NST
14833786,61321084,2010-04-05,PRO
14833786,13080354,2011-04-05,CON
14833786,14258347,2014-04-22,CON
14833787,13120510,2011-07-07,DIV
14833787,PCT/US2009/058268,2009-09-24,NST
14833794,13839114,2013-03-15,DIV
14833798,62041332,2014-08-25,PRO
14833798,62087664,2014-12-04,PRO
14833798,62165074,2015-05-21,PRO
14833798,62165080,2015-05-21,PRO
14833799,61493412,2011-06-03,PRO
14833799,13486275,2012-06-01,CON
14833799,14509423,2014-10-08,CIP
14833802,62041638,2014-08-25,PRO
14833807,62040796,2014-08-22,PRO
14833810,11527115,2006-09-26,CON
14833810,12360363,2009-01-27,CON
14833810,13585618,2012-08-14,CON
14833810,14058853,2013-10-21,CON
14833822,PCT/EP2014/053630,2014-02-25,CIP
14833823,11890412,2007-08-06,CON
14833823,12217243,2008-07-02,CON
14833823,12704830,2010-02-12,CON
14833823,13209511,2011-08-15,CON
14833823,13964708,2013-08-12,CON
14833823,14492446,2014-09-22,CON
14833825,13760616,2013-02-06,CIP
14833827,12724713,2010-03-16,CON
14833827,14150504,2014-01-08,CON
14833830,13546643,2012-07-11,CON
14833833,61769491,2013-02-26,PRO
14833833,13835597,2013-03-15,CON
14833837,PCT/EP2014/054342,2014-03-06,CON
14833839,10756528,2004-01-13,DIV
14833839,12970079,2010-12-16,CON
14833839,14335228,2014-07-18,CON
14833840,13527422,2012-06-19,DIV
14833843,62041415,2014-08-25,PRO
14833845,61583385,2012-01-05,PRO
14833845,13732679,2013-01-02,CON
14833846,PCT/CN2013/071953,2013-02-27,CON
14833849,10983801,2004-11-08,DIV
14833849,11601107,2006-11-17,CON
14833850,61617405,2012-03-29,PRO
14833850,13724879,2012-12-21,CON
14833856,61558095,2011-11-10,PRO
14833856,13668372,2012-11-05,CON
14833859,12184090,2008-07-31,CON
14833859,14171248,2014-02-03,CON
14833865,61369782,2010-08-02,PRO
14833865,61369793,2010-08-02,PRO
14833865,61369806,2010-08-02,PRO
14833865,61370095,2010-08-02,PRO
14833865,13136544,2011-08-02,DIV
14833867,61652694,2012-05-29,PRO
14833867,13755666,2013-01-31,CON
14833868,62040711,2014-08-22,PRO
14833874,11722993,2007-06-27,CON
14833874,PCT/SE2004/002040,2004-12-30,NST
14833875,10821884,2004-04-12,CON
14833875,12621822,2009-11-19,CON
14833875,13410961,2012-03-02,CON
14833875,14136927,2013-12-20,CON
14833876,12136868,2008-06-11,CON
14833877,62041332,2014-08-25,PRO
14833877,62087664,2014-12-04,PRO
14833877,62165074,2015-05-21,PRO
14833877,62165080,2015-05-21,PRO
14833878,12445363,2009-05-13,CON
14833878,PCT/FR07/52121,2007-10-11,NST
14833879,61510720,2011-07-22,PRO
14833879,13549709,2012-07-16,CON
14833880,61660300,2012-06-15,PRO
14833880,13919769,2013-06-17,CON
14833885,62041416,2014-08-25,PRO
14833886,62040819,2014-08-22,PRO
14833889,12740211,2010-04-28,DIV
14833889,13481105,2012-05-25,DIV
14833889,14168812,2014-01-30,DIV
14833889,PCT/US2008/081645,2008-10-29,NST
14833891,61392183,2010-10-12,PRO
14833891,13236072,2011-09-19,DIV
14833891,14156626,2014-01-16,CON
14833891,14568370,2014-12-12,CON
14833894,62041010,2014-08-22,PRO
14833898,12579004,2009-10-14,CIP
14833898,13328000,2011-12-16,CIP
14833898,13540795,2012-07-03,CIP
14833898,13743942,2013-01-17,DIV
14833898,13917851,2013-06-14,CON
14833903,61389576,2010-10-04,PRO
14833903,13251560,2011-10-03,CON
14833904,62041332,2014-08-25,PRO
14833904,62087664,2014-12-04,PRO
14833904,62165074,2015-05-21,PRO
14833904,62165080,2015-05-21,PRO
14833906,61988731,2014-05-05,PRO
14833906,62092051,2014-12-15,PRO
14833906,14704661,2015-05-05,CIP
14833906,14704666,2015-05-05,CIP
14833906,14789654,2015-07-01,CIP
14833907,62040489,2014-08-22,PRO
14833908,62040889,2014-08-22,PRO
14833909,10334270,2002-12-31,CON
14833909,11673366,2007-02-09,CON
14833909,12797531,2010-06-09,CON
14833909,13420469,2012-03-14,CON
14833909,14072405,2013-11-05,CON
14833912,61096216,2008-09-11,PRO
14833912,12557685,2009-09-11,CON
14833912,13418491,2012-03-13,CON
14833912,14213387,2014-03-14,CON
14833912,14642439,2015-03-09,CON
14833913,12377847,2010-02-17,DIV
14833913,PCT/IB07/04575,2007-08-24,NST
14833914,13002259,2011-03-18,CON
14833914,14692298,2015-04-21,CON
14833914,PCT/KR2009/004865,2009-08-31,NST
14833916,62041266,2014-08-25,PRO
14833919,12233017,2008-09-18,CON
14833919,13759441,2013-02-05,CON
14833919,PCT/US2007/084654,2007-11-14,CON
14833920,61493219,2011-06-03,PRO
14833920,61507472,2011-07-13,PRO
14833920,13228218,2011-09-08,CON
14833921,60194140,2000-04-03,PRO
14833921,09790204,2001-02-20,CON
14833921,10229189,2002-08-26,CON
14833921,11129093,2005-05-13,CON
14833921,13535979,2012-06-28,CON
14833921,14148322,2014-01-06,CON
14833922,62041560,2014-08-25,PRO
14833926,13926294,2013-06-25,CON
14833927,13695378,2013-02-19,DIV
14833927,PCT/US2011/034855,2011-05-02,NST
14833929,60755420,2005-12-31,PRO
14833929,11648648,2007-01-03,CON
14833929,12853113,2010-08-09,CON
14833929,13406389,2012-02-27,CON
14833930,61561759,2011-11-18,PRO
14833930,13677330,2012-11-15,DIV
14833931,13206840,2011-08-10,CIP
14833934,61452892,2011-03-15,PRO
14833934,13421542,2012-03-15,CON
14833937,12198541,2008-08-26,CON
14833937,13724190,2012-12-21,CON
14833938,60675546,2005-04-27,PRO
14833938,60682989,2005-05-19,PRO
14833938,60687502,2005-06-03,PRO
14833938,11413323,2006-04-27,DIV
14833939,61378467,2010-08-31,PRO
14833939,61378471,2010-08-31,PRO
14833939,61378543,2010-08-31,PRO
14833939,61378558,2010-08-31,PRO
14833939,61378591,2010-08-31,PRO
14833939,61378700,2010-08-31,PRO
14833939,61378722,2010-08-31,PRO
14833939,61378824,2010-08-31,PRO
14833939,13223290,2011-08-31,DIV
14833942,14603939,2015-01-23,CON
14833945,14086941,2013-11-21,CON
14833948,13603855,2012-09-05,DIV
14833949,13158175,2011-06-10,DIV
14833950,13025931,2011-02-11,CON
14833950,14331791,2014-07-15,CON
14833951,10653623,2003-09-02,CON
14833951,11361298,2006-02-23,CON
14833951,11852153,2007-09-07,CON
14833951,12631326,2009-12-04,CON
14833951,13206915,2011-08-10,CON
14833951,13477590,2012-05-22,CON
14833951,14045162,2013-10-03,CON
14833951,14327098,2014-07-09,CON
14833951,14589237,2015-01-05,CON
14833952,62040679,2014-08-22,PRO
14833954,PCT/EP2014/054436,2014-03-07,CON
14833955,61362916,2010-07-09,PRO
14833955,13167876,2011-06-24,CON
14833956,61577150,2011-12-19,PRO
14833956,13717029,2012-12-17,CON
14833956,14481497,2014-09-09,CON
14833957,10544451,2006-06-16,CON
14833957,12979560,2010-12-28,CON
14833957,14043472,2013-10-01,CON
14833957,PCT/GB04/00526,2004-02-11,NST
14833959,13638264,2012-11-28,CON
14833959,PCT/EP2010/055761,2010-04-28,NST
14833961,60433196,2002-12-12,PRO
14833961,60462080,2003-04-11,PRO
14833961,10734481,2003-12-12,CIP
14833961,10823513,2004-04-12,CON
14833961,12891594,2010-09-27,CON
14833961,14089622,2013-11-25,CON
14833962,12997212,2010-12-09,DIV
14833962,13938770,2013-07-10,DIV
14833962,14180789,2014-02-14,DIV
14833962,PCT/US2009/045778,2009-06-01,NST
14833965,61344542,2010-08-16,PRO
14833965,13205452,2011-08-08,CON
14833966,11923221,2007-10-24,CON
14833966,13442058,2012-04-09,CIP
14833966,13479338,2012-05-24,CON
14833966,14048337,2013-10-08,CON
14833970,11911929,2007-10-18,CON
14833970,PCT/IB2005/051292,2005-04-20,NST
14833971,60571009,2004-05-14,PRO
14833971,11130822,2005-05-16,CON
14833971,12574624,2009-10-06,CON
14833971,13355377,2012-01-20,CON
14833971,14017120,2013-09-03,CON
14833972,13891328,2013-05-10,DIV
14833972,14589444,2015-01-05,CON
14833974,61923318,2014-01-03,PRO
14833974,62043091,2014-08-28,PRO
14833974,14587881,2014-12-31,CIP
14833979,14268899,2014-05-02,CON
14833980,13625607,2012-09-24,CON
14833981,62040737,2014-08-22,PRO
14833983,62041467,2014-08-25,PRO
14833984,14316536,2014-06-26,CIP
14833984,62040970,2014-08-22,PRO
14833985,62040779,2014-08-22,PRO
14833989,13605889,2012-09-06,CIP
14833989,62044593,2014-09-02,PRO
14833990,10806201,2004-03-22,DIV
14833990,13840453,2013-03-15,CON
14833991,11047179,2005-01-31,CON
14833991,12145275,2008-06-24,DIV
14833991,13726511,2012-12-24,CON
14833991,14250046,2014-04-10,CON
14833992,13962708,2013-08-08,DIV
14833993,61862170,2013-08-05,PRO
14833993,14451209,2014-08-04,CIP
14833997,62040550,2014-08-22,PRO
14833997,62173060,2015-06-09,PRO
14833998,60875812,2006-12-18,PRO
14833998,60986627,2007-11-09,PRO
14833998,11958570,2007-12-18,CIP
14833998,12616145,2009-11-11,CIP
14833998,13360699,2012-01-28,CON
14833998,14182321,2014-02-18,CON
14834004,14407248,2014-12-11,CIP
14834004,PCT/NZ2013/000099,2013-06-11,NST
14834007,10921518,2004-08-19,CON
14834007,13077606,2011-03-31,CON
14834007,13618910,2012-09-14,CON
14834007,14158013,2014-01-17,CON
14834010,12722069,2010-03-11,CON
14834011,61410395,2010-11-05,PRO
14834011,13290439,2011-11-07,CON
14834012,13839613,2013-03-15,CON
14834017,13517527,2012-06-13,CON
14834017,14320494,2014-06-30,CON
14834020,14301498,2014-06-11,CON
14834021,13283118,2011-10-27,CON
14834021,14522808,2014-10-24,CON
14834022,61693809,2012-08-28,PRO
14834022,14013029,2013-08-28,CIP
14834023,61261366,2009-11-15,PRO
14834023,12946608,2010-11-15,CON
14834026,62040444,2014-08-22,PRO
14834028,62040935,2014-08-22,PRO
14834031,62041408,2014-08-25,PRO
14834032,14004726,2013-11-06,CON
14834032,PCT/US2012/030454,2012-03-23,NST
14834034,61033064,2008-03-03,PRO
14834034,61039454,2008-03-26,PRO
14834034,61053713,2008-05-16,PRO
14834034,61057599,2008-05-30,PRO
14834034,61076126,2008-06-26,PRO
14834034,61095615,2008-09-09,PRO
14834034,61095616,2008-09-09,PRO
14834034,12234307,2008-09-19,CIP
14834034,12234360,2008-09-19,CIP
14834034,12235200,2008-09-22,CIP
14834034,12237365,2008-09-24,CIP
14834034,61115333,2008-11-17,PRO
14834034,61138736,2008-12-18,PRO
14834034,12411925,2009-03-26,CIP
14834034,12556029,2009-09-09,CIP
14834034,12556209,2009-09-09,CIP
14834034,12620330,2009-11-17,CIP
14834034,12641468,2009-12-18,CON
14834034,14050464,2013-10-10,CON
14834035,61161621,2009-03-19,PRO
14834035,12727973,2010-03-19,CON
14834035,14035635,2013-09-24,CON
14834035,14570736,2014-12-15,CON
14834036,PCT/CN2013/087142,2013-11-14,CON
14834037,12910526,2010-10-22,DIV
14834040,61526807,2011-08-24,PRO
14834040,13594555,2012-08-24,CON
14834044,10562908,2006-07-26,CON
14834044,PCT/FR2004/001669,2004-06-29,NST
14834045,60908159,2007-03-26,PRO
14834045,12056158,2008-03-26,CON
14834045,12107689,2008-04-22,CON
14834045,13908873,2013-06-03,CON
14834045,14307330,2014-06-17,CON
14834045,14679675,2015-04-06,CON
14834047,14326255,2014-07-08,CON
14834048,13883255,2013-05-02,CON
14834048,14624225,2015-02-17,CON
14834048,PCT/JP2011/006145,2011-11-02,NST
14834052,61452013,2011-03-11,PRO
14834052,13414206,2012-03-07,CON
14834053,61052445,2008-05-12,PRO
14834053,12140443,2008-06-17,CON
14834053,14566385,2014-12-10,CON
14834056,12244725,2008-10-02,CON
14834056,14022084,2013-09-09,CON
14834057,13883255,2013-05-02,CON
14834057,14624225,2015-02-17,CON
14834057,PCT/JP2011/006145,2011-11-02,NST
14834060,PCT/EP2014/000446,2014-02-19,CON
14834066,60727707,2005-10-18,PRO
14834066,60749525,2005-12-12,PRO
14834066,11549218,2006-10-13,CON
14834067,61417737,2010-11-29,PRO
14834067,13306568,2011-11-29,CON
14834068,12186483,2008-08-05,CON
14834070,13745503,2013-01-18,CON
14834074,62041457,2014-08-25,PRO
14834076,62040613,2014-08-22,PRO
14834081,13546188,2012-07-11,CON
14834082,PCT/JP2014/053879,2014-02-19,CON
14834083,62040636,2014-08-22,PRO
14834086,61641217,2012-05-01,PRO
14834086,13690858,2012-11-30,CON
14834088,13302953,2011-11-22,CON
14834088,14663092,2015-03-19,CON
14834094,61482555,2011-05-04,PRO
14834094,61586628,2012-01-13,PRO
14834094,13463616,2012-05-03,CON
14834098,12792019,2010-06-02,CON
14834098,13853273,2013-03-29,CON
14834101,61824271,2013-05-16,PRO
14834101,14044621,2013-10-02,CON
14834101,14552189,2014-11-24,CON
14834103,62040833,2014-08-22,PRO
14834104,12066810,2008-03-13,CON
14834104,13460371,2012-04-30,DIV
14834104,PCT/EP2006/008964,2006-09-14,NST
14834105,62040929,2014-08-22,PRO
14834106,61618663,2012-03-30,PRO
14834106,13790226,2013-03-08,CON
14834107,14085688,2013-11-20,CON
14834108,61487380,2011-05-18,PRO
14834108,13475146,2012-05-18,DIV
14834108,14584123,2014-12-29,CIP
14834109,62041253,2014-08-25,PRO
14834115,61044419,2008-04-11,PRO
14834115,61056999,2008-05-29,PRO
14834115,61058182,2008-06-02,PRO
14834115,61077698,2008-07-02,PRO
14834115,61106543,2008-10-17,PRO
14834115,61121532,2008-12-10,PRO
14834115,PCT/US09/35937,2009-03-03,NST
14834115,12867738,2010-08-13,CON
14834115,13174580,2011-06-30,CON
14834115,13349545,2012-01-12,CON
14834117,61229679,2009-07-29,PRO
14834117,61233445,2009-08-12,PRO
14834117,61237215,2009-08-26,PRO
14834117,61266453,2009-12-03,PRO
14834117,61286948,2009-12-16,PRO
14834117,61312840,2010-03-11,PRO
14834117,61316982,2010-03-24,PRO
14834117,12846681,2010-07-29,DIV
14834117,14221820,2014-03-21,CON
14834120,13701995,2013-04-09,CON
14834120,PCT/EP2011/059567,2011-06-09,NST
14834122,62040467,2014-08-22,PRO
14834129,12621790,2009-11-19,CON
14834129,14161646,2014-01-22,CON
14834135,14006536,2013-09-20,CON
14834135,PCT/US2012/032321,2012-04-05,NST
14834137,61250411,2009-10-09,PRO
14834137,12902039,2010-10-11,CON
14834140,13954142,2013-07-30,CON
14834141,13801109,2013-03-13,DIV
14834142,61889926,2013-10-11,PRO
14834142,14289122,2014-05-28,CIP
14834142,14480091,2014-09-08,CON
14834143,10806201,2004-03-22,DIV
14834143,13840453,2013-03-15,CON
14834145,PCT/CN2014/070785,2014-01-17,CON
14834146,12066810,2008-03-13,CON
14834146,13460371,2012-04-30,DIV
14834146,PCT/EP2006/008964,2006-09-14,NST
14834147,61424528,2010-12-17,PRO
14834147,13313831,2011-12-07,CON
14834149,62041486,2014-08-25,PRO
14834151,61488079,2011-05-19,PRO
14834151,61499499,2011-06-21,PRO
14834151,61515474,2011-08-05,PRO
14834151,61546461,2011-10-12,PRO
14834151,61552701,2011-10-28,PRO
14834151,61597404,2012-02-10,PRO
14834151,61617390,2012-03-29,PRO
14834151,13474598,2012-05-17,CON
14834152,09589585,2000-06-07,DIV
14834152,12620450,2009-11-17,CON
14834152,13717394,2012-12-17,CON
14834153,14349451,2014-04-03,CON
14834153,PCT/CN2013/070222,2013-01-08,NST
14834154,13896643,2013-05-17,DIV
14834155,10658802,2003-09-08,REI
14834157,61591822,2012-01-27,PRO
14834157,13750904,2013-01-25,CON
14834160,14322727,2014-07-02,CON
14834160,PCT/US2013/057369,2013-08-29,CON
14834161,14349451,2014-04-03,CON
14834161,PCT/CN2013/070222,2013-01-08,NST
14834163,PCT/EP2014/053632,2014-02-25,CIP
14834165,14349451,2014-04-03,CON
14834165,PCT/CN2013/070222,2013-01-08,NST
14834166,61161621,2009-03-19,PRO
14834166,12727973,2010-03-19,CON
14834166,14035635,2013-09-24,CON
14834166,14570736,2014-12-15,CON
14834169,61597126,2012-02-09,PRO
14834169,61625584,2012-04-17,PRO
14834169,61703713,2012-09-20,PRO
14834169,13762270,2013-02-07,DIV
14834172,11223918,2005-09-13,CON
14834172,12209566,2008-09-12,DIV
14834172,14253591,2014-04-15,DIV
14834173,14349451,2014-04-03,CON
14834173,PCT/CN2013/070222,2013-01-08,NST
14834174,14158470,2014-01-17,CON
14834177,62041404,2014-08-25,PRO
14834178,62041332,2014-08-25,PRO
14834178,62087664,2014-12-04,PRO
14834178,62165074,2015-05-21,PRO
14834178,62165080,2015-05-21,PRO
14834183,62041334,2014-08-25,PRO
14834185,62040886,2014-08-22,PRO
14834187,62040842,2014-08-22,PRO
14834187,62121803,2015-02-27,PRO
14834190,11998469,2007-11-29,CON
14834190,13197174,2011-08-03,CON
14834190,14095270,2013-12-03,CON
14834192,13316305,2011-12-09,DIV
14834192,13944620,2013-07-17,CON
14834192,14256790,2014-04-18,CON
14834196,13842769,2013-03-15,CON
14834198,61452516,2011-03-14,PRO
14834198,13250864,2011-09-30,CIP
14834198,13622541,2012-09-19,CIP
14834198,61809377,2013-04-07,PRO
14834198,61811234,2013-04-12,PRO
14834198,61820391,2013-05-07,PRO
14834198,14176723,2014-02-10,CIP
14834198,62041384,2014-08-25,PRO
14834199,62040860,2014-08-22,PRO
14834202,13831431,2013-03-14,CON
14834209,13466547,2012-05-08,CON
14834210,61651084,2012-05-24,PRO
14834210,13900932,2013-05-23,CON
14834211,12437794,2009-05-08,CON
14834211,13354750,2012-01-20,CON
14834215,PCT/JP2013/007088,2013-12-03,CON
14834218,13312760,2011-12-06,CON
14834219,61793955,2013-03-15,PRO
14834219,14205242,2014-03-11,DIV
14834221,13316353,2011-12-09,CON
14834224,60423760,2002-11-05,PRO
14834224,10701007,2003-11-04,CIP
14834224,60555521,2004-03-22,PRO
14834224,10860265,2004-06-03,CON
14834227,62040866,2014-08-22,PRO
14834232,61755971,2013-01-23,PRO
14834232,14162691,2014-01-23,CIP
14834233,13467930,2012-07-02,CON
14834236,62040876,2014-08-22,PRO
14834238,62040944,2014-08-22,PRO
14834242,13094647,2011-04-26,CON
14834242,14183281,2014-02-18,CON
14834244,14769770,2015-08-21,CON
14834244,PCT/EP2014/053368,2014-02-20,NST
14834248,61389000,2010-10-01,PRO
14834248,61389087,2010-10-01,PRO
14834248,61389117,2010-10-01,PRO
14834248,61458150,2010-11-17,PRO
14834248,61539884,2011-09-27,PRO
14834248,13248578,2011-09-29,CON
14834250,PCT/JP2014/054545,2014-02-25,CON
14834252,61985263,2014-04-28,PRO
14834252,14695295,2015-04-24,CIP
14834253,62040667,2014-08-22,PRO
14834253,62062406,2014-10-10,PRO
14834254,62040979,2014-08-22,PRO
14834255,61355880,2010-06-17,PRO
14834255,13162436,2011-06-16,DIV
14834256,61113149,2008-11-10,PRO
14834256,12615871,2009-11-10,CON
14834257,PCT/US04/01575,2004-01-20,NST
14834257,10542438,2006-05-02,REI
14834257,13303844,2011-11-23,DIV
14834258,62040882,2014-08-22,PRO
14834260,61024169,2008-01-28,PRO
14834260,61056801,2008-05-28,PRO
14834260,12361484,2009-01-28,CON
14834260,13146635,2012-02-08,CON
14834260,61805926,2013-03-27,PRO
14834260,14176078,2014-02-08,CIP
14834260,14197589,2014-03-05,CON
14834260,14228048,2014-03-27,CON
14834260,PCT/US2010/022459,2010-01-28,NST
14834265,61597158,2012-02-09,PRO
14834265,13666078,2012-11-01,CON
14834266,61539884,2011-09-27,PRO
14834266,13408530,2012-02-29,CIP
14834266,13410931,2012-03-02,CIP
14834266,13410958,2012-03-02,CIP
14834266,13410983,2012-03-02,CIP
14834266,13411034,2012-03-02,CIP
14834266,13411075,2012-03-02,CIP
14834266,13436593,2012-03-30,CIP
14834266,13436823,2012-03-30,CIP
14834266,13436826,2012-03-30,CIP
14834266,13485734,2012-05-31,CIP
14834266,13485743,2012-05-31,CIP
14834266,13543635,2012-07-06,CIP
14834266,13543678,2012-07-06,CIP
14834266,13566103,2012-08-03,CIP
14834266,13566168,2012-08-03,CIP
14834266,13566244,2012-08-03,CIP
14834266,13566336,2012-08-03,CIP
14834266,13603136,2012-09-04,CIP
14834266,13835950,2013-03-15,CON
14834269,62040888,2014-08-22,PRO
14834273,14288094,2014-05-27,CIP
14834274,13802462,2013-03-13,CON
14834277,11321769,2005-12-28,CIP
14834277,11388540,2006-03-23,CON
14834278,13925745,2013-06-24,CON
14834280,09625398,2000-07-26,CON
14834280,13523627,2012-06-14,CON
14834280,14144285,2013-12-30,CON
14834282,13541476,2012-07-03,CON
14834284,61539884,2011-09-27,PRO
14834284,13628949,2012-09-27,CON
14834288,61607950,2012-03-07,PRO
14834288,13789632,2013-03-07,CIP
14834288,14336715,2014-07-21,CIP
14834289,62041161,2014-08-25,PRO
14834291,12996226,2010-12-03,CON
14834291,13617873,2012-09-14,CON
14834291,14081990,2013-11-15,CON
14834291,14456988,2014-08-11,CON
14834291,14625439,2015-02-18,CON
14834291,PCT/GB2009/001389,2009-06-03,NST
14834292,61646223,2012-05-11,PRO
14834292,13730289,2012-12-28,CON
14834292,14054200,2013-10-15,CON
14834295,61085800,2008-08-01,PRO
14834295,12512932,2009-07-30,DIV
14834300,62041637,2014-08-25,PRO
14834302,62041631,2014-08-25,PRO
14834305,61389117,2010-10-01,PRO
14834305,61507199,2011-07-13,PRO
14834305,61507201,2011-07-13,PRO
14834305,61507203,2011-07-13,PRO
14834305,61507206,2011-07-13,PRO
14834305,61507209,2011-07-13,PRO
14834305,13399901,2012-02-17,CON
14834306,13335329,2011-12-22,CON
14834306,14454524,2014-08-07,CON
14834307,09791282,2001-02-22,CON
14834307,13233440,2011-09-15,CON
14834307,13773486,2013-02-21,CON
14834307,14316773,2014-06-26,CIP
14834309,11662892,2007-03-15,DIV
14834309,12968268,2010-12-14,CON
14834309,13293718,2011-11-10,DIV
14834309,PCT/JP2005/017015,2005-09-15,NST
14834313,13654615,2012-10-18,CON
14834316,61684672,2012-08-17,PRO
14834316,61697710,2012-09-06,PRO
14834316,61700182,2012-09-12,PRO
14834316,61702650,2012-09-18,PRO
14834316,61736692,2012-12-13,PRO
14834316,61798821,2013-03-15,PRO
14834316,61804942,2013-03-25,PRO
14834316,61804971,2013-03-25,PRO
14834316,61804990,2013-03-25,PRO
14834316,61804998,2013-03-25,PRO
14834316,61805003,2013-03-25,PRO
14834316,61805027,2013-03-25,PRO
14834316,61805030,2013-03-25,PRO
14834316,61805038,2013-03-25,PRO
14834316,61805042,2013-03-25,PRO
14834316,61805053,2013-03-25,PRO
14834316,13968665,2013-08-16,CON
14834316,13969179,2013-08-16,CON
14834316,13969588,2013-08-18,CON
14834316,13970355,2013-08-19,CON
14834316,13970374,2013-08-19,CON
14834316,14418969,2015-02-02,CON
14834316,PCT/US2013/036826,2013-04-16,NST
14834319,61428772,2010-12-30,PRO
14834319,13316134,2011-12-09,CON
14834320,61561641,2011-11-18,PRO
14834320,61670526,2012-07-11,PRO
14834320,61670531,2012-07-11,PRO
14834320,13590922,2012-08-21,CON
14834320,13591406,2012-08-22,CON
14834321,11445614,2006-06-02,CON
14834321,12985368,2011-01-06,CON
14834323,62040694,2014-08-22,PRO
14834324,60821814,2006-08-08,PRO
14834324,11776980,2007-07-12,CON
14834324,13238476,2011-09-21,CON
14834325,62040976,2014-08-22,PRO
14834326,62040531,2014-08-22,PRO
14834332,61653363,2012-05-30,PRO
14834332,13485444,2012-05-31,CON
14834333,61703708,2012-09-20,PRO
14834333,14032696,2013-09-20,CON
14834336,62051355,2014-09-17,PRO
14834336,PCT/US2014/018096,2014-02-24,CIP
14834339,61643137,2012-05-04,PRO
14834339,13776347,2013-02-25,CIP
14834339,14061291,2013-10-23,CON
14834340,62040812,2014-08-22,PRO
14834341,13802102,2013-03-13,CIP
14834341,13841345,2013-03-15,DIV
14834344,12896097,2010-10-01,CON
14834344,14139467,2013-12-23,CON
14834345,13118311,2011-05-27,CON
14834345,13848683,2013-03-21,DIV
14834346,12692582,2010-01-22,CIP
14834346,61385125,2010-09-21,PRO
14834346,12907970,2010-10-19,CIP
14834346,13035993,2011-02-27,CIP
14834346,61511395,2011-07-25,PRO
14834346,13346709,2012-01-09,CIP
14834346,13400415,2012-02-20,CIP
14834346,61622132,2012-04-10,PRO
14834346,13478461,2012-05-23,CIP
14834346,13555170,2012-07-22,CIP
14834346,13674936,2012-11-12,CIP
14834346,13756302,2013-01-31,DIV
14834346,14546991,2014-11-18,DIV
14834350,61394187,2010-10-18,PRO
14834350,13276304,2011-10-18,CON
14834352,61219328,2009-06-22,PRO
14834352,12819703,2010-06-21,CON
14834352,13790490,2013-03-08,CIP
14834356,13939057,2013-07-10,CIP
14834357,62039942,2014-08-21,PRO
14834359,14027098,2013-09-13,DIV
14834360,61656032,2012-06-06,PRO
14834360,61656043,2012-06-06,PRO
14834360,13783201,2013-03-01,CON
14834361,13756105,2013-01-31,CON
14834361,14068651,2013-10-31,CON
14834366,12839300,2010-07-19,DIV
14834366,13754849,2013-01-30,DIV
14834366,14510066,2014-10-08,DIV
14834366,PCT/US2008/087812,2008-12-19,CON
14834368,PCT/US09/56950,2009-09-15,NST
14834368,13259441,2011-09-23,CON
14834370,61879151,2013-09-18,PRO
14834370,14185936,2014-02-21,DIV
14834372,13859196,2013-04-09,CIP
14834374,13229652,2011-09-09,CON
14834374,14498535,2014-09-26,CON
14834375,13014670,2011-01-26,DIV
14834377,61497814,2011-06-16,PRO
14834377,13526288,2012-06-18,CON
14834377,14286768,2014-05-23,CON
14834377,14534087,2014-11-05,CON
14834379,62041065,2014-08-23,PRO
14834380,13174095,2011-06-30,CON
14834381,12981397,2010-12-29,CON
14834383,PCT/JP2014/000664,2014-02-07,CON
14834387,PCT/KR2014/001528,2014-02-25,CON
14834390,12644343,2009-12-22,CIP
14834390,13567089,2012-08-06,CIP
14834390,14139862,2013-12-23,CON
14834392,13352326,2012-01-17,CON
14834393,10758554,2004-01-14,CIP
14834393,11628382,2007-05-18,DIV
14834393,13430085,2012-03-26,CON
14834393,PCT/AU2002/000978,2004-01-14,CON
14834399,10027154,2001-12-20,CON
14834399,14203025,2014-03-10,CON
14834400,62040982,2014-08-22,PRO
14834402,61728212,2012-11-19,PRO
14834402,14084585,2013-11-19,CON
14834402,14489474,2014-09-18,CON
14834403,13688023,2012-11-28,CON
14834405,62040775,2014-08-22,PRO
14834409,61154571,2009-02-23,PRO
14834409,61285948,2009-12-11,PRO
14834409,12711077,2010-02-23,CON
14834410,61580142,2011-12-23,PRO
14834410,13725943,2012-12-21,CON
14834416,12961942,2010-12-07,CON
14834416,13955074,2013-07-31,CIP
14834420,61365293,2010-07-16,PRO
14834420,13184425,2011-07-15,CIP
14834420,13591117,2012-08-21,CON
14834420,14611943,2015-02-02,CON
14834423,14229191,2014-03-28,DIV
14834430,14466231,2014-08-22,CIP
14834430,PCT/US15/46615,2015-08-24,CON
14834437,PCT/JP2014/052338,2014-01-31,CON
14834442,61496460,2011-06-13,CON
14834442,13494025,2012-06-12,CON
14834442,13798009,2013-03-12,CON
14834442,14294495,2014-06-03,CON
14834448,PCT/JP2014/054652,2014-02-26,CON
14834450,61282220,2009-12-31,PRO
14834450,PCT/IB10/56135,2010-12-30,NST
14834450,13519591,2012-11-14,CON
14834457,12937274,2010-10-11,DIV
14834457,PCT/IL2008/000501,2008-04-10,NST
14834458,61118286,2008-11-26,PRO
14834458,61584168,2012-01-06,PRO
14834458,61696711,2012-09-04,PRO
14834458,13736031,2013-01-07,CON
14834458,14053620,2013-10-15,CON
14834469,14446922,2014-07-30,CON
14834470,09898460,2001-07-05,DIV
14834470,10443083,2003-05-22,DIV
14834470,10978732,2004-11-02,DIV
14834470,11348331,2006-02-07,DIV
14834470,11898402,2007-09-12,DIV
14834470,12801496,2010-06-11,DIV
14834470,13658921,2012-10-24,CON
14834470,14220459,2014-03-20,DIV
14834471,61432870,2011-01-14,PRO
14834471,13344858,2012-01-06,DIV
14834484,61486562,2011-05-16,PRO
14834484,13473012,2012-05-16,CON
14834492,PCT/JP2014/054707,2014-02-26,CON
14834493,12498770,2009-07-07,DIV
14834493,12915781,2010-10-29,CON
14834499,09549218,2000-04-13,CIP
14834499,10100270,2002-03-15,CON
14834499,11228988,2005-09-16,CON
14834507,14263034,2014-04-28,CON
14834507,PCT/EP2012/071751,2012-11-02,CON
14834511,13555635,2012-07-23,CIP
14834511,13628702,2012-09-27,CON
14834511,13660866,2012-10-25,REI
14834513,13789029,2013-03-07,CON
14834516,12806754,2010-08-20,CIP
14834516,PCT/US2009/034902,2009-02-23,CIP
14834520,13555635,2012-07-23,CIP
14834520,13628702,2012-09-27,CON
14834520,13660870,2012-10-25,REI
14834523,11441827,2006-05-25,CIP
14834523,61479570,2011-04-27,PRO
14834523,13400056,2012-02-18,CIP
14834523,13458420,2012-04-27,CON
14834529,14191581,2014-02-27,CON
14834531,14336865,2014-07-21,CON
14834532,10567594,2006-12-12,CON
14834532,14091640,2013-11-27,CON
14834532,14458526,2014-08-13,CON
14834532,14618030,2015-02-10,CON
14834532,PCT/EP2004/008792,2004-08-05,NST
14834536,61607774,2012-03-07,PRO
14834536,13787042,2013-03-06,CON
14834542,14040891,2013-09-30,CON
14834550,12317497,2008-12-23,CIP
14834550,13194871,2011-07-29,DIV
14834550,13329096,2011-12-16,CON
14834556,62041198,2014-08-25,PRO
14834561,PCT/EP2014/055138,2014-03-14,CON
14834564,14152174,2014-01-10,CON
14834565,61740032,2012-12-20,PRO
14834565,14108858,2013-12-17,DIV
14834570,PCT/JP2014/056176,2014-03-10,CON
14834573,61519112,2011-05-16,PRO
14834573,13473530,2012-05-16,CON
14834573,14249331,2014-04-09,CON
14834573,14553821,2014-11-25,CON
14834574,62041300,2014-08-25,PRO
14834575,PCT/US11/43071,2011-07-06,NST
14834575,13258947,2011-09-22,CON
14834576,14096270,2013-12-04,CON
14834579,14096754,2013-12-04,CON
14834579,14096818,2013-12-04,CON
14834583,14356988,2014-05-08,CIP
14834583,PCT/US2012/061817,2012-10-25,NST
14834584,62041302,2014-08-25,PRO
14834586,13567609,2012-08-06,CON
14834590,61740032,2012-12-20,PRO
14834590,14108858,2013-12-17,DIV
14834593,61375532,2010-08-20,PRO
14834593,PCT/US11/48678,2011-08-22,NST
14834593,13817985,2013-07-01,DIV
14834597,61731502,2012-11-30,PRO
14834597,14093263,2013-11-29,CON
14834603,13824613,2013-03-18,CON
14834603,PCT/FR2011/052289,2011-09-30,NST
14834606,61716655,2012-10-22,PRO
14834606,14059664,2013-10-22,CIP
14834609,61504671,2011-07-05,PRO
14834609,13542147,2012-07-05,DIV
14834615,62041178,2014-08-25,PRO
14834618,PCT/JP2014/057238,2014-03-18,CON
14834626,12862689,2010-08-24,CON
14834638,61691964,2012-08-22,PRO
14834638,13973283,2013-08-22,DIV
14834639,12066246,2008-04-16,DIV
14834639,13540827,2012-07-03,CON
14834639,13826208,2013-03-14,CON
14834639,PCT/DK2006/000526,2006-09-27,NST
14834643,12997615,2010-12-13,DIV
14834643,PCT/EP2009/006988,2009-09-29,NST
14834645,13699360,2013-03-11,CON
14834645,PCT/AU2011/000594,2011-05-19,NST
14834646,13412088,2012-03-05,CON
14834649,62041226,2014-08-25,PRO
14834650,14075356,2013-11-08,CON
14834654,12832461,2010-07-08,CIP
14834654,13326967,2011-12-15,CIP
14834654,13896100,2013-05-16,CIP
14834659,13044321,2011-03-09,DIV
14834660,PCT/EP2014/074788,2014-11-17,CON
14834662,PCT/US2013/028535,2013-03-01,CON
14834669,13973565,2013-08-22,DIV
14834676,13664670,2012-10-31,CON
14834677,61651021,2012-05-24,PRO
14834677,PCT/US13/36901,2013-04-17,NST
14834677,14400156,2014-11-10,DIV
14834689,PCT/EP2014/055233,2014-03-17,CON
14834692,14219317,2014-03-19,DIV
14834695,13577282,2012-10-05,DIV
14834695,PCT/US2011/023947,2011-02-07,NST
14834696,14147186,2014-01-03,DIV
14834697,14241389,2014-06-17,CON
14834697,PCT/CA2012/000781,2012-08-22,NST
14834698,13269800,2011-10-10,DIV
14834699,14457524,2014-08-12,DIV
14834705,PCT/CN2014/081713,2014-07-07,CON
14834706,PCT/EP2014/050920,2014-01-17,CON
14834709,10590803,2006-08-25,CON
14834709,13111544,2011-05-19,CON
14834709,13661897,2012-10-26,CON
14834709,13873670,2013-04-30,CON
14834709,14508077,2014-10-07,CON
14834709,PCT/EP2005/050931,2005-03-02,NST
14834711,PCT/JP2013/082412,2013-12-03,CON
14834717,60930748,2007-05-18,PRO
14834717,12121345,2008-05-15,CON
14834717,13901936,2013-05-24,CON
14834723,13593920,2012-08-24,CON
14834725,12100764,2008-04-10,CON
14834726,14002257,2014-02-18,CON
14834726,PCT/US2012/027435,2012-03-02,NST
14834731,61734576,2012-12-07,PRO
14834731,61847590,2013-07-18,PRO
14834731,14087021,2013-11-22,CIP
14834732,14094252,2013-12-02,DIV
14834734,62041419,2014-08-25,PRO
14834735,PCT/CN2013/086054,2013-10-28,CON
14834736,12848404,2010-08-02,CON
14834736,14164713,2014-01-27,CON
14834736,14521716,2014-10-23,CON
14834740,PCT/CN2013/082413,2013-08-27,CON
14834749,61445158,2011-02-22,PRO
14834749,61567493,2011-12-06,PRO
14834749,13401495,2012-02-21,DIV
14834753,61556087,2011-11-04,PRO
14834753,13545674,2012-07-10,CON
14834753,14537278,2014-11-10,CON
14834758,61575300,2011-08-18,PRO
14834758,61573636,2011-09-09,PRO
14834758,13585125,2012-08-14,CON
14834758,14293056,2014-06-02,CON
14834758,14690713,2015-04-20,CON
14834761,13876556,2013-03-28,DIV
14834761,PCT/US2011/053044,2011-09-23,NST
14834764,13250935,2011-09-30,DIV
14834765,61017495,2007-12-28,PRO
14834765,61017511,2007-12-28,PRO
14834765,61009463,2007-12-28,PRO
14834765,61207853,2008-12-02,PRO
14834765,12344419,2008-12-26,DIV
14834765,13949107,2013-07-23,CON
14834768,13693829,2012-12-04,DIV
14834768,PCT/JP2011/079789,2011-12-22,CIP
14834769,61410437,2010-11-05,PRO
14834769,PCT/US11/59297,2011-11-04,NST
14834769,13883244,2013-07-23,DIV
14834773,12787469,2010-05-26,CIP
14834773,13925522,2013-06-24,CIP
14834773,62130068,2015-03-09,CIP
14834775,14058532,2013-10-21,CON
14834776,61974148,2014-04-02,PRO
14834776,61994570,2014-05-16,PRO
14834776,62032821,2014-08-04,PRO
14834776,14627492,2015-02-20,CON
14834781,62041230,2014-08-25,PRO
14834785,14077672,2013-11-12,CON
14834787,13945516,2013-07-18,CON
14834790,61575300,2011-08-18,PRO
14834790,61573636,2011-09-09,PRO
14834790,13585125,2012-08-14,CON
14834790,14293056,2014-06-02,CON
14834790,14690713,2015-04-20,CON
14834791,12773021,2010-05-04,CON
14834793,62009805,2014-06-09,PRO
14834793,14735110,2015-06-09,CON
14834796,PCT/JP2014/050772,2014-01-17,CON
14834798,61859465,2013-07-29,PRO
14834798,61914099,2013-12-10,PRO
14834798,61984062,2014-04-25,PRO
14834798,14446013,2014-07-29,DIV
14834803,12838974,2010-07-19,CON
14834803,13926165,2013-06-25,CON
14834803,14559412,2014-12-03,CON
14834805,61390383,2010-10-06,PRO
14834805,61390415,2010-10-06,PRO
14834805,61390425,2010-10-06,PRO
14834805,61390433,2010-10-06,PRO
14834805,61390441,2010-10-06,PRO
14834805,61390452,2010-10-06,PRO
14834805,61512393,2011-07-27,PRO
14834805,13267767,2011-10-06,CON
14834806,62041274,2014-08-25,PRO
14834813,PCT/US2014/019607,2014-02-28,CON
14834814,61720791,2012-10-31,PRO
14834814,14066997,2013-10-30,CON
14834816,PCT/JP2013/075627,2013-09-24,CON
14834817,61945311,2014-02-27,PRO
14834817,14300278,2014-06-10,CIP
14834818,61512360,2011-07-27,PRO
14834818,13559955,2012-07-27,CON
14834821,62041208,2014-08-25,PRO
14834824,62041437,2014-08-25,PRO
14834825,14394351,2014-10-14,CON
14834825,14514906,2014-10-15,CON
14834825,PCT/US2013/063111,2013-10-02,NST
14834826,61259864,2009-11-10,PRO
14834826,12939570,2010-11-04,CON
14834826,13764898,2013-02-12,CON
14834826,14604212,2015-01-23,CON
14834831,62041389,2014-08-25,PRO
14834832,10739292,2003-12-19,CON
14834832,11150343,2005-06-13,CIP
14834832,11581454,2006-10-17,CON
14834832,12588332,2009-10-13,CON
14834832,13437538,2012-04-02,CON
14834832,13758721,2013-02-04,CON
14834832,14176557,2014-02-10,CON
14834843,14390255,2014-10-02,CIP
14834843,PCT/US2013/032378,2013-03-15,NST
14834844,10538239,2006-01-03,CON
14834844,PCT/NZ03/00269,2003-12-05,NST
14834845,62041193,2014-08-25,PRO
14834846,13531129,2012-06-22,DIV
14834851,14070942,2013-11-04,CIP
14834852,60960119,2007-09-17,PRO
14834852,12232417,2008-09-17,DIV
14834852,13431016,2012-03-27,CON
14834852,14494072,2014-09-23,CON
14834862,13570713,2012-08-09,DIV
14834864,13106023,2011-05-12,DIV
14834864,13724121,2012-12-21,CON
14834870,13375191,2011-11-29,DIV
14834870,PCT/EP2010/055817,2009-04-29,NST
14834872,14070972,2013-11-04,CIP
14834875,12933321,2010-09-17,CON
14834875,14247684,2014-04-08,CON
14834875,PCT/JP2008/056085,2008-03-28,NST
14834876,60996700,2007-11-30,PRO
14834876,12292921,2008-12-01,CON
14834876,13064653,2011-04-06,CON
14834877,PCT/JP2014/000654,2014-02-07,CON
14834878,61229570,2009-07-29,PRO
14834878,12846292,2010-07-29,CON
14834878,13893411,2013-05-14,CON
14834880,PCT/JP2014/054644,2014-02-26,CON
14834881,PCT/JP2014/054957,2014-02-27,CON
14834885,14157605,2014-01-17,DIV
14834888,10538239,2006-01-03,CON
14834888,PCT/NZ03/00269,2003-12-05,NST
14834892,12299490,2009-04-03,CON
14834892,PCT/US2007/070876,2007-06-11,NST
14834896,13845168,2013-03-18,DIV
14834900,14269433,2014-05-05,CON
14834901,13867462,2013-04-22,CON
14834904,13814773,2013-02-07,DIV
14834904,PCT/JP2012/004981,2012-08-06,NST
14834905,PCT/JP2013/075628,2013-09-24,CON
14834906,13132363,2012-04-10,CON
14834906,PCT/US2010/027770,2010-03-18,NST
14834909,11997892,2008-05-16,CON
14834909,13753271,2013-01-29,CON
14834909,14071301,2013-11-04,CON
14834909,14326133,2014-07-08,CON
14834909,14603845,2015-01-23,CON
14834909,PCT/JP2006/315521,2006-08-04,NST
14834910,62041401,2014-08-25,PRO
14834910,62189350,2015-07-07,PRO
14834911,12865239,2010-11-09,CON
14834911,PCT/US2009/000708,2009-02-04,NST
14834912,10546582,2005-11-01,CON
14834912,PCT/EP2004/001829,2004-02-25,NST
14834913,13118684,2011-05-31,CON
14834914,61399286,2010-07-09,PRO
14834914,61485349,2011-05-12,PRO
14834914,13171032,2011-06-28,CON
14834915,13117986,2011-05-27,DIV
14834920,62041578,2014-08-25,PRO
14834922,13626176,2012-09-25,DIV
14834922,PCT/JP2011/056219,2011-03-16,CON
14834926,62041256,2014-08-25,PRO
14834935,61726260,2012-11-14,PRO
14834935,14068535,2013-10-31,DIV
14834945,14204613,2014-03-11,CON
14834947,13377232,2011-12-09,CON
14834947,PCT/EP10/57814,2010-06-04,NST
14834951,60958401,2007-07-03,PRO
14834951,11894124,2007-08-20,CIP
14834951,60967886,2007-09-06,PRO
14834951,11982268,2007-10-31,CIP
14834951,12194771,2008-08-20,CON
14834951,13897816,2013-05-20,CON
14834955,PCT/JP2014/000993,2014-02-25,CON
14834956,12262675,2008-10-31,CON
14834956,13349305,2012-01-12,CON
14834956,14550389,2014-11-21,CON
14834958,13526229,2012-06-18,CON
14834959,13228818,2011-09-09,DIV
14834961,13605889,2012-09-06,CIP
14834967,12381777,2009-03-17,CON
14834969,PCT/JP2014/000823,2014-02-18,CON
14834971,61348135,2010-05-25,PRO
14834971,13115347,2011-05-25,DIV
14834976,62041160,2014-08-25,PRO
14834978,61589889,2012-01-24,PRO
14834978,13745017,2013-01-18,CON
14834978,14633950,2015-02-27,CIP
14834982,PCT/JP2014/000978,2014-02-25,CON
14834983,14359465,2014-05-20,CON
14834983,PCT/EP12/04250,2012-10-10,NST
14834989,12668154,2010-04-08,CON
14834989,PCT/IL2008/000934,2008-07-08,CIP
14834990,13927618,2013-06-26,DIV
14835007,60953740,2007-08-03,PRO
14835007,12121677,2008-05-15,DIV
14835007,13187255,2011-07-20,CON
14835007,13653323,2012-10-16,CON
14835010,PCT/US2014/014998,2014-02-06,CIP
14835016,12047567,2008-03-13,CON
14835018,62070447,2014-08-25,PRO
14835024,12630656,2009-12-03,DIV
14835024,PCT/EP2008/004406,2008-06-03,CON
14835026,13781926,2013-03-01,CIP
14835027,13911442,2013-06-06,CON
14835032,61972056,2014-03-28,PRO
14835032,14291465,2014-05-30,CON
14835032,14310685,2014-06-20,CON
14835035,14160118,2014-01-21,CON
14835036,14112213,2013-10-16,CON
14835036,PCT/KR2012/007890,2012-09-28,NST
14835040,13141154,2011-06-21,DIV
14835040,PCT/JP2009/005498,2009-10-20,NST
14835042,13750447,2013-01-25,CON
14835043,61738889,2012-12-18,PRO
14835043,14057949,2013-10-18,CON
14835044,PCT/JP2014/055171,2014-02-28,CON
14835045,13321848,2011-11-22,CON
14835045,PCT/IB10/52282,2010-05-21,NST
14835046,13799162,2013-03-13,CON
14835048,PCT/JP2014/056505,2014-03-12,CON
14835050,PCT/JP2014/054548,2014-02-25,CON
14835053,12362183,2009-01-29,CON
14835055,14260397,2014-04-24,CON
14835056,13199147,2011-08-22,CON
14835062,PCT/JP2014/000304,2014-01-22,CON
14835064,13234687,2011-09-16,CON
14835070,13397581,2012-02-15,CON
14835070,13632513,2012-10-01,CON
14835070,14596111,2015-01-13,CON
14835070,PCT/US2011/054769,2011-10-04,CIP
14835071,12534440,2009-08-03,CON
14835071,14305334,2014-06-16,CON
14835083,61227913,2009-07-23,PRO
14835083,12841292,2010-07-22,CON
14835084,13842901,2013-03-15,CON
14835090,61324096,2010-04-14,PRO
14835090,13086509,2011-04-14,DIV
14835091,11074320,2005-03-07,CON
14835091,12564271,2009-09-22,CON
14835091,13867804,2013-04-22,CON
14835092,13606185,2012-09-07,CON
14835094,62041454,2014-08-25,PRO
14835095,14259128,2014-04-22,CON
14835096,61532797,2011-09-09,PRO
14835096,13605862,2012-09-06,CON
14835098,13847445,2013-03-19,CON
14835101,13677878,2012-11-15,CON
14835104,13435251,2012-03-30,CON
14835105,10038639,2002-01-04,CIP
14835105,10359525,2003-02-05,CON
14835105,11697067,2007-04-05,CON
14835105,12639732,2009-12-16,CON
14835105,13360235,2012-01-27,CON
14835105,13972492,2013-08-21,CON
14835105,14494839,2014-09-24,CON
14835113,13683935,2012-11-21,CON
14835117,PCT/JP2013/006091,2013-10-11,CON
14835120,13260802,2011-09-28,CON
14835120,PCT/JP2010/057980,2010-04-30,NST
14835121,11381791,2006-05-05,REI
14835123,61595006,2012-02-03,PRO
14835123,13757004,2013-02-01,DIV
14835127,11127286,2005-05-12,CON
14835127,11504079,2006-08-15,CON
14835127,12314190,2008-12-05,CON
14835127,12662029,2010-03-29,CON
14835127,13317846,2011-10-31,CON
14835127,13874834,2013-05-01,CON
14835128,13765752,2013-02-13,CON
14835129,12027542,2008-02-07,CON
14835129,13460103,2012-04-30,CON
14835137,62041378,2014-08-25,PRO
14835138,13325367,2011-12-14,CON
14835140,13673729,2012-11-09,CON
14835160,13691009,2012-11-30,CIP
14835161,13187819,2011-07-21,CON
14835161,14242964,2014-04-02,CIP
14835162,12134942,2008-06-06,DIV
14835164,PCT/JP2013/057614,2013-03-18,CON
14835165,PCT/JP2014/054762,2014-02-26,CON
14835168,62041168,2014-08-25,PRO
14835170,61924532,2014-01-07,PRO
14835170,14589226,2015-01-05,CON
14835174,61700634,2012-09-13,PRO
14835174,14026129,2013-09-13,CON
14835176,61266881,2009-12-04,PRO
14835176,12903462,2010-10-13,DIV
14835179,13724775,2012-12-21,CON
14835183,11751882,2007-05-22,CON
14835187,62041315,2014-08-25,PRO
14835189,14388582,2014-09-26,CON
14835189,PCT/US2013/034649,2013-03-29,NST
14835193,61294573,2010-01-13,PRO
14835193,13006371,2011-01-13,CON
14835193,13209295,2011-08-12,CON
14835195,10970843,2004-10-20,CIP
14835195,11006502,2004-12-06,CIP
14835195,11052002,2005-02-04,CIP
14835195,11079006,2005-03-10,CIP
14835195,11190496,2005-07-26,CIP
14835195,11314712,2005-12-20,CIP
14835195,11582874,2006-10-18,CIP
14835195,11593995,2006-11-07,CIP
14835195,60923971,2007-04-17,PRO
14835195,60923841,2007-04-16,PRO
14835195,60958876,2007-07-09,PRO
14835195,60961741,2007-07-24,PRO
14835195,60967805,2007-09-07,PRO
14835195,12148104,2008-04-16,CIP
14835195,12217662,2008-07-08,CIP
14835195,12220427,2008-07-24,CIP
14835195,12205511,2008-09-05,CON
14835195,13406442,2012-02-27,DIV
14835196,62041633,2014-08-25,PRO
14835196,62059119,2014-10-02,PRO
14835207,62041171,2014-08-25,PRO
14835209,14399702,2014-11-07,CON
14835209,PCT/JP2013/062406,2013-04-26,NST
14835216,60870740,2006-12-19,PRO
14835216,11954735,2007-12-12,CON
14835216,14170081,2014-01-31,CON
14835220,13846980,2013-03-19,CIP
14835220,PCT/IB2014/066210,2014-11-20,CIP
14835224,12496730,2009-07-02,DIV
14835224,13846681,2013-03-18,DIV
14835224,PCT/US2008/050307,2008-01-04,CON
14835225,62041211,2014-08-25,PRO
14835227,62041405,2014-08-25,PRO
14835230,14061019,2013-10-23,CON
14835242,61401456,2010-08-13,PRO
14835242,61393507,2010-10-15,PRO
14835242,61501042,2011-06-24,PRO
14835242,13208960,2011-08-12,DIV
14835253,62041447,2014-08-25,PRO
14835255,11845250,2007-08-27,DIV
14835255,13413235,2012-03-06,CON
14835255,14146881,2014-01-03,CON
14835256,14201893,2014-03-09,DIV
14835260,62041478,2014-08-25,PRO
14835264,PCT/US2014/018667,2014-02-26,CON
14835268,13460653,2012-04-30,CON
14835269,62041336,2014-08-25,PRO
14835272,60992309,2007-12-04,PRO
14835272,61013597,2007-12-13,PRO
14835272,61127751,2008-05-14,PRO
14835272,61091093,2008-08-22,PRO
14835272,61097261,2008-09-16,PRO
14835272,12328528,2008-12-04,CON
14835272,13326203,2011-12-14,CON
14835272,13693478,2012-12-04,CON
14835272,14329540,2014-07-11,CON
14835273,14508384,2014-10-07,CON
14835274,PCT/JP2014/055437,2014-03-04,CON
14835276,PCT/CN2013/091018,2013-12-31,CIP
14835279,61545766,2011-10-11,PRO
14835279,13649286,2012-10-11,CON
14835279,14490862,2014-09-19,CIP
14835279,14490894,2014-09-19,CIP
14835281,60887440,2007-01-31,PRO
14835281,12022893,2008-01-30,CON
14835281,13316718,2011-12-12,CON
14835285,62041268,2014-08-25,PRO
14835286,13867433,2013-04-22,DIV
14835291,14175677,2014-02-07,DIV
14835302,60887957,2007-02-02,PRO
14835302,60893298,2007-03-06,PRO
14835302,60912063,2007-04-16,PRO
14835302,61019129,2008-01-04,PRO
14835302,12024900,2008-02-01,CON
14835302,13875730,2013-05-02,CON
14835303,61330986,2010-05-04,PRO
14835303,13100442,2011-05-04,CON
14835308,PCT/EP2014/054414,2014-03-07,CON
14835309,PCT/US2014/042838,2014-06-18,CON
14835310,12767411,2010-04-26,CIP
14835310,61510839,2011-07-22,PRO
14835310,13297067,2011-11-15,CIP
14835310,13553487,2012-07-19,CON
14835310,14163420,2014-01-24,CON
14835317,PCT/JP2014/054012,2014-02-20,CON
14835318,61762112,2013-02-07,PRO
14835318,14078574,2013-11-13,CON
14835327,12189428,2008-08-11,DIV
14835327,12757557,2010-04-09,CON
14835327,13163107,2011-06-17,CON
14835327,13568553,2012-08-07,CON
14835327,14101242,2013-12-09,REI
14835328,62041195,2014-08-25,PRO
14835330,12397667,2009-03-04,CON
14835330,13172440,2011-06-29,CON
14835330,13442108,2012-04-09,CON
14835330,13752988,2013-01-29,CON
14835330,13945660,2013-07-18,CON
14835330,14479911,2014-09-08,CON
14835331,14334397,2014-07-17,CIP
14835335,12708818,2010-02-19,REI
14835336,62041362,2014-08-25,PRO
14835339,13750695,2013-01-25,DIV
14835348,62041492,2014-08-25,PRO
14835348,PCT/US2014/024761,2014-03-12,CIP
14835349,61304256,2010-02-12,PRO
14835349,13027036,2011-02-14,CON
14835350,14033327,2013-09-20,CON
14835351,62041332,2014-08-25,PRO
14835351,62087664,2014-12-04,PRO
14835351,62165074,2015-05-21,PRO
14835351,62165080,2015-05-21,PRO
14835351,14834178,2015-08-24,CIP
14835357,62041605,2014-08-25,PRO
14835365,61703062,2012-09-19,PRO
14835365,13791050,2013-03-08,CON
14835371,PCT/JP2014/051698,2014-01-27,CON
14835372,62041293,2014-08-25,PRO
14835374,60732105,2005-11-01,PRO
14835374,60819784,2006-07-10,PRO
14835374,11555360,2006-11-01,CON
14835374,12603968,2009-10-22,CON
14835374,13016719,2011-01-28,CON
14835374,14169774,2014-01-31,CON
14835380,61545766,2011-10-11,PRO
14835380,13649286,2012-10-11,CON
14835380,14490862,2014-09-19,CIP
14835380,14490894,2014-09-19,CIP
14835382,61977001,2014-04-08,PRO
14835382,62009848,2014-06-09,PRO
14835382,14542220,2014-11-14,CON
14835382,PCT/US2013/059822,2013-09-13,CIP
14835386,12731409,2010-03-25,CON
14835386,14044652,2013-10-02,CON
14835388,62041362,2014-08-25,PRO
14835392,61446889,2011-02-25,PRO
14835392,13406287,2012-02-27,CON
14835400,10806201,2004-03-22,DIV
14835400,13840453,2013-03-15,CON
14835407,62041517,2014-08-25,PRO
14835412,12379786,2009-02-27,CIP
14835412,12659127,2010-02-25,CIP
14835412,12929315,2011-01-14,CIP
14835412,13470025,2012-05-11,CON
14835412,14166588,2014-01-28,CON
14835417,14060301,2013-10-22,CIP
14835417,14226397,2014-03-26,CIP
14835417,14519910,2014-10-21,CIP
14835417,14720340,2015-05-22,CON
14835421,13929073,2013-06-27,CON
14835441,12775130,2010-05-06,CIP
14835441,12775278,2010-05-06,CIP
14835441,12859494,2010-08-19,CIP
14835441,13236962,2011-09-20,CON
14835443,PCT/CN2013/082862,2013-09-03,CON
14835444,62041521,2014-08-25,PRO
14835445,11443336,2006-05-30,CON
14835445,12396585,2009-03-03,CON
14835445,13722192,2012-12-20,CON
14835445,14265732,2014-04-30,CON
14835447,13484054,2012-05-30,CON
14835454,62041231,2014-08-25,PRO
14835460,12512719,2009-07-30,CON
14835460,14262210,2014-04-25,CON
14835464,62041515,2014-08-25,PRO
14835464,62058463,2014-10-01,PRO
14835464,62085822,2014-12-01,PRO
14835464,62130429,2015-03-09,PRO
14835464,62159208,2015-05-08,PRO
14835464,62195686,2015-07-22,PRO
14835466,14245932,2014-04-04,DIV
14835471,60249065,2000-11-15,PRO
14835471,09991532,2001-11-15,DIV
14835471,11674548,2007-02-13,CON
14835471,12035549,2008-02-22,CON
14835471,13427692,2012-03-22,CON
14835471,13903712,2013-05-28,CON
14835476,62041585,2014-08-25,PRO
14835479,14770348,2015-08-25,DIV
14835479,PCT/CA2014/050143,2014-02-27,NST
14835485,61701735,2012-09-17,PRO
14835485,13624856,2012-09-21,CON
14835485,14282865,2014-05-20,CON
14835485,14552388,2014-11-24,CON
14835485,14657671,2015-03-13,CON
14835488,61227152,2009-07-21,PRO
14835488,PCT/US10/42669,2010-07-20,NST
14835488,13386234,2012-01-20,CON
14835488,13752884,2013-01-29,CON
14835489,61104110,2008-10-09,PRO
14835489,12576834,2009-10-09,CON
14835489,14218125,2014-03-18,CON
14835490,61227668,2009-07-22,PRO
14835490,12571309,2009-09-30,CON
14835491,14138328,2013-12-23,CON
14835497,11621486,2007-01-09,CON
14835497,14624270,2015-02-17,CIP
14835498,62070388,2014-08-25,PRO
14835498,62124302,2014-12-15,PRO
14835503,61825413,2013-05-20,PRO
14835503,13950970,2013-07-25,CIP
14835506,62041647,2014-08-25,PRO
14835507,61707726,2012-09-28,PRO
14835507,13841272,2013-03-15,DIV
14835508,61425415,2010-12-21,PRO
14835508,61485026,2011-05-11,PRO
14835508,13330793,2011-12-20,CON
14835509,61565628,2011-12-01,PRO
14835509,13689499,2012-11-29,DIV
14835515,61149340,2009-02-02,PRO
14835515,61156463,2009-02-27,PRO
14835515,12545649,2009-08-21,CON
14835515,13527470,2012-06-19,DIV
14835515,13717593,2012-12-17,CON
14835515,13943669,2013-07-16,CON
14835516,PCT/EP2014/053774,2014-02-26,CON
14835517,10646340,2003-08-21,CON
14835517,13117768,2011-05-27,CON
14835517,14308436,2014-06-18,CON
14835518,13724224,2012-12-21,CON
14835523,13834374,2013-03-15,DIV
14835524,61294761,2010-01-13,PRO
14835524,13006344,2011-01-13,DIV
14835525,13762643,2013-02-08,CON
14835526,PCT/CN2014/000176,2014-02-25,CON
14835533,PCT/US2014/018401,2014-02-25,CON
14835536,PCT/JP2014/054656,2014-02-26,CON
14835537,62041161,2014-08-25,PRO
14835539,60434359,2002-12-18,PRO
14835539,10453037,2003-06-03,CIP
14835539,60510932,2003-10-13,PRO
14835539,10964057,2004-10-13,CON
14835539,12271601,2008-11-14,CON
14835539,13116411,2011-05-26,CON
14835539,14195590,2014-03-03,CON
14835545,13553550,2012-07-19,CON
14835550,62041597,2014-08-25,PRO
14835551,11095337,2005-03-30,CON
14835551,13618194,2012-09-14,CON
14835552,11999473,2007-12-05,CON
14835552,13385330,2012-02-15,CON
14835552,14148411,2014-01-06,CON
14835553,62041551,2014-08-25,PRO
14835554,62041569,2014-08-25,PRO
14835563,61371288,2010-08-06,PRO
14835563,13205503,2011-08-08,CON
14835566,PCT/EP2014/056542,2014-04-01,CON
14835568,11107121,2005-04-15,CIP
14835568,11321836,2005-12-29,DIV
14835568,12798971,2010-04-15,CON
14835568,13747419,2013-01-22,CON
14835568,14329791,2014-07-11,CON
14835572,13804983,2013-03-14,CON
14835575,61704966,2012-09-24,PRO
14835575,14014987,2013-08-30,CON
14835578,62041480,2014-08-25,PRO
14835578,62130397,2015-03-09,PRO
14835578,62132256,2015-03-12,PRO
14835579,61581291,2011-12-29,PRO
14835579,13732128,2012-12-31,CON
14835583,PCT/JP2014/054526,2014-02-25,CON
14835585,60245101,2000-11-01,PRO
14835585,10016223,2001-11-01,CON
14835585,60433196,2002-12-12,PRO
14835585,60462080,2003-04-11,PRO
14835585,10734481,2003-12-12,CIP
14835585,10823513,2004-04-12,CON
14835585,12891594,2010-09-27,CON
14835585,12903048,2010-10-12,CON
14835585,13710306,2012-12-10,CON
14835585,14089622,2013-11-25,CON
14835585,14828349,2015-08-17,CIP
14835585,14833961,2015-08-24,CON
14835587,60699155,2005-07-14,PRO
14835587,60729531,2005-10-24,PRO
14835587,60732981,2005-11-03,PRO
14835587,11457436,2006-07-13,DIV
14835587,12763030,2010-04-19,CON
14835587,13204423,2011-08-05,CON
14835587,14328652,2014-07-10,CON
14835590,62041241,2014-08-25,PRO
14835590,62056405,2014-09-26,PRO
14835596,13110043,2011-05-18,CON
14835596,13558145,2012-07-25,CON
14835597,60498575,2003-08-29,PRO
14835597,10928727,2004-08-30,CON
14835605,14319521,2014-06-30,CIP
14835608,62041558,2014-08-25,PRO
14835619,61582146,2011-12-30,PRO
14835619,13453952,2012-04-23,CIP
14835619,13708893,2012-12-07,CON
14835628,60604296,2004-08-25,PRO
14835628,60609890,2004-09-14,PRO
14835628,60632038,2004-11-30,PRO
14835628,60637284,2004-12-17,PRO
14835628,60649958,2005-02-03,PRO
14835628,11127786,2005-05-11,CIP
14835628,11193825,2005-07-29,CIP
14835628,12512862,2009-07-30,DIV
14835629,PCT/JP2014/057650,2014-03-20,CON
14835639,13509768,2012-06-04,CIP
14835639,PCT/IL2010/000946,2010-11-16,NST
14835641,PCT/JP2014/054655,2014-02-26,CON
14835642,62041306,2014-08-25,PRO
14835643,62041502,2014-08-25,PRO
14835644,11110140,2005-04-19,CON
14835644,12197002,2008-08-22,CON
14835653,13931027,2013-06-28,CON
14835654,61555363,2011-11-03,PRO
14835654,13665497,2012-10-31,CON
14835661,62020368,2014-08-25,PRO
14835662,12689177,2010-01-18,CIP
14835662,12696854,2010-01-29,CIP
14835662,12705638,2010-02-15,CIP
14835662,12758828,2010-04-13,CIP
14835662,12819215,2010-06-20,CIP
14835662,12830389,2010-07-05,CIP
14835662,12833014,2010-07-09,CON
14835662,12868767,2010-08-26,CIP
14835662,12955993,2010-11-30,CIP
14835662,12956008,2010-11-30,CIP
14835662,13867040,2013-04-20,CIP
14835662,14173806,2014-02-05,CIP
14835662,14604664,2015-01-23,CIP
14835662,62204919,2015-08-13,PRO
14835665,12936172,2011-02-15,CON
14835665,PCT/ES2009/070084,2009-03-31,NST
14835667,62041575,2014-08-25,PRO
14835667,62041579,2014-08-25,PRO
14835669,62041580,2014-08-25,PRO
14835670,10742854,2003-12-23,CON
14835670,12414587,2009-03-30,CON
14835670,13236167,2011-09-19,CON
14835670,13442350,2012-04-09,CON
14835670,13959351,2013-08-05,CON
14835670,14551739,2014-11-24,CON
14835671,61973209,2014-03-31,PRO
14835671,14671868,2015-03-27,CIP
14835673,PCT/US2014/042437,2014-06-14,CIP
14835676,13827950,2013-03-14,CON
14835678,62041273,2014-08-25,PRO
14835682,PCT/JP2013/004054,2013-06-28,CON
14835684,61023642,2008-01-25,PRO
14835684,12358431,2009-01-23,CON
14835688,61684807,2012-08-20,PRO
14835688,13969544,2013-08-17,CON
14835695,62041326,2014-08-25,PRO
14835696,62041645,2014-08-25,PRO
14835701,62041322,2014-08-25,PRO
14835705,13284678,2011-10-28,CON
14835705,14590816,2015-01-06,CON
14835707,60674709,2005-04-26,PRO
14835707,60711346,2005-08-25,PRO
14835707,11346240,2006-02-03,CIP
14835707,11405789,2006-04-18,CIP
14835707,12260065,2008-10-28,CIP
14835707,12357380,2009-01-21,CIP
14835707,12600808,2009-11-18,CIP
14835707,61318329,2010-03-28,PRO
14835707,61445860,2011-02-23,PRO
14835707,13065691,2011-03-28,CIP
14835707,13479235,2012-05-23,CIP
14835707,14145862,2013-12-31,CIP
14835707,14479266,2014-09-05,CIP
14835707,PCT/US2007/012552,2007-05-29,NST
14835710,PCT/JP2014/053397,2014-02-14,CON
14835711,PCT/JP2014/054751,2014-02-26,CON
14835727,61641314,2012-05-02,PRO
14835727,13688226,2012-11-29,CON
14835727,14156466,2014-01-16,CON
14835727,14554260,2014-11-26,CON
14835740,14074737,2013-11-08,DIV
14835751,13415882,2012-03-09,CON
14835755,13529901,2012-06-21,DIV
14835759,14270467,2014-05-06,CON
14835759,62041894,2014-08-26,PRO
14835759,14794787,2015-07-08,CON
14835765,13866118,2013-04-19,CON
14835767,61805422,2013-03-26,PRO
14835767,14226221,2014-03-26,CIP
14835767,62042602,2014-08-27,PRO
14835767,62094465,2014-12-19,PRO
14835767,62180255,2015-06-16,PRO
14835772,PCT/JP2014/054175,2014-02-21,CON
14835774,61454684,2011-03-21,PRO
14835774,13397896,2012-02-16,DIV
14835783,61617341,2012-03-29,PRO
14835783,13834331,2013-03-15,CON
14835788,14102623,2013-12-11,CON
14835794,PCT/JP2014/054407,2014-02-25,CON
14835796,13646965,2012-10-08,CON
14835801,13749669,2013-01-24,CON
14835808,13103884,2011-05-09,CON
14835808,14206640,2014-03-12,CON
14835808,14619180,2015-02-11,CON
14835810,13771193,2013-02-20,CON
14835815,PCT/JP2014/054965,2014-02-27,CON
14835817,61715542,2012-10-18,PRO
14835817,14055995,2013-10-17,DIV
14835818,10840109,2004-05-05,CON
14835818,13207113,2011-08-10,CON
14835818,14311690,2014-06-23,CON
14835819,13341652,2011-12-30,CON
14835821,PCT/EP2014/053493,2014-02-24,CON
14835822,PCT/CN2014/070469,2014-01-10,CON
14835832,14221339,2014-03-21,DIV
14835833,13384939,2012-01-19,CON
14835833,PCT/US2010/042548,2010-07-20,NST
14835837,14001511,2013-08-26,CON
14835837,PCT/DK2012/050080,2012-03-16,NST
14835841,13732370,2012-12-31,CON
14835844,PCT/JP2013/078635,2013-10-15,CON
14835852,14305100,2014-06-16,CON
14835855,PCT/JP2014/054296,2014-02-24,CIP
14835860,PCT/JP2014/056339,2014-03-11,CON
14835864,61348896,2010-05-27,PRO
14835864,13115049,2011-05-24,CON
14835864,14508090,2014-10-07,CON
14835865,PCT/EP2014/051444,2014-01-24,CON
14835867,14218920,2014-03-18,CON
14835867,PCT/NZ2013/000171,2013-09-19,CIP
14835869,12663221,2010-06-03,CON
14835869,14077887,2013-11-12,CON
14835869,PCT/CA2008/001062,2008-06-04,NST
14835874,13038620,2011-03-02,REI
14835876,60599401,2004-08-06,PRO
14835876,60610001,2004-09-14,PRO
14835876,11106879,2005-04-14,CIP
14835876,PCT/US05/28246,2005-08-08,NST
14835876,11658983,2008-10-06,CON
14835876,13492373,2012-06-08,CON
14835876,14452844,2014-08-06,CON
14835879,12441729,2009-03-18,CON
14835879,PCT/US2006/039936,2006-10-12,NST
14835881,61262373,2009-11-18,PRO
14835881,61293030,2010-01-07,PRO
14835881,PCT/US10/57235,2010-11-18,NST
14835881,13510801,2012-05-18,DIV
14835884,13634374,2012-09-12,DIV
14835884,PCT/EP2010/053990,2010-03-26,NST
14835886,61740535,2012-12-21,PRO
14835886,14134804,2013-12-19,DIV
14835894,60659643,2005-03-07,PRO
14835894,11370794,2006-03-07,CON
14835894,13137747,2011-09-09,DIV
14835894,14281472,2014-05-19,CON
14835895,12123401,2008-05-19,CON
14835895,13970500,2013-08-19,CON
14835895,14516205,2014-10-16,CON
14835912,10886393,2004-07-07,CON
14835912,12696800,2010-01-29,CON
14835912,13004713,2011-01-11,CON
14835912,13553223,2012-07-19,CON
14835912,13962520,2013-08-08,CON
14835912,14314720,2014-06-25,CON
14835912,PCT/US2003/000432,2003-01-07,CON
14835915,13596759,2012-08-28,DIV
14835919,61765363,2013-02-15,PRO
14835919,13870105,2013-04-25,CON
14835921,13447433,2012-04-16,DIV
14835922,13711974,2012-12-12,CON
14835922,14512832,2014-10-13,CON
14835928,61222708,2009-07-02,PRO
14835928,12829311,2010-07-01,DIV
14835928,13840815,2013-03-15,DIV
14835928,14274417,2014-05-09,DIV
14835928,14621139,2015-02-12,DIV
14835936,11966900,2007-12-28,CON
14835936,14517555,2014-10-17,CON
14835936,14687470,2015-04-15,CON
14835938,PCT/JP2014/058705,2014-03-19,CON
14835940,PCT/EP2014/050644,2014-01-15,CON
14835943,09428741,1999-10-28,CIP
14835943,10164997,2002-06-06,CON
14835943,11027641,2004-12-31,CON
14835950,14184356,2014-02-19,CON
14835953,61288072,2009-12-18,PRO
14835953,12968536,2010-12-15,CON
14835958,61792327,2013-03-15,PRO
14835958,13854507,2013-04-01,CON
14835959,PCT/JP2014/054404,2014-02-25,CON
14835960,PCT/JP2015/050576,2015-01-13,CON
14835961,14291694,2014-05-30,CON
14835964,13802339,2013-03-13,CON
14835968,13107249,2011-05-13,DIV
14835972,13559375,2012-07-26,CON
14835975,14146186,2014-01-02,CON
14835976,14157605,2014-01-17,DIV
14835981,61708794,2012-10-02,PRO
14835981,13772163,2013-02-20,CIP
14835981,14043034,2013-10-01,CIP
14835982,13945694,2013-07-18,CON
14835988,11724568,2007-03-15,CON
14835993,14180021,2014-02-13,CIP
14835993,62067532,2014-10-23,PRO
14835993,14674048,2015-03-31,CIP
14835993,PCT/US2013/063003,2013-10-02,CON
14835996,61824634,2013-05-17,PRO
14835996,61837108,2013-06-19,PRO
14835996,14278221,2014-05-15,CIP
14836000,13222090,2011-08-31,CON
14836000,14478150,2014-09-05,DIV
14836007,13024088,2011-02-09,CIP
14836007,13796143,2013-03-12,CIP
14836007,14063045,2013-10-25,CON
14836007,14161737,2014-01-23,CON
14836009,12902935,2010-10-12,CON
14836010,14012480,2013-08-28,DIV
14836014,13173013,2011-06-30,DIV
14836017,13222090,2011-08-31,CON
14836017,14478150,2014-09-05,DIV
14836026,13451253,2012-04-19,CON
14836032,61708794,2012-10-02,PRO
14836032,13865515,2013-04-18,CIP
14836032,14158733,2014-01-17,CIP
14836045,13270132,2011-10-10,CON
14836049,PCT/AT2014/000027,2014-02-07,CON
14836051,PCT/JP2014/056614,2014-03-13,CON
14836052,14094841,2013-12-03,DIV
14836053,60988693,2007-11-16,PRO
14836053,12262576,2008-10-31,DIV
14836063,60792428,2006-04-17,PRO
14836063,11552602,2006-10-25,CIP
14836063,13593258,2012-08-23,CON
14836063,14275297,2014-05-12,CIP
14836063,62049524,2014-09-12,PRO
14836063,14741229,2015-06-16,CIP
14836068,61234377,2009-08-17,PRO
14836068,12853039,2010-08-09,CON
14836068,14287651,2014-05-27,CON
14836073,60974723,2007-09-24,PRO
14836073,61059444,2008-06-06,PRO
14836073,12237316,2008-09-24,CON
14836073,13285153,2011-10-31,CON
14836075,12893149,2010-09-29,CON
14836087,13696277,2013-01-22,CON
14836087,PCT/US2011/035420,2011-05-05,NST
14836101,61902757,2013-11-11,PRO
14836101,14537940,2014-11-11,CON
14836103,13535334,2012-06-27,CON
14836105,13845971,2013-03-18,CON
14836108,60981862,2007-10-23,PRO
14836108,60982096,2007-10-23,PRO
14836108,61019299,2008-01-07,PRO
14836108,12057761,2008-03-28,CIP
14836108,12349231,2009-01-06,CON
14836108,13439152,2012-04-04,CON
14836108,14023817,2013-09-11,CIP
14836108,14509631,2014-10-08,CIP
14836115,61813499,2013-04-18,PRO
14836115,61826311,2013-05-22,PRO
14836115,61834415,2013-06-12,PRO
14836115,61891609,2013-10-16,PRO
14836115,61946317,2014-02-28,PRO
14836115,14256521,2014-04-18,CON
14836115,14592118,2015-01-08,CON
14836120,61333821,2010-05-12,PRO
14836120,13106680,2011-05-12,CON
14836120,14220512,2014-03-20,CON
14836130,13652305,2012-10-15,CON
14836130,14601435,2015-01-21,CON
14836139,61489869,2011-05-25,PRO
14836139,13480611,2012-05-25,CON
14836140,13985282,2013-08-13,CON
14836140,PCT/CN2012/074524,2012-04-23,NST
14836148,13767130,2013-02-14,CON
14836152,12929287,2011-01-12,DIV
14836153,13938392,2013-07-10,CIP
14836160,13222290,2011-08-31,CON
14836160,14051820,2013-10-11,CON
14836160,14266186,2014-04-30,CIP
14836166,61467428,2011-03-25,PRO
14836166,13411756,2012-03-05,CON
14836170,13701279,2013-06-28,CON
14836170,PCT/EP2011/002664,2011-05-30,NST
14836174,13739386,2013-01-11,CIP
14836174,14444075,2014-07-28,CON
14836179,60794837,2006-04-26,PRO
14836179,11734874,2007-04-13,CON
14836179,12230275,2008-08-27,DIV
14836179,13137382,2011-08-10,CON
14836179,13476337,2012-05-21,CON
14836179,14103103,2013-12-11,CON
14836179,14445233,2014-07-29,CON
14836181,13375177,2011-11-29,DIV
14836181,PCT/JP2010/058377,2010-05-18,NST
14836184,61082450,2008-07-21,PRO
14836184,61082871,2008-07-23,PRO
14836184,61094384,2008-09-04,PRO
14836184,61101112,2008-09-29,PRO
14836184,61140033,2008-12-22,PRO
14836184,12427663,2009-04-21,CIP
14836184,12466310,2009-05-14,CIP
14836184,12506127,2009-07-20,CON
14836184,13645126,2012-10-04,CON
14836187,13309865,2011-12-02,CON
14836188,13827189,2013-03-14,CON
14836192,PCT/EP2014/058084,2014-04-22,CON
14836193,13676583,2012-11-14,CON
14836194,13155123,2011-06-07,CIP
14836194,13340592,2011-12-29,CIP
14836194,13404022,2012-02-24,CIP
14836194,13621202,2012-09-15,CIP
14836194,14285678,2014-05-23,CIP
14836199,PCT/JP2014/059835,2014-04-03,CON
14836201,13804344,2013-03-14,CON
14836203,61008242,2007-12-19,PRO
14836203,PCT/US08/13719,2008-12-15,NST
14836203,12744959,2010-05-27,CON
14836210,PCT/JP2014/054969,2014-02-27,CON
14836212,61418650,2010-12-01,PRO
14836212,13309535,2011-12-01,CON
14836216,61860209,2013-07-30,PRO
14836216,61871292,2013-08-28,PRO
14836216,61894871,2013-10-23,PRO
14836216,61894878,2013-10-23,PRO
14836216,61894889,2013-10-23,PRO
14836216,61916720,2013-12-16,PRO
14836216,61971463,2014-03-27,PRO
14836216,61973188,2014-03-31,PRO
14836216,62007735,2014-06-04,PRO
14836216,62023068,2014-07-10,PRO
14836216,14445964,2014-07-29,CIP
14836216,62042636,2014-08-27,PRO
14836216,14471688,2014-08-28,CIP
14836216,62163949,2015-05-19,PRO
14836216,14730926,2015-06-04,CIP
14836216,PCT/US2014/038513,2014-05-16,CIP
14836218,61387006,2010-09-28,PRO
14836218,12982048,2010-12-30,DIV
14836226,09102178,1998-06-22,CIP
14836226,09172554,1998-10-14,CIP
14836226,09271517,1999-03-18,CIP
14836226,09412895,1999-10-05,CIP
14836226,09439059,1999-11-12,CIP
14836226,60224043,2000-08-09,PRO
14836226,09704150,2000-11-01,CIP
14836226,09812044,2001-03-19,CON
14836226,11159768,2005-06-23,CON
14836226,12758590,2010-04-12,CON
14836226,13333967,2011-12-21,CON
14836228,12600894,2009-11-19,DIV
14836228,13942158,2013-07-15,DIV
14836228,PCT/JP2008/059621,2008-05-26,NST
14836230,PCT/IL2014/050201,2014-02-27,CON
14836231,PCT/EP2014/053840,2014-02-27,CON
14836232,61900102,2013-11-05,PRO
14836232,14533658,2014-11-05,CIP
14836234,13718067,2012-12-18,CON
14836238,PCT/IL2014/050200,2014-02-27,CON
14836239,13731395,2012-12-31,CIP
14836243,10979400,2004-11-03,CON
14836246,13978355,2013-07-03,DIV
14836246,PCT/CN2011/085090,2011-12-30,NST
14836248,61509691,2011-07-20,PRO
14836248,13553395,2012-07-19,CON
14836249,12084150,2009-04-07,CIP
14836249,12195863,2008-08-21,CIP
14836249,12434221,2009-05-01,CON
14836249,13344400,2012-01-05,CIP
14836249,13624397,2012-09-21,CIP
14836249,61890251,2013-10-13,PRO
14836249,14096865,2013-12-04,CIP
14836249,62042797,2014-08-28,PRO
14836249,PCT/IL2006/001235,2006-10-26,NST
14836253,13920100,2013-06-18,CIP
14836254,12084150,2009-04-07,CIP
14836254,12195863,2008-08-21,CIP
14836254,12434221,2009-05-01,CON
14836254,13344400,2012-01-05,CIP
14836254,13624397,2012-09-21,CIP
14836254,61890251,2013-10-13,PRO
14836254,14096865,2013-12-04,CIP
14836254,62042798,2014-08-28,PRO
14836254,PCT/IL2006/001235,2006-10-26,NST
14836256,14009834,2013-10-04,DIV
14836256,PCT/CN2012/073488,2012-04-01,NST
14836257,14189296,2014-02-25,CON
14836258,60844175,2006-09-13,PRO
14836258,11901094,2007-09-13,DIV
14836258,13041996,2011-03-07,CON
14836258,13597817,2012-08-29,CON
14836258,13927467,2013-06-26,DIV
14836258,14629106,2015-02-23,CON
14836260,13838844,2013-03-15,REI
14836262,12421322,2009-04-09,CON
14836265,13719747,2012-12-19,CON
14836265,14461181,2014-08-15,CON
14836266,13499644,2012-07-12,DIV
14836266,PCT/IB2010/002607,2010-10-01,NST
14836267,61869956,2013-08-26,PRO
14836267,14469266,2014-08-26,CIP
14836272,13676583,2012-11-14,CON
14836272,13736612,2013-01-08,CON
14836273,PCT/JP2014/000976,2014-02-25,CON
14836278,PCT/JP2014/051711,2014-01-27,CON
14836285,PCT/JP2014/054599,2014-02-26,CON
14836287,12025862,2008-02-05,CON
14836315,13618834,2012-09-14,CON
14836315,14295231,2014-06-03,CON
14836320,13672533,2012-11-08,CON
14836322,13231466,2011-09-13,DIV
14836330,13267494,2011-10-06,DIV
14836330,14277957,2014-05-15,CON
14836330,PCT/US2010/030139,2010-04-06,CON
14836339,PCT/US2014/018944,2014-02-27,CON
14836342,11543859,2006-10-06,DIV
14836342,11953068,2007-12-09,DIV
14836342,12766567,2010-04-23,CON
14836342,13396456,2012-02-14,CON
14836342,13682672,2012-11-20,CON
14836342,14109827,2013-12-17,CON
14836344,14092653,2013-11-27,CON
14836344,14515357,2014-10-15,CON
14836344,PCT/CN2013/087053,2013-11-13,CIP
14836357,10520362,2005-04-18,CON
14836357,10520362,2005-04-18,DIV
14836357,12003752,2007-12-31,CON
14836357,12801231,2010-05-28,CON
14836357,12868419,2010-08-25,CON
14836357,13950412,2013-07-25,CON
14836357,14580577,2014-12-23,CON
14836357,PCT/EP03/07411,2003-07-09,NST
14836359,PCT/JP2014/051304,2014-01-22,CON
14836360,13032816,2011-02-23,CON
14836362,PCT/JP2014/054650,2014-02-26,CIP
14836363,14324647,2014-07-07,CON
14836365,PCT/JP2014/056698,2014-03-13,CON
14836367,14035589,2013-09-24,CON
14836371,PCT/JP2015/056066,2015-03-02,CON
14836376,13673026,2012-11-09,DIV
14836378,12598542,2010-03-16,CIP
14836378,13941690,2013-07-15,CON
14836378,PCT/IL08/00657,2008-05-11,NST
14836380,13510753,2012-07-31,DIV
14836380,PCT/US2010/057493,2010-11-19,NST
14836381,61770962,2013-02-28,PRO
14836381,14194477,2014-02-28,CON
14836392,10465890,2003-06-19,CON
14836400,61677171,2012-07-30,PRO
14836400,13832767,2013-03-15,CON
14836404,09767838,2001-01-24,CIP
14836404,10393950,2003-03-24,CON
14836404,11970135,2008-01-07,CON
14836404,12368320,2009-02-10,CON
14836404,12885806,2010-09-20,CON
14836404,13295138,2011-11-14,CON
14836404,13446412,2012-04-13,CON
14836404,14322187,2014-07-02,DIV
14836410,61580993,2011-12-28,PRO
14836410,61609039,2012-03-09,PRO
14836410,13714002,2012-12-13,CON
14836412,12361144,2009-01-28,DIV
14836415,13252342,2011-10-04,CIP
14836415,13947526,2013-07-22,CON
14836417,11859893,2007-09-24,CON
14836417,13071769,2011-03-25,CON
14836417,13921848,2013-06-19,CON
14836418,13252643,2011-10-04,REI
14836431,61606807,2012-03-05,PRO
14836431,13785002,2013-03-05,CON
14836431,14604313,2015-01-23,CON
14836432,60394544,2002-07-08,PRO
14836432,10434970,2003-05-09,DIV
14836432,11589700,2006-10-30,CON
14836432,14507938,2014-10-07,CON
14836433,13254161,2011-08-31,CON
14836433,14645834,2015-03-12,CON
14836433,PCT/KR2010/002261,2010-04-13,NST
14836436,13880168,2013-05-29,DIV
14836436,PCT/US2011/056811,2013-04-18,NST
14836439,11720997,2007-06-06,CON
14836439,PCT/JP2005/022477,2005-12-07,NST
14836446,14201462,2014-03-07,CIP
14836446,14276753,2014-05-13,CIP
14836446,62041803,2014-08-26,PRO
14836447,14162411,2014-01-23,DIV
14836451,13474442,2012-05-17,CON
14836454,14162411,2014-01-23,DIV
14836455,13337598,2011-12-27,CIP
14836455,13409738,2012-03-01,CON
14836455,13448088,2012-04-16,CIP
14836458,PCT/JP2014/055883,2014-02-27,CON
14836461,14162411,2014-01-23,DIV
14836463,13755428,2013-01-31,DIV
14836464,12688935,2010-01-18,CIP
14836464,13934647,2013-07-03,CON
14836467,11330524,2006-01-11,DIV
14836467,12479684,2009-06-05,CON
14836467,13013779,2011-01-25,CON
14836467,13398768,2012-02-16,CON
14836467,13752324,2013-01-28,CON
14836467,14175955,2014-02-07,CON
14836467,14806011,2015-07-22,CON
14836469,11859893,2007-09-24,CON
14836469,13071769,2011-03-25,CON
14836469,13921848,2013-06-19,CON
14836474,12563600,2009-09-21,CON
14836480,61982734,2014-04-22,PRO
14836480,14330398,2014-07-14,DIV
14836484,13160380,2011-06-14,CIP
14836485,12734153,2010-07-06,CON
14836485,PCT/US2008/011945,2008-10-20,NST
14836491,13337598,2011-12-27,CIP
14836491,13409738,2012-03-01,CON
14836491,13448088,2012-04-16,CIP
14836495,13474452,2012-05-17,DIV
14836496,11512984,2006-08-30,CON
14836498,13162001,2011-06-16,CON
14836498,13239512,2011-09-22,CON
14836498,13283314,2011-10-27,CON
14836498,13957530,2013-08-02,CON
14836498,14673181,2015-03-30,CON
14836498,PCT/IB2010/001367,2010-02-10,CON
14836504,PCT/JP2014/054882,2014-02-27,CON
14836507,PCT/JP2015/052288,2015-01-28,CON
14836509,13337598,2011-12-27,CIP
14836509,13409738,2012-03-01,CON
14836509,13448088,2012-04-16,CIP
14836511,60864676,2006-11-07,PRO
14836511,11928837,2007-10-30,CON
14836517,61291115,2009-12-30,PRO
14836517,12872921,2010-08-31,CON
14836518,14228424,2014-03-28,CON
14836524,10689407,2003-10-20,CON
14836524,11968633,2008-01-02,CON
14836524,14333112,2014-07-16,CON
14836528,61117449,2008-11-24,PRO
14836528,12625537,2009-11-24,CON
14836544,13495624,2012-06-13,CIP
14836551,60534042,2004-01-02,PRO
14836551,11018053,2004-12-21,CON
14836551,12817931,2010-06-17,CON
14836551,13763225,2013-02-08,CON
14836551,14064980,2013-10-28,CON
14836551,14451032,2014-08-04,CON
14836552,29391647,2011-05-11,CIP
14836552,29391657,2011-05-11,CIP
14836552,61485549,2011-05-12,PRO
14836552,61497891,2011-06-16,PRO
14836552,61506583,2011-07-11,PRO
14836552,61522165,2011-08-10,PRO
14836552,61532503,2011-09-08,PRO
14836552,13246663,2011-09-27,CIP
14836552,13524257,2012-06-15,CIP
14836552,62043705,2014-08-29,PRO
14836553,60125531,1999-03-22,PRO
14836553,60130136,1999-04-20,PRO
14836553,60135751,1999-05-25,PRO
14836553,60143859,1999-07-15,PRO
14836553,60157075,1999-10-01,PRO
14836553,60160125,1999-10-18,PRO
14836553,60175825,2000-01-13,PRO
14836553,09532500,2000-03-21,CIP
14836553,09598134,2000-06-21,CIP
14836553,09650827,2000-08-30,CIP
14836553,09653100,2000-08-31,CIP
14836553,09682133,2001-07-25,CIP
14836553,09682351,2001-08-23,CIP
14836553,09683481,2002-01-05,CIP
14836553,10248068,2002-12-13,CON
14836554,11479751,2006-06-30,CIP
14836554,60839333,2006-08-22,PRO
14836554,11583288,2006-10-19,CIP
14836554,11583765,2006-10-19,CIP
14836554,60897543,2007-01-26,PRO
14836554,60905624,2007-03-07,PRO
14836554,60922246,2007-04-05,PRO
14836554,11809396,2007-05-31,CON
14836554,13450149,2012-04-18,CON
14836554,14058781,2013-10-21,CON
14836561,61754798,2013-01-21,PRO
14836561,14158262,2014-01-17,DIV
14836570,61176249,2009-05-07,PRO
14836570,PCT/US10/34117,2010-05-07,NST
14836570,13319316,2012-06-07,DIV
14836570,13938971,2013-07-10,CON
14836577,61941698,2014-02-19,PRO
14836577,14626167,2015-02-19,CON
14836578,PCT/EP2014/050927,2014-01-17,CON
14836585,13824281,2013-03-15,CON
14836585,PCT/KR2011/007524,2011-10-11,NST
14836597,PCT/CN2013/072088,2013-03-01,CON
14836600,61880030,2013-09-19,PRO
14836600,14490988,2014-09-19,CIP
14836603,11699886,2007-01-30,CON
14836606,11671526,2007-02-06,CON
14836606,12847564,2010-07-30,CON
14836606,13371870,2012-02-13,CON
14836606,14016757,2013-09-03,CON
14836606,14537598,2014-11-10,CON
14836609,10950230,2004-09-24,CIP
14836609,10950248,2004-09-24,CIP
14836609,11196929,2005-08-04,DIV
14836609,12235086,2008-09-22,CON
14836609,13021409,2011-02-04,CON
14836609,14073460,2013-11-06,CON
14836610,PCT/CN2013/071894,2013-02-26,CON
14836617,PCT/EP2014/052212,2014-02-05,CON
14836620,60421309,2002-10-25,PRO
14836620,60421428,2002-10-25,PRO
14836620,60421462,2002-10-25,PRO
14836620,60432617,2002-12-10,PRO
14836620,60438601,2003-01-07,PRO
14836620,10610446,2003-06-30,CON
14836620,13155916,2011-06-08,CON
14836627,13569107,2012-08-07,CON
14836632,11814914,2007-07-26,CON
14836632,PCT/SG2005/000020,2005-01-26,NST
14836633,61434599,2011-01-20,PRO
14836633,PCT/US12/21522,2012-01-17,NST
14836633,13979763,2013-07-15,DIV
14836638,10008924,2001-11-16,CIP
14836638,60453584,2003-03-11,PRO
14836638,10800134,2004-03-11,CIP
14836638,12814037,2010-06-11,DIV
14836642,PCT/CN2014/082661,2014-07-22,CON
14836644,61892038,2013-10-17,PRO
14836644,14516159,2014-10-16,CON
14836647,13791515,2013-03-08,CON
14836649,13639088,,CON
14836649,13658696,2012-10-23,CON
14836649,PCT/US2011/031458,2011-04-06,NST
14836663,PCT/CN2014/071197,2014-01-23,CON
14836665,12891956,2010-09-28,DIV
14836669,12091016,2008-04-21,DIV
14836669,14136404,2013-12-20,DIV
14836669,PCT/JP2006/321215,2006-10-25,NST
14836671,61287428,2009-12-17,PRO
14836671,12971305,2010-12-17,DIV
14836671,14059523,2013-10-22,CON
14836677,61560509,2011-11-16,PRO
14836677,61637164,2012-04-23,PRO
14836677,61646747,2012-05-14,PRO
14836677,61653264,2012-05-30,PRO
14836677,61653275,2012-05-30,PRO
14836677,61653563,2012-05-31,PRO
14836677,61663335,2012-06-22,PRO
14836677,61672483,2012-07-17,PRO
14836677,61714016,2012-10-15,PRO
14836677,61715699,2012-10-18,PRO
14836677,13678691,2012-11-16,CON
14836682,PCT/CN2013/088706,2013-12-06,CON
14836700,14124669,2013-12-06,DIV
14836700,PCT/US2012/040857,2012-06-05,NST
14836705,10266082,2002-10-07,CON
14836705,11674568,2007-02-13,CON
14836705,12263978,2008-11-03,CON
14836705,12701228,2010-02-05,CON
14836705,13285551,2011-10-31,CON
14836705,13779985,2013-02-28,CON
14836705,14280327,2014-05-16,CON
14836717,14446111,2014-07-29,CIP
14836722,61718852,2012-10-26,PRO
14836722,61789449,2013-03-15,PRO
14836722,13969183,2013-08-16,CON
14836722,14728326,2015-06-02,CON
14836724,PCT/JP2013/001165,2013-02-27,CON
14836729,13826111,2013-03-14,CON
14836732,13804917,2013-03-14,CON
14836735,12631424,2009-12-04,CON
14836737,13100467,2011-05-04,CON
14836739,13804859,2013-03-14,CON
14836742,61817777,2013-04-30,PRO
14836742,14266552,2014-04-30,CON
14836742,14267672,2014-05-01,CON
14836742,14671720,2015-03-27,CON
14836752,14149763,2014-01-07,CON
14836755,61618284,2012-03-30,PRO
14836755,13853857,2013-03-29,CON
14836757,12989155,2010-12-20,DIV
14836757,PCT/CA2009/000641,2009-05-08,NST
14836760,PCT/CN2014/071995,2014-02-12,CON
14836766,61490516,2011-05-26,PRO
14836766,13481581,2012-05-25,CON
14836766,29453073,2013-04-24,CIP
14836766,14251146,2014-04-11,CIP
14836767,60479189,2003-06-18,PRO
14836767,10682914,2003-10-14,CIP
14836767,13028997,2011-02-16,CIP
14836768,13721478,2012-12-20,CON
14836772,13123607,2011-11-10,CON
14836772,PCT/EP2009/063520,2009-10-16,NST
14836776,60957714,2007-08-24,PRO
14836776,60974084,2007-09-21,PRO
14836776,60977379,2007-10-04,PRO
14836776,61044504,2008-04-13,PRO
14836776,61076686,2008-06-29,PRO
14836776,12198092,2008-08-25,CON
14836776,13343477,2012-01-04,CON
14836776,14092710,2013-11-27,CON
14836782,PCT/JP2014/054889,2014-02-27,CIP
14836784,61745466,2012-12-21,PRO
14836784,61890125,2013-10-11,PRO
14836784,14135488,2013-12-19,CON
14836790,13071343,2011-03-24,CIP
14836790,13509963,2012-07-17,CIP
14836790,62042140,2014-08-26,PRO
14836790,PCT/US2010/049528,2010-09-20,CIP
14836790,PCT/US2010/049528,2010-09-20,NST
14836792,13561479,2012-07-30,DIV
14836794,12150579,2008-04-29,REI
14836794,14069235,2013-10-31,DIV
14836795,13879255,2013-04-12,DIV
14836795,PCT/US2010/053343,2010-10-20,NST
14836799,PCT/JP2015/052278,2015-01-28,CON
14836800,13463580,2012-05-03,CON
14836817,PCT/CN2014/076078,2014-04-24,CON
14836820,12450358,2010-03-19,CON
14836820,13493898,2012-06-11,CON
14836820,PCT/GB2008/000986,2008-03-20,NST
14836822,61745466,2012-12-21,PRO
14836822,61890125,2013-10-11,PRO
14836822,14135488,2013-12-19,CON
14836825,13598353,2012-08-29,CON
14836825,14261242,2014-04-24,CON
14836827,61470624,2011-04-01,PRO
14836827,61470803,2011-04-01,PRO
14836827,PCT/US12/31671,2012-03-30,NST
14836827,14009313,2013-10-01,CON
14836828,13994666,2013-06-14,CON
14836828,PCT/US2011/058407,2011-10-28,NST
14836832,60948441,2007-07-06,PRO
14836832,60957714,2007-08-24,PRO
14836832,60974084,2007-09-21,PRO
14836832,60977379,2007-10-04,PRO
14836832,12168852,2008-07-07,REI
14836833,61644291,2012-05-08,PRO
14836833,13890112,2013-05-08,CON
14836834,12942055,2010-11-09,DIV
14836834,14252339,2014-04-14,DIV
14836863,10148041,2002-09-26,CON
14836863,11733737,2007-04-10,CON
14836863,13942601,2013-07-15,CON
14836863,PCT/GB2000/004541,2000-11-29,NST
14836874,14126839,2014-04-21,CON
14836874,14566620,2014-12-10,CON
14836874,PCT/JP2012/060139,2012-04-13,NST
14836876,PCT/KR2014/001501,2014-02-25,CIP
14836881,12887332,2010-09-21,DIV
14836885,13612586,2012-09-12,CON
14836886,10501394,2004-07-15,CIP
14836886,13180547,2011-07-12,DIV
14836886,PCT/CH03/00048,2003-01-23,NST
14836888,61739580,2012-12-19,PRO
14836888,13959616,2013-08-05,CON
14836888,14469431,2014-08-26,CON
14836896,61745466,2012-12-21,PRO
14836896,61890125,2013-10-11,PRO
14836896,14135484,2013-12-19,CON
14836902,61769314,2013-02-26,PRO
14836902,PCT/US14/17798,2014-02-21,CON
14836906,13903828,2013-05-28,DIV
14836908,13531939,2012-06-25,CON
14836909,13725316,2012-12-21,CON
14836909,13725440,2012-12-21,CON
14836909,13725521,2012-12-21,CON
14836909,13844847,2013-03-16,CON
14836921,PCT/JP2014/001601,2014-03-20,CON
14836922,12150910,2008-05-01,CIP
14836922,12242144,2008-09-30,CIP
14836922,12617618,2009-11-12,CIP
14836922,13347601,2012-01-10,CIP
14836922,61700181,2012-09-12,PRO
14836922,14024581,2013-09-11,DIV
14836928,13438855,2012-04-04,CON
14836931,13283904,2011-10-28,CON
14836931,13430023,2012-03-26,CON
14836933,PCT/JP2015/000274,2015-01-22,CON
14836937,12174603,2008-07-16,DIV
14836938,13725711,2012-12-21,CON
14836940,PCT/EP2014/000442,2014-02-18,CON
14836954,61277950,2009-09-30,PRO
14836954,61277978,2009-09-30,PRO
14836954,12885092,2010-09-17,CON
14836954,14145912,2013-12-31,CON
14836971,12978548,2010-12-25,DIV
14836978,14168025,2014-01-30,DIV
14836984,14333566,2014-07-17,CON
14836996,12935634,2010-12-03,CON
14836996,PCT/EP2009/053978,2009-04-02,NST
14837000,13945387,2013-07-18,DIV
14837004,61717274,2012-10-23,PRO
14837004,14038821,2013-09-27,CON
14837012,13818188,2013-05-06,DIV
14837012,PCT/EP2011/004553,2011-09-09,NST
14837014,13326720,2011-12-15,CON
14837015,14086442,2013-11-21,CIP
14837015,14603636,2015-01-23,CIP
14837016,13299152,2011-11-17,DIV
14837016,14231809,2014-04-01,CON
14837018,12997507,2010-12-10,CON
14837018,14170214,2014-01-31,CON
14837018,PCT/US2007/006693,2007-03-16,NST
14837023,13699757,2013-03-22,CON
14837023,14320782,2014-07-01,CON
14837023,PCT/US2011/037630,2011-05-24,NST
14837024,13861620,2013-04-12,DIV
14837025,14767861,2015-08-13,DIV
14837025,PCT/JP2014/052519,2014-02-04,NST
14837026,61072646,2008-03-31,PRO
14837026,12384127,2009-03-31,CON
14837026,14070000,2013-11-01,CON
14837028,PCT/DE2014/000088,2014-02-25,CON
14837029,14194897,2014-03-03,DIV
14837038,13381725,2012-01-06,CON
14837038,PCT/EP2010/059295,2010-06-30,NST
14837041,13992573,2013-06-07,DIV
14837041,PCT/JP2011/078615,2011-12-09,NST
14837042,PCT/EP2014/053305,2014-02-20,CON
14837054,PCT/IB2014/058937,2014-02-12,NST
14837056,11666239,2007-04-25,DIV
14837056,13915792,2013-06-12,CON
14837056,14459061,2014-08-13,CON
14837056,PCT/JP2005/019898,2005-10-28,NST
14837064,61925752,2014-01-10,PRO
14837064,14310610,2014-06-20,CON
14837065,61539622,2011-09-27,PRO
14837065,13628306,2012-09-27,DIV
14837066,13483593,2012-05-30,CON
14837068,PCT/EP2014/000090,2014-01-15,CIP
14837069,PCT/JP2014/056265,2014-03-11,CON
14837074,PCT/JP2014/050208,2014-01-09,CON
14837081,13645540,2012-10-05,CON
14837099,61171163,2009-04-21,PRO
14837099,12759741,2010-04-14,CIP
14837099,13325741,2011-12-14,CON
14837099,14801010,2015-07-16,CON
14837100,13855278,2013-04-02,CON
14837103,12943777,2010-11-10,CON
14837105,61599222,2012-02-15,PRO
14837105,13766135,2013-02-13,CON
14837109,13780197,2013-02-28,CON
14837112,61405448,2010-10-21,PRO
14837112,13278569,2011-10-21,DIV
14837114,14611253,2015-02-01,CIP
14837115,13336275,2011-12-23,CON
14837117,PCT/JP2014/056560,2014-03-12,CON
14837123,14451491,2014-08-05,CON
14837124,14283736,2014-05-21,CON
14837133,60745039,2006-04-18,PRO
14837133,60745043,2006-04-18,PRO
14837133,60745058,2006-04-18,PRO
14837133,60745059,2006-04-18,PRO
14837133,60745914,2006-04-28,PRO
14837133,60745950,2006-04-28,PRO
14837133,60746797,2006-05-09,PRO
14837133,60746801,2006-05-09,PRO
14837133,60806412,2006-06-30,PRO
14837133,60807104,2006-07-12,PRO
14837133,11639490,2006-12-15,DIV
14837133,12960583,2010-12-06,DIV
14837133,13680979,2012-11-19,CON
14837138,09598170,2000-06-21,CON
14837138,10419787,2003-04-22,CON
14837138,12230254,2008-08-26,CON
14837138,13179834,2011-07-11,CON
14837138,13593831,2012-08-24,CON
14837138,14171213,2014-02-03,CON
14837139,13384860,2012-02-23,CIP
14837139,PCT/US2010/042704,2010-07-21,NST
14837142,PCT/EP2014/054662,2014-03-11,CON
14837145,10814539,2004-03-31,CON
14837145,12629470,2009-12-02,CON
14837151,13204938,2011-08-08,CON
14837153,PCT/JP2014/054406,2014-02-25,CON
14837155,13356659,2012-01-24,REI
14837160,14333047,2014-07-16,CON
14837164,14191615,2014-02-27,CON
14837177,12966611,2010-12-13,CON
14837177,14105250,2013-12-13,CON
14837183,61941781,2014-02-19,PRO
14837183,14625413,2015-02-18,CON
14837193,PCT/JP2013/055558,2013-02-28,CON
14837197,PCT/JP2013/055477,2013-02-28,CON
14837216,13840061,2013-03-15,CON
14837219,11204318,2005-08-16,DIV
14837219,13031794,2011-02-22,DIV
14837219,13330890,2011-12-20,DIV
14837219,13748875,2013-01-24,DIV
14837219,14036428,2013-09-25,DIV
14837219,14161873,2014-01-23,CON
14837219,14535589,2014-11-07,CON
14837225,PCT/JP2014/058123,2014-03-24,CON
14837227,13499809,2012-04-02,CON
14837227,14570020,2014-12-15,CON
14837227,PCT/US2010/051129,2010-10-01,NST
14837233,PCT/KR2014/003481,2014-04-22,CON
14837238,61184102,2009-06-04,PRO
14837238,61235456,2009-08-20,PRO
14837238,12794130,2010-06-04,CON
14837238,13716271,2012-12-17,CON
14837238,14258106,2014-04-22,CON
14837243,11204318,2005-08-16,DIV
14837243,13031794,2011-02-22,DIV
14837243,13330890,2011-12-20,DIV
14837243,13748875,2013-01-24,DIV
14837243,14036428,2013-09-25,DIV
14837243,14161873,2014-01-23,CON
14837243,14535589,2014-11-07,CON
14837247,12625712,2009-11-25,CON
14837251,61108354,2008-10-24,PRO
14837251,12572471,2009-10-02,CON
14837251,13690609,2012-11-30,CIP
14837251,13829069,2013-03-14,CON
14837251,14555838,2014-11-28,CON
14837253,61570988,2011-12-15,PRO
14837253,61583178,2012-01-04,PRO
14837253,PCT/US12/70200,2012-12-17,CON
14837253,14305425,2014-06-16,CON
14837254,09295691,1999-04-21,CON
14837254,11043515,2005-01-25,CON
14837254,11981541,2007-10-30,CON
14837254,13921117,2013-06-18,CON
14837255,14139906,2013-12-24,CON
14837258,13973045,2013-08-22,DIV
14837259,13492974,2012-06-11,DIV
14837271,13368404,2012-02-08,CON
14837273,61588632,2012-01-19,PRO
14837273,13745264,2013-01-18,CON
14837275,10474113,2003-10-06,CON
14837275,13067065,2011-05-05,CON
14837275,PCT/EP2002/003680,2002-04-03,NST
14837280,62007541,2014-06-04,PRO
14837280,62042399,2014-08-27,PRO
14837280,62134633,2015-03-18,PRO
14837280,14730574,2015-06-04,CIP
14837281,61701735,2012-09-17,PRO
14837281,13624860,2012-09-21,CON
14837281,14282893,2014-05-20,CON
14837281,14563829,2014-12-08,CON
14837281,14670262,2015-03-26,CON
14837282,61391967,2010-10-11,PRO
14837282,13271175,2011-10-11,CON
14837288,13648504,2012-10-10,DIV
14837293,13198524,2011-08-04,CON
14837307,14248458,2014-04-09,CON
14837322,60691790,2005-06-17,PRO
14837322,11370414,2006-03-08,DIV
14837322,13494174,2012-06-12,CON
14837322,14281238,2014-05-19,CON
14837325,61117443,2008-11-24,PRO
14837325,12428994,2009-04-23,CON
14837327,13546063,2012-07-11,DIV
14837328,11367607,2006-03-02,CIP
14837328,11502322,2006-08-10,CIP
14837328,11804843,2007-05-21,CIP
14837328,11823247,2007-06-27,CIP
14837328,12432351,2009-04-29,CIP
14837328,13006745,2011-01-14,CIP
14837328,13006760,2011-01-14,CIP
14837328,13311145,2011-12-05,CIP
14837328,13622240,2012-09-18,CIP
14837328,14021266,2013-09-09,DIV
14837339,11960180,2007-12-19,DIV
14837339,13161541,2011-06-16,CON
14837339,13540913,2012-07-03,CON
14837340,14307866,2014-06-18,CON
14837344,13782714,2013-03-01,CON
14837349,14184756,2014-02-20,DIV
14837350,62158858,2015-05-08,PRO
14837354,PCT/US2014/029168,2014-03-14,CON
14837357,PCT/JP2014/053656,2014-02-17,CON
14837360,13196136,2011-08-02,CON
14837366,13062161,2011-05-17,DIV
14837366,14217079,2014-03-17,CON
14837366,PCT/US2009/061570,2009-10-22,NST
14837367,11189193,2005-07-26,CIP
14837367,11682927,2007-03-07,CIP
14837367,11862628,2007-09-27,CIP
14837367,12503151,2009-07-15,CIP
14837367,12713088,2010-02-25,CON
14837368,13836317,2013-03-15,CIP
14837368,62198291,2015-07-29,PRO
14837368,62198299,2015-07-29,PRO
14837373,14038327,2013-09-26,CON
14837377,62158858,2015-05-08,PRO
14837378,14233933,2014-03-28,DIV
14837378,PCT/EP2012/063582,2012-07-11,NST
14837382,61252326,2009-10-16,PRO
14837382,PCT/US10/52929,2010-10-15,NST
14837382,13502205,2012-07-02,DIV
14837389,61789440,2013-03-15,PRO
14837389,14212223,2014-03-14,CON
14837392,13158940,2011-06-13,DIV
14837393,62158858,2015-05-08,PRO
14837399,PCT/US2014/020513,2014-03-05,CON
14837402,13833308,2013-03-15,CON
14837404,11745114,2007-05-07,CON
14837409,14197663,2014-03-05,CON
14837415,12459544,2009-07-02,DIV
14837418,14009193,2013-12-05,CON
14837418,PCT/EP2012/056806,2012-04-13,NST
14837419,12717898,2010-03-04,DIV
14837421,PCT/CN2013/072373,2013-03-08,CON
14837425,13838077,2013-03-15,DIV
14837427,61619592,2012-04-03,PRO
14837427,13755558,2013-01-31,DIV
14837427,14075367,2013-11-08,CON
14837433,12960658,2010-12-06,DIV
14837434,13395980,2012-05-22,DIV
14837434,PCT/JP2010/065213,2010-09-06,NST
14837436,13904320,2013-05-29,CIP
14837436,14018083,2013-09-04,CIP
14837437,61581736,2011-12-30,PRO
14837437,13730082,2012-12-28,CON
14837439,61740879,2012-12-21,PRO
14837439,14135770,2013-12-20,CON
14837448,13395609,2012-03-12,CON
14837448,14075415,2013-11-08,CON
14837448,PCT/US2010/048964,2010-09-15,NST
14837452,09875444,2001-06-06,CON
